d = 67, symClass = D, D = 10.160156
[2.699082460397901, 2.699082461919648], 2.699082461160213
1, 0, 1
2, 0, 1.017388966078379
3, 0, 1.845599542510693
4, 0, 0.03508030790444192
0, 1, 0.3746588797768502
1, 1, -1.248826091939885
2, 1, 0.8093863065098035
5, 0, 0.07911845367640524
3, 1, -1.703582489352135
6, 0, 1.877692613018169
4, 1, 0.309842981752099
5, 1, 0.07953183614221913
7, 0, 1.877088837834061
6, 1, -0.05555915133210076
8, 0, -0.9816986519080256
-1, 2, -1.395848207533273
0, 2, 0.381173811636801
1, 2, 0.5083627802464153
7, 1, 1.103311578791129
2, 2, -1.270541885449317
9, 0, 2.406237663785748
3, 2, 0.8707888755573385
8, 1, -1.966694400596158
4, 2, 0.8234606997432536
10, 0, 0.08049424265306734
5, 2, 0.8546873817058736
9, 1, -0.5056715134075753
6, 2, -1.733206031298722
11, 0, 1.447092119292726
10, 1, -0.7363438075041834
7, 2, 0.6982288805588183
12, 0, 0.06474420852922518
8, 2, 0.3152308319040324
11, 1, 0.8887838395145476
-1, 3, 0.9185716213269476
0, 3, 0.6914702605166385
1, 3, 1.716188687995738
2, 3, -0.7812638234658746
9, 2, -1.878793085618345
13, 0, -0.3882726428062302
3, 3, -2.304832861524963
12, 1, -0.3002157916525488
4, 3, 0.3187818118142317
10, 2, 0.0809148193009385
5, 3, -0.7018538343006363
14, 0, 1.909729478661599
13, 1, -1.188566506043033
6, 3, 1.493802986589041
11, 2, -0.4404359007064114
7, 3, 1.583797738963111
15, 0, 0.1460209895848081
14, 1, -0.4718862366192645
12, 2, -0.05652525709613087
8, 3, -0.04036133267880219
16, 0, -1.033849693337724
15, 1, 0.3764366666357097
9, 3, -3.144131057742004
13, 2, -0.2908842305733883
-2, 4, -1.420120565931419
-1, 4, 0.7584686667391755
0, 4, 0.01314314881882661
1, 4, -0.0646451044596047
10, 3, -0.6749542569347635
2, 4, 0.5172026826355206
17, 0, 0.1403692782542535
16, 1, -0.8596307216320647
14, 2, 1.12249702835216
3, 4, -1.164511140563077
4, 4, -0.0438092039986299
11, 3, 0.9751009306994931
5, 4, 1.041674518131378
17, 1, -0.4678837853942707
15, 2, -0.4678837853151047
18, 0, 2.448079650459027
6, 4, 0.8859309943121673
12, 3, 0.571846068295977
7, 4, -0.5583364449953485
16, 2, -2.000893185236104
18, 1, 1.449635997658447
19, 0, 1.559566603966348
13, 3, 0.5595666042760926
8, 4, 0.02839352490363953
9, 4, -1.313088120275433
17, 2, 0.3032437673124859
14, 3, 0.3032437674414563
19, 1, -0.4488886366125125
20, 0, 0.002775494444027794
10, 4, 0.8695495128696479
-2, 5, -0.6030983239348781
-1, 5, -0.2266158035007827
15, 3, 0.1467839181700711
0, 5, 0.02964243193617217
18, 2, -0.5144646193888934
1, 5, -0.07242938337673777
20, 1, -1.010782737459144
11, 4, -1.010782737258062
2, 5, -1.008597965700275
21, 0, 3.464354294112064
3, 5, 0.9072428811340284
16, 3, 0.8391436121612204
4, 5, -0.6061722252456513
12, 4, -0.05976220518898739
19, 2, -1.40005784564431
5, 5, -0.0988051922340224
21, 1, -0.7171076291193608
22, 0, 1.472255555742904
6, 5, 1.076227124303139
17, 3, -0.638262310284599
13, 4, -0.6382623101393967
20, 2, -0.7491480654954532
7, 5, -0.2406677570761754
22, 1, 1.218422597659612
14, 4, 0.7103703582618666
23, 0, 0.6551061909188239
8, 5, -0.3448938094607977
18, 3, -0.1025399501528207
21, 2, 2.127478261236412
9, 5, 2.127478261288533
15, 4, 1.617633236780956
23, 1, 0.1419337521694551
19, 3, 1.185999107063181
10, 5, 0.06403739830740386
24, 0, -1.811822567556944
16, 4, 0.01086938562232557
22, 2, 0.9042388743543427
11, 5, 1.335648192594516
-3, 6, -2.576176802885395
-2, 6, 0.9345446353632079
-1, 6, -1.564044299698959
0, 6, 0.7034942137904288
20, 3, 1.119392985767465
24, 1, 0.6448860435539205
1, 6, -1.216885201588584
25, 0, -0.9937402732578966
2, 6, 1.746031437124681
17, 4, 0.1160854251670897
12, 5, 0.1160854247482193
3, 6, 0.9382341150666005
23, 2, 0.4455552720850629
4, 6, -0.7948491960593026
21, 3, 2.036271341451282
13, 5, 0.5956483219511476
25, 1, -1.37885633577567
5, 6, -1.378856335585489
18, 4, -1.911463355476332
26, 0, -0.3950243037767335
6, 6, -2.344911525623991
14, 5, -0.5272800781318751
24, 2, -0.3054362336439057
22, 3, -0.3869400001791294
7, 6, -0.3869400001342008
19, 4, 1.335491699742066
26, 1, 1.351543997680486
8, 6, 0.3243250964397144
15, 5, -0.1347848211773048
27, 0, 2.595351578118003
25, 2, -0.7729361750202888
9, 6, 1.607127550198233
23, 3, -1.029724576614147
20, 4, 0.002790005278876579
16, 5, 0.6251807145409767
10, 6, -0.7140583471686385
27, 1, -1.642475798727746
28, 0, 0.06584886134712729
26, 2, -1.209234449931252
21, 4, -0.03629204834669091
17, 5, 0.02979730861176229
11, 6, 0.02979730860327181
24, 3, -3.629730278521758
-3, 7, -1.162937202205691
-2, 7, 0.4155401104615931
-1, 7, -1.410540045645395
12, 6, 1.519778683232574
28, 1, -1.300167501943448
0, 7, 0.7032680046747005
18, 5, -0.169127949356337
29, 0, 2.902193294624468
1, 7, 1.902193294755703
22, 4, -0.4480946011802256
27, 2, 0.250782668006149
2, 7, 0.2507826682130314
25, 3, -0.7294727641328888
13, 6, 0.7550652562134677
3, 7, 0.3243384634227012
4, 7, 0.9576095328216583
19, 5, -0.3235073645301519
29, 1, -1.20306293512891
14, 6, 1.611338358553514
23, 4, -0.09932143266929712
5, 7, -0.09932143259433293
30, 0, 0.1485601466482381
26, 3, 0.283919866549563
28, 2, -0.4800918566213682
6, 7, 0.7468812536878713
20, 5, 0.0245142980532714
15, 6, 1.577410635867791
7, 7, -2.344157515969647
24, 4, -0.001949027714906831
30, 1, -0.8343818616083596
8, 7, 0.6017977146222899
31, 0, 1.63069979475811
27, 3, -0.9332671109318482
16, 6, -0.04106317099566367
29, 2, -1.26824264815675
21, 5, -0.0778082104337883
9, 7, -0.7446281450465921
25, 4, 0.2559851338488495
17, 6, -0.02081572921350005
10, 7, -0.02081572916533959
31, 1, -0.1038370306979875
22, 5, -0.7729503344767013
28, 3, 0.1785785801828367
32, 0, -0.07012862161740527
30, 2, 0.3829825127512047
11, 7, -0.3000552624646041
18, 6, -3.198804249004123
26, 4, -0.2959424101997036
12, 7, -1.287053143644344
23, 5, 0.5794364551271792
-4, 8, -0.04896679624147759
32, 1, -0.5278430808714701
-3, 8, -0.5278430806619799
-2, 8, 0.7716576563439842
29, 3, 0.0643719778304499
-1, 8, 0.06437197782113202
19, 6, -0.997938167662723
0, 8, -0.3678021189131658
33, 0, 2.670752553626758
31, 2, -0.3482459555177195
13, 7, 1.00607421092959
1, 8, -0.1776191602266065
2, 8, -0.06576921244710184
27, 4, -0.8305897468997729
24, 5, 0.06938371811197286
3, 8, 0.06938371815204224
14, 7, 1.519289998606596
20, 6, -0.6866910176650276
4, 8, 0.01783352283460478
33, 1, -0.5229669274628339
30, 3, -1.358995795808936
5, 8, 1.160995266279601
34, 0, 0.1428101537972643
32, 2, -0.8745788122372238
15, 7, -1.612635864604082
28, 4, 0.03870451356028271
6, 8, -1.18476078517306
25, 5, 0.006292438747318808
21, 6, 1.288650902003488
7, 8, -0.02018518825922331
16, 7, -0.1385222403941604
34, 1, 0.1904626310198233
31, 3, 0.1904626309861453
8, 8, 1.225970890342198
33, 2, -0.8008552176930197
35, 0, 0.1485123747939609
22, 6, 0.9920569302364776
29, 4, 0.671086598416352
26, 5, 0.6318692589860067
17, 7, 0.4133654820522688
9, 8, 0.4133654817974158
10, 8, 1.059788162812338
32, 3, 1.743171660042147
35, 1, 1.511171576638525
23, 6, 1.425422855669765
18, 7, -0.1927114143462885
27, 5, -0.2231820921622017
34, 2, -0.4760198017171233
30, 4, -0.4760198018136728
36, 0, 0.08441156785922185
11, 8, 0.07665987062186808
19, 7, -0.7079058013656615
12, 8, 0.03054754060809953
24, 6, 0.5817898807910822
33, 3, 1.640339042212134
36, 1, -0.6348567040998312
28, 5, -0.6348567043471541
31, 4, -0.04496881870448231
-4, 9, -0.0449688186521915
-3, 9, 1.69531536051824
13, 8, -1.691404911314626
35, 2, -0.1354890412019741
-2, 9, -0.1354890413038873
37, 0, 0.09600267293994008
-1, 9, -0.9039973267937236
20, 7, -0.1138008075626844
0, 9, 0.9015183110174287
25, 6, -1.377844286085515
1, 9, -1.377844286127583
14, 8, -0.5680453417972308
2, 9, 0.3917604519934875
34, 3, 0.3262487857210961
29, 5, 0.3262487859374074
3, 9, 3.167397052448603
21, 7, -3.197775672214755
37, 1, 1.009770078163087
32, 4, -0.06899225120504414
4, 9, -0.2024434238622459
15, 8, 0.0855296073008623
36, 2, 1.474843670527383
38, 0, 1.586685855690362
26, 6, 0.569296889449206
5, 9, 1.496974474200286
6, 9, -1.441900151066007
22, 7, 0.5754814752974738
16, 8, -0.7945734379513119
30, 5, -0.004395751637759878
35, 3, 0.3864827933828132
7, 9, -0.9625837594971369
33, 4, 1.420974500668157
38, 1, 0.7761527801457292
27, 6, -3.467499660273059
37, 2, 0.6282407970854551
17, 8, -0.7368395243426856
8, 9, -0.7368395242832467
39, 0, -0.7165958086560469
23, 7, 1.553985905820989
9, 9, -3.004972373608109
31, 5, -1.129780419665195
18, 8, -1.335921368441138
36, 3, -0.554078124613775
34, 4, 0.308516864525994
28, 6, 0.3085168648038006
10, 9, -1.828242606333918
39, 1, -1.087463866297453
24, 7, -1.087463866272273
38, 2, -0.4566943454095799
11, 9, 0.4372047107503573
40, 0, -0.07767049233001759
19, 8, -0.4161872207021599
32, 5, 0.7770304628803721
29, 6, 1.146026556011964
12, 9, 0.5883435706792851
37, 3, 0.4114618731566944
25, 7, 0.4114618735409314
35, 4, 1.651393570102315
20, 8, 0.02998270070588681
40, 1, 1.836915061087757
13, 9, 1.133431135940054
39, 2, -0.187579909313542
-5, 10, -0.1104373622190609
-4, 10, -0.6135855821305876
33, 5, 0.8930052816450542
-3, 10, 0.8930052816754278
41, 0, 0.3625030572725491
-2, 10, -0.2305564190197897
26, 7, 2.456059279702541
-1, 10, 2.456059279477229
30, 6, 0.1493363385573722
21, 8, 1.048715690330787
14, 9, -1.460485759260132
0, 10, 0.03015788400401384
38, 3, 0.0946496016018942
1, 10, 0.09464960154059197
36, 4, -0.01773911642346281
2, 10, -0.07368885639679702
15, 9, -1.295341106142916
41, 1, 0.02464238215328101
3, 10, 0.02464238199500553
40, 2, -1.028359206497514
22, 8, -1.02835920634672
34, 5, 0.3202162183930418
27, 7, 0.3202162184200617
4, 10, -1.026136442790661
31, 6, -0.4843165613097012
42, 0, 3.524595838384118
5, 10, 0.04022087895766811
16, 9, -0.9308647356089056
37, 4, 0.835622849895129
39, 3, -2.193617794103252
6, 10, 0.9230188975170788
23, 8, -0.4008232890957999
28, 7, 0.581602804890868
17, 9, -0.1894543237383008
7, 10, -0.1894543234945493
42, 1, -1.842670884185911
35, 5, 0.08729231122607289
32, 6, 0.8537354536245775
41, 2, -1.245471835177726
8, 10, -0.6167129350689275
43, 0, 1.933069914509449
24, 8, 1.672404621717299
18, 9, 1.947575809603162
38, 4, -1.424403406719923
9, 10, 1.439050112863297
40, 3, -1.013910179126818
29, 7, 1.817627464349047
33, 6, -0.8128682474721828
10, 10, -0.1005233102405522
36, 5, 1.313323812918609
43, 1, 0.704804591809831
19, 9, 0.7048045913642769
25, 8, 1.116688450897134
42, 2, -0.7295773917946867
11, 10, -1.456389540134485
44, 0, 0.05076443885864657
30, 7, 2.377942556264755
39, 4, -1.340386632516145
41, 3, -1.067355900954591
20, 9, -1.067355900909861
12, 10, 1.09494160471342
34, 6, -0.6493610330624239
26, 8, -0.64936103308603
37, 5, 0.5385381748332295
44, 1, -0.01621291886629004
13, 10, -0.3486770377004457
43, 2, -0.4803739692381775
21, 9, 2.923056394107415
31, 7, 0.02656071655439789
45, 0, 0.190377814015954
-5, 11, 1.643697292016979
-4, 11, 0.1544936345934988
40, 4, -0.02583116733177797
27, 8, 0.6314957795291848
-3, 11, 0.6314957794399195
14, 10, -0.2448527224150931
-2, 11, -0.06758159698429581
42, 3, -0.8709130399399577
35, 6, -1.591815513653636
-1, 11, -1.59181551364439
0, 11, 0.5421659153917693
38, 5, -0.8660379314313218
22, 9, -0.8660379314949911
1, 11, -1.431141138686241
15, 10, 0.06889547027558271
32, 7, 0.615135172928206
2, 11, 0.7324968326151596
45, 1, 0.2564908215900324
44, 2, 1.239609709685363
28, 8, 0.02449408276149821
3, 11, -0.3991236020890669
23, 9, 0.5524877282268742
46, 0, 0.6664978116605786
16, 10, -0.3508911552062781
41, 4, -1.879582283721439
4, 11, -1.87958228355966
36, 6, -0.1043230142458075
43, 3, 0.6885345698392615
5, 11, 0.9358433172778827
39, 5, -0.1436877370799535
33, 7, -0.5952246209920866
6, 11, -0.2758777470463407
17, 10, -0.2758777473066234
29, 8, 0.7167978986709334
24, 9, -0.07449085536416056
46, 1, -1.812967710222519
45, 2, -0.01721461256423767
7, 11, -0.01721461318887177
37, 6, -0.2894782432315577
42, 4, 2.164472911870918
18, 10, 2.164472911768242
47, 0, 0.00632531115599277
8, 11, -0.9936746884793198
44, 3, 1.751718636353583
40, 5, -0.1556018291307645
34, 7, 0.2615976509295503
25, 9, 0.2615976509657834
30, 8, 1.645762208510572
9, 11, 0.5205883815241026
19, 10, -1.113091861314635
10, 11, 0.9357734362682193
47, 1, -0.8388265893593344
46, 2, 0.144401835880674
38, 6, 1.206622408479724
26, 9, -1.204546375504072
43, 4, -1.024859345486764
31, 8, 0.6384422570537786
11, 11, -1.807166395841515
20, 10, 0.06515094332036633
35, 7, 0.1492883196448657
48, 0, -1.908072494752
41, 5, 1.704460924183504
45, 3, 0.6947513374620857
12, 11, 0.9050735015792385
27, 9, -4.099224341739797
21, 10, -1.319940879088118
39, 6, -0.5368558026162792
32, 8, -0.3041724417964676
48, 1, 0.6917722596957386
13, 11, 0.6917722600989741
47, 2, 0.2196738536853127
36, 7, -0.6745572991405858
44, 4, 0.03117881602739971
42, 5, -1.005543584602309
49, 0, 2.523462499899705
22, 10, 1.358873734201823
46, 3, -1.483460681417722
14, 11, -1.483460681318685
-6, 12, -2.620973856635243
28, 9, 0.919565359868647
-5, 12, 0.9195653602022652
-4, 12, 0.03222378229866105
-3, 12, 1.399829418598672
-2, 12, -1.591241413712715
-1, 12, 0.7106008844775137
33, 8, -0.7064528571603069
15, 11, 0.8397644922182252
0, 12, 0.02425699244116376
40, 6, 1.138858073660595
23, 10, -1.374360536235848
37, 7, -0.4092835971920432
1, 12, -0.4092835973791233
49, 1, 0.08517237960468373
48, 2, 0.6560999461438914
2, 12, -1.238045579957595
45, 4, -1.375065824889879
29, 9, -0.4324937730034338
43, 5, -0.8719664422023666
16, 11, -0.8719664424290403
3, 12, -0.119308970881682
50, 0, -1.011020393979435
47, 3, 1.340062513962407
4, 12, 0.06020443126220883
34, 8, 0.1181040304237067
24, 10, 0.1181040300066358
17, 11, 0.3329907590887669
5, 12, 0.3329907586875358
41, 6, 0.8516610771411388
38, 7, -0.04928062821023781
30, 9, -1.245695271338005
6, 12, 0.9545490369628392
50, 1, 0.3441510171677579
49, 2, 0.3441510167140154
46, 4, 0.453303017591963
25, 10, 0.06762154864565216
18, 11, 1.336159774376492
44, 5, 3.350426138350094
7, 12, 3.350426138226686
35, 8, -1.562200091004651
51, 0, 0.259065473054354
48, 3, -1.586534069014335
8, 12, -0.02740698073815941
31, 9, -0.2123101910777859
39, 7, 0.1575126408040756
19, 11, 0.1575126401491027
42, 6, 2.071679996192418
26, 10, 0.606006029865524
9, 12, -2.149221223980025
50, 2, -1.402833222650275
10, 12, -1.40283322275692
51, 1, 0.6429853342200489
47, 4, 0.6429853344422891
36, 8, -0.06590863847690619
45, 5, -0.0400079521373433
20, 11, 0.2667762344031175
32, 9, -0.4177979896374854
27, 10, -0.2650562660324203
49, 3, 0.3418533511135599
11, 12, 0.3418533509297741
52, 0, -0.01362072730133283
40, 7, -1.434831539428492
43, 6, -0.01736307945289456
21, 11, 1.575782255784803
12, 12, -0.08085425641774585
37, 8, -0.298830661373192
33, 9, 1.799645830060722
28, 10, -0.5364489355451492
48, 4, -0.01053166389345718
51, 2, -0.2927074300502369
46, 5, -0.2927074301857046
52, 1, -0.004418723661419824
13, 12, -0.004418723546722053
22, 11, 1.171256546003533
41, 7, 0.4863129836097498
50, 3, 0.3756444481599895
53, 0, 1.988385120664981
44, 6, -0.3936684848983242
14, 12, -0.393668485294691
29, 10, -1.109936448180215
-6, 13, -1.109936448013575
-5, 13, -1.281476652803309
38, 8, 1.358714521354979
-4, 13, -1.836753205460461
34, 9, -0.7039065160485238
23, 11, -0.7039065154669178
-3, 13, 0.3855149504442671
-2, 13, 1.546844553230567
15, 12, 1.922514004925286
-1, 13, 0.6382419425798836
49, 4, -1.147136208027838
47, 5, -1.147136208040381
0, 13, -0.1454697943714583
52, 2, 1.375045949740577
53, 1, 0.3009685955349089
1, 13, -1.177075579553388
42, 7, -0.1042894669753189
16, 12, 0.01118295975225464
24, 11, -1.857296071601936
30, 10, -0.1371285899427968
2, 13, 1.028805912691771
51, 3, -0.8635261020215341
45, 6, -0.8635261023386038
54, 0, 2.640482062143975
35, 9, -0.9853257993082833
39, 8, -0.5959865953159185
3, 13, -0.5959865957539403
17, 12, -0.1124785130609715
4, 13, -0.1124785131797677
25, 11, 0.6465524956034613
5, 13, -1.531342705642054
48, 5, 0.4222699675643087
31, 10, 0.8253589625573305
50, 4, -0.7863767363976345
53, 2, -2.143221210449096
43, 7, -2.143221210359547
54, 1, -1.456030453964573
6, 13, -1.456030453832808
18, 12, 1.635073839394032
36, 9, 0.7455558541803787
46, 6, -1.047630422658763
40, 8, -0.07807629000748588
52, 3, 0.5651368944154823
7, 13, 0.5651368945455686
26, 11, 0.7678583997984261
55, 0, 0.114491694336949
19, 12, 0.003227354132730844
8, 13, 0.7174218499745797
32, 10, 0.6360519631065488
49, 5, 0.2698078223639105
9, 13, 0.2698078227181248
51, 4, 0.1194344371336429
44, 7, 0.1194344366500394
37, 9, 1.888744049410025
27, 11, 0.3762665123567026
20, 12, -0.02462125458968316
54, 2, -1.671036754854276
55, 1, 0.9756626470745697
41, 8, 0.9756626466851575
47, 6, 0.8614531335769123
10, 13, 0.8614531332366996
33, 10, -1.333887978939436
53, 3, -1.092488979646731
56, 0, -1.84273557112583
11, 13, 1.755910325943586
21, 12, -1.030465485912685
28, 11, -0.1110143676595551
38, 9, -1.466415167575312
45, 7, 2.346285825379562
12, 13, 2.346285825396388
50, 5, -0.05825838636637471
52, 4, -0.04169528302907013
42, 8, -0.03692313231761132
34, 10, 0.03031545408289228
22, 12, 0.03031545392259976
55, 2, -0.02222411694246457
48, 6, -3.692847539544177
56, 1, -0.9494023844741619
13, 13, 0.4848850063615206
29, 11, 1.105164615053918
54, 3, 2.675447533157433
57, 0, 2.878335412955984
39, 9, 1.032735870599843
14, 13, 1.047221052090137
23, 12, -1.955180317071374
46, 7, -0.5549821191690971
35, 10, 0.05524279103547225
51, 5, -0.2629557714027208
43, 8, -0.2629557715728749
-7, 14, -2.620131081509134
-6, 14, -1.183159477275126
30, 11, 0.3749173128576868
-5, 14, 0.3749173129465624
-4, 14, 0.4227659223444885
53, 4, -0.6093664597209867
15, 13, -0.6093664589523039
-3, 14, -1.740929725018127
49, 6, 0.4640429378584271
-2, 14, -1.43506788055429
24, 12, 0.05240307080914117
56, 2, -1.322776072703306
-1, 14, 1.6519193514253
57, 1, 1.193100056688432
0, 14, 0.715497109793884
40, 9, 0.04043102440441305
16, 13, 0.04043102521406047
55, 3, -1.110622477589341
1, 14, -0.2579425317245443
36, 10, -0.1720689100321926
31, 11, 0.1162826240233654
58, 0, 2.952659439118412
2, 14, 1.935270473228877
47, 7, -0.9575811667292133
25, 12, -0.7428578338434758
44, 8, -0.0154506297138086
17, 13, -0.4453069975880565
3, 14, -0.4453069983750274
52, 5, 1.760565410694096
54, 4, 0.2551435194023794
4, 14, 0.2551435207441362
50, 6, -0.7421575421014581
41, 9, 0.7193694664021164
5, 14, 0.7193694668631232
57, 2, 0.08774839537025343
18, 13, 0.08774839521991537
32, 11, 1.234834864481418
26, 12, 0.7681950623364555
58, 1, -0.3981030437681381
37, 10, -0.398103043511233
6, 14, 0.3299783766325308
56, 3, 0.8913775839591254
48, 7, 0.7434792894021329
45, 8, 0.7434792903007038
7, 14, 0.9542421008005546
59, 0, 0.00308681767798404
19, 13, -0.99691318146045
53, 5, -1.006644227344392
27, 12, -2.42343482783306
8, 14, 0.9742613720545135
33, 11, -2.465240795545784
55, 4, 1.277301435224915
51, 6, 0.5596665593095791
42, 9, 0.5596665590600608
38, 10, -0.3291328252336184
20, 13, 0.4124204649267909
9, 14, 0.8450281056919894
58, 2, -1.223982959050091
59, 1, 0.07963082332115975
28, 12, 0.05556012168084859
46, 8, -0.1010485309048296
10, 14, -0.1010485311451974
57, 3, -0.8284686627319564
49, 7, 2.071013847284886
34, 11, -0.1650132117260364
21, 13, -0.1650132132234617
60, 0, 0.005122466256782593
11, 14, 1.095309157234085
54, 5, 1.389059621184208
39, 10, 1.389059620114964
43, 9, -0.5237424972733267
52, 6, 0.2888569402079164
56, 4, -0.01655391151846618
29, 12, -0.3199584941756992
22, 13, 0.9708340330641044
12, 14, 0.7598687463936609
59, 2, 0.8764933766249963
35, 11, 0.8764933768091147
47, 8, 1.002596739550957
60, 1, -0.872638531393585
50, 7, 1.254422418972224
13, 14, 1.254422419184106
58, 3, -0.4779107467924418
40, 10, 0.02494057204014241
23, 13, 0.2105520354069118
30, 12, 1.604840177829578
44, 9, 0.108436456370125
61, 0, 0.01749706794054213
14, 14, -2.384919995092526
55, 5, 0.07031920866691846
53, 6, -1.197135221020406
57, 4, -0.6323442385526999
36, 11, -0.6323442378182913
24, 13, 1.265815877828069
15, 14, -1.016937080929444
-7, 15, -0.03312190955652786
-6, 15, -1.113077985312154
-5, 15, 0.07267597170634138
48, 8, 0.05454235206663386
31, 12, 1.484312862111737
-4, 15, 1.484312862305043
60, 2, -0.8488908984003947
-3, 15, -0.4182420233598971
51, 7, 0.593383893326358
41, 10, 0.5933838934844601
61, 1, -1.189490494407982
-2, 15, -1.189490494232134
45, 9, 0.1913724962451864
59, 3, 0.2648188881927322
-1, 15, 0.2648188879595624
16, 14, 0.6122623533830583
25, 13, -1.060612781957731
0, 15, 0.05470806158812538
37, 11, 1.198118517613135
56, 5, -1.520669397330348
1, 15, -1.52066939838194
62, 0, 1.659055979766972
54, 6, -0.9494956625967421
32, 12, -0.001415884775171052
17, 14, -0.17679637321685
2, 15, -0.1767963730084058
58, 4, -1.290296077277083
3, 15, -0.1336756369491502
49, 8, -0.8502103563902994
42, 10, -0.07916121628971196
26, 13, -0.3142625573812434
52, 7, 0.06925543941281075
4, 15, 0.06925543945807958
46, 9, -0.3430366593459797
18, 14, -0.757576459933934
61, 2, -1.434356802592293
38, 11, -1.429588909281743
62, 1, -0.7430769245557673
5, 15, 0.1357822019387903
60, 3, -1.865500153323957
33, 12, -1.86550015222251
6, 15, -1.861467938849716
27, 13, 0.07755214799542279
57, 5, -0.1566787704869446
19, 14, -0.1566787700122788
55, 6, 1.199420286839754
63, 0, 4.516721850314964
43, 10, -0.2429905495747355
7, 15, -0.2429905494644944
50, 8, 0.2604364522370335
59, 4, 1.461917226572016
39, 11, -0.7871260759174077
47, 9, 0.5500278125362104
8, 15, 0.5500278128236191
34, 12, -0.02117769405080461
20, 14, -0.02117769256974767
53, 7, 0.3611708648129576
28, 13, 0.2494373205950433
62, 2, -0.1056426478812415
9, 15, 1.674407040957677
63, 1, -0.7843634568861
61, 3, -0.1248977587640882
21, 14, 1.634548079752485
10, 15, -0.06181239098581386
44, 10, -0.7863911417333029
58, 5, 1.347938889951836
56, 6, 0.1816838781674998
29, 13, 0.1377151174349068
35, 12, 0.06004542701686921
64, 0, 0.9625015961590994
51, 8, -0.0151217319458455
40, 11, -0.01512173156513442
11, 15, -0.2128864857934652
60, 4, 0.01320551642005756
48, 9, 1.548723067747784
22, 14, -0.3052729130657832
54, 7, -0.0164457834197265
12, 15, -1.118751177202096
63, 2, 0.2580176350832026
30, 13, 0.2580176360013583
45, 10, -0.1486472086663958
36, 12, -0.110297093104716
64, 1, -0.8739372303506701
62, 3, -0.1564148146341594
23, 14, -0.1564148152566589
41, 11, -0.02824420555524785
13, 15, -0.02824420484897693
59, 5, 0.4220994453438487
57, 6, -2.583946106390129
52, 8, -0.01020431287337557
49, 9, -1.279350869109641
65, 0, -0.03071953472597987
14, 15, -0.2569284805863309
61, 4, -1.97788795167441
31, 13, -1.977887952229838
55, 7, 1.136154656555413
24, 14, -1.309433668112675
37, 12, -0.07643169609107214
15, 15, -0.1823548266698545
46, 10, 0.589512257581485
42, 11, -0.08456810635738858
-8, 16, 1.370302283506778
-7, 16, -1.495264762380295
64, 2, -0.5370217267724871
-6, 16, -0.5370217279936886
-5, 16, 0.4617082918266751
-4, 16, 0.02660732364653211
65, 1, -0.06129905762135232
25, 14, -0.06129905731339412
63, 3, -1.323493508019993
32, 13, 0.5893038544777651
-3, 16, 0.5893038543433157
53, 8, -1.51411658177851
16, 15, -1.514116582582141
58, 6, 0.06549133905119937
-2, 16, 0.0654913387365398
60, 5, -0.02375261256283932
50, 9, 0.1177079813590781
-1, 16, 0.5177842540484867
38, 12, -1.015291280683958
0, 16, -0.3873409681434006
66, 0, 2.71719418550552
56, 7, -3.691660101800446
62, 4, -0.3543015926854732
1, 16, 0.1410353398681426
17, 15, 0.1410353382314858
26, 14, 1.023568803519585
47, 10, -1.564862527671447
43, 11, -1.564862527339899
2, 16, -0.1807077741217107
33, 13, 0.3309345059963288
3, 16, 1.911091023220259
18, 15, 1.986284282185308
65, 2, 0.6705328512914165
4, 16, -0.002267768225631643
54, 8, -0.8450328452528533
51, 9, -1.177976624271095
39, 12, -1.177976623314793
66, 1, -0.5680708778145866
27, 14, -0.5680708782297167
64, 3, -1.20654439635256
59, 6, 0.4577584279475729
61, 5, 1.086280314303637
5, 16, -1.104558827740272
34, 13, -0.1089823608834136
19, 15, -0.1089823600144509
44, 11, 0.4483713384646026
57, 7, 0.6391828429033324
48, 10, 0.07059022570113056
6, 16, 0.07059022582633795
67, 0, 0.9483922038056722
63, 4, -0.01257102206490967
28, 14, 1.545708882663241
7, 16, -0.5611852397849214
20, 15, 0.02522152273283947
40, 12, -0.0236776062078579
8, 16, -0.4990590569836862
52, 9, 0.7874767631432492
55, 8, -2.923668995730371
35, 13, -2.923668996257589
66, 2, -0.5320607830678199
60, 6, -1.382627329716266
67, 1, 0.2841670224320246
65, 3, 0.2841670232149491
45, 11, -0.9620094503443865
9, 16, -0.9620094495516291
62, 5, 0.05040428220521311
29, 14, 0.05040428185555604
21, 15, -0.4441762989280409
49, 10, 1.07751411079362
58, 7, 0.6236499779134678
10, 16, 1.181183774744212
41, 12, -0.4680406859396929
68, 0, 0.004924197120310715
64, 4, -0.030156109315559
36, 13, -0.6089247955229226
22, 15, 1.805797694940696
11, 16, -1.423386912382475
30, 14, -1.640677940820165
53, 9, 0.1055951217651322
56, 8, -1.083119481805308
46, 11, -1.156417168622015
12, 16, -0.04085140952268352
67, 2, -1.059136224224571
61, 6, -0.2281509615829092
23, 15, -0.2281509613048747
50, 10, 0.006401859363674231
66, 3, 2.248720182424566
68, 1, -0.02421986144500152
63, 5, -0.02421986180009757
42, 12, 1.311059212562431
37, 13, 1.645859064910865
59, 7, 1.330947366402853
31, 14, 1.33094736638601
13, 16, 0.8982283791659287
65, 4, -0.7095972742998553
69, 0, 1.209063685563969
24, 15, -0.6365358571199323
14, 16, -0.02053618622808993
54, 9, -0.1336885287553368
47, 11, -1.71355018768159
57, 8, 1.317529144494049
32, 14, -0.1409309993480293
51, 10, -0.2528776082213929
38, 13, -0.2528776083168496
43, 12, -1.508375535299787
15, 16, 0.05295943858222103
25, 15, -0.05552959477345892
68, 2, 0.1937745803445887
62, 6, 0.1937745807726282
64, 5, 0.06797485552762736
-8, 17, 0.06797485625211212
67, 3, 3.200679004901834
-7, 17, 3.200679005222772
69, 1, 0.2163413170327622
-6, 17, 0.2163413170526792
60, 7, -0.3564827667834604
-5, 17, -0.3564827654760983
-4, 17, 1.317258624098723
16, 16, 1.291098467144372
-3, 17, 0.8663196788200376
33, 14, -0.4701039318922711
-2, 17, -0.4701039304060713
48, 11, -0.4628134994540025
26, 15, -1.540055484937263
66, 4, -0.8147812648291392
55, 9, -0.0483802901151146
-1, 17, -0.04838029074005103
70, 0, 0.1510948492768416
39, 13, 0.6614544717594234
44, 12, 0.03420684285270002
17, 16, -0.6967271658348068
0, 17, -0.3220682860465939
58, 8, 0.6827561010019039
52, 10, 0.6428568128276068
1, 17, 1.585019274386579
2, 17, -1.674099960245041
63, 6, 3.926472896701219
27, 15, 3.926472896124534
34, 14, 0.4205534802825713
18, 16, 0.4205534803305567
69, 2, 1.12794610220075
3, 17, -0.110487152466734
65, 5, -0.09403754871709237
68, 3, -0.4362944411408888
61, 7, -0.4362944410816974
70, 1, 0.1248758808251739
40, 13, 1.028964174333726
49, 11, 0.363263818498146
4, 17, 0.3632638184272688
45, 12, 2.985503157252238
56, 9, 0.5114423636401214
19, 16, 0.5114423636980063
5, 17, -1.950293680354866
67, 4, -0.04021698270389652
28, 15, -0.04021698330296038
53, 10, 0.7097157437795425
71, 0, 0.2584327158535772
59, 8, -0.7415672841800078
35, 14, 1.604324140927911
6, 17, -1.286405446149055
20, 16, 0.03654226936845825
7, 17, 0.04711733160232214
41, 13, -0.2724336479722546
64, 6, 1.773483618805105
29, 15, -1.104368553668639
50, 11, -1.153306519518345
70, 2, 1.537449291042499
66, 5, -0.9471954619793878
62, 7, -0.9471954613524302
8, 17, -1.609649495908426
46, 12, 1.450209488619683
69, 3, 0.2619528622645176
71, 1, 1.281904205990625
21, 16, 1.281904205629868
36, 14, -0.1960624661396949
57, 9, 2.188879403806273
9, 17, -1.365022120278532
54, 10, -0.2270629987244246
68, 4, -0.01641350851778483
60, 8, -0.01641350777865872
30, 15, 0.1181873894730806
42, 13, 0.5608825421433339
10, 17, 0.5608825407814751
72, 0, -2.362200253013479
22, 16, 0.07799290559735418
51, 11, 0.3653302254876859
37, 14, 0.3653302242130531
47, 12, -0.3819382654717668
11, 17, -0.3819382660066199
65, 6, 0.004338127665613724
63, 7, -0.9491903508482862
67, 5, -0.5430711172352466
23, 16, -0.5430711183545154
71, 2, 0.1092678757975697
31, 15, 0.1092678753794118
12, 17, -0.9929922199069039
70, 3, 0.08073048984511061
58, 9, 0.0807304887428414
72, 1, -0.267034430269468
55, 10, -0.03484660742976749
43, 13, -0.1230923327985466
61, 8, 1.248112482260232
13, 17, 0.6138606633537743
38, 14, -0.7202155497603804
69, 4, -1.321296078339968
24, 16, -0.8548522670759611
48, 12, 0.02006053718586883
73, 0, 1.217296439081675
32, 15, 0.2172964383679988
52, 11, -1.845228972395502
14, 17, -0.5519598527909116
66, 6, 1.668862842482166
64, 7, 0.8429004892656665
25, 16, 0.8429004895539582
44, 13, -0.5098704461273079
68, 5, 0.3902726102357023
59, 9, 0.3902726098905167
15, 17, 0.1096981768361752
72, 2, -0.6458962063304734
56, 10, -0.6458962070083526
39, 14, 0.1805774050977949
71, 3, 0.8595485261544421
33, 15, 2.465071691421378
73, 1, 0.4705390991125177
-9, 18, -3.358742519208532
62, 8, -0.04575077876413885
-8, 18, -0.04575078082494768
-7, 18, 1.435570869257568
-6, 18, 1.724795143735148
49, 12, -1.680669097617586
16, 17, 0.7388483152548673
-5, 18, 0.1229822273378143
26, 16, -1.720816694466489
53, 11, 1.720053444594201
70, 4, -0.1378450570550948
-4, 18, -0.1378450572156019
-3, 18, -2.886599445688018
74, 0, 0.09767206159980656
-2, 18, -0.9197169063909689
45, 13, -0.1220639649852712
34, 15, 1.073529275123177
17, 17, -0.1752968159556512
-1, 18, 1.073529275252794
40, 14, -0.1157796867739204
67, 6, -0.1126327134891562
0, 18, 0.9171947860968218
65, 7, 0.2753834358317643
27, 16, 0.2753834355816531
60, 9, 2.065951184981639
57, 10, -0.02264405164700616
1, 18, -0.3506679161562713
69, 5, -0.7322023756640981
73, 2, -0.03266790969498178
18, 17, -0.03266790957915006
50, 12, -1.401803574942509
2, 18, -1.401803575071406
72, 3, 1.190201384942355
63, 8, -1.215489091235711
74, 1, 1.454271895338714
54, 11, 1.454271895464495
3, 18, -2.24588277042475
35, 15, 0.1253076381989101
28, 16, -0.01958661957423078
46, 13, 0.2846129729604361
41, 14, 0.2846129721030287
4, 18, 0.3985727588029239
71, 4, 1.195665895259868
19, 17, 1.195665895503554
5, 18, 0.7608651928325221
75, 0, -1.834046583235712
68, 6, 0.3319219128263161
58, 10, 0.3319219122810237
61, 9, -1.694183063755026
66, 7, 0.24551472223425
6, 18, 3.222474816338942
20, 17, -0.08420358794410626
29, 16, 0.5589960782928687
51, 12, 0.2142472070519021
36, 15, 0.214247206379436
70, 5, -0.0373349109752221
7, 18, -0.07385809596299374
42, 14, -3.253381687827436
55, 11, 0.1150898917189251
74, 2, 1.027328933879263
47, 13, -0.14085126921814
64, 8, 1.930701229785524
73, 3, -0.9263638433511725
21, 17, 0.7746632067706891
8, 18, -0.205963705052904
75, 1, 0.7341871000015358
30, 16, 0.0870168809429485
72, 4, 0.05085368079536619
37, 15, -0.854592201054896
9, 18, 1.223241669534349
59, 10, 2.02482108302915
22, 17, 2.024821083014522
76, 0, 0.0547100770415346
52, 12, 0.01962976979925671
62, 9, 1.200685285394272
43, 14, -1.627782545930284
69, 6, 0.8223166059159107
10, 18, 1.523005315095468
67, 7, -0.1247546994813009
48, 13, 0.05412871284744322
56, 11, 0.5317490205886904
31, 16, 0.5317490238721165
71, 5, -0.04600200559157692
11, 18, 1.967972152562414
65, 8, -1.217731484088006
23, 17, -1.217731483742072
38, 15, -0.8633357838651293
75, 2, -0.2270533346486603
74, 3, -1.465891008865185
12, 18, -1.466973303269715
76, 1, 1.32388074612819
44, 14, 0.5854885048857542
32, 16, -0.8367837721360364
73, 4, 0.4426766539240565
53, 12, 0.4426766544111145
24, 17, -1.629755945727917
60, 10, -0.004472184306218817
49, 13, 0.3046826860603462
13, 18, 0.3046826817262334
63, 9, 2.654829867937339
77, 0, 2.716320466025954
39, 15, 1.099328269225262
70, 6, 0.393203332375985
68, 7, -0.2091857091456098
57, 11, -0.209185707250194
14, 18, -0.9793220959080514
25, 17, 2.745206845357425
72, 5, -0.05856277504763761
33, 16, -0.05856277440752068
66, 8, 1.445683778127518
45, 14, 0.3023287867924411
76, 2, 0.7896492787217858
75, 3, -2.544816618383244
15, 18, -2.544816618913979
54, 12, -3.527795900487407
77, 1, -1.300870316579759
50, 13, -1.300870315494131
40, 15, -0.003193324496367539
61, 10, -0.2420691138912451
26, 17, -0.2420691170726927
74, 4, 0.6391652536611833
-9, 19, 0.5878551216167401
64, 9, -0.2354377115859953
-8, 19, -0.2354377120776458
34, 16, -0.7496524024593499
16, 18, -0.7496524039962774
-7, 19, 0.8799109996874468
58, 11, 0.9607514502538379
-6, 19, 0.960751450404333
-5, 19, 0.9300193638227748
69, 7, -0.04748570837017801
-4, 19, -0.04748570934719923
71, 6, -0.5114501954512113
78, 0, -0.7290566693485442
-3, 19, 1.146873474317037
46, 14, 1.581008116527389
27, 17, 1.577298303359083
17, 18, 0.5431190017927542
-2, 19, 0.5431190023770404
67, 8, -0.08342550468366008
73, 5, 0.7503188445407565
-1, 19, 0.7503188430073557
41, 15, -0.8678019237499585
55, 12, -1.562701791701822
51, 13, 0.2096465990315664
35, 16, 0.209646599044561
0, 19, 0.5843054785282051
77, 2, -0.5142618447291651
18, 18, -3.057225739758183
76, 3, 0.055531424504514
1, 19, 0.05553142459431628
62, 10, -1.149426132641812
28, 17, -1.54651695129152
78, 1, -0.5821308545086913
2, 19, -0.5821308540782096
65, 9, 0.6138941496472653
59, 11, 0.6138941482287105
75, 4, -1.09852860710799
47, 14, 0.8057660187692695
3, 19, 0.6102604923663442
19, 18, -0.5667474328039439
42, 15, -0.9731478678694701
70, 7, -1.382182740822298
36, 16, -0.04606354389767611
72, 6, -0.5637129724820505
4, 19, -1.054407841388787
79, 0, -0.3384924071580938
29, 17, -1.689547128174181
52, 13, -0.1203035545143444
68, 8, 0.0106378882994193
56, 12, 0.01063788668119382
5, 19, -1.358375095524284
20, 18, -1.860033856853414
74, 5, -0.7167153898083617
6, 19, 1.795858719800145
63, 10, -0.9180878349463066
78, 2, -1.106373735684697
48, 14, -1.106373736513169
77, 3, 0.02809468273268822
37, 16, 0.02809468350605952
60, 11, 1.724200277911262
43, 15, -0.9997942318272935
7, 19, -0.999794232171649
30, 17, -1.724020456564027
66, 9, -0.714136287835921
21, 18, -0.7141362880416695
79, 1, 0.6703605144733434
76, 4, -0.01574714986038559
8, 19, -0.3690284880146504
71, 7, -0.05232286120487209
53, 13, -0.05232285852704213
73, 6, 1.02919553016555
57, 12, 2.464782867380057
22, 18, 0.4448072498043717
9, 19, 0.1936839984812691
80, 0, -0.08179660369253293
69, 8, -0.09301975558478175
31, 17, -0.09301975671505636
38, 16, -0.4234242868966138
49, 14, 1.310637634052947
44, 15, 1.623033086645706
75, 5, 0.02978308816595387
10, 19, 0.08512579151814688
64, 10, 0.7905422177931462
61, 11, -1.180578381570615
23, 18, 1.578768187346056
79, 2, -2.698130107187458
11, 19, -2.698130105279302
67, 9, -0.3939831723700412
78, 3, 2.494408981239598
32, 17, -0.1931503633037047
54, 13, 1.500407971165328
80, 1, -2.169876703026042
39, 16, -2.169876701578816
58, 12, 1.165954772453035
77, 4, -0.5462987362935964
12, 19, -0.5462987348439015
24, 18, 0.5985742589855414
72, 7, 1.169029267965143
45, 15, -0.2487587977045687
74, 6, 0.4186167698195919
50, 14, 0.4186167688216077
70, 8, 1.680109599116419
13, 19, -0.3324543398850178
81, 0, 2.383742015172269
33, 17, -0.8833829224448201
65, 10, -0.02301431010594902
76, 5, -0.2168757233991915
62, 11, 0.8038971440107636
25, 18, 0.8038971452378871
40, 16, -0.8390454423202001
14, 19, 1.295218558886774
68, 9, -0.4919601282511046
55, 13, -0.4919601280997851
80, 2, 1.868857116067318
79, 3, 0.6972651210828698
46, 15, 0.6972651193866859
59, 12, 0.4042570861148782
51, 14, -0.6957733362236932
34, 17, 0.1136129725925378
15, 19, -0.6957733351917623
26, 18, 1.153140333032964
81, 1, 0.322014155297083
78, 4, -0.1908417291435816
73, 7, 1.133207457993565
75, 6, -1.426530648007907
41, 16, 0.5958470254237616
71, 8, 0.0987723043420468
16, 19, 0.09877230651649377
-10, 20, -0.1123577591516662
-9, 20, -0.6681157569128209
-8, 20, -0.02115688323167393
-7, 20, 0.1893512944709594
66, 10, 0.9085337221140548
-6, 20, 0.9085337232619412
63, 11, 1.116890712338446
27, 18, 2.095324990255448
82, 0, 0.3688066099072284
-5, 20, 0.06000887605614651
35, 17, 1.057786738972498
-4, 20, -0.007949754193781857
56, 13, 0.4381311266483618
77, 5, -0.9425393687220818
47, 15, -0.9425393704655586
17, 19, -0.1681801140402653
-3, 20, -0.1681801138112844
69, 9, -1.90045920581459
52, 14, 2.498767615080872
-2, 20, 2.498767613434773
60, 12, 0.005149220699082027
-1, 20, -1.800216002896901
42, 16, 1.066951775355694
81, 2, 0.5611087256327602
80, 3, 0.3475056374710811
28, 18, -1.485882097528805
0, 20, 0.001039865048169536
18, 19, -0.3059730924828616
36, 17, -1.810343254440074
1, 20, -1.8103432532646
82, 1, -0.1747412272483729
74, 7, 1.638053634557294
79, 4, -0.4282105819642821
76, 6, 0.09629546270753456
2, 20, 0.09629546375114609
72, 8, 0.4964170361929151
48, 15, 1.153833236556695
64, 11, -1.479449152849909
67, 10, 0.550024715924568
19, 19, -0.6988013762920069
57, 13, -0.7132624404650001
3, 20, -1.062430573032381
29, 18, 0.976245588182175
53, 14, -1.101502240310594
83, 0, 0.7582732596714549
43, 16, -0.2417267375199377
4, 20, -0.002540845696938411
78, 5, 0.006072064736281461
61, 12, -1.193013842812813
70, 9, 1.335731698722539
37, 17, -0.7405046455366602
20, 19, -1.060471903108306
5, 20, -0.00511462241630863
30, 18, -1.317865749603806
82, 2, 0.02507088819404607
6, 20, 0.02507088906039079
81, 3, -3.031352579435992
49, 15, 0.04113565853672119
21, 19, -1.043909605873637
75, 7, -1.732491176809789
83, 1, 0.06875885926774586
7, 20, 0.06875885950816464
58, 13, 1.209365657325642
80, 4, -0.03545857445822605
44, 16, -0.03545857552516322
65, 11, -0.3425868496247795
73, 8, -0.9810944258779335
77, 6, 0.0706866072221673
38, 17, 0.07068660759127486
68, 10, 0.3257844466086633
54, 14, 0.3257844472730319
8, 20, -0.03538193153789975
31, 18, 1.45354442561941
62, 12, -0.4927383281870676
22, 19, 0.02964798954760406
84, 0, 0.121530622320055
71, 9, -1.456531901777457
79, 5, 0.789233340063168
9, 20, 0.7892333387055284
50, 15, -0.05340133956840813
45, 16, 0.07305568728160229
39, 17, 0.0730556863772618
10, 20, 0.04092027832770585
23, 19, -0.000484020006930732
32, 18, -0.9470515081557777
59, 13, 0.4732928279711594
83, 2, -0.2259561464416776
82, 3, -0.2259561479739451
55, 14, -1.390100498747047
66, 11, -0.0803992109029768
76, 7, -0.2174644874251147
11, 20, -0.2174644865575188
69, 10, 0.6277416972674689
74, 8, 0.8501534654438803
84, 1, -0.08490362469117424
81, 4, -0.08490362360114012
78, 6, -2.231762542122359
24, 19, 0.7058406721811954
63, 12, -0.06698058297984659
12, 20, 0.031826365548673
33, 18, 0.05499389863602924
51, 15, 0.05499389914003291
40, 17, -0.1571903779259222
46, 16, -0.4077931930620758
72, 9, -4.732334132051017
85, 0, 0.01110580049124983
80, 5, -0.06801265427096607
13, 20, -1.307973640321184
25, 19, -0.9567516994852268
56, 14, 0.5917162775906821
60, 13, 1.38167393265963
34, 18, -0.192748739747197
14, 20, -0.192748740578115
67, 11, 0.9387349498562598
83, 3, 0.8431170863064804
41, 17, 0.8431170863743817
84, 2, -1.87471302513309
70, 10, 0.08881023525321459
77, 7, 1.66832622478908
26, 19, -1.557724901591061
52, 15, -0.5128717997958622
64, 12, 0.02943741738056049
75, 8, 0.4344912511234579
47, 16, 0.4344912543351913
82, 4, -1.267129306384251
15, 20, -0.09213433034731465
85, 1, -0.02713631205980716
79, 6, -0.02713631260425107
73, 9, -0.3682689944601881
35, 18, -0.3682689931971485
16, 20, -0.02126471306627519
57, 14, 0.1364916392946756
27, 19, 0.1364916365751032
61, 13, -1.712575605621433
-10, 21, -1.712575605264108
-9, 21, -2.146316367865317
81, 5, 1.639818705078449
42, 17, 1.639818704187189
-8, 21, -1.418057524928322
86, 0, 1.966684003567901
-7, 21, 1.724240533734399
-6, 21, 0.7669206376206315
-5, 21, 1.276890576961812
48, 16, 1.761248213491092
68, 11, -0.3786987312550145
-4, 21, -0.3786987281779656
53, 15, -0.3786987322804761
17, 20, -0.3786987283697237
-3, 21, -2.603292060689933
71, 10, 0.7843432482086365
36, 18, 1.981442136955029
65, 12, -0.6412909141613559
28, 19, -0.641290912856766
-2, 21, 0.4361353985362096
84, 3, -2.399588541609673
85, 2, -0.3778801840669932
78, 7, -0.3778801847337129
76, 8, -0.04911446758855154
-1, 21, -1.29314633555232
18, 20, 1.464073711235042
80, 6, -1.031541031042236
83, 4, 0.04091064200869055
43, 17, 0.04091064017518664
0, 21, 1.297951105280964
86, 1, 1.368140998630463
58, 14, 1.84923413204621
74, 9, 0.9429864806805467
1, 21, 0.9429864814735551
62, 13, -0.3312159672382458
29, 19, 0.1040888731565513
49, 16, -1.426742788045049
19, 20, 0.4980420401683598
37, 18, 0.5605838416267964
2, 21, 0.5605838423357004
54, 15, -0.3121424657674499
82, 5, -0.01387613808207724
87, 0, 5.356286604468797
3, 21, 3.510687066204686
69, 11, 0.6333061499002839
66, 12, -0.8270031866697488
44, 17, -0.25706457645895
4, 21, -0.2570645765714809
20, 20, -0.003466111570258122
72, 10, 1.336161157206293
30, 19, 0.635228084725043
79, 7, 0.4955452801734868
5, 21, 0.4955452799632009
85, 3, 0.3399066042814019
77, 8, 0.3399066039773747
86, 2, 0.7170604162271563
38, 18, 0.7170604163556793
59, 14, -1.269040756298483
50, 16, 1.136106507768584
81, 6, 0.4628443742947742
6, 21, 0.4628443763455007
63, 13, -0.06213534341273553
21, 20, -0.06213534192107908
84, 4, -0.02515636064105946
87, 1, -1.579311817279594
55, 15, 0.07714848331453142
75, 9, -1.346314596433029
31, 19, -0.7272940773336982
7, 21, 3.221438625064497
45, 17, 1.113173846479478
22, 20, -1.481714652620226
70, 11, 0.2529153469335919
83, 5, -0.03879300811479244
8, 21, -0.03879300681289664
39, 18, 1.393548085358855
67, 12, 0.8315174413311185
88, 0, -1.420608379860191
73, 10, -0.4673065474934185
9, 21, 0.5985989150690612
51, 16, 0.3143926125309268
32, 19, 0.3143926104855107
60, 14, 2.419292520129392
23, 20, -0.3368194722833738
80, 7, 0.6574295222828577
78, 8, -1.363694569903481
64, 13, -1.292113934915055
56, 15, -1.292113935869874
86, 3, -0.1364659649907529
10, 21, -0.136465963786718
87, 2, -0.5579132340737903
46, 17, -0.5579132351185236
82, 6, -1.085916116832885
40, 18, -1.085916116979094
85, 4, -0.2271078097073972
76, 9, -0.2271078105895174
88, 1, -0.149423862986705
11, 21, -0.1494238630297142
33, 19, 1.143909011070382
24, 20, 0.03775438698654907
71, 11, -0.3284478837823828
68, 12, -0.02239043893341597
52, 16, -0.02239043719241837
12, 21, 1.767363716790033
84, 5, -0.5613787585675769
61, 14, 1.537610857584466
74, 10, 0.5479027962650542
89, 0, 3.86788685778955
47, 17, 2.86788685799301
25, 20, 0.08241568622138472
41, 18, 1.603058900594714
57, 15, -0.5970650415261839
34, 19, -0.524544099917058
13, 21, -0.5245440990949058
65, 13, -0.03088003554489396
81, 7, 0.7531649203677069
79, 8, 0.7531649216095081
87, 3, -2.220372394309944
14, 21, -1.466501600981116
88, 2, -0.01649484168075438
26, 20, -0.3547401724959213
83, 6, 0.2830037342727019
77, 9, 0.283003730333039
53, 16, -0.9556526094115996
86, 4, -0.4887271768423296
89, 1, -0.451909871601155
35, 19, -0.4519098704699589
42, 18, 2.973885325328156
72, 11, 0.1101282636236772
48, 17, 0.1101282622647499
69, 12, -0.1833075887346887
15, 21, -0.1833075874079639
62, 14, 0.02702257900385916
58, 15, 0.04892205122025503
27, 20, -1.835255278684008
85, 5, -0.03701824010980713
75, 10, -0.03701824064335121
66, 13, -1.942380493766976
16, 21, 1.688350296634694
90, 0, 0.1936882905019416
-11, 22, -2.019920937833107
-10, 22, 1.672279494260237
-9, 22, -1.441433082599265
-8, 22, 0.1571801211362834
36, 19, 1.43652566965643
-7, 22, 1.172140893499788
80, 8, 0.7228677242310932
82, 7, -0.02387671368924216
43, 18, -0.02387671325237524
54, 16, 0.6424768391524948
-6, 22, 0.642476839142596
17, 21, -0.2686707423649239
-5, 22, -0.2686707442048683
28, 20, -0.008442704376407827
49, 17, 0.3908496187758059
-4, 22, -0.06875677395515074
88, 3, 0.3258980628416726
78, 9, 0.5240023736307504
89, 2, 1.154863368119018
-3, 22, 0.1952526786016425
84, 6, -0.8860573183245448
63, 14, -3.526661530628884
70, 12, -1.619495546255058
-2, 22, -1.619495543500244
87, 4, 0.09045170628744448
73, 11, 0.09045170458420682
59, 15, -0.9553555344113907
18, 21, 1.378443696354757
90, 1, 1.149840257021094
-1, 22, 1.149840253623738
37, 19, -0.393578672672577
29, 20, -0.4715071754501898
0, 22, 0.5515936198142802
67, 13, 0.07606256347303116
76, 10, -0.8810974346251259
44, 18, -0.881097436108493
86, 5, 0.4907286205397697
1, 22, 0.4907286193680143
55, 16, 1.17331552394076
19, 21, 1.173315520990216
50, 17, -1.275910539581997
2, 22, -1.456027208161709
91, 0, -0.7288222481903731
81, 8, 1.082224159020368
30, 20, 0.07009348769411436
83, 7, 0.452905549422938
38, 19, 1.262291858513469
3, 22, 0.4529055498143301
20, 21, -0.4343450061990125
64, 14, 0.625831737435961
60, 15, 0.04524357960413225
79, 9, -0.5405040685120507
4, 22, 0.7452341989053779
89, 3, 1.259563452848313
71, 12, 1.259563452226389
45, 18, 2.056580967686092
85, 6, 0.4032180497363885
74, 11, 0.4032180526926759
90, 2, 0.2609509340744241
5, 22, -0.1567105077121206
88, 4, 0.04274264783327834
21, 21, -4.326376035644583
68, 13, 1.464451843473233
51, 17, -0.2391306455458942
31, 20, 1.464451846108863
56, 16, -0.6854503533377245
91, 1, -1.440608528950146
6, 22, -0.4060639515873065
77, 10, -0.1462106377996029
39, 19, -0.1462106391561841
87, 5, -0.1732746965708184
7, 22, 0.4910761422201829
22, 21, -0.1275641211936175
46, 18, 0.5620949171483678
61, 15, 1.359745500363341
92, 0, 0.022981329044488
32, 20, -0.01209897784028618
65, 14, -1.821724173142962
82, 8, -1.912266282383013
8, 22, -1.912266282548971
84, 7, -0.5635317052603961
72, 12, -0.003597134757475977
80, 9, 1.983840786312058
40, 19, 1.98384078851071
52, 17, 0.3493983140316158
75, 11, 0.02535330558037253
9, 22, 0.02535330396493934
23, 21, 1.027824187805825
57, 16, 1.424770384409481
90, 3, -1.539934784703698
86, 6, 0.7005074739312469
91, 2, -1.132988579045571
69, 13, -1.132988580862061
10, 22, 0.9521166663987445
89, 4, 0.7442522615968342
33, 20, 0.744252260831145
47, 18, 1.461100243332987
78, 10, -0.1461863202584693
92, 1, -0.4737801658875356
24, 21, 1.110677593186504
11, 22, 0.7356477733520349
41, 19, -0.6965511562809179
62, 15, -0.684665655206747
88, 5, 1.160660339515609
66, 14, -0.6055749622213484
53, 17, 0.02846521845660864
12, 22, -0.280674978953761
34, 20, -0.2806749799693366
83, 8, -0.8476280690690383
58, 16, 0.7292622787039744
25, 21, 0.006230466576149466
93, 0, 3.009618790303643
85, 7, -0.09016831240702934
73, 12, -0.09016831399529397
81, 9, -1.216765841948658
76, 11, 0.2202688679814243
48, 18, -0.07578617449475979
70, 13, -1.047944436760595
13, 22, -1.047944440202141
42, 19, -1.038293368811632
87, 6, -2.340668045017516
91, 3, -1.321818177534047
92, 2, -1.8444933479279
26, 21, -0.9937317932256808
35, 20, -0.04417471812021743
79, 10, 0.2156040713165708
90, 4, -0.01751395626853589
14, 22, -0.01751395582721053
63, 15, -0.1436027912305327
54, 17, -1.310950092764846
93, 1, 0.7570036876145678
67, 14, 0.7570036894157294
59, 16, -0.9746215328004378
15, 22, -0.5030732865980042
89, 5, -0.04938007621314384
49, 18, -0.04938007859669517
27, 21, -1.374285363974103
43, 19, 1.373506302128264
74, 12, -0.2945119716149862
84, 8, 0.07463259717550069
36, 20, 0.0746325988770606
86, 7, -1.482419846393937
77, 11, 1.59659349056654
94, 0, 0.006435299284895857
16, 22, -1.010953664588518
71, 13, -0.6072424025099062
82, 9, 0.4849757753682414
-11, 23, -0.4627366233272024
-10, 23, 0.817040356032436
-9, 23, -0.2064549512913925
28, 21, 0.5983817813388062
55, 17, 1.748428768988971
-8, 23, 1.748428763554218
64, 15, -0.4403331265675552
-7, 23, -0.4403331264493598
88, 6, 1.78217921313399
17, 22, 0.4564928473806459
-6, 23, 0.4564928445984117
92, 3, -0.4561285552927704
80, 10, -0.158307584009985
93, 2, -1.66116487254932
-5, 23, -1.661164873571241
68, 14, 0.2661465653935881
50, 18, 0.2661465656173299
44, 19, -0.051035068645953
37, 20, -0.051035064471102
60, 16, 0.05674707696865721
91, 4, -0.0125056715051198
-4, 23, -0.01250567101022485
-3, 23, -1.173382756278988
94, 1, -1.062795538590996
29, 21, -1.062795537765064
18, 22, 0.5296408741488069
-2, 23, -1.814557138540573
-1, 23, 0.1506856049785332
75, 12, 0.472446039489857
90, 5, 0.1146929646601025
85, 8, -0.1292175273751373
72, 13, -0.1292175282300879
0, 23, 0.2454413477183893
78, 11, 1.140623936073059
56, 17, 0.7146287946973177
38, 20, -1.132447377483037
19, 22, -0.8115032482398188
87, 7, -0.6582396647437322
83, 9, -1.300790062978756
45, 19, -0.3743297842794138
1, 23, -0.3743297849204537
95, 0, 0.1233904985381885
65, 15, 0.04427204941983174
51, 18, -0.03841750276420422
30, 21, -0.03841749830870161
2, 23, -0.1339839546880757
61, 16, 0.3597291330138915
69, 14, 0.1473326288641131
89, 6, 1.344781312542953
20, 22, 0.9520455712903594
81, 10, -0.05581972269394875
3, 23, -0.05581972412469331
93, 3, -0.1916415769977507
94, 2, -0.8534129179750575
39, 20, 0.8955427188460969
4, 23, 0.8955427159677075
92, 4, 0.0049790814039133
31, 21, 1.113137167044424
46, 19, -1.414243894687779
21, 22, -0.3633243164337902
57, 17, -0.3633243175109039
5, 23, 1.279842296271566
76, 12, 0.04160521983687664
95, 1, -0.7738129174516749
52, 18, -1.225492193824018
73, 13, 0.7652743574469877
91, 5, -1.655134485322868
79, 11, -1.680908884896253
6, 23, -1.680908882167826
66, 15, -1.426556780308946
86, 8, -1.04268058875927
62, 16, 0.6495441088618937
84, 9, 0.3295845418013945
88, 7, -1.77457846412368
32, 21, -1.774578463390829
22, 22, -1.838591151143616
40, 20, 0.002246455597774042
7, 23, 1.807390570977005
70, 14, 0.151884291910614
96, 0, -0.1294293378053889
47, 19, -0.341119803000528
8, 23, 1.79974623079492
82, 10, 1.734099742565725
90, 6, 0.7068323452280464
58, 17, -0.09534999415537666
23, 22, -0.09534999347744617
94, 3, -0.8124166493473687
53, 18, -0.812416646939604
33, 21, -0.5537818463740457
9, 23, -1.404222628927552
95, 2, 1.414568110034046
93, 4, 1.147115680290456
77, 12, 0.3549535755924372
41, 20, 0.3549535738421057
74, 13, -0.7890113052518033
67, 15, 1.230001895038394
10, 23, -0.04882129306754508
96, 1, -1.344020516540677
63, 16, -1.344020515195396
24, 22, 0.9208117953488693
80, 11, -0.9670812467791935
92, 5, 0.09695222535547636
87, 8, -0.09452887598198728
48, 19, -0.09452887915677691
85, 9, 0.797078626774901
71, 14, 0.7970786244881001
34, 21, 0.7970786280670347
11, 23, 0.7970786280833363
89, 7, 0.9075215356801408
54, 18, -4.170505618692235
59, 17, 0.6102791087535141
25, 22, -0.1278339686685667
42, 20, -1.342893284888639
97, 0, -0.7321827731529361
12, 23, 0.5029497752474171
83, 10, 0.02319798046429614
91, 6, 1.050366221594934
35, 21, -1.317441990817022
13, 23, -0.7414683772909891
95, 3, -1.728469132691129
78, 12, -0.5461911686372809
68, 15, 0.6060606602051192
49, 19, 0.6060606603142127
64, 16, -0.3203310772943542
75, 13, 0.8980421181887672
96, 2, 0.7038014687606085
26, 22, 0.7038014654528695
94, 4, 0.2234937556816358
81, 11, 0.1166362602055805
43, 20, 0.1166362658533837
14, 23, 0.6601726183264122
97, 1, 0.9945013310492944
55, 18, 0.9945013304143708
72, 14, -0.6862871563887196
60, 17, -0.2048846282642209
88, 8, -0.8725178853360921
93, 5, 1.720761250094405
86, 9, -1.549179500999406
36, 21, -2.375384689360907
27, 22, -0.6953240546575674
90, 7, 0.7703640085883114
15, 23, 0.7703640080787515
50, 19, -0.8569522320368451
84, 10, -1.023028945268472
98, 0, 2.567342916944814
44, 20, 0.04685495336231323
65, 16, 0.04340635782453319
16, 23, 0.04340635599315534
69, 15, 1.069407653469943
92, 6, -1.509256530507742
28, 22, -1.50925652960035
79, 12, -0.4881395196476039
76, 13, -0.4881395148624635
37, 21, -1.034719555882685
-12, 24, -0.09037308101062297
-11, 24, 1.403205717980032
56, 18, 0.9355556514668921
-10, 24, 0.9355556513117488
96, 3, -0.9741869446275476
-9, 24, -0.9741869489603528
-8, 24, -0.9017605056070903
97, 2, 0.3005521735479602
61, 17, 0.3005521743083064
17, 23, 0.05317673525341583
-7, 24, 0.0531767336705589
95, 4, 0.1100815141987384
82, 11, -0.1834197327793267
73, 14, -0.1834197285165345
-6, 24, 1.424171004774356
-5, 24, -0.2507986258603562
51, 19, 0.4443450975919121
29, 22, 0.4443450934779756
-4, 24, -0.05486715780711186
98, 1, 1.577386401074271
89, 8, 1.067284556939764
45, 20, -0.103889509932172
87, 9, 0.1188048942786752
-3, 24, 0.1188048904898741
94, 5, -0.09012843894684136
18, 23, -0.09012844021885059
38, 21, 1.071343513184855
-2, 24, 0.7229574990568011
91, 7, -2.231044908786282
66, 16, -0.7187373458927575
-1, 24, -1.487577010417091
85, 10, 0.02399217976813388
70, 15, 0.02399217897762404
57, 18, -1.841794237947979
30, 22, 0.8543671291504288
19, 23, 0.0487115756136882
0, 24, -0.6788154165163603
99, 0, 3.482047557003953
77, 13, 0.1438416050730508
80, 12, 0.03926864565808241
62, 17, 1.338275641172808
1, 24, 0.6995690631744238
93, 6, -0.6427225695575327
52, 19, 1.682956423102236
46, 20, -1.398259247711271
39, 21, 1.856810105755838
74, 14, -0.416400615483062
2, 24, -0.4164006156080645
97, 3, 0.1043841564400901
20, 23, 0.1043841543987617
83, 11, 0.361816217938833
98, 2, 0.08665343852330817
31, 22, 0.8495341380961082
96, 4, 0.02262280933474785
3, 24, -0.327813835210805
4, 24, -0.0426887195482295
90, 8, -1.398976794586319
88, 9, -0.05862335236393518
67, 16, -0.05862335092191542
58, 18, -0.4400143945999259
99, 1, -0.03502866956068887
21, 23, -0.0350286728284876
95, 5, -0.03551537553203933
71, 15, -0.4034249685075508
40, 21, -1.521597927384869
5, 24, -1.521597929639745
92, 7, 0.5119488831808994
47, 20, 0.9603841933490322
53, 19, 0.2350061937982847
63, 17, 0.235006193609494
86, 10, -0.8871290393169705
32, 22, -0.8871290375920377
78, 13, 0.0215720939892023
6, 24, -0.1213836321559893
81, 12, -1.53293605205181
22, 23, -1.240607316819676
100, 0, -0.03486072425387227
75, 14, 0.1533934787698589
7, 24, -1.351471661038977
94, 6, 1.363364818733935
84, 11, 1.021571130597213
41, 21, 0.577475956543956
33, 22, 1.260111724070963
8, 24, -1.684780111184541
98, 3, 0.4307123854271877
59, 18, 0.4307123844630821
23, 23, -0.8181137082628883
68, 16, 0.004072314211203983
48, 20, 0.004072315073893254