d = 67, symClass = D, D = 10.261719
[4.290883119832601, 4.290883119985765], 4.290883119909738
1, 0, 1
2, 0, -1.159089825752847
3, 0, -0.5128343275826374
4, 0, 0.3434892192499862
0, 1, 0.662688610403999
1, 1, 0.654073584805952
2, 1, -0.4661891857873795
5, 0, -1.587289259557522
3, 1, 0.6581645221947534
6, 0, 0.5944210478093821
4, 1, -0.373356340896741
5, 1, 1.025533045538564
7, 0, -0.3658843038873051
6, 1, 0.3322175088113247
8, 0, 0.7609549640538062
-1, 2, -0.3642046552233707
0, 2, -0.7681156242029697
1, 2, -0.7275928338227414
7, 1, 1.346846343226619
2, 2, -0.7581300373123672
9, 0, -0.737000955773082
3, 2, 0.05567116264791655
8, 1, 0.2493249185897822
4, 2, 0.5403551416339145
10, 0, 1.839810823958942
5, 2, -0.1693607407907563
9, 1, 0.06411021066859934
6, 2, -0.7628717979047945
11, 0, 0.4938566996184334
10, 1, 0.7072117292670352
7, 2, -0.1214618258270121
12, 0, -0.1761530627847166
8, 2, 0.4327535333192291
11, 1, 0.8505292937894904
-1, 3, 0.7941433482912581
0, 3, -0.339849466560445
1, 3, 0.8276897620185235
2, 3, 0.535455928067422
9, 2, 0.9180118779225442
13, 0, -1.064604994092866
3, 3, -0.3354313871563291
12, 1, 0.6817937460265369
4, 3, -0.9349637029857323
10, 2, -1.188684914685508
5, 3, -0.123946146512604
14, 0, 0.4240927703806531
13, 1, -0.6977562891146185
6, 3, 0.239077814940479
11, 2, 0.3858116181345034
7, 3, -0.7496929635963452
15, 0, 0.8140164135263583
14, 1, 0.7802443181320186
12, 2, -0.3850699327680832
8, 3, -1.086642708922321
16, 0, -1.225504376608753
15, 1, -0.2115418005646545
9, 3, -0.3375293569155348
13, 2, -0.2461445948696935
-2, 4, 0.4221459082572283
-1, 4, -0.2281791166803556
0, 4, 0.2276263945042292
1, 4, 0.6504839713659153
10, 3, -1.566812136604586
2, 4, 0.8433454511985443
17, 0, -0.3607217616562771
16, 1, 0.239034149076384
14, 2, -1.561115891649914
3, 4, 1.302255636273067
4, 4, 0.2246672246138334
11, 3, -0.104083540359246
5, 4, 0.1248600416049703
17, 1, 0.2060520131157386
15, 2, 0.6608422161377744
18, 0, 0.8542503075448404
6, 4, -0.06452787753178078
12, 3, 0.191469945742806
7, 4, -0.6253906286302604
16, 2, -0.2889899757252387
18, 1, 1.041032995388106
19, 0, 0.3631667263343943
13, 3, -0.507542218924347
8, 4, -0.1601309600663194
9, 4, 1.137088366925721
17, 2, 0.7061776584884307
14, 3, -1.324054185928065
19, 1, 1.049910097306077
20, 0, -0.5452167508473076
10, 4, 0.1963043129158255
-2, 5, -0.0476886346864024
-1, 5, 0.5993582272659697
15, 3, -0.5259285452529187
0, 5, -1.051878511613051
18, 2, -0.07430949155643984
1, 5, -1.019326215960668
20, 1, -0.01633752083438422
11, 4, -0.5935065419039317
2, 5, 0.6023214191957914
21, 0, 0.1876380282972774
3, 5, 0.5202554641347306
16, 3, -0.1897598008820841
4, 5, -0.2539322650189588
12, 4, 0.2260724178641285
19, 2, 0.9039300296284523
5, 5, -1.038203975223416
21, 1, -0.8435454670565236
22, 0, -0.572424279272876
6, 5, 0.1252882269038741
17, 3, 0.2366534079958329
13, 4, 0.6356628520907097
20, 2, -0.8197219195836064
7, 5, 0.5676260162905417
22, 1, 0.5850790164888783
14, 4, 0.1407851679087457
23, 0, -1.070939599463482
8, 5, 0.505604306466899
18, 3, -0.1703725409581011
21, 2, 0.373771377742056
9, 5, 0.4872046731927195
15, 4, 0.5188571396321507
23, 1, 0.7083696271366717
19, 3, 0.3167519618759757
10, 5, 0.7399770884088419
24, 0, -0.3902438252251115
16, 4, -0.1282438881813832
22, 2, -0.9858398514832476
11, 5, -0.1261797267862542
-3, 6, 0.1867766387119856
-2, 6, -0.920483474733654
-1, 6, -0.2904882727843128
0, 6, 0.393916059767318
20, 3, -0.6618169389025306
24, 1, -0.4620326166366843
1, 6, -0.7782214642813544
25, 0, 1.519487183484694
2, 6, -0.9593667796024966
17, 4, -1.383437700020388
12, 5, 0.8885997104826177
3, 6, 0.3731345842888987
23, 2, 0.5237903454956285
4, 6, -0.6206415187880354
21, 3, -0.6907090391470936
13, 5, 0.963255612973582
25, 1, -0.05364002812943424
5, 6, -0.5600183280390816
18, 4, -1.064058226069597
26, 0, 1.233972810777896
6, 6, 0.3887951043776642
14, 5, -0.6911232166158879
24, 2, -0.7902601939825393
22, 3, -0.5671581479266979
7, 6, 0.07875311168617712
19, 4, 0.3018838426366945
26, 1, 1.188049353527043
8, 6, 1.083706916073993
15, 5, -1.044697470609758
27, 0, 0.8907937132189846
25, 2, 0.6214266989310328
9, 6, -0.0285500840409998
23, 3, -0.5089599283633532
20, 4, 0.3522595466335853
16, 5, 0.3338373314492921
10, 6, 0.1436647180729299
27, 1, -0.02944508621454252
28, 0, -0.1256773142293885
26, 2, 0.8087622161219661
21, 4, -0.5985095279921637
17, 5, 0.9340977264614553
11, 6, 0.4251204076523081
24, 3, -0.1278623782403984
-3, 7, 0.04003873761914605
-2, 7, 0.7846598311151326
-1, 7, -0.5173179808122288
12, 6, -0.2771126647014781
28, 1, 0.07195799925830296
0, 7, -0.2424673595423191
18, 5, 0.8337493178676805
29, 0, 0.3834202746099185
1, 7, -0.5170592078059977
22, 4, -0.4471903223259373
27, 2, 1.615762971078128
2, 7, -1.267653599636715
25, 3, 0.3673025907987988
13, 6, -0.5912104584132183
3, 7, 0.6250036102209384
4, 7, 1.270409948715489
19, 5, 0.3626815411008139
29, 1, 0.8193990670026949
14, 6, 0.8689614852019526
23, 4, 0.7431219547958575
5, 7, 0.598426194104399
30, 0, -0.9435181441868826
26, 3, 0.3892303820650747
28, 2, -0.904373249235555
6, 7, 1.348536081760279
20, 5, 0.5926245063384218
15, 6, 0.08685400172271419
7, 7, -0.2393152573361255
24, 4, 0.1141131348700911
30, 1, -0.7682229209513385
8, 7, -0.4590367325544358
31, 0, -1.255170125276298
27, 3, -0.03287791735578293
16, 6, 1.259516507349964
29, 2, 0.7545435769084012
21, 5, -0.3091847033165336
9, 7, 0.2837902999145596
25, 4, 0.1726531330928374
17, 6, 1.454076326824235
10, 7, -1.013762808652332
31, 1, -0.6007881903076696
22, 5, 0.3880604753475468
28, 3, -1.210137742499225
32, 0, 0.6595146879639653
30, 2, 0.2451959500688904
11, 7, -0.1616732822656165
18, 6, 0.3912268450072616
26, 4, 0.2853036971689009
12, 7, -1.309747922246641
23, 5, -0.4733874433360096
-4, 8, -0.125100374639902
32, 1, -0.5290744896871904
-3, 8, 0.03761470121049876
-2, 8, 0.2644800905583722
29, 3, -0.801061045207476
-1, 8, -0.1551237780892717
19, 6, -0.04877582682393538
0, 8, 0.5042761881835365
33, 0, -0.2532666695285694
31, 2, 0.2966371254672789
13, 7, -0.9471163211011546
1, 8, -1.060848376911236
2, 8, -0.7539693526778694
27, 4, -0.2695172399887666
24, 5, 0.5680822939413934
3, 8, -0.1334928993204538
14, 7, 0.170571303479388
20, 6, 1.816076002562111
4, 8, -0.2499202951192235
33, 1, -0.2413542759313588
30, 3, -0.3626824496181579
5, 8, -0.4547006199749921
34, 0, 0.4181089225871674
32, 2, -0.2770620482071424
15, 7, 0.2768053287620321
28, 4, 0.4626271997861596
6, 8, -1.509431256176438
25, 5, -1.627817581298722
21, 6, 0.06228979373691219
7, 8, -1.322102685985846
16, 7, -0.09436609186012219
34, 1, 0.06752350703417036
31, 3, -1.031858476302135
8, 8, 0.4977205410769879
33, 2, 0.7959847041366532
35, 0, 0.5807642194018736
22, 6, 0.1206421733582004
29, 4, -0.1912157886379749
26, 5, -0.8644581354503319
17, 7, 0.8795162986536865
9, 8, 0.9055631637083509
10, 8, -0.1447240062577221
32, 3, -0.2382166443072478
35, 1, 1.865187294357438
23, 6, -0.5048348930850597
18, 7, 0.1413436037862078
27, 5, -0.4033753697874547
34, 2, -0.2388327919486432
30, 4, -0.7659754883701444
36, 0, -0.253151882681485
11, 8, -0.01686751397272704
19, 7, 0.571198764336461
12, 8, 0.01912244525170315
24, 6, -0.2219308685652933
33, 3, -0.4361806167704492
36, 1, -0.3196291142812572
28, 5, -0.6321693913602867
31, 4, -1.720829357192582
-4, 9, 1.411076933601782
-3, 9, -0.4072639688055217
13, 8, 0.07022268458667924
35, 2, 0.7384437566085955
-2, 9, 0.6114951669356168
37, 0, -1.47402430486516
-1, 9, 0.7528142148741559
20, 7, -0.1867098409182625
0, 9, -0.4884021380982264
25, 6, 0.8772342187349123
1, 9, 0.8846390105361708
14, 8, 0.7248839145131618
2, 9, 0.6319603632140213
34, 3, -0.6338698447260531
29, 5, 0.7076551356796031
3, 9, -0.4244677215487563
21, 7, -0.2408120642940941
37, 1, 0.1117986767708054
32, 4, 0.08564042123443054
4, 9, 0.7106927812530542
15, 8, 0.0676979481784242
36, 2, -1.206650747647579
38, 0, -0.4209428572784138
26, 6, 0.5882870226325293
5, 9, -0.1331218179890855
6, 9, -0.2746001794500804
22, 7, -1.174777232713242
16, 8, -0.3547489763601947
30, 5, -0.5273252824444796
35, 3, -1.059318364887884
7, 9, -0.2981462160436479
33, 4, -0.3183665502951585
38, 1, -0.273302400058085
27, 6, -0.4707880015340507
37, 2, 0.4002090052118845
17, 8, -0.3958627737871903
8, 9, 0.7263123406792881
39, 0, 0.5459659798769108
23, 7, 0.449046550303474
9, 9, -0.4820528578649362
31, 5, 0.1697882717268116
18, 8, -1.317987556003928
36, 3, -0.349647236009999
34, 4, -0.8185233370466488
28, 6, 1.534697733684237
10, 9, -0.3129178055808574
39, 1, -0.1542761841507982
24, 7, 0.2271022590022508
38, 2, -1.216940109973287
11, 9, 0.6699515064605034
40, 0, -1.207855642020462
19, 8, -1.798660192584742
32, 5, 0.5157088357696701
29, 6, -0.5891295078562152
12, 9, 0.4794814810971675
37, 3, -0.3584106089310704
25, 7, 1.036802433813731
35, 4, 0.8729357888377046
20, 8, -0.0581735870246456
40, 1, -0.4795906580554853
13, 9, 0.6842921270633294
39, 2, 0.825846249406848
-5, 10, 0.5780981360245041
-4, 10, 0.05527540860054069
33, 5, -0.6113573096253805
-3, 10, -0.6444130870738654
41, 0, 0.4155951307112291
-2, 10, -0.6947100235355147
26, 7, 0.003566806964638518
-1, 10, 0.3225868805030443
30, 6, 0.6095984282932758
21, 8, 0.6274658665531017
14, 9, -0.7654156007682239
0, 10, 1.219221679112502
38, 3, 0.5264167051094192
1, 10, -0.08910914717360863
36, 4, 0.02202116648999343
2, 10, 1.181490644684632
15, 9, 0.0635638403513788
41, 1, -0.02145427634335101
3, 10, -0.7443242481617045
40, 2, 0.01893665344248163
22, 8, 0.6879273925460644
34, 5, 0.1543803021844395
27, 7, -0.3788471706063831
4, 10, -0.698144624404706
31, 6, 0.5273884075390078
42, 0, -0.2174893311758924
5, 10, 1.154900291091097
16, 9, 0.1521759336624296
37, 4, 0.4711254981402216
39, 3, 0.3578333764731665
6, 10, -0.6030228159973835
23, 8, -0.3578792498783839
28, 7, 0.1366052215935021
17, 9, -0.279029212947455
7, 10, 0.3639994238378097
42, 1, 0.3446528448710875
35, 5, -2.137834731539161
32, 6, 0.2199486539306826
41, 2, 1.243789148464599
8, 10, 0.2943303051330793
43, 0, 0.4314551158276231
24, 8, 0.500833560472981
18, 9, 0.3435818754188625
38, 4, -1.047736095822735
9, 10, -0.6302389897768572
40, 3, -0.4617963284914506
29, 7, -0.3053068214783288
33, 6, -0.1978574418105439
10, 10, 1.203371660686287
36, 5, -0.3179122752541826
43, 1, 0.8253036737451535
19, 9, -0.8772102645379263
25, 8, -0.6594567896997954
42, 2, 0.9777449642378233
11, 10, -0.7148962678098153
44, 0, 0.1696344540299773
30, 7, -0.2397065827985779
39, 4, 0.6342911657450944
41, 3, -0.03497950189918037
20, 9, -0.1865692721950921
12, 10, -0.1452203062069506
34, 6, -0.2743025589545735
26, 8, -0.7367903447242407
37, 5, 0.05376406838272431
44, 1, -0.7106635951874104
13, 10, -1.198114214641492
43, 2, 0.941036945868182
21, 9, 0.3844682859929841
31, 7, 0.9895215815799182
45, 0, 1.169833696761381
-5, 11, -0.6010520242392702
-4, 11, -0.770485069696675
40, 4, 0.2429196046862644
27, 8, -0.04946962527926346
-3, 11, 0.1333352156006808
14, 10, -0.6579295363477929
-2, 11, -0.3815324460154003
42, 3, -0.4001360685230754
35, 6, 0.5958371889625114
-1, 11, -0.8283023546724412
0, 11, 0.3272732114457362
38, 5, -0.3417724379196537
22, 9, -0.6159791407149475
1, 11, 0.994774216388232
15, 10, -0.08836623890836183
32, 7, -0.3593940739895196
2, 11, -0.2047295306901148
45, 1, -1.01026174945513
44, 2, -0.6781591317739313
28, 8, -0.04172082730666154
3, 11, 1.254537558504034
23, 9, -1.100630859525322
46, 0, 1.24131518903981
16, 10, -0.5860408069711234
41, 4, 0.8831981843401969
4, 11, 0.8896947658357223
36, 6, 0.1974770818534554
43, 3, -0.1034276151958492
5, 11, 0.2004082998943332
39, 5, -0.02867260248176567
33, 7, 0.2958235982055533
6, 11, 1.350669180080864
17, 10, -0.4133468662284539
29, 8, -0.638871183429358
24, 9, 0.5572676821765427
46, 1, 0.4872521570311807
45, 2, 1.628426471945752
7, 11, -1.876497499589161
37, 6, 1.13854656287251
42, 4, -0.433234600965629
18, 10, -0.5647139801451908
47, 0, 0.970750072201277
8, 11, 0.1326859709215394
44, 3, 0.3474271541047463
40, 5, -0.3957507644271373
34, 7, 0.1435033268944978
25, 9, -0.3044860636709261
30, 8, -0.6014020337964889
9, 11, -0.8678449155650033
19, 10, -0.5017240669279461
10, 11, -0.6806406280690258
47, 1, 1.546371311000133
46, 2, -0.8210640222686705
38, 6, -0.367143980713969
26, 9, 0.06330743015976888
43, 4, 0.3789953687084947
31, 8, 0.2099823823724492
11, 11, 0.3230186227602592
20, 10, -0.8576999099891638
35, 7, -0.3752264398989253
48, 0, 0.628480709937654
41, 5, 0.4995444418270764
45, 3, 0.1084858971695229
12, 11, -0.6828158832089484
27, 9, -0.4850678804595714
21, 10, -0.438691241189702
39, 6, 0.1262313976219535
32, 8, -0.2841073621525809
48, 1, -0.2594022834154179
13, 11, 0.4173105755465452
47, 2, 0.9419684945374543
36, 7, 1.382501364005904
44, 4, 0.2921476416208342
42, 5, -0.6022643382288027
49, 0, -0.866128679224928
22, 10, 0.1462536329756538
46, 3, -0.1306600931426536
14, 11, 0.2039416622855918
-6, 12, -0.2164909150973832
28, 9, 0.2118248780784765
-5, 12, 0.7133121430477916
-4, 12, 0.2727796809674507
-3, 12, 0.1170180809614508
-2, 12, 0.3367020041961832
-1, 12, 0.2558616688820076
33, 8, 1.477344493389943
15, 11, 0.4211062001164523
0, 12, -0.1167346278723331
40, 6, 0.7671052795900508
23, 10, -0.3063493160574876
37, 7, 0.3781426401982409
1, 12, -0.4379176143844
49, 1, 0.2539487428437819
48, 2, 0.5355373033172464
2, 12, 0.9020285717395949
45, 4, -0.07419172213619445
29, 9, 0.1359781174748177
43, 5, -0.01576613625122542
16, 11, -0.1431238065786612
3, 12, -0.3335905095507456
50, 0, -1.761222133781541
47, 3, -0.4946348136959471
4, 12, 0.2843025100468527
34, 8, 1.603528559135723
24, 10, -1.029966882388969
17, 11, 0.8791284497557631
5, 12, 0.2481437007515679
41, 6, -0.3394395955731488
38, 7, 0.3572186144014284
30, 9, 0.8035150441937031
6, 12, -0.432496494285151
50, 1, 1.200110673694601
49, 2, -0.1475711701681234
46, 4, -0.6071200593282169
25, 10, 0.2688244851640559
18, 11, -0.3939228945841548
44, 5, 0.02415094665619806
7, 12, 0.3040426884680593
35, 8, 1.239229115515812
51, 0, 0.1849905007312771
48, 3, -0.1225849152492897
8, 12, 0.1839233386302092
31, 9, 0.1306428648286816
39, 7, 1.052344558318828
19, 11, -0.5090417619022778
42, 6, 0.8005938142734047
26, 10, -1.116499782197417
9, 12, -0.6678413910625366
50, 2, 0.062173613424847
10, 12, 0.6491115481921714
51, 1, -0.2676867204889665
47, 4, 1.364687876943713
36, 8, 0.3153271829126982
45, 5, -0.1017614485592918
20, 11, 0.5984040839944614
32, 9, -0.2237497846319145
27, 10, 0.5389514914122423
49, 3, -0.521350020052369
11, 12, -0.4843572183111925
52, 0, -0.3656803396564375
40, 7, 0.5386573359270824
43, 6, -1.105448901802099
21, 11, -0.7298044392830618
12, 12, -0.1152170651315716
37, 8, -0.2426384962966799
33, 9, 0.05337761367695767
28, 10, 0.8010738858674836
48, 4, 0.2341888022558439
51, 2, 1.227531942727962
46, 5, -0.5178508527544915
52, 1, -0.0518830281367836
13, 12, 0.7332830956279314
22, 11, -0.2302306538187164
41, 7, 1.047422913931223
50, 3, 0.02393691565450882
53, 0, 1.754220537970632
44, 6, 0.6573872389091387
14, 12, -0.09128192955456235
29, 10, 0.6459992030137922
-6, 13, 0.4666182857702684
-5, 13, 0.6286022190061348
38, 8, -0.3499104900170624
-4, 13, -0.3294324809049251
34, 9, 0.1452988042917464
23, 11, 1.071413226631813
-3, 13, 0.1470492805664965
-2, 13, 0.1506400475161904
15, 12, -0.06403251662209029
-1, 13, -0.5908844814222397
49, 4, 0.7109925679390834
47, 5, 0.3278638069120425
0, 13, -0.7055016022762911
52, 2, -1.377055914510659
53, 1, -0.4704177841589465
1, 13, -0.1750160953582747
42, 7, -0.121553172519801
16, 12, -0.3211499525504154
24, 11, -0.22717377134884
30, 10, 1.210898209707636
2, 13, -0.3511776942922603
51, 3, -0.1056705452765998
45, 6, -0.3389025718992213
54, 0, -1.032509928070754
35, 9, 0.1521001642074871
39, 8, 0.7896517891454321
3, 13, -1.449040706238405
17, 12, 1.064886114314419
4, 13, -0.1612522146985601
25, 11, -0.2784849564841504
5, 13, -0.8058520407260533
48, 5, -0.04809612928763765
31, 10, -0.09027973109116912
50, 4, -0.7202893620784412
53, 2, 0.3093383687248652
43, 7, 0.7734016484094626
54, 1, -0.04496871292118119
6, 13, -0.1779657502853127
18, 12, 0.0330921113541602
36, 9, 0.2751639797329893
46, 6, 0.5899302736110854
40, 8, 0.7803844623307458
52, 3, -0.2276449045919933
7, 13, 0.3408932833882803
26, 11, 0.1728908059313194
55, 0, -0.7838934401334706
19, 12, 0.5909033146881837
8, 13, 0.1630682983448928
32, 10, -0.3869474535982265
49, 5, -0.973428932492435
9, 13, 0.9318585697684529
51, 4, -0.9281295711690045
44, 7, -0.3110500247413885
37, 9, -0.3919949710495395
27, 11, -0.300997575774468
20, 12, -0.04257416739206744
54, 2, 0.03412949923410619
55, 1, 0.5983226120514741
41, 8, 0.1021325429866073
47, 6, -0.03799669803971777
10, 13, 0.1223868309993448
33, 10, -0.9152055876812513
53, 3, -0.6714341329652276
56, 0, -0.2784214786537944
11, 13, 0.822415367656074
21, 12, 0.3207217808533109
28, 11, -0.373503908737605
38, 9, 1.483828840292724
45, 7, 0.4688060589275057
12, 13, 0.7320885783962692
50, 5, -1.122549579086565
52, 4, -0.2396717625195716
42, 8, 0.6937263008146265
34, 10, -1.082703170854336
22, 12, -0.4927527399076257
55, 2, -0.6352446722856185
48, 6, 0.1482039784811973
56, 1, -0.2683135316221669
13, 13, -0.6963300026385703
29, 11, 0.1250942423133007
54, 3, -0.5338774517718131
57, 0, -0.1862443637614609
39, 9, 0.2602850727673146
14, 13, -0.9486364375103609
23, 12, 0.2803040890041964
46, 7, -0.3192621245360647
35, 10, 0.1927950517033712
51, 5, 0.1855100455943327
43, 8, -0.3497854465334571
-7, 14, 0.1332567672278034
-6, 14, -0.04640849050152147
30, 11, 0.6202310231360091
-5, 14, 0.271655533520718
-4, 14, -0.9094912251475392
53, 4, -0.8899660590353772
15, 13, 0.7037919786735152
-3, 14, 0.4813902305791584
49, 6, -0.3856422083498974
-2, 14, 0.5996180082112866
24, 12, 0.08212065198661377
56, 2, -0.08340578414002749
-1, 14, 0.6607303975537312
57, 1, -0.1154031974190325
0, 14, 0.2810414491800353
40, 9, -0.9210598304107959
16, 13, -0.5712811604396344
55, 3, -0.09462589401496921
1, 14, 0.3686555572768033
36, 10, -0.9663903507154828
31, 11, 0.369299187850845
58, 0, -0.4444185389653201
2, 14, 0.5993180676005402
47, 7, 0.8852819733624732
25, 12, -0.1687768143915333
44, 8, 0.1325221312496628
17, 13, 0.388099894917746
3, 14, -1.31289018677781
52, 5, -0.5013161799776198
54, 4, -1.872814419764749
4, 14, 1.46932438572258
50, 6, -0.4257366956375669
41, 9, -0.7968953069016382
5, 14, 0.0038801881712138
57, 2, 1.385378956196243
18, 13, 1.37709190212296
32, 11, 0.4050048623475956
26, 12, 0.6852660241396007
58, 1, -0.6992489822090668
37, 10, -0.523821137317863
6, 14, -0.7244353246313223
56, 3, 1.276596492253905
48, 7, -1.225384814877597
45, 8, 0.4849427281760436
7, 14, 0.2662147978152355
59, 0, -1.793118791401475
19, 13, 1.013855735223112
53, 5, -1.273664560582448
27, 12, -0.5831379448510529
8, 14, -1.472519241915477
33, 11, 0.3250389598932614
55, 4, 0.9294910997372037
51, 6, -0.3621521431764836
42, 9, 0.6790204349664194
38, 10, -0.420380484035564
20, 13, -0.793927524782729
9, 14, -0.7896522092718894
58, 2, -0.9497571178726431
59, 1, 0.02908486313283826
28, 12, -0.2575114522627795
46, 8, -0.8613450945361107
10, 14, -0.6936297108669131
57, 3, -0.5384299365380192
49, 7, -0.4927899336385266
34, 11, 1.104429261820523
21, 13, -0.5930833297128205
60, 0, 0.2796058638156654
11, 14, -0.2564654645445086
54, 5, 0.6499539077801435
39, 10, -1.421673937061577
43, 9, 1.113708856703106
52, 6, -0.4511529730263746
56, 4, 0.2680055122875085
29, 12, 0.4853264413659065
22, 13, 0.05219039176102058
12, 14, -1.563074451878494
59, 2, -0.00498106116339183
35, 11, -0.1571587427489306
47, 8, -0.8724955038317186
60, 1, -0.6812942932803375
50, 7, 0.2454721506078781
13, 14, 0.6854511851756667
58, 3, -0.1019434287078188
40, 10, -0.6869050385135308
23, 13, 0.7695492064873262
30, 12, -0.1006715871029685
44, 9, 0.231212289057604
61, 0, -1.592015326373814
14, 14, 0.2773878781860551
55, 5, -1.350036010159979
53, 6, -0.6328956256660438
57, 4, -1.357146387127685
36, 11, 0.8578988632958735
24, 13, -0.2339734785732877
15, 14, 1.338748149263285
-7, 15, -1.389840064612538
-6, 15, 0.02445636841652521
-5, 15, -1.260535204980757
48, 8, 0.2528025630992499
31, 12, -0.2145990628465312
-4, 15, -0.6981688501158742
60, 2, 0.8904393683162051
-3, 15, -0.3073714725485336
51, 7, -0.9332189977050475
41, 10, -0.06040697884086631
61, 1, -0.02407334135013405
-2, 15, -0.1358103862379602
45, 9, -0.7558188320171251
59, 3, 0.4418874139358433
-1, 15, -0.3154235983387841
16, 14, 0.5320648050092354
25, 13, 0.1832691092716882
0, 15, 0.5394394085522897
37, 11, 0.3175966039464563
56, 5, 0.1596933769042797
1, 15, -1.015627795357539
62, 0, 1.454854917761875
54, 6, 0.03810845982036589
32, 12, -0.3732500570175073
17, 14, 0.784424398338798
2, 15, 0.2496936455543658
58, 4, -0.874583779596618
3, 15, 0.5227454724670914
49, 8, -0.8599117841704438
42, 10, 0.3583728461195677
26, 13, 0.4963073306202946
52, 7, 0.2705019838280842
4, 15, -0.1563167475812569
46, 9, 0.967867147567117
18, 14, -0.3289384499598375
61, 2, -0.4774538163694418
38, 11, -0.4538887555804582
62, 1, 1.038667902414318
5, 15, -1.313783068296723
60, 3, 0.008378440680040537
33, 12, 0.3043705262835685
6, 15, -0.308891096878878
27, 13, -0.1209951613895428
57, 5, -0.4805634645426892
19, 14, 0.4326915575112255
55, 6, -0.3777748033894914
63, 0, 0.2696570792463255
43, 10, -1.095883900215919
7, 15, 0.4601941643034049
50, 8, -0.2001204891115876
59, 4, 0.6924054047333904
39, 11, -0.1960938308235768
47, 9, 0.4936397780869257
8, 15, 0.01105859666846966
34, 12, -1.68540507378485
20, 14, 1.175042155239603
53, 7, 0.698802832117294
28, 13, 0.4766670457003299
62, 2, 0.6963674783551989
9, 15, -0.2668048609097413
63, 1, -0.8493956288759128
61, 3, -0.7899598048384813
21, 14, -0.02036920387520956
10, 15, -0.8499234409155617
44, 10, -0.4497969472524097
58, 5, 0.3832550183274127
56, 6, 1.40265834328662
29, 13, -0.009104362026446653
35, 12, 0.3971610173275329
64, 0, 0.4610676147978385
51, 8, -0.8153674367375662
40, 11, -0.6248440566423578
11, 15, 0.1125006461295097
60, 4, -0.07266232664017216
48, 9, 0.09731534012097991
22, 14, 0.1873938559481907
54, 7, 0.6103919699290306
12, 15, 0.1302251821787937
63, 2, 0.8274342467231076
30, 13, 0.04430568514465057
45, 10, -1.457150390400056
36, 12, -0.1159376937360297
64, 1, 0.02576108258078749
62, 3, 0.4342062039651626
23, 14, 0.07717568611070437
41, 11, -1.089691530448201
13, 15, 0.6062533730005288
59, 5, 0.7101223650607997
57, 6, -0.4635663454104526
52, 8, -0.08454801281522123
49, 9, 1.019333212185267
65, 0, 1.689836062100335
14, 15, -0.8761327320191558
61, 4, -0.6144190262811394
31, 13, -0.3662897003643002
55, 7, -0.9240985918606849
24, 14, 1.518115486443511
37, 12, 0.5565831220761884
15, 15, 0.5324266319883282
46, 10, 0.5486985677189363
42, 11, -1.274147494215364
-8, 16, -0.2771433399935422
-7, 16, -0.5852218572690199
64, 2, 0.6132448584935046
-6, 16, -0.04359881621866813
-5, 16, -0.5942498225144121
-4, 16, -0.07837706693118099
65, 1, 0.4675363392949192
25, 14, 0.4273555378257989
63, 3, 0.4325990671869069
32, 13, 0.5863457652403232
-3, 16, 0.4343286320023398
53, 8, 0.6384779834367295
16, 15, 0.4810984287058455
58, 6, 0.9285017090801081
-2, 16, 0.1798023959051949
60, 5, -1.082203887784685
50, 9, 0.8081320377922276
-1, 16, 0.3771794003717668
38, 12, 0.05653556204771104
0, 16, -0.8121277921543464
66, 0, 0.2935588199952317
56, 7, -0.09122407383920784
62, 4, -0.3438290734549202
1, 16, 0.9422678504130869
17, 15, -1.222640534932268
26, 14, 1.097792891930381
47, 10, 0.6907456736865619
43, 11, 0.3546082799244681
2, 16, 1.229618560221456
33, 13, 1.002462285241871
3, 16, 0.8731084396414223
18, 15, -0.06425210257516781
65, 2, -0.6062847113569578
4, 16, 0.2234342314397579
54, 8, 0.312394686539222
51, 9, -0.1213639904958371
39, 12, -0.3259897301352457
66, 1, -0.2818863218877725
27, 14, 0.3974510361056992
64, 3, 0.07492684701593728
59, 6, -0.4373593006158396
61, 5, -0.6319547722468388
5, 16, 0.01706486150432672
34, 13, -1.342673453566923
19, 15, 1.016439012938223
44, 11, -0.1843845321189187
57, 7, 0.5933904650872127
48, 10, -0.6584584064307214
6, 16, 0.1547302608693633
67, 0, -0.8673549728087838
63, 4, 0.2692269443504781
28, 14, -0.1977074619468399
7, 16, 0.4956308562248169
20, 15, 1.48405784172085
40, 12, -0.5381830791334468
8, 16, -0.5536653785482951
52, 9, -0.2822706734698558
55, 8, 0.3411834516891823
35, 13, 0.7483286139985592
66, 2, 0.2797512863468616
60, 6, 0.4203815379843602
67, 1, -1.16445004893268
65, 3, 0.8620266465526149
45, 11, -0.7540670500314326
9, 16, 1.404639918390093
62, 5, -0.7378259757170843
29, 14, -0.6836626083106698
21, 15, -0.291098104806303
49, 10, -0.5130938206712864
58, 7, 0.1691902663250195
10, 16, 0.5270388628317741
41, 12, -0.9173709138008379
68, 0, -0.1239040359237599
64, 4, 0.08210565381945138
36, 13, -0.04374594819762405
22, 15, -0.7689753220871687
11, 16, -0.593470472853513
30, 14, -0.320842242415908
53, 9, 0.5753618139664103
56, 8, 1.024889411064611
46, 11, 0.4002684778464245
12, 16, 0.4473107726561242
67, 2, -1.175952961679001
61, 6, -1.516705099361312
23, 15, 0.9886211342557714
50, 10, 1.88678679589853
66, 3, -0.3000486020386469
68, 1, 1.17654243965138
63, 5, -0.3144058019149553
42, 12, -0.07219946577248981
37, 13, -0.6845039486340466
59, 7, 0.5700838672131661
31, 14, 0.1347523180416252
13, 16, 1.366422508111273
65, 4, 0.2649926978417285
69, 0, 0.549214583960758
24, 15, -0.2592912438950327
14, 16, 1.532435771790824
54, 9, -0.2448446199420695
47, 11, -1.459867701324117
57, 8, -1.224206935584616
32, 14, 0.1093787757127282
51, 10, -1.411319586574884
38, 13, -0.6652975257113861
43, 12, -0.5098985400395076
15, 16, 1.058236278104421
25, 15, 0.1967383898235189
68, 2, -0.07826581149622436
62, 6, 1.19601665802779
64, 5, -0.2585106932456993
-8, 17, -0.08885938077803977
67, 3, 0.4887076021487818
-7, 17, 0.7196980910680054
69, 1, 0.3634747789401612
-6, 17, -0.2727776938916101
60, 7, -1.257008066544051
-5, 17, 0.897285659117244
-4, 17, 0.1045435163757735
16, 16, -0.801570041026631
-3, 17, -0.7000271750725516
33, 14, -0.4460918254869187
-2, 17, 0.1693640187613077
48, 11, 1.384951291875985
26, 15, -0.4905277085850837
66, 4, -0.9226177711396509
55, 9, 1.053236492457481
-1, 17, -1.016246624952707
70, 0, -0.6731579027442199
39, 13, -0.7006852293151585
44, 12, -0.03575157336573246
17, 16, 0.5558566172971522
0, 17, -0.901734813283208
58, 8, 0.2216362760368545
52, 10, 1.001984628995452
1, 17, 0.7611999952068627
2, 17, -0.3617452726627626
63, 6, -0.1916827930613288
27, 15, -0.2498552806996651
34, 14, -1.019438391462114
18, 16, -1.049629047673975
69, 2, 0.9995613060949106
3, 17, -0.3117758019139927
65, 5, 1.107541063063208
68, 3, 1.159266677610395
61, 7, 0.5667132780584069
70, 1, 0.0427970637187586
40, 13, -0.1533997469641409
49, 11, -0.4963294703287053
4, 17, 0.174336117971693
45, 12, -0.2660877516341861
56, 9, 0.6016435186641934
19, 16, 0.2958213811169001
5, 17, -0.734636144626617
67, 4, 0.1680399296813543
28, 15, -0.03654565114762894
53, 10, -1.153814129484554
71, 0, 0.1516334690703487
59, 8, -0.09285080698091275
35, 14, 0.061966436448953
6, 17, 0.9162377984810546
20, 16, 0.04288807634587462
7, 17, 0.619291890418757
41, 13, 0.4767316051698111
64, 6, 0.2761144887077737
29, 15, -0.7978606109770061
50, 11, -0.7708700454188141
70, 2, -2.161919609501166
66, 5, -0.4372966726762917
62, 7, 0.1388048079294706
8, 17, 1.463257646979304
46, 12, 0.5851489872499697
69, 3, -0.36327625846506
71, 1, 0.903336603505436
21, 16, -0.2043391010362589
36, 14, -0.1638299343783496
57, 9, -0.1624412792044906
9, 17, 0.9649599401939641
54, 10, 0.4675482868013246
68, 4, 0.07077664473388472
60, 8, 0.2269921773171237
30, 15, -0.3794856501430514
42, 13, -0.9710058023282988
10, 17, -0.9889056923819285
72, 0, -0.5608245347666336
22, 16, 0.01955096501769486
51, 11, 1.045744719449177
37, 14, -1.183694675064432
47, 12, -0.703051789839514
11, 17, -0.02443113585097585
65, 6, 0.1658867812024329
63, 7, -0.0234569204721341
67, 5, -0.6923156020498131
23, 16, -0.5384042678662518
71, 2, 0.9483832921486316
31, 15, -0.7827230886069956
12, 17, -0.4796508067066455
70, 3, 0.6373931674853351
58, 9, 0.2135355970678832
72, 1, -0.3650025171245871
55, 10, -0.612394636973649
43, 13, 0.1857823290888765
61, 8, 0.1954806780822005
13, 17, 0.0695376235282983
38, 14, -0.6620706751159767
69, 4, -0.2485985600575698
24, 16, 0.04236324819978381
48, 12, 0.06576786061169544
73, 0, 1.813783024269177
32, 15, 0.8142071140807747
52, 11, -0.7907407164532075
14, 17, 0.8392214511664118
66, 6, 0.5055725126349011
64, 7, -1.130852708956367
25, 16, -0.9187681515699377
44, 13, -0.44305988079237
68, 5, -0.1750413713977213
59, 9, 0.3405280273447173
15, 17, -0.574867737855975
72, 2, 0.3704788545232706
56, 10, 0.7327411090377385
39, 14, -1.409312425795423
71, 3, -0.6614818944291319
33, 15, 0.06470929196021805
73, 1, 0.2093540450156892
-9, 18, 0.2684191777925699
62, 8, 1.994595796915199
-8, 18, -1.635564914262233
-7, 18, -1.193487304092491
-6, 18, 0.4720555226142534
49, 12, -0.5841206281270643
16, 17, 0.4140258435203975
-5, 18, 0.6307657235022911
26, 16, -0.08139440124779111
53, 11, 1.014314717302229
70, 4, -0.8559226455508884
-4, 18, -0.7087778269960594
-3, 18, 0.1489723595385309
74, 0, 1.708526570061398
-2, 18, -0.8725792956468563
45, 13, 0.3318666336619091
34, 15, 0.4577302094575447
17, 17, -0.2359385756101024
-1, 18, -0.1450383653678891
40, 14, 0.2164134756675438
67, 6, 0.1814543856318295
0, 18, 0.5661019493836882
65, 7, 0.1305243994369366
27, 16, -0.7656254116915485
60, 9, 0.3394024438100734
57, 10, 0.07358396058903938
1, 18, 0.6856359210031269
69, 5, 0.05315182728988964
73, 2, 0.627476596382184
18, 17, 0.3856855637416428
50, 12, -1.016793256448383
2, 18, -1.025376075229056
72, 3, 0.2369461843218698
63, 8, -0.02027569591170875
74, 1, 0.9359986982812702
54, 11, 0.767543324034601
3, 18, 0.3990986745018361
35, 15, 1.189979587768123
28, 16, -0.214814937629018
46, 13, 0.6605174086376678
41, 14, -1.253514317647988
4, 18, -0.7324988281632505
71, 4, -0.01482053843707322
19, 17, -0.1483333784124366
5, 18, -0.3934570008884646
75, 0, -0.779245186358675
68, 6, 0.7347120868791123
58, 10, -0.8202358669927492
61, 9, 0.2978690358478628
66, 7, 1.018045064162207
6, 18, 0.4919962153155016
20, 17, 0.748233958043301
29, 16, -0.1144140838638549
51, 12, 0.7094743389876421
36, 15, -0.4557044321755779
70, 5, -1.238473424635822
7, 18, -0.3847798575862871
42, 14, 0.2791228145306875
55, 11, 0.5064663666292193
74, 2, -0.129584708693402
47, 13, -0.2017968306531855
64, 8, 0.1897250345353451
73, 3, 1.040654348397028
21, 17, -0.3777376473592066
8, 18, -0.8237567722645438
75, 1, -0.5998080938921033
30, 16, -0.07846800072626321
72, 4, 0.3575836122560062
37, 15, -0.3200632297581016
9, 18, 0.5362366152809981
59, 10, -0.2471088485992697
22, 17, -0.671368013320392
76, 0, 0.1247438562629524
52, 12, -0.1743352798182475
62, 9, 1.501390400511666
43, 14, -0.2279271344844367
69, 6, -0.2686176690887023
10, 18, 0.1543001436403157
67, 7, -1.036311971947424
48, 13, -0.04204229427218341
56, 11, -1.468205105835789
31, 16, 0.8501586696287655
71, 5, 0.3516770913606693
11, 18, -0.9737465044545214
65, 8, 0.248822297895174
23, 17, -0.3849788888395556
38, 15, 1.163395588937265
75, 2, 0.9214686418049649
74, 3, -0.08360512025148362
12, 18, 0.3182862723390181
76, 1, -1.023892054144832
44, 14, 1.361672339430724
32, 16, 0.5713168881923399
73, 4, 0.4204545067700665
53, 12, -0.5014663834357113
24, 17, -1.236424834443879
60, 10, 0.6112173714626653
49, 13, 1.472348677965832
13, 18, -1.27511167841322
63, 9, -0.9926270429470099
77, 0, -0.1806944156189617
39, 15, -0.4939905434482156
70, 6, 1.227845136679749
68, 7, -1.019786381541925
57, 11, 0.1909078883323013
14, 18, 0.3455782432289352
25, 17, -0.09080529735541035
72, 5, 1.005888105511242
33, 16, 0.4446498867035344
66, 8, 0.36901542819925
45, 14, -0.1962383555336579
76, 2, 0.3167820287153053
75, 3, 0.02750844911965309
15, 18, 0.2871966231185401
54, 12, 0.5456855808977882
77, 1, 0.008382753620477634
50, 13, 0.1549525582178641
40, 15, 1.724816299441896
61, 10, 1.039515406575365
26, 17, -1.439347136550454
74, 4, -0.4638781851276257
-9, 19, 0.4829029728344727
64, 9, 1.611711208419922
-8, 19, -1.382211316713196
34, 16, 0.4588405140092367
16, 18, -0.8418612421664234
-7, 19, 0.6836017551744239
58, 11, 0.06405929862905214
-6, 19, 0.08590170680015083
-5, 19, -0.7100376588491493
69, 7, -0.4675522319290684
-4, 19, 0.3550230239338063
71, 6, -1.197935839945252
78, 0, -0.6328236161503377
-3, 19, 1.099017196707586
46, 14, -0.520485287952885
27, 17, 0.5508695950962953
17, 18, 0.1759702328513546
-2, 19, 1.203791182060124
67, 8, 0.2189582366397799
73, 5, 0.4656234239395802
-1, 19, 0.0422316116196922
41, 15, 1.084038218148892
55, 12, -0.7087156126143158
51, 13, -0.03887618948281305
35, 16, -0.633808705664867
0, 19, 0.2406664536015739
77, 2, 0.5641279541267079
18, 18, 0.5587425613229321
76, 3, -0.1958291245949092
1, 19, -0.05329710600276744
62, 10, -0.1967998613898372
28, 17, -0.4103083434907189
78, 1, -1.000397950550041
2, 19, 0.3149068414949158
65, 9, 1.392263779596709
59, 11, -1.179514510901165
75, 4, 0.1495894946181893
47, 14, -0.6674312968128627
3, 19, -0.188860070538219
19, 18, 0.4018584090074878
42, 15, 0.3544317063745714
70, 7, -0.2587576701796682
36, 16, 0.390577595338701
72, 6, 0.4052725534319885
4, 19, 0.08333118879587792
79, 0, -0.989239567970941
29, 17, -0.3131375162394471
52, 13, 0.3974770200423485
68, 8, 0.2425644144876953
56, 12, -0.4547983377917937
5, 19, 0.6777900220911059
20, 18, 0.3626998453900538
74, 5, -1.160830093859341
6, 19, 0.09651534784061151
63, 10, 0.09955145432272071
78, 2, 0.1788199561223043
48, 14, -0.2632319164497163
77, 3, 0.5172777081644371
37, 16, -0.4746806431492646
60, 11, -0.187202357058085
43, 15, 0.2041827711146272
7, 19, -0.5669968158107744
30, 17, 0.5617255508271214
66, 9, 0.2908581668593041
21, 18, -0.04038729885901947
79, 1, 0.2357304309619337
76, 4, 0.3606328006067498
8, 19, -0.4686176175623321
71, 7, -1.249321233368622
53, 13, 0.6428240485930518
73, 6, -0.1444116107949412
57, 12, -0.1548163972829846
22, 18, -0.7765339738928201
9, 19, -1.297089942204265
80, 0, 1.945229929112504
69, 8, 0.6161533655733841
31, 17, -1.125257393321784
38, 16, 2.08480872669648
49, 14, 0.04444097673452949
44, 15, -0.4507826070178729
75, 5, 0.3357780278288925
10, 19, -0.2776361051868141
64, 10, -0.5977528629295954
61, 11, -1.054316771495388
23, 18, -0.508618589473687
79, 2, -0.6022692372856298
11, 19, -0.3845733782317229
67, 9, -0.5429087154642996
78, 3, -0.6092724878900305
32, 17, 0.6638374524497109
54, 13, 0.3651845323574822
80, 1, 0.3266668546521306
39, 16, 0.3449378568740065
58, 12, 0.6828540172262161
77, 4, 1.203814885532105
12, 19, 0.2570468605875361
24, 18, -0.5557621026530272
72, 7, -0.2353677211315283
45, 15, 0.5357567227958902
74, 6, 0.4154300912646935
50, 14, -1.201747148797091
70, 8, -1.011810990206987
13, 19, 0.1147145429329942
81, 0, 0.2801713606964388
33, 17, -0.6709938179775484
65, 10, 0.390702671862661
76, 5, 0.2267986828639674
62, 11, 0.5802151188437931
25, 18, 0.446843133929763
40, 16, -0.1288758959758339
14, 19, -0.1485134722872853
68, 9, 1.385293014160114
55, 13, 0.1217780039092079
80, 2, 0.5558886509957419
79, 3, -0.5811439593730838
46, 15, -0.2369590190688097
59, 12, 1.376495657330567
51, 14, -1.456846651517925
34, 17, 0.1681645841102369
15, 19, 1.233976385266757
26, 18, -0.7931560383577012
81, 1, -0.1387200692888675
78, 4, -0.9572299850193141
73, 7, 0.3842598588887212
75, 6, -0.318688941254062
41, 16, -0.5435128781400704
71, 8, -0.08912591666009885
16, 19, 0.7872751666812708
-10, 20, -0.6700676690159271
-9, 20, 1.262903301997741
-8, 20, -0.01638053294006604
-7, 20, 0.521359722844337
66, 10, 0.7086180359485806
-6, 20, 0.7469326508517109
63, 11, -0.4420751654732429
27, 18, -0.04102970161781719
82, 0, -0.4817120913967315
-5, 20, 0.3621862563952528
35, 17, 0.5192084093997238
-4, 20, 0.2058730884879525
56, 13, -0.9322714161027544
77, 5, -0.9830988483207225
47, 15, -0.2310961382465847
17, 19, 0.2528977943599798
-3, 20, 1.138629131996784
69, 9, 0.2610121210366446
52, 14, -0.004134249299617935
-2, 20, -0.3739071700310173
60, 12, -0.1806507852814433
-1, 20, 0.1288673069501387
42, 16, -0.7272893022264039
81, 2, 1.083615671621544
80, 3, -1.265370855061371
28, 18, 0.8871854368130334
0, 20, -0.3613089291078552
18, 19, -0.4486879234344491
36, 17, 0.5348139882047214
1, 20, 0.8270103756323475
82, 1, 1.58154620000475
74, 7, -0.02694753623343014
79, 4, 0.7977509149269152
76, 6, -0.610164247016864
2, 20, 0.1032855049083215
72, 8, 0.04878498199694332
48, 15, -0.1712032430473571
64, 11, 0.4078662496766876
67, 10, -0.9014776804263553
19, 19, -0.4165358230350328
57, 13, 0.6124615473062952
3, 20, 0.4577762696518448
29, 18, -1.66609836142482
53, 14, 0.3698326902710936
83, 0, -0.5593894305549988
43, 16, -0.4344120131111838
4, 20, -0.3501275666452848
78, 5, 0.2000262360666039
61, 12, 0.06168197321462404
70, 9, 1.174553821218272
37, 17, -0.3156274126191445
20, 19, 0.03345154524964598
5, 20, -1.032506219611471
30, 18, -0.07367620052874599
82, 2, 0.02486743502237366
6, 20, 0.8627386633461634
81, 3, 0.01510044900385511
49, 15, 0.5727715664070269
21, 19, -0.1684726950953573
75, 7, -1.248307771809359
83, 1, -0.738949748535219
7, 20, -0.6914296074145727
58, 13, -1.50117489649506
80, 4, -0.005611762896780564
44, 16, -0.2038630994038379
65, 11, 1.062600823110001
73, 8, 0.3590309975379805
77, 6, 0.7718690437965041
38, 17, 0.9726227491272909
68, 10, -0.1789406384675363
54, 14, 0.4391178997774018
8, 20, 0.2068909153517162
31, 18, 0.2179342743788334
62, 12, -0.6112905404614443
22, 19, -0.7195836885146631
84, 0, 0.06445163969200772
71, 9, 0.3794511825795112
79, 5, -1.366155335754816
9, 20, 1.463200582462326
50, 15, 2.48698406989925
45, 16, 0.600031449209304
39, 17, 1.028809043523814
10, 20, -1.338633172690596
23, 19, -0.3237135218802938
32, 18, -0.1763855738816265
59, 13, 0.1639576298780508
83, 2, 0.8562796282253001
82, 3, -0.9194850559284132
55, 14, -0.3104793111827094
66, 11, 0.1640678428422513
76, 7, 0.426400129113864
11, 20, -0.3338479667828593
69, 10, -0.3880836443427591
74, 8, -0.5460767718217919
84, 1, -0.004957135373423034
81, 4, 0.7993328772737517
78, 6, -0.4147610240076119
24, 19, -0.02334923541110545
63, 12, 0.306936227864784
12, 20, 0.1787021430947954
33, 18, -0.2180163384282488
51, 15, -0.4790373776887743
40, 17, 0.6338241287243411
46, 16, 0.4148141964699995
72, 9, -0.18375270277225
85, 0, 0.572569774489404
80, 5, -0.3794163345813474
13, 20, -1.271008102973511
25, 19, 0.5916077195043221
56, 14, -0.1583377258757715
60, 13, 0.1733594119393946
34, 18, 0.3234199209680728
14, 20, -0.4219080287211813
67, 11, 0.8342903117683459
83, 3, 0.268943195862114
41, 17, -0.3853600036807969
84, 2, -0.3994836040198878
70, 10, 2.477942479994907
77, 7, -0.3111953169000997
26, 19, -1.400755753796922
52, 15, 0.3917785624409583
64, 12, -0.0651804455609911
75, 8, -0.05999625235555067
47, 16, 0.3064475738749125
82, 4, -1.44166334483289
15, 20, -2.067056379899277
85, 1, -1.45891209960323
79, 6, 0.1079203539718585
73, 9, 1.468418850860889
35, 18, -0.9473953843774024
16, 20, -0.08722299470351051
57, 14, 1.108500829164811
27, 19, 0.5891455702648895
61, 13, -0.4566371816978361
-10, 21, 0.4843975963262615
-9, 21, -0.02053323730303614
81, 5, 0.9233400660355207
42, 17, 0.5641388626850128
-8, 21, -0.02279792591736533
86, 0, -0.5000952373868363
-7, 21, -0.2905645849459322
-6, 21, -0.4024004953521885
-5, 21, -0.477458644679582
48, 16, -0.8065834989316816
68, 11, -1.163279671538145
-4, 21, 0.5471246837484736
53, 15, 0.3766596211245967
17, 20, -0.5687780613130118
-3, 21, 0.2652984165182083
71, 10, -0.07213503677657904
36, 18, -0.3982422570742641
65, 12, -0.4092138991288582
28, 19, 0.1307552818973246
-2, 21, 0.3471698395172396
84, 3, -0.03690253232566334
85, 2, 0.1402770000628061
78, 7, 0.65802608677219
76, 8, 0.3104902202387773
-1, 21, 0.8027990725338978
18, 20, 0.7305036023607848
80, 6, 0.535263423417789
83, 4, 1.595564387212592
43, 17, -1.125668150516826
0, 21, 0.1243455857237992
86, 1, -0.3557765959291119
58, 14, 0.3538780284390621
74, 9, -0.2237619496629664
1, 21, -0.2324438398876028
62, 13, -0.1467462977408135
29, 19, 0.5079244149730376
49, 16, 0.5529514433448333
19, 20, 0.1753409270481799
37, 18, 0.5608173998312318
2, 21, 0.8126195233106276
54, 15, -0.4275752696186831
82, 5, -1.156808810289192
87, 0, -0.1966310800531246
3, 21, 0.2651657102408067
69, 11, 0.6070153126450808
66, 12, 0.229334545111606
44, 17, 0.1743044831420637
4, 21, -0.267596742069473
20, 20, -0.3566118735995547
72, 10, 0.3684888825896724
30, 19, 0.301403288546326
79, 7, -0.4562073173488011
5, 21, 0.1322000435518441
85, 3, 1.572742288467756
77, 8, -0.8832075457309589
86, 2, -0.9566010913556078
38, 18, 1.016765489669883
59, 14, 0.3893556327973191
50, 16, 0.764369652776089
81, 6, -0.8286187147057286
6, 21, 0.6500962766190367
63, 13, 0.2714728102628505
21, 20, 0.8267826856911008
84, 4, -0.2897487750303532
87, 1, -0.3839539357089673
55, 15, 0.1652106867573264
75, 9, -0.1883653761342713
31, 19, -0.5693808626890747
7, 21, -0.3028386921295714
45, 17, -0.2685083222848746
22, 20, 0.8286289886783993
70, 11, -0.100805823769904
83, 5, -0.3858937568611275
8, 21, 0.3051902655641649
39, 18, 0.3031930141452021
67, 12, -0.06457181873492308
88, 0, 0.3758027077705045
73, 10, -0.6381182603632554
9, 21, -0.3205233038722901
51, 16, 0.8710590007635213
32, 19, -1.122562318300044
60, 14, 0.2778414617113449
23, 20, 0.868699378246689
80, 7, 0.06184226345661119
78, 8, -0.7352004346481233
64, 13, -0.4029002437135487
56, 15, 0.1025414515727299
86, 3, 1.061392469390418
10, 21, -1.349482895171756
87, 2, 0.08111177837574712
46, 17, 0.09158142592532104
82, 6, 0.04054438456932365
40, 18, 0.2162505449456158
85, 4, -0.5743752576587228
76, 9, 0.2378192193495981
88, 1, 1.088777501129644
11, 21, 0.7941255280416646
33, 19, 0.5843853117623997
24, 20, 0.04303515756277122
71, 11, 0.05326007483080512
68, 12, 0.08128789482118126
52, 16, 0.2183433365246815
12, 21, -0.6515098260554876
84, 5, -0.4216787981740472
61, 14, 0.27750357392732
74, 10, -0.06231738506581693
89, 0, -0.3314211882618203
47, 17, -0.5442529840826374
25, 20, -0.1981890054649407
41, 18, -0.4552456795824843
57, 15, -0.1859955431744956
34, 19, 0.9469656742202228
13, 21, 0.2510825919085753
65, 13, -1.091787593888504
81, 7, 0.2212217508151326
79, 8, -0.283605502228904
87, 3, -0.4202159660331113
14, 21, -0.1959149185888766
88, 2, 0.823722943239085
26, 20, 1.388721993539235
83, 6, 0.2776996874301957
77, 9, 0.5063490800228752
53, 16, -0.627461418592775
86, 4, -1.090746349225017
89, 1, 1.059789437707077
35, 19, -0.476688747863453
42, 18, -0.4456332784750039
72, 11, 0.6140608456698868
48, 17, 0.2421900963885618
69, 12, -0.38109844507398
15, 21, -0.3068934924104729
62, 14, -1.146944396327625
58, 15, 0.1233744724318513
27, 20, -0.3937183743791763
85, 5, -0.3270641466874802
75, 10, -1.048947749843217
66, 13, -1.406663967235612
16, 21, -0.5160032075269141
90, 0, -1.355942334405949
-11, 22, -0.1798649087616799
-10, 22, 0.6966732857032122
-9, 22, 0.2252403933015534
-8, 22, 0.8930614017560171
36, 19, -1.274349686592659
-7, 22, 1.265243423100825
80, 8, 0.53815627578159
82, 7, 0.5041483194622328
43, 18, 0.8942557069693142
54, 16, 0.05733973993532472
-6, 22, -0.1545474908958639
17, 21, -0.4931690153049408
-5, 22, -0.6248469261463853
28, 20, 0.194973418968094
49, 17, 0.3778788237133355
-4, 22, 0.4422303763996962
88, 3, -0.792753058034141
78, 9, -0.1996106981799934
89, 2, -0.4550713588647631
-3, 22, 0.1907909905840139
84, 6, 0.463793647066435
63, 14, -0.3358861342641548
70, 12, -0.6906288266837521
-2, 22, 0.9600768262204608
87, 4, -0.8894295917932689
73, 11, -0.4439991077071516
59, 15, -1.025894769936634
18, 21, -0.691575590764089
90, 1, -1.1242561777628
-1, 22, -0.93818413700326
37, 19, 0.1815287871742644
29, 20, -0.1696357489000972
0, 22, -0.3793390493091323
67, 13, -0.440048098393952
76, 10, 0.3961449530455792
44, 18, 0.713975152034076
86, 5, -0.3398986728153251
1, 22, 0.8997039114440343
55, 16, 0.1668795576837766
19, 21, -1.137516198407684
50, 17, -0.6853434106002907
2, 22, -1.153032671183396
91, 0, 0.3895222523017731
81, 8, -0.5500719909240926
30, 20, 0.1024244101188723
83, 7, -0.1409003157583439
38, 19, -0.1693043990407086
3, 22, 0.6141217054770461
20, 21, -0.9578018947957322
64, 14, 0.4165700107973275
60, 15, -0.3039181904659094
79, 9, -0.4208371947892841
4, 22, 0.237299918694031
89, 3, 0.3203677965004906
71, 12, 0.4675572598034861
45, 18, 0.1248190289250252
85, 6, -1.560235350466638
74, 11, 1.726289512427487
90, 2, 1.17098411833803
5, 22, -0.3745714384769171
88, 4, 0.2009683364208674
21, 21, 0.1227290774661841
68, 13, 0.4217428074133118
51, 17, -0.237414261838778
31, 20, -0.1070952196425057
56, 16, -0.09242697846969948
91, 1, 0.3272160538688607
6, 22, -1.454121720346966
77, 10, 0.0884138514816432
39, 19, -0.6710321775194601
87, 5, -0.6309201672930915
7, 22, -0.6342795608538231
22, 21, -0.7903937150762076
46, 18, 1.275730028270662
61, 15, 0.1042394646416389
92, 0, -0.3678562074089535
32, 20, 0.1736696291709872
65, 14, -0.5325562448023895
82, 8, -1.023706027386212
8, 22, -1.03123614892702
84, 7, -0.2494576273725229
72, 12, -0.05852113097030297
80, 9, 0.9309954778146498
40, 19, 0.7832014302930315
52, 17, -0.4281250228242219
75, 11, -0.8606713562264175
9, 22, -1.057000989821667
23, 21, -0.2575698019666091
57, 16, 0.694083260889624
90, 3, 0.3939710814748899
86, 6, 0.1198818954751091
91, 2, 0.6893829641048183
69, 13, -0.008812252909416113
10, 22, -0.2322912188682621
89, 4, 0.214148715732596
33, 20, -0.2330057343584027
47, 18, 0.7454094042543719
78, 10, 0.03323412103781861
92, 1, 1.721961828019781
24, 21, 0.2354097930941324
11, 22, -0.3593265980921377
41, 19, -1.445434135183675
62, 15, -1.549007910161005
88, 5, 0.5547400322985033
66, 14, -0.3428861231917608
53, 17, 0.1919716961095732
12, 22, -1.565546903202545
34, 20, 0.4791061447533635
83, 8, 0.05276909226904649
58, 16, 0.740509090131219
25, 21, -0.2138911615762982
93, 0, 0.6436943208950014
85, 7, 0.8864341881921726
73, 12, -0.1341155987649868
81, 9, -0.04724928651349214
76, 11, -0.218138700557517
48, 18, -0.6459232978707863
70, 13, 0.1592636847729793
13, 22, -0.4074974315628712
42, 19, 0.7283758119396287
87, 6, -0.3869558455817673
91, 3, 0.2607495422915384
92, 2, -0.5647690154934407
26, 21, -0.7027500843563993
35, 20, 0.9926758241003901
79, 10, 0.8257378921680942
90, 4, -1.887492552102483
14, 22, 2.175029156813439
63, 15, 0.1585605297697957
54, 17, -0.186545710853139
93, 1, -0.2815386515414633
67, 14, -0.05064211988025627
59, 16, 0.04423696152387204
15, 22, -0.7665875166976949
89, 5, -0.2041287924271697
49, 18, 0.7692502385338685
27, 21, -0.1455374058315541
43, 19, 0.08611543394814093
74, 12, -1.319677735566097
84, 8, 0.1283864393100116
36, 20, 0.1673495534084089
86, 7, 0.01392709490606139
77, 11, 0.6651490931398838
94, 0, -1.125186533569848
16, 22, -0.1537949609463167
71, 13, -0.06775371091726709
82, 9, -0.5053031183115927
-11, 23, 0.6569047726779825
-10, 23, 0.3636630088750203
-9, 23, -0.5972228816914709
28, 21, 0.3420885410661806
55, 17, 0.6901520964400945
-8, 23, 0.4923214113488176
64, 15, -0.26604672363232
-7, 23, 0.2731849015762695
88, 6, -0.4026992776099991
17, 22, 0.3509586700903519
-6, 23, 0.4244917283786527
92, 3, -0.0424668548705576
80, 10, 0.4587106852656722
93, 2, 0.2095281220857125
-5, 23, -0.346536316438357
68, 14, -0.1663332452411165
50, 18, 0.3529266986905121
44, 19, -0.7756621321065592
37, 20, 1.303318778017279
60, 16, 0.1782218345321171
91, 4, 0.2704104779718859
-4, 23, 0.540999413609816
-3, 23, 1.047086455999871
94, 1, -1.331854486866201
29, 21, 0.2716578941693915
18, 22, 1.005910209351704
-2, 23, 0.05179504163182774
-1, 23, -0.0322018722954865
75, 12, -0.08854245277167168
90, 5, -1.652420483813635
85, 8, 1.281530342112564
72, 13, -0.6114139126834631
0, 23, -0.7096994739919383
78, 11, 0.737481030467048
56, 17, -0.3817891596545521
38, 20, 0.5815432596610823
19, 22, 0.31874186079207
87, 7, -0.5912258431055059
83, 9, 0.5948148342610445
45, 19, 0.09157011378253821
1, 23, -1.120694487929196
95, 0, -0.5764506447810288
65, 15, 0.8056163121357418
51, 18, -0.7457002525485654
30, 21, 0.5198923654146791
2, 23, 0.3641366514733888
61, 16, -0.8907667063741743
69, 14, 0.5834917463764687
89, 6, 0.868875124294347
20, 22, 0.7889236261772211
81, 10, -0.2122655085536742
3, 23, -0.04195623624027788
93, 3, 0.3081048068932287
94, 2, -1.792383248978262
39, 20, -0.5330236312297875
4, 23, -0.5704579818256094
92, 4, 0.2433173289189256
31, 21, 0.3554914400716419
46, 19, -0.05728012784319819
21, 22, -1.051492466707037
57, 17, 0.0725789975161176
5, 23, -0.2748665522973782
76, 12, 0.1088008845474907
95, 1, -0.05720666842792423
52, 18, -0.07337900189359663
73, 13, 1.334278631433019
91, 5, 0.04103800148754359
79, 11, 0.1447947419462226
6, 23, -0.2292464456974703
66, 15, -0.1990107320358228
86, 8, -0.4392896739291294
62, 16, -0.2433884402282072
84, 9, 0.6206001744267458
88, 7, 0.01788206192846679
32, 21, 0.1464748416773777
22, 22, -0.3744076002240643
40, 20, 0.2541741510501223
7, 23, 0.006326588563605963
70, 14, 0.4349211503021885
96, 0, -0.3382217687742788
47, 19, 0.1003067550453191
8, 23, 0.2760766876805236
82, 10, -0.5790168788572858
90, 6, -0.1257448971149544
58, 17, 1.534051961092925
23, 22, -0.9841058967748841
94, 3, 0.9381448738986258
53, 18, 0.9668661862169508
33, 21, 0.08291160738171754
9, 23, -0.5626389777302654
95, 2, 1.136454584599065
93, 4, 1.183380396750265
77, 12, -0.06555856267214594
41, 20, 0.242308068818342
74, 13, -0.1470289638731622
67, 15, -0.4442033503255862
10, 23, -1.716703028240899
96, 1, -0.3852108317240892
63, 16, 0.5491062721952288
24, 22, 0.7914449418718151
80, 11, 1.205196578697573
92, 5, 0.1372121514107377
87, 8, -0.9861650900245378
48, 19, -0.4449791710803582
85, 9, 0.603019144951087
71, 14, 0.04271083349599106
34, 21, 0.228521416053936
11, 23, 0.2668666548316869
89, 7, -0.2529039843506367
54, 18, 0.5622372444720588
59, 17, 0.5549065754603385
25, 22, -1.028562262570464
42, 20, 0.50848255198827
97, 0, -0.04475789155017443
12, 23, 0.2439316132535474
83, 10, -0.6639287007112196
91, 6, 0.754714706096679
35, 21, 0.0453499515820774
13, 23, -0.3288423370245226
95, 3, -0.2669619237080337
78, 12, -0.1463135247690627
68, 15, 0.009147927467216909
49, 19, 0.6785335086847838
64, 16, 0.4575498283249257
75, 13, 0.1784322340277735
96, 2, 0.3006705497649995
26, 22, -0.4837004401312713
94, 4, -1.091826094727411
81, 11, -1.458364321269418
43, 20, 1.61632526823948
14, 23, -0.4741790627950974
97, 1, -0.2095472367550398
55, 18, 0.241515783920812
72, 14, -1.602443263250196
60, 17, 0.7784179103699942
88, 8, 0.647214487061188
93, 5, 0.7840661480433763
86, 9, -1.166123233628971
36, 21, 0.6716836901071559
27, 22, 0.7843029240506795
90, 7, -0.1599433845196098
15, 23, -0.1672374469883557
50, 19, -0.1341061692867963
84, 10, 0.6980784668697506
98, 0, 1.003920935025941
44, 20, -0.04334137334242218
65, 16, -1.168356280803304
16, 23, 1.524131954499077
69, 15, 0.2427693285435801
92, 6, 0.1514467828957616
28, 22, -0.2363867078072795
79, 12, -1.104569353762478
76, 13, 1.149033203599187
37, 21, -0.1454024792493932
-12, 24, 0.06415576200242887
-11, 24, -1.387141078123505
56, 18, -0.2455240608043663
-10, 24, -0.8267928465468798
96, 3, 0.2713275597349553
-9, 24, -0.01929010917904856
-8, 24, 0.6043073236258871
97, 2, 0.516333826810413
61, 17, 0.2262045369462937
17, 23, 1.17855616197277
-7, 24, -0.2396991988667294
95, 4, 0.2705474259303776
82, 11, 0.2309432854485349
73, 14, -0.7897719276567146
-6, 24, -0.1356344691650133
-5, 24, -0.9659038584296894
51, 19, -1.071432071029262
29, 22, 1.491247909768376
-4, 24, -0.09977959104194913
98, 1, 0.788371592231256
89, 8, 0.541605490288153
45, 20, -1.804888149860367
87, 9, 0.4108116019349868
-3, 24, 0.07955279958930615
94, 5, -1.58335335706302
18, 23, 1.767152644682624
38, 21, -0.623504639766692
-2, 24, -0.2965666583041013
91, 7, 0.2552980726065078
66, 16, -1.712374972846318
-1, 24, -0.1789388814562626
85, 10, -1.120908210185763
70, 15, 2.101656982480875
57, 18, 0.02501391504625476
30, 22, -0.4880999115345848
19, 23, 0.6506912660519316
0, 24, -0.2586101373524838
99, 0, -0.3639728621761252
77, 13, -0.2327454555658066
80, 12, -0.2273269812644655
62, 17, -1.149443395625404
1, 24, 0.3903950934435289
93, 6, -0.1521257003664101
52, 19, -0.7290361402504364
46, 20, 0.3550863743798875
39, 21, 0.4857137599083786
74, 14, -0.438301284339924
2, 24, 0.5075858534340408
97, 3, 1.019307787630628
20, 23, -0.4093485477371943
83, 11, -0.06410738774618126
98, 2, -0.2943494029276219
31, 22, 0.4094639736785308
96, 4, -0.1587032224814549
3, 24, 0.5440394629100905
4, 24, -0.2673106829016435
90, 8, 0.08599487110322097
88, 9, 1.469423388302568
67, 16, -0.5190256759104026
58, 18, -0.1576108525527821
99, 1, 0.1256228032455031
21, 23, 0.6657023238633755
95, 5, -1.666511018014621
71, 15, -0.4540214918808612
40, 21, 0.3722324743813958
5, 24, 0.3931369844436239
92, 7, -0.004337129554883383
47, 20, 0.4084521765903713
53, 19, 1.524233798265553
63, 17, -1.353849560661678
86, 10, 0.01827436894868003
32, 22, 0.165893349215948
78, 13, -0.3536804213163803
6, 24, 0.3866613638354176
81, 12, 0.1382176900601761
22, 23, -0.3097667297701281
100, 0, 0.5219274671971248
75, 14, -0.4577447613040002
7, 24, -0.641991941845262
94, 6, 0.5733261771300575
84, 11, -1.529471693702093
41, 21, 0.05392343505739222
33, 22, 0.02749357678345897
8, 24, 0.6298346336370457
98, 3, 0.5997723767099137
59, 18, 0.06163246550574601
23, 23, -0.7004733003866576
68, 16, -0.4751959359374662
48, 20, 0.3052244218301594
99, 2, 0.1828335406327821
97, 4, -0.4321378918822527
54, 19, 0.6916867587032486
72, 15, -0.2913320999814185
9, 24, 0.06845974118743621
91, 8, 0.04773898150268419
64, 17, -0.6093304351609122
89, 9, 0.5436695778907809
100, 1, -0.2892307026768327
96, 5, -0.5625949692518051
24, 23, -0.2606248730187338
34, 22, -1.01898883960558
10, 24, -0.2876208370992489
93, 7, -0.4234394003506923
87, 10, 1.692004373423608
79, 13, -0.9322159186426023
42, 21, -0.08747482050788274
82, 12, 0.3934409810379413
76, 14, -0.4140484638829633
11, 24, 0.618877285695741
49, 20, 0.1710531860878375
60, 18, -0.9313461132006978
25, 23, -0.225358168153959
101, 0, 0.944664092421257
95, 6, -0.7192380047837675
55, 19, 1.172245649595355
85, 11, -0.01531833498977889
69, 16, -0.1519173935570688
35, 22, -0.1490989545239635
12, 24, 0.1281677054837203
65, 17, 0.3791955863686066
73, 15, 0.8158898843866942
43, 21, -1.301614515579508
99, 3, 0.1237747576796708
26, 23, 0.158120656676819
100, 2, -1.391036069821307
98, 4, 0.1710482423392987
13, 24, 0.6037701976099434
90, 9, -0.5212157180100632
92, 8, 0.1799163370844576
50, 20, -0.311591721650014
80, 13, 0.2614939756761501
36, 22, 0.4565920182282667
101, 1, -1.149249454461871
97, 5, 0.7642429147321247
88, 10, -0.02799311561767592
14, 24, -0.3524127839756296
94, 7, -1.800946327092714
61, 18, 1.315871387657831
83, 12, 0.176171304062042
56, 19, -0.3261963717731587
77, 14, -0.141162412903779
27, 23, -0.5270484835451491
44, 21, -0.6450589348535481
70, 16, -1.43637785561315
15, 24, 0.233186087100077
66, 17, 1.024729947099019
86, 11, 0.7067329392105315
102, 0, -0.2144206075380078
96, 6, 0.1420869300070589
74, 15, 0.5569919651557806
37, 22, 0.8133499895721291
51, 20, -0.007532695983729237
28, 23, -0.8696243960389741
16, 24, 0.4074578462384158
100, 3, 0.4842402006750886
45, 21, -0.1419552751815756
62, 18, -0.1514268162581911
99, 4, -0.2598525598025964
57, 19, 0.2390234550264461
-12, 25, -0.4082400057070188
101, 2, 0.05521404285941946
-11, 25, 1.114744448291999
-10, 25, 0.07569565550093525
91, 9, 1.233125027193078
93, 8, -0.6299882474871447
-9, 25, -0.9076815625962871
81, 13, 0.5055853937486684
17, 24, -1.369592615932885
-8, 25, 0.7572251133787549
-7, 25, -1.366754748930493
29, 23, 0.167400229982636
78, 14, -1.219761867426651
38, 22, 0.590025128587006
89, 10, -1.176576989963038
-6, 25, 1.353504920610653
84, 12, -0.2372511083600908
98, 5, -0.3014484634410664
102, 1, 0.04992286699027965
95, 7, -1.081359860133499
-5, 25, -0.9513548762042185
71, 16, -0.6748171862545955
67, 17, -0.7002639074919335
-4, 25, 0.7790065092858196
52, 20, 0.330867915462556
18, 24, 0.77408816044247
-3, 25, -0.0988720422643031
75, 15, 0.8348007355245707
46, 21, -0.8356512402318446
-2, 25, -0.4020267980211407
87, 11, 0.2442218581849505
30, 23, 0.4345196426926085
-1, 25, -0.503805985673199
97, 6, 0.6337538155076972
58, 19, -0.3969928639521131
39, 22, -0.02788815396383235
103, 0, -0.06018410507907642
19, 24, -0.8824497774701453
63, 18, 0.08951747916303762
0, 25, 1.006946848975205
1, 25, 0.9524004102132714
101, 3, -0.7502295193114679
82, 13, -0.8502100462551173
31, 23, -0.3501545889206796
92, 9, 0.7151015332953649
53, 20, 0.8852311275498201
100, 4, -0.01842477163462923
20, 24, -0.1923602577648696
102, 2, 0.3102729546251602
94, 8, -1.581795830762425
79, 14, 0.1653528740890071
2, 25, -0.7865755060935944
72, 16, 0.6985656959337601
85, 12, 1.41640839894559
47, 21, -1.594898226020408
68, 17, 0.1346777542489364
90, 10, 0.1179506580685881
40, 22, -0.6936040822711456
3, 25, -0.7696165575982488
99, 5, -1.040889009572363
96, 7, -0.1147370075510216
103, 1, 0.3301700834321877
21, 24, 0.6780196415584214
59, 19, -0.4309547627298106
76, 15, -0.8629710136403295
4, 25, 0.02016621056606657
32, 23, -0.3590816648166004
64, 18, 0.259346100474127
88, 11, 0.1231307832105386
5, 25, 1.617965550963187
54, 20, -0.6246931896836553
98, 6, 0.6042915029905331
22, 24, 0.5614135244038301
48, 21, 0.04839416913966489
41, 22, 0.6649218150512838
6, 25, 0.2617299044439438
104, 0, -0.8101164547977323
83, 13, -0.06542136328816192
33, 23, -0.90698943334301
69, 17, 0.1443630176022244
73, 16, -0.1570895252967295
7, 25, 0.5714477114894434
80, 14, -0.6243522334563283
102, 3, -0.03462837156832921
93, 9, 0.5291724446960093
95, 8, 0.181075784495014
23, 24, -0.1945996261326623
86, 12, 1.281314573426165
101, 4, 1.150669044981803
60, 19, 1.140395493111816
103, 2, 0.3259628065028459
8, 25, 1.514059130043974
91, 10, -0.4950083584117484
65, 18, -0.2961760338187222
77, 15, -0.1373104881016648
42, 22, 0.8459088959389297
97, 7, -0.195015543752458
100, 5, 0.02593237105463589
55, 20, 0.942066558114724
49, 21, 0.2743008873905738
9, 25, 0.1094116752191245
34, 23, 0.5848081170894253
104, 1, 0.4636180799433466
24, 24, -0.2552481791952389
89, 11, 1.360990529638117
10, 25, -0.95605831455728
70, 17, -0.2838241580936678
99, 6, -0.4082082788596583
74, 16, 0.2812398144699137
61, 19, 0.3096963090199131
25, 24, 0.4768072319386947
84, 13, 0.09630876338912918
11, 25, -0.1180242699978521
43, 22, 1.08056039176211
35, 23, 1.05861773977002
105, 0, -0.297835828527809
81, 14, -0.9460227098635748
50, 21, -1.18849492745821
66, 18, -0.06186944595136663
56, 20, -0.2373933763856012
94, 9, 0.2845630071343824
87, 12, 0.09806202159342707
12, 25, 1.112476930462365
103, 3, 0.04128067212713202
96, 8, 0.518814336411626
78, 15, 0.4433238053390925
102, 4, -1.422819782070181
92, 10, 0.6002356531378902
104, 2, 0.06013708951082944
26, 24, -0.8499409748076907
36, 23, -1.116234495984165
13, 25, 0.8826187705502839
98, 7, -0.2854791460665189
101, 5, 0.09078355232527892
44, 22, 0.2668580116315221
105, 1, -0.04132206376631334
90, 11, -1.163120214769809
62, 19, -0.5849466560412236
71, 17, 0.3956233091872142
51, 21, -0.4510461488383827
27, 24, -0.4644038741911868
14, 25, -0.8927053183236192
75, 16, 1.76205623580348
57, 20, -0.3343442012924764
85, 13, 0.5427006533096993
67, 18, 0.7339763916465541
82, 14, -1.214057243385616
100, 6, -0.02774503769632525
37, 23, 0.01726164980188742
15, 25, -0.8257959107542516
106, 0, -2.033299177190485
45, 22, 1.043005359803675
88, 12, -0.1948127095997472
28, 24, 0.02705084509005599
79, 15, -0.9604285789081876
95, 9, 0.05944561872931911
97, 8, -0.4019118125403029
93, 10, -0.3780392048066372
104, 3, 0.905963510811757
16, 25, 0.5908189201153455
103, 4, 2.02703745431992
52, 21, -2.143853486678573
105, 2, -0.4423735346096586
63, 19, 0.795024555967345
38, 23, -0.08612118502606096
72, 17, 1.215905812220081
-13, 26, 0.3877340941201443
58, 20, -0.748771101888879
-12, 26, -0.5408525081784376
99, 7, -1.084079608043219
-11, 26, -1.144696404799594
29, 24, 0.7946571989922459
-10, 26, -0.7286064342450393
102, 5, -1.132237994784014
91, 11, 0.3900024557940944
17, 25, 0.5395597021463548
-9, 26, -0.6106529752577219
76, 16, 0.1036938458557917
-8, 26, 0.3818418365261041
68, 18, -0.1684143639651402
46, 22, -1.241864167424183
106, 1, 1.622029808525236
-7, 26, -1.544309304385493
-6, 26, -0.1704433261559344
83, 14, 0.3206711907475446
86, 13, -0.454059805794746
-5, 26, 0.3717056475034802
18, 25, -0.2838758480021122
-4, 26, -0.1746053451054105
39, 23, -0.2731128982517748
30, 24, 0.07421943669795331
101, 6, -0.06311413735006627
53, 21, -0.1019475081230224
-3, 26, 0.002511505801852946
80, 15, 0.3012036937180542
89, 12, 1.241008029950058
-2, 26, 0.6848881901861648
107, 0, -0.1251239215703828
64, 19, -0.8666558456624129
96, 9, 0.1221656753421729
19, 25, 1.128059904654512
59, 20, 1.101481949795167
-1, 26, 0.2503867044047636
47, 22, 0.4102798055899287
98, 8, -0.8241042477308588
94, 10, -0.3800236004775196
73, 17, -0.295754336764558
0, 26, 0.817739726938294
105, 3, -0.956532064101419
31, 24, 0.1645013255308535
104, 4, 0.4080821472484776
69, 18, 0.2588966600864166
77, 16, 0.5805544839187521
40, 23, 0.8014726679104393
106, 2, 0.5452564639835858
1, 26, 0.3645900264883106
20, 25, 0.4030639562327684
100, 7, -0.4619914465665981
92, 11, 0.081990031503143
54, 21, -0.07248585308089356
2, 26, 0.2028593762963535
103, 5, -0.1073407165645759
84, 14, 0.1408910466392048
107, 1, -0.9893236390477887
87, 13, 0.2101358463172299
3, 26, -1.878032086387964
32, 24, -0.7114652729597858
48, 22, 0.2633148077507205
21, 25, -0.248312460359324
65, 19, -0.1332206801315074
60, 20, -0.3588423183581382
81, 15, 0.2068647329231895
4, 26, 0.4070464911972935
41, 23, -0.800257893074947
102, 6, 0.1224816522346402
90, 12, 0.3928185227111887
74, 17, -0.3103361384829995
5, 26, -0.5554178156581951
97, 9, 0.1268413042529978
22, 25, -0.187408226804621
108, 0, 0.3059780405121839
70, 18, -0.1762977553134321
33, 24, 0.008650241881774198
95, 10, -1.434798418748253
55, 21, -0.7237520932391396
99, 8, -0.03281850116291574
78, 16, -0.915277350122092
6, 26, 1.679568339273413
106, 3, -0.9122051145383332
49, 22, 0.3829628949278172
105, 4, 0.6568019214367703
42, 23, -0.6045169074072605
7, 26, 0.0001102500557262311
93, 11, -0.4127334453158697
23, 25, 0.3194988617751369
107, 2, -0.2515715444978683
101, 7, -1.543810103614176
61, 20, 1.080196387605608
85, 14, -0.6501945765555827
66, 19, -0.2658043888187402
104, 5, -0.3482094724931482
88, 13, -0.6698187235776134
34, 24, -1.234298659311634
8, 26, 0.1869057996952903
82, 15, 0.5981973132502147
108, 1, -0.3986287723029376
24, 25, 0.07996059462561836
9, 26, 0.1912302581617714
56, 21, 0.3975855094747761
75, 17, -1.1876610241935
91, 12, 1.082870703871036
71, 18, 0.1436696881035519
50, 22, 0.3227890810395281
43, 23, 0.2834290386626244
103, 6, -0.5586971614628848
10, 26, 0.9340548984019003
79, 16, -0.3497173458160548
35, 24, -0.986160382408284
98, 9, -0.8032863418968506
25, 25, 0.9938564265008005
96, 10, 0.05574773413727151
109, 0, -0.382269168879614
62, 20, 0.1046423198724802
100, 8, 0.2134533727218865
67, 19, 0.7353858213104106
11, 26, 0.706967891263873
107, 3, 0.4449728018193464
94, 11, -0.0544021416318028
106, 4, -0.3585509560459109
86, 14, -0.8964419813353809
44, 23, -0.04984018096714097
57, 21, -0.2929303310488672
108, 2, 0.05212277389697659
12, 26, 0.2062782864318057
102, 7, 0.7103292127003147
89, 13, -0.6059516324661598
51, 22, 0.4520899844336507
26, 25, -1.203788472606364
36, 24, -0.009806645165791101
83, 15, 0.1495186224374885
105, 5, 1.338950652451689
76, 17, 0.9890216604600955
72, 18, -0.3189397691779902
13, 26, 0.7745989652306972
109, 1, 0.5917637360926834
92, 12, -0.1748222493485698
27, 25, -0.3194174885126755
63, 20, -0.2260975286230392
80, 16, -1.256795233843379
37, 24, -0.3995566204108633
104, 6, 0.2638608927858939
14, 26, -0.3951259362046201
68, 19, -0.9202721805290598
45, 23, 1.320382150129471
99, 9, -0.6268409015208981
52, 22, -0.2003959769432315
97, 10, 0.1274498269458475
58, 21, -0.561336043034282
101, 8, -1.317840004256505
110, 0, 0.9086029032605955
15, 26, 0.07916999880066156
28, 25, 0.2828871416624109
87, 14, -0.8094628354532827
95, 11, 0.3405181338256688
108, 3, 0.1639167816634247
84, 15, 0.3241981637285306
90, 13, 0.417131205994068
38, 24, -0.6849100189542554
107, 4, 0.1582592541813413
77, 17, 0.1900677187038447
73, 18, -0.2528416519825966
103, 7, -0.1694035990509223
16, 26, -0.1890108059925312
109, 2, -0.9706749750050891
46, 23, 0.965449642628701
64, 20, 0.1146695240033419