d = 67, symClass = D, D = 9.855469
[4.882067388228029, 4.882138750147979], 4.882067406082266
1, 0, 1
2, 0, 0.6730534219761156
3, 0, -1.55447570955609
4, 0, -0.546999091130885
0, 1, 1.379059931884272
1, 1, -0.8176930676689405
2, 1, -0.8312723721107855
5, 0, 1.906399410183155
3, 1, 0.5477943033367573
6, 0, -1.04624519491674
4, 1, 0.7628331665304915
5, 1, 1.554087300751969
7, 0, 0.3635385700006283
6, 1, 0.3037321751774284
8, 0, -1.041213030750016
-1, 2, 1.999871385176138
0, 2, 0.9281810063335721
1, 2, -1.530894356586404
7, 1, -0.09936250643840695
2, 2, -0.5503511181615922
9, 0, 1.416394731434611
3, 2, -0.3657876699934369
8, 1, 0.4913768364417604
4, 2, -0.5594907160690292
10, 0, 1.283108647494413
5, 2, -1.685038673833516
9, 1, 0.1411972317478334
6, 2, 0.3686948300853889
11, 0, 1.906693897707548
10, 1, -0.4954237984204888
7, 2, 0.537658413623798
12, 0, 0.8502967982642425
8, 2, 0.5134274741351348
11, 1, 0.7461609847568987
-1, 3, 1.393783738244297
0, 3, -2.143715165661884
1, 3, -1.420937360832694
2, 3, 0.2667816791576905
9, 2, -0.4630720491388125
13, 0, 0.3199118101617178
3, 3, 1.271084012285349
12, 1, 1.668459475769291
4, 3, 1.123789546242923
10, 2, 1.045983776483207
5, 3, -1.426205904643745
14, 0, 0.2446808757146777
13, 1, 0.7787624843903269
6, 3, 1.292192706353718
11, 2, -1.655236148642367
7, 3, 0.7793000967882838
15, 0, -2.963451577925975
14, 1, 0.7187170137916385
12, 2, 0.2044279790184477
8, 3, -0.5415068328348739
16, 0, -0.1537929029618003
15, 1, 1.226838236810813
9, 3, -0.8515329385833176
13, 2, -0.4419635919511081
-2, 4, 1.346020280792766
-1, 4, 0.3631985446277551
0, 4, -0.7543445276831371
1, 4, 0.3909798787447893
10, 3, -1.131366066136539
2, 4, -1.030373686683417
17, 0, 1.901806295267882
16, 1, 0.9018062965870119
14, 2, -0.06687627586398102
3, 4, 1.269794284415987
4, 4, 0.4472773645682634
11, 3, 1.012246254088314
5, 4, -1.11900181746481
17, 1, -1.127647747420246
15, 2, -1.127647748112519
18, 0, 0.9533093204268015
6, 4, -0.2461946429613092
12, 3, -1.185805628675639
7, 4, -0.003531098977112203
16, 2, 0.3307228604235079
18, 1, -1.904009126720589
19, 0, 0.668621955468726
13, 3, -0.3313780444825174
8, 4, 0.4547052308904667
9, 4, 1.63266920216917
17, 2, -1.146374422557211
14, 3, -1.146374422772595
19, 1, 0.7491021515248654
20, 0, -1.042798742196688
10, 4, -1.134121046600023
-2, 5, 0.1055043668902779
-1, 5, 0.1681144223282815
15, 3, -2.415790960847449
0, 5, 2.629039040295283
18, 2, 0.09503327909208371
1, 5, 0.8068200215697668
20, 1, 0.6797256584365752
11, 4, 0.6797256589821908
2, 5, -0.602236195849947
21, 0, -0.5651118747908666
3, 5, 0.4251775528834086
16, 3, -0.3605178795973062
4, 5, 0.1250535772148231
12, 4, -0.299642986018476
19, 2, -0.3285671220201082
5, 5, -1.558849583895298
21, 1, 1.080424141599086
22, 0, 1.283306854173546
6, 5, 0.8501255681683211
17, 3, 0.7554411740065589
13, 4, 0.7554411749896927
20, 2, -0.3334466837658211
7, 5, -1.435981791451345
22, 1, 1.273617817625744
14, 4, 0.3618728352926109
23, 0, 0.6910137598046456
8, 5, -0.30898624080015
18, 3, -0.4721442889606617
21, 2, -0.4479276045974217
9, 5, -0.4479276048358923
15, 4, 0.9683618070393989
23, 1, -1.179223950108551
19, 3, 0.6004194571734409
10, 5, -1.58473716163298
24, 0, 1.618540365915059
16, 4, -0.4172690477220319
22, 2, 0.502206203765451
11, 5, -0.7171277960686478
-3, 6, -3.108751492362246
-2, 6, 0.9380909150119908
-1, 6, 0.302022132802105
0, 6, -1.442834827986027
20, 3, 1.118869302108382
24, 1, -0.2383983527816525
1, 6, -1.137878184151691
25, 0, 2.63435871327414
2, 6, -0.9563667549371275
17, 4, 1.051992654740351
12, 5, 1.051992654604875
3, 6, 2.379738092639891
23, 2, 1.280539537363362
4, 6, 0.1795583226764989
21, 3, 0.1544566023621292
13, 5, -0.8003705615973883
25, 1, -0.4553662693511414
5, 6, -0.4553662692524026
18, 4, -0.3116722265766531
26, 0, 0.2153177404134941
6, 6, 0.8555074461867815
14, 5, -1.763508631483693
24, 2, 1.122962360351472
22, 3, -0.623763392554216
7, 6, -0.6237633930747271
19, 4, 0.316884658463346
26, 1, -0.3203970699397716
8, 6, 0.7563703999657631
15, 5, 1.044314737133715
27, 0, -0.6472754980696315
25, 2, -0.2819526464441374
9, 6, 0.5686080434895735
23, 3, -1.451060335539691
20, 4, -0.8500843411565998
16, 5, 0.222500842671599
10, 6, -0.9599127612533401
27, 1, -0.9296215746505556
28, 0, -0.1988552744609849
26, 2, 0.5241487659648925
21, 4, 0.8685841365004793
17, 5, 2.143179537337762
11, 6, 2.143179538965275
24, 3, -0.7638333226137216
-3, 7, -0.6608202224934752
-2, 7, 0.5546073188810811
-1, 7, -1.100510338470438
12, 6, 0.8697147255860448
28, 1, 0.7505288483870449
0, 7, 0.5013414774762283
18, 5, -0.9623270734251275
29, 0, 0.3000785966990892
1, 7, -0.6999213971895342
22, 4, -1.114062357016491
27, 2, -0.6341221417780586
2, 7, -0.6341221395465092
25, 3, -0.4837556106012257
13, 6, -0.578785054733434
3, 7, 1.032396030456699
4, 7, -0.4601438243631961
19, 5, 0.04612084276343664
29, 1, 0.5434509672399666
14, 6, 0.5245105968489151
23, 4, -1.270766413788184
5, 7, -1.27076641590676
30, 0, -1.994561225834903
26, 3, -1.813112505413368
28, 2, 0.48373494998336
6, 7, 0.614081429435208
20, 5, 1.454264698575431
15, 6, 2.619351688952404
7, 7, -0.2972629678766164
24, 4, -0.1661412235498955
30, 1, 1.50502069759544
8, 7, 1.738084913778687
31, 0, 1.967654313812958
27, 3, -0.2194876675230074
16, 6, -0.3644630277146594
29, 2, -1.131944339180974
21, 5, -0.970809109220592
9, 7, 0.9480200461690843
25, 4, 0.1610902045765949
17, 6, 0.4188648719281579
10, 7, 0.4188648748644927
31, 1, -0.6962585468735517
22, 5, 1.029218518807124
28, 3, 1.612547992255479
32, 0, 0.9377021895435937
30, 2, 0.8257276741233026
11, 7, 0.5418084663469709
18, 6, -0.5731271580546087
26, 4, -0.29746510735432
12, 7, -0.4614491060255003
23, 5, 0.9372317611112421
-4, 8, -1.093927829843167
32, 1, 0.4178756635698255
-3, 8, 0.4178756620104637
-2, 8, 0.2444520215834461
29, 3, -1.291869839754031
-1, 8, -1.291869839417004
19, 6, -1.07844568206262
0, 8, -1.435895171773707
33, 0, -2.963909349806663
31, 2, 1.64430268784809
13, 7, 0.7442057935781691
1, 8, 0.6035081297517743
2, 8, 0.2631503446155612
27, 4, 0.1796312161000835
24, 5, -0.248359694305308
3, 8, -0.2483596946324067
14, 7, -0.3021995696788982
20, 6, -0.7614698044325797
4, 8, 0.8373978211451713
33, 1, 2.75794249923508
30, 3, 0.7701242611893344
5, 8, -1.523379421222463
34, 0, 1.280017234832736
32, 2, 0.6069638130145327
15, 7, 0.5644331028970671
28, 4, 0.0543512008018812
6, 8, 0.8546393894837826
25, 5, 2.962711116863044
21, 6, -0.8357769440601323
7, 8, -0.5333326660918559
16, 7, -1.240760987117161
34, 1, -2.111195068736603
31, 3, -2.111195068680082
8, 8, 0.8513926802180821
33, 2, -1.364303242141725
35, 0, 0.6930497131579003
22, 6, 0.681295806497718
29, 4, 0.7523551323558129
26, 5, 1.504956652898787
17, 7, -0.1370268520046106
9, 8, -0.1370268535912119
10, 8, -0.7531480029523168
32, 3, -1.635280972310587
35, 1, -1.167778689329523
23, 6, -0.9098278472905534
18, 7, -0.01679242583301028
27, 5, -1.67669083840172
34, 2, -0.7589671761308436
30, 4, -0.7589671755254377
36, 0, -0.7747666305742563
11, 8, -0.398262951225009
19, 7, 0.2614764513832106
12, 8, 0.2000855230320334
24, 6, -0.798110536081045
33, 3, -1.159889126015942
36, 1, 1.251801706300502
28, 5, 1.251801706514006
31, 4, -0.2524841657670619
-4, 9, -0.2524841668412769
-3, 9, -2.166602964921533
13, 8, -0.8192379387245672
35, 2, 0.8513201701211827
-2, 9, 0.8513201707457568
37, 0, 0.5819144403454489
-1, 9, -0.4180855587710327
20, 7, -0.3148471027612556
0, 9, 1.953293223096501
25, 6, 0.08124803281729776
1, 9, 0.08124803382732339
14, 8, -0.002376618309906175
2, 9, -0.2126538040856813
34, 3, -0.5044431185297504
29, 5, -0.5044431192436308
3, 9, 2.208812612263868
21, 7, 0.1991443572351432
37, 1, 0.8242617486915101
32, 4, -0.2687826835695137
4, 9, 0.8220499735020783
15, 8, -0.4133170707650612
36, 2, -1.281499858990536
38, 0, 0.4500182954069952
26, 6, -0.2230351261534145
5, 9, -1.543884426640405
6, 9, -0.4147056399655458
22, 7, -0.01700260185924669
16, 8, 0.8655316280883685
30, 5, 0.5790348393520715
35, 3, 0.6008132004298797
7, 9, -1.260175662330126
33, 4, 0.3849933341172684
38, 1, -1.864324725437187
27, 6, 0.7198342529000573
37, 2, 0.8146864760076746
17, 8, 0.6776381049419865
8, 9, 0.6776381056096946
39, 0, -0.497295140365404
23, 7, 0.4816711712129202
9, 9, -1.158176155444024
31, 5, -1.662437834970348
18, 8, 1.098873595492141
36, 3, -2.593579729373813
34, 4, -0.7715712282074362
28, 6, -0.7715712285742244
10, 9, -0.1771718409940175
39, 1, 0.2991020418853302
24, 7, 0.2991020420305485
38, 2, 0.504185767598367
11, 9, 0.4596266862067592
40, 0, -1.984967909384745
19, 8, 0.478504081101411
32, 5, -1.485681047394664
29, 6, 1.163790664954923
12, 9, -1.746903555261295
37, 3, 1.272590187002179
25, 7, 1.272590186718845
35, 4, 1.855266494825448
20, 8, 0.9217146226523459
40, 1, 0.4953510940999916
13, 9, 0.3598554749353053
39, 2, -1.468435739407892
-5, 10, 3.812553631461698
-4, 10, 0.07101007518921844
33, 5, 0.0825973071467742
-3, 10, 0.08259730785324038
41, 0, 1.564346274167157
-2, 10, 0.1131499874834
26, 7, -0.4017954325090301
-1, 10, -0.4017954328174946
30, 6, -1.625956374897586
21, 8, -1.609971734719108
14, 9, -0.3420626019591724
0, 10, 1.769483724346148
38, 3, 0.1663827543096044
1, 10, 0.1663827551382293
36, 4, -0.07723475768868537
2, 10, 0.5430329764606948
15, 9, 2.217002431956069
41, 1, 1.185509337508629
3, 10, 1.185509337207636
40, 2, 0.4574916806926765
22, 8, 0.4574916801734142
34, 5, -2.323769319637499
27, 7, -2.323769318171542
4, 10, -0.4053371329367285
31, 6, 1.179844905112799
42, 0, -0.3803504825785677
5, 10, -2.918496102045157
16, 9, 0.6691116665859267
37, 4, 0.1078067516214425
39, 3, -1.210567365891068
6, 10, 0.2861672071728507
23, 8, -1.165215925990728
28, 7, 0.277319276518853
17, 9, 0.1947194436608492
7, 10, 0.1947194430583195
42, 1, -0.2063004933482034
35, 5, -0.1894246249544221
32, 6, -0.2426477927881097
41, 2, -0.8014508389447048
8, 10, 0.08416773793241787
43, 0, 1.927508401741372
24, 8, -0.5703705677087478
18, 9, -1.177409810378087
38, 4, -0.2211432266444693
9, 10, -0.2568633446177551
40, 3, 0.3929840968640907
29, 7, 0.2004108715965051
33, 6, 2.573024390659413
10, 10, -1.049189048104523
36, 5, 0.2514236917430807
43, 1, 0.3040691837696817
19, 9, 0.3040691842691238
25, 8, 0.1286063410729953
42, 2, 0.7271831655631196
11, 10, -1.600250972648166
44, 0, -1.042959827360586
30, 7, 1.095518152835045
39, 4, -0.6847023904783381
41, 3, 1.377844445333317
20, 9, 1.377844444806891
12, 10, 0.5721799237580665
34, 6, 0.5084522681359133
26, 8, 0.5084522677335284
37, 5, 0.3111718353824759
44, 1, -1.385217554275556
13, 10, 1.579842698943619
43, 2, 1.561551957541438
21, 9, -1.211403073713833
31, 7, 0.1533077432352884
45, 0, 2.700214081095797
-5, 11, -0.04582737658499223
-4, 11, 0.338847410154253
40, 4, 0.2709963674730901
27, 8, -0.115455996536794
-3, 11, -0.1154559962415716
14, 10, -0.9664924594761153
-2, 11, 0.7707376489379256
42, 3, -1.117228144377971
35, 6, -0.4084679871918285
-1, 11, -0.4084679878796371
0, 11, 2.629445157445665
38, 5, -0.8386152085064388
22, 9, -0.8386152085392093
1, 11, 0.9427094108752012
15, 10, -0.6973373979293233
32, 7, -1.963377047866348
2, 11, -0.388130653270527
45, 1, 0.0953566490486035
44, 2, 0.8572128311406982
28, 8, -0.2940986632753309
3, 11, -0.9859242067498932
23, 9, -1.497329733552232
46, 0, 0.4650891751524063
16, 10, -0.2079642462153023
41, 4, -0.05443021454337273
4, 11, -0.05443021593659967
36, 6, -0.317778329105579
43, 3, 0.7548640951135012
5, 11, -0.832906521862258
39, 5, 1.288452781215059
33, 7, -1.587579626978247
6, 11, -0.6832191125975412
17, 10, -0.683219112484505
29, 8, 0.5559309300324211
24, 9, 0.8417592178121197
46, 1, -0.8129918733717184
45, 2, 0.231696977977101
7, 11, 0.231696977540544
37, 6, 1.778220280792657
42, 4, -0.3014792074246238
18, 10, -0.301479207136472
47, 0, 2.415187342464648
8, 11, 1.415187342680531
44, 3, -0.5032135890687945
40, 5, 0.9367605102263008
34, 7, 0.7414631764320248
25, 9, 0.7414631756355594
30, 8, 0.6517592283194024
9, 11, -0.03916154018305102
19, 10, -0.2156159007793519
10, 11, -1.224197867849396
47, 1, -0.0657595589044041
46, 2, -0.7936807156049533
38, 6, 0.4041143712741921
26, 9, 1.7703854469186
43, 4, 0.9155501954207494
31, 8, -1.78842459058241
11, 11, -1.559090386064587
20, 10, -1.066612771423792
35, 7, 0.5649706744177243
48, 0, 0.2390673332710206
41, 5, -1.981607311664833
45, 3, -1.907090239353142
12, 11, 0.9158312701989948
27, 9, 0.7758929652870235
21, 10, -0.9384906516293557
39, 6, 0.6870216693126663
32, 8, -0.7942718334110129
48, 1, 1.400726098402261
13, 11, 1.400726097995489
47, 2, 0.1161388551935061
36, 7, 0.6570311989331165
44, 4, -0.4081493805544741
42, 5, -0.8906897869914532
49, 0, -0.8678397056725655
22, 10, -0.4826653182405932
46, 3, -0.2003764018013585
14, 11, -0.2003764023133288
-6, 12, -2.092355832817216
28, 9, 0.4051046080902375
-5, 12, 0.4051046075829122
-4, 12, -0.7623984370553177
-3, 12, -0.5645833136704979
-2, 12, 0.2032770303352564
-1, 12, -1.49249094206586
33, 8, 0.9168358278666711
15, 11, -1.424055996597602
0, 12, 1.172610245800573
40, 6, 0.7530588134709744
23, 10, -0.7284657425032892
37, 7, -0.1173733568330626
1, 12, -0.11737335652605
49, 1, 0.2742949138311774
48, 2, -0.1604548276611571
2, 12, -0.7658528060384709
45, 4, 1.436272503142695
29, 9, 1.525568223023311
43, 5, -0.439639558809712
16, 11, -0.4396395584607369
3, 12, -0.6077687246362258
50, 0, 1.77306414850256
47, 3, 0.1851764706095011
4, 12, 0.7772514442371502
34, 8, 0.708047255983938
24, 10, 0.7080472566243111
17, 11, 1.029000715020504
5, 12, 1.029000716341025
41, 6, 0.9714781363017917
38, 7, 0.4892343227133866
30, 9, 1.758681069067286
6, 12, 1.601690868241236
50, 1, 1.922111307774898
49, 2, 1.922111308753832
46, 4, 0.8618715180487718
25, 10, -3.212356735344457
18, 11, -1.871032296779838
44, 5, 0.2691734320679283
7, 12, 0.2691734326278813
35, 8, 0.9319284961960894
51, 0, -2.956311689453735
48, 3, -1.401835982013813
8, 12, -0.1459293359683913
31, 9, 1.989522253976771
39, 7, -1.1678169915018
19, 11, -1.167816990968775
42, 6, 0.1039575457295919
26, 10, -0.538692145028919
9, 12, -1.973864373017061
50, 2, -0.3064858267361027
10, 12, -0.3064858268459458
51, 1, -1.959557780081657
47, 4, -1.959557779297932
36, 8, 0.2532999899738625
45, 5, 0.2691783179596262
20, 11, -0.9561073437626275
32, 9, 0.1349288498497972
27, 10, -0.09162713543482502
49, 3, -0.07579701661555498
11, 12, -0.0757970155778864
52, 0, -0.1749914704154017
40, 7, 0.5873244325233242
43, 6, 1.152135870062357
21, 11, 1.323964561755546
12, 12, -0.6952817985216596
37, 8, -0.2926465805953234
33, 9, -1.573512215205291
28, 10, -1.186935519478282
48, 4, -0.9126458164692697
51, 2, 0.3679079246076749
46, 5, 0.3679079228938127
52, 1, 0.4720263157330304
13, 12, 0.4720263157836223
22, 11, -1.584981962836005
41, 7, 0.9679977086243648
50, 3, -0.4178834251849795
53, 0, -0.06204531611222192
44, 6, -0.4198260865995391
14, 12, -0.4198260863068531
29, 10, -0.61013066491669
-6, 13, -0.6101306654763842
-5, 13, -0.9505466597979232
38, 8, 0.2132803032383415
-4, 13, 0.2850570373040552
34, 9, -0.6386041073755377
23, 11, -0.6386041088854677
-3, 13, 1.388600623000926
-2, 13, -1.358656107906947
15, 12, 1.739461144365026
-1, 13, 1.614631452704311
49, 4, -1.139687303452313
47, 5, -1.139687303834959
0, 13, 0.4411775611946502
52, 2, -0.2156443442314422
53, 1, -0.9378997250886038
1, 13, 1.350465936950068
42, 7, 0.1104183600189407
16, 12, -0.6147118602913882
24, 11, -0.1246754428290059
30, 10, 0.7028796077043715
2, 13, 0.8479655973039337
51, 3, 1.752901032847287
45, 6, 1.752901033756298
54, 0, -0.4356509891346349
35, 9, -1.320260428618531
39, 8, 0.4118321185550792
3, 13, 0.4118321193479558
17, 12, 2.300905611904125
4, 13, 2.300905612072355
25, 11, -0.8660784675451024
5, 13, 0.6107599361314238
48, 5, -0.9158280125278364
31, 10, 0.8568297576442656
50, 4, -0.1897691917911467
53, 2, 1.161890631424784
43, 7, 1.161890631702451
54, 1, -0.9230545874426048
6, 13, -0.9230545862282107
18, 12, 0.3827035921268829
36, 9, 1.08047288014426
46, 6, -0.976641125088664
40, 8, -1.618135951963495
52, 3, -0.446940586175408
7, 13, -0.4469405858598381
26, 11, 1.614696316154449
55, 0, 3.63492012408817
19, 12, 1.265995027811944
8, 13, -0.8127717780164924
32, 10, 0.1497549550124215
49, 5, -0.2790349669606488
9, 13, -0.2790349668847239
51, 4, 1.549773136514053
44, 7, 1.549773138164386
37, 9, -0.6950020633127851
27, 11, 1.706013469764893
20, 12, 0.7801333309770954
54, 2, -0.625684983250731
55, 1, -0.218145529950575
41, 8, -0.2181455297163208
47, 6, 0.07734703923559262
10, 13, 0.07734703865818129
33, 10, 0.8056547754298526
53, 3, -0.5082199524722263
56, 0, -0.3785210967968633
11, 13, 0.6049978083414838
21, 12, 0.00548900813799177
28, 11, 3.107974727470966
38, 9, -0.7998053767140306
45, 7, 0.3786508047646674
12, 13, 0.3786508053622311
50, 5, -0.9444756397067892
52, 4, -0.4259823710789012
42, 8, 0.5846035163045297
34, 10, 1.442474317117481
22, 12, 1.442474316441674
55, 2, -1.095162858738305
48, 6, -0.5141006539195412
56, 1, 0.5084658435900221
13, 13, -0.261589670643502
29, 11, -1.950364511196869
54, 3, 2.959735939395488
57, 0, -1.039356587724561
39, 9, 0.5151191213768278
14, 13, 0.7640636364489501
23, 12, 1.288058674579373
46, 7, 0.5349320902287731
35, 10, 1.024991683726753
51, 5, -1.966823415768939
43, 8, -1.966823415781983
-7, 14, 0.7270303805199195
-6, 14, -0.4447673163238949
30, 11, -1.364287750092142
-5, 14, -1.364287749813141
-4, 14, 0.3732803597312349
53, 4, 0.3748385472734914
15, 13, 0.3748385473617931
-3, 14, -1.304161999010974
49, 6, 1.17728232908726
-2, 14, -0.7407022502429892
24, 12, -0.7068282375256028
56, 2, 0.5051460057835189
-1, 14, -0.1233839782349221
57, 1, 0.7782563002168381
0, 14, 0.3374295956965722
40, 9, -2.379143483210223
16, 13, -2.379143483578766
55, 3, -1.850560430052757
1, 14, 0.4010298316139691
36, 10, -0.6476975312919955
31, 11, 1.021970211128311
58, 0, 0.2019689281729488
2, 14, -0.4710844942238113
47, 7, 0.7692628763138872
25, 12, 0.3830301077561034
44, 8, 0.905412668616622
17, 13, 1.073960138212241
3, 14, 1.073960138994161
52, 5, -0.6785325654099553
54, 4, -0.426798074272111
4, 14, -0.4267980749295633
50, 6, -0.3255933713670484
41, 9, -0.6202630115118362
5, 14, -0.6202630122049306
57, 2, -0.1544180104533741
18, 13, -0.1544180113606447
32, 11, 1.485079433448488
26, 12, -0.3895532649418857
58, 1, -0.9189149239835556
37, 10, -0.9189149250277228
6, 14, 0.6948576830991272
56, 3, 0.6215971347104536
48, 7, -1.158613917285503
45, 8, -1.15861391746355
7, 14, -0.5565391439010113
59, 0, 0.09225323516449463
19, 13, -0.9077467641131857
53, 5, -1.617944184362667
27, 12, -2.537944615943923
8, 14, -0.3097013748346512
33, 11, 1.044476056403568
55, 4, -0.6326978224389751
51, 6, 1.782011193812963
42, 9, 1.78201119477635
38, 10, 0.03104179139238203
20, 13, 0.1174398277877205
9, 14, 0.7307755751146215
58, 2, 0.3657715328791589
59, 1, -0.4817847458750653
28, 12, -0.4262764448217661
46, 8, -0.8552936847995753
10, 14, -0.8552936856190253
57, 3, -1.164461098661034
49, 7, -0.03612210421202026
34, 11, -2.282669854904813
21, 13, -2.282669852501924
60, 0, 1.621005315390165
11, 14, 1.041708064297751
54, 5, 1.181185973122222
39, 10, 1.181185971639378
43, 9, 0.4580347662598003
52, 6, -1.220321578478762
56, 4, -0.3931375544422057
29, 12, -0.2934537945461094
22, 13, 0.8910978665477363
12, 14, 0.4133096078438288
59, 2, 1.166198682149255
35, 11, 1.166198682373567
47, 8, -1.452940031279505
60, 1, -0.6357637156018927
50, 7, -0.2713903340086853
13, 14, -0.2713903344304198
58, 3, 1.334737052347999
40, 10, 0.978797833172928
23, 13, 0.4393320309729302
30, 12, 1.762963619745532
44, 9, 0.212059733816009
61, 0, 1.837533682073468
14, 14, -0.2000738583807902
55, 5, 1.422480861209748
53, 6, 1.405394046738967
57, 4, -0.2217682400769956
36, 11, -0.2217682389046717
24, 13, -1.814719332863201
15, 14, -0.07350773678475586
-7, 15, -0.4956259611634573
-6, 15, -0.1640039754901368
-5, 15, 2.657108497874191
48, 8, -0.3162498983777628
31, 12, -0.6367886859337624
-4, 15, -0.6367886856196838
60, 2, 1.012959332295383
-3, 15, -0.2613297859222358
51, 7, 1.074701540902436
41, 10, 1.074701539702836
61, 1, 0.2945262169325472
-2, 15, 0.294526216184849
45, 9, 2.201201067203543
59, 3, -1.285403387133326
-1, 15, -1.285403388429939
16, 14, 1.169824000594014
25, 13, -0.5358747736695464
0, 15, -4.086777328682325
37, 11, -1.129691136829293
56, 5, 0.3849390008995008
1, 15, 0.3849390011224399
62, 0, 1.32433647119008
54, 6, -0.1477269244443134
32, 12, 0.2962037443414695
17, 14, 0.9911538407590214
2, 15, 0.9911538393147231
58, 4, -0.7618590114158568
3, 15, -1.254182126115318
49, 8, -0.7645155418158456
42, 10, -0.6534063945524693
26, 13, -0.2659338506858694
52, 7, -0.568465972795738
4, 15, -0.5684659724290902
46, 9, -0.4059453945058179
18, 14, 0.6380681371293651
61, 2, -0.06243382508004285
38, 11, -0.7542458366610865
62, 1, -1.612413550151599
5, 15, -2.70887414734521
60, 3, -1.056617025752819
33, 12, -1.056617025386493
6, 15, 0.9361615377955963
27, 13, 0.6074252862478818
57, 5, 0.1077099312364037
19, 14, 0.1077099315517028
55, 6, -0.3430050600008753
63, 0, 0.5149141117346842
43, 10, -1.386944268301138
7, 15, -1.386944268926092
50, 8, 0.1084223130063406
59, 4, -0.9576440246026555
39, 11, -0.8268296778869538
47, 9, 1.353475129389357
8, 15, 1.353475128848251
34, 12, 0.281918436864648
20, 14, 0.2819184365431504
53, 7, 1.305957956660351
28, 13, -0.8242914618575587
62, 2, -0.4686191971258096
9, 15, -0.6609281793839857
63, 1, -1.5891716587128
61, 3, 1.304171590792322
21, 14, -0.132977925152226
10, 15, 0.5085924361061923
44, 10, 0.6927190478639818
58, 5, -1.795512433696999
56, 6, 1.085330945562831
29, 13, 1.100868423651898
35, 12, 0.4743067302420772
64, 0, 0.7849165723555551
51, 8, -0.7467703756357424
40, 11, -0.7467703760458433
11, 15, 0.8658146518392591
60, 4, -0.6710793998120147
48, 9, 0.5604162859940589
22, 14, 0.3646660428357629
54, 7, -1.47437960377352
12, 15, -0.1943927484749354
63, 2, -0.9341752042523361
30, 13, -0.9341752046743078
45, 10, -0.8828002823485467
36, 12, 0.4657877424400726
64, 1, 0.1182319332328968
62, 3, 0.7636425018407128
23, 14, 0.7636425015701045
41, 11, -0.4649818741852207
13, 15, -0.4649818741828976
59, 5, -0.158951210996024
57, 6, 0.5107496100938168
52, 8, 0.2417536829103935
49, 9, 1.544341660441061
65, 0, 0.6098796887406569
14, 15, 1.433350985937927
61, 4, -0.6372282888572688
31, 13, -0.6372282889141495
55, 7, -0.5723253273761983
24, 14, -0.310579901461256
37, 12, -0.5421054133429303
15, 15, 2.423193814402746
46, 10, 0.6308070441754335
42, 11, 1.419344539794866
-8, 16, -2.082292151813448
-7, 16, -0.1304248063030451
64, 2, 0.2812526443130043
-6, 16, 0.2812526449688797
-5, 16, 1.556671515285911
-4, 16, -0.1986692723331369
65, 1, -0.03017958977243827
25, 14, -0.03017959056072767
63, 3, -1.679493085422709
32, 13, -0.5876899236913454
-3, 16, -0.5876899232728776
53, 8, 0.408742736807395
16, 15, 0.4087427383260089
58, 6, -0.8694974181989159
-2, 16, -0.8694974163045628
60, 5, 3.18075016231123
50, 9, 0.3772986373292114
-1, 16, 1.193499855338801
38, 12, -0.7258515572155516
0, 16, -0.2120896329485885
66, 0, -1.994869332221957
56, 7, 0.178634432560219
62, 4, 1.106703550071662
1, 16, 1.691883456368821
17, 15, 1.691883457273743
26, 14, 0.5008902552998292
47, 10, 0.7635067914589263
43, 11, 0.7635067919349974
2, 16, 0.4061932126543912
33, 13, -0.3675992435341003
3, 16, -0.7737638295257507
18, 15, -1.321499546935925
65, 2, 0.4969714318078104
4, 16, -0.2138656389353536
54, 8, 0.1209014055587539
51, 9, -1.174314954604952
39, 12, -1.174314956511267
66, 1, 1.18556556647292
27, 14, 1.185565566192686
64, 3, -1.432716297988432
59, 6, 0.02333268229481607
61, 5, -1.342949405007105
5, 16, -0.3541010331179361
34, 13, -0.6094942805433945
19, 15, -0.609494281277103
44, 11, 1.454489344995687
57, 7, -0.2081529508914843
48, 10, -0.1671593421971138
6, 16, -0.1671593420840165
67, 0, 2.999485564521053
63, 4, -1.102687045955665
28, 14, -0.2033964545805466
7, 16, -0.2962597990329505
20, 15, 2.142391732172304
40, 12, 0.6188562095449022
8, 16, 1.593987156580219
52, 9, -1.730295032954482
55, 8, -0.7783813924636673
35, 13, -0.7783813914429489
66, 2, 1.856242636880128
60, 6, 0.5183347710921272
67, 1, 0.5008725574994007
65, 3, 0.5008725568887382
45, 11, -0.6473637381621847
9, 16, -0.6473637390543765
62, 5, 0.442786384505206
29, 14, 0.442786384730914
21, 15, 2.232198814843023
49, 10, -1.550434707706669
58, 7, -0.3877170429902317
10, 16, -1.025315734808756
41, 12, -0.7798267271703424
68, 0, -1.040286313311291
64, 4, -0.4932872232596303
36, 13, -0.08233533619203119
22, 15, -0.3784842774921274
11, 16, 1.188075951950975
30, 14, 0.3798936317922239
53, 9, -0.3813068482025229
56, 8, 0.1034575361175078
46, 11, 0.6196990698220468
12, 16, -0.6945763188957591
67, 2, 0.5846934758799878
61, 6, -0.3779257043471145
23, 15, -0.3779257051032796
50, 10, 1.994062857132228
66, 3, -1.979807961090347
68, 1, 0.5391846833701123
63, 5, 0.5391846827586065
42, 12, -0.5625225330477299
37, 13, 0.3751024027310527
59, 7, 0.1461414847646963
31, 14, 0.1461414833183491
13, 16, 0.447953520411797
65, 4, -3.06159182428456
69, 0, -1.07416410347693
24, 15, 0.4803116056241594
14, 16, -0.3589613779797484
54, 9, 0.4302046528777578
47, 11, -1.545224025934783
57, 8, 0.2960167323873504
32, 14, -0.8350984285418716
51, 10, -1.560221612613346
38, 13, -1.560221610720733
43, 12, 0.7842628757540884
15, 16, 0.5909012244837198
25, 15, -2.718918093640988
68, 2, -1.420947067112634
62, 6, -1.420947067182315
64, 5, -2.61869720852731
-8, 17, -2.618697208182509
67, 3, -0.253668229966916
-7, 17, -0.2536682308909782
69, 1, 0.4101436702589067
-6, 17, 0.4101436709890514
60, 7, 1.375952084620563
-5, 17, 1.375952083197109
-4, 17, -1.033437710782935
16, 16, 0.1257553912355119
-3, 17, 1.072338881592069
33, 14, -1.003177124423234
-2, 17, -1.003177123813271
48, 11, 1.237832766576944
26, 15, -0.1987122348830524
66, 4, -0.9182489672949948
55, 9, -0.1111014843993644
-1, 17, -0.1111014851785401
70, 0, 0.4664594832879431
39, 13, 0.1752458682975613
44, 12, -0.553697780742967
17, 16, -0.1354150003529401
0, 17, 1.243644929784472
58, 8, 0.5063751967675724
52, 10, 1.012916226011115
1, 17, -1.232422854315131
2, 17, -0.2534090773767678
63, 6, 0.6962925803676699
27, 15, 0.6962925812550327
34, 14, -0.09222639188624857
18, 16, -0.09222639047969694
69, 2, -0.4780940045766873
3, 17, 1.113380084557152
65, 5, 1.484632341241805
68, 3, 1.751122420574594
61, 7, 1.751122420222717
70, 1, 0.01856179694146336
40, 13, 1.003298092999112
49, 11, 0.3613905653747004
4, 17, 0.3613905655997596
45, 12, -1.50529490810913
56, 9, 0.9139725958549
19, 16, 0.9139725955579715
5, 17, 0.6659223014505905
67, 4, 0.2194328231409824
28, 15, 0.2194328232012366
53, 10, 1.800452093548359
71, 0, 2.343637536256521
59, 8, 1.343637536424592
35, 14, -0.6125765483072686
6, 17, -0.1992470263374238
20, 16, 0.6120929771135956
7, 17, 1.158167965268149
41, 13, -0.849138503382418
64, 6, -1.100631455084357
29, 15, -0.2963797186965963
50, 11, 0.0541349815474173
70, 2, -0.7859774419809969
66, 5, -0.2969849306181732
62, 7, -0.296984930810189
8, 17, -0.03236162313682097
46, 12, -0.612362746501625
69, 3, 1.833074988588931
71, 1, -0.6478106429095012
21, 16, -0.6478106420557921
36, 14, -0.01130219981539647
57, 9, -0.9333374623064243
9, 17, -0.05741327203954667
54, 10, -1.128502506725695
68, 4, 0.6168222926282372
60, 8, 0.6168222941130086
30, 15, 2.463435425076759
42, 13, 0.152113502185132
10, 17, 0.152113502225365
72, 0, -1.474768653805377
22, 16, -0.2680522406426476
51, 11, 1.39594825274
37, 14, 1.395948251706479
47, 12, -0.5974496007122305
11, 17, -0.5974496002694696
65, 6, 0.6216993602139935
63, 7, 0.05133063890079911
67, 5, 0.6156055120230094
23, 16, 0.6156055133800523
71, 2, 0.1492469542479868
31, 15, 0.1492469548630502
12, 17, -1.731983708072578
70, 3, -0.3197015366359705
58, 9, -0.3197015375027709
72, 1, 0.5035849433152754
55, 10, -3.155541224331082
43, 13, -0.945426913018891
61, 8, 1.281506020456978
13, 17, -0.8951894593471724
38, 14, 0.1759876215350264
69, 4, -0.126908881060836
24, 16, 0.3808628870899097
48, 12, 0.6486346012095433
73, 0, 0.00987290596332966
32, 15, -0.9901270904823057
52, 11, -1.430498000149952
14, 17, 0.2475874917600398
66, 6, -0.7806673457687614
64, 7, 0.9251101926933596
25, 16, 0.9251101915324824
44, 13, -0.7718076368203864
68, 5, -1.54317057077654
59, 9, -1.543170570028278
15, 17, 1.395162155789676
72, 2, 0.8425294232193375
56, 10, 0.8425294223903178
39, 14, 0.7573005233173922
71, 3, -1.066924478843885
33, 15, 1.114757738262195
73, 1, -1.14526980230255
-9, 18, 2.832607297058754
62, 8, -0.1699353328871148
-8, 18, -0.1699353328243525
-7, 18, 0.513066497527029
-6, 18, -1.458239541819696
49, 12, -0.4451033224004788
16, 17, 0.06771374619517102
-5, 18, 0.4553083290477313
26, 16, -0.5513908979579052
53, 11, -0.9005903878851779
70, 4, 0.5729839540567975
-4, 18, 0.5729839541545874
-3, 18, -0.4694860686626774
74, 0, 0.3916595054004824
-2, 18, -0.2813939163024171
45, 13, -1.230901849770203
34, 15, -0.7374007569130347
17, 17, -1.55509382606268
-1, 18, -0.7374007574565822
40, 14, -0.2119089208804814
67, 6, -0.5797839992629096
0, 18, 1.314670689007007
65, 7, 0.5691963473079644
27, 16, 0.5691963452439983
60, 9, -1.73925515424613
57, 10, 0.7487049303248854
1, 18, 0.7225824427983012
69, 5, 0.6126042101568222
73, 2, 0.4501396709889511
18, 17, 0.4501396707732541
50, 12, 0.0546842662729761
2, 18, 0.05468426741198896
72, 3, 0.3705844484557809
63, 8, -0.7315282925700223
74, 1, -1.038301986356346
54, 11, -1.038301985591123
3, 18, 1.768803998675372
35, 15, 1.48565724923583
28, 16, 0.001931509634870076
46, 13, 1.063224462843378
41, 14, 1.063224462893269
4, 18, -0.1431273701297481
71, 4, -0.7812674683484518
19, 17, -0.781267467792055
5, 18, -0.5837070328048579
75, 0, -4.095046628952981
68, 6, -0.3395171678596928
58, 10, -0.3395171678199407
61, 9, 1.268541479936088
66, 7, -1.662870808581883
6, 18, 1.486648888814381
20, 17, -1.175314202126975
29, 16, -0.1382069785163104
51, 12, -1.635297030266636
36, 15, -1.635297027915739
70, 5, 1.370161696759835
7, 18, 0.38298735988642
42, 14, 0.1340347907948077
55, 11, 2.963168776458627
74, 2, 0.5547721907545332
47, 13, 1.224516555222702
64, 8, -0.511627963985402
73, 3, -1.414804985176869
21, 17, 1.257658342860502
8, 18, 0.5532835481292551
75, 1, 1.69487048054834
30, 16, -0.2781844693237918
72, 4, 1.041491260109164
37, 15, -0.2996272773474145
9, 18, -2.168350705344718
59, 10, 0.4266016522825787
22, 17, 0.4266016519368541
76, 0, -0.3657356040174921
52, 12, 0.1812634888915427
62, 9, 0.962899934420024
43, 14, -1.34127594309557
69, 6, -1.99056760601296
10, 18, -1.039116697738586
67, 7, 0.4109317631305762
48, 13, 0.3735082136671492
56, 11, -1.083938146091484
31, 16, -1.083938146151056
71, 5, -0.2317809607069461
11, 18, 1.494113155044384
65, 8, -0.8277067484207694
23, 17, -0.8277067478597738
38, 15, 0.826739493749386
75, 2, -0.1557897817080279
74, 3, 1.073859379958131
12, 18, -0.2791190493117262
76, 1, 0.7235895634968009
44, 14, -0.0114436607275443
32, 16, 0.1278437927175521
73, 4, 0.5599822800796042
53, 12, 0.5599822804875711
24, 17, 0.9910834259148205
60, 10, 0.3897213807284636
49, 13, -1.019836733784908
13, 18, -1.019836733982541
63, 9, -0.1407365325943449
77, 0, 0.6931567726407782
39, 15, 1.24415659590546
70, 6, 0.4043793807879809
68, 7, -0.004869597229040099
57, 11, -0.004869596936123068
14, 18, -0.8481655422600073
25, 17, 0.982690473939288
72, 5, -0.7699318371323659
33, 16, -0.7699318362261113
66, 8, 0.2591210811111301
45, 14, -1.72134661807373
76, 2, -1.254790136370659
75, 3, 0.7078558062590891
15, 18, 0.7078558056982186
54, 12, 0.4844869075875118
77, 1, 0.9150000322936217
50, 13, 0.9150000309716815
40, 15, -1.032328308330157
61, 10, 0.2035099125113979
26, 17, 0.2035099134883959
74, 4, 0.5483275218129146
-9, 19, -0.3301174841707054
64, 9, 0.3673921240034062
-8, 19, 0.3673921243194273
34, 16, 0.4560866460708011
16, 18, 0.4560866456961499
-7, 19, -0.4284353026994585
58, 11, 0.03634557939295319
-6, 19, 0.03634557909553059
-5, 19, 1.259569349536668
69, 7, -0.5118004610880479
-4, 19, -0.5118004603731663
71, 6, 1.068546454234682
78, 0, -0.3347061970334904
-3, 19, -1.592818134878429
46, 14, 0.3241904319925921
27, 17, -1.747944320668521
17, 18, -2.625742699643891
-2, 19, -2.625742698435705
67, 8, 0.2920123604219414
73, 5, -0.9067289356106939
-1, 19, -0.9067289340992255
41, 15, -1.458131463270189
55, 12, 0.8196041560822692
51, 13, -0.4569901821558329
35, 16, -0.4569901817806412
0, 19, 0.9220697479928249
77, 2, 0.82620630583425
18, 18, -0.7795144253677051
76, 3, 0.8355681146529675
1, 19, 0.8355681151518147
62, 10, -1.118909473510763
28, 17, 0.9839148925304736
78, 1, -0.3532467187503456
2, 19, -0.3532467176638365
65, 9, -0.3019169137233175
59, 11, -0.3019169131927827
75, 4, -0.302353828942703
47, 14, -1.640157162506942
3, 19, 0.1920398509359651
19, 18, -0.8990587231404022
42, 15, 2.741331330374882
70, 7, -0.1801056579691186
36, 16, -0.8930685678882407
72, 6, -1.745617711398868
4, 19, 0.4771056135120796
79, 0, 1.99164571303052
29, 17, -0.1099394177662172
52, 13, 0.2440393394651265
68, 8, 0.6270657668225017
56, 12, 0.6270657665622049
5, 19, -1.670170038716624
20, 18, -0.1192461140337895
74, 5, 0.07442760758428536
6, 19, 1.131831403077593
63, 10, -0.533756079094598
78, 2, 0.2013116534347519
48, 14, 0.2013116532074282
77, 3, 0.04288614320964774
37, 16, 0.04288614256522225
60, 11, 0.2669182209610985
43, 15, -0.7522460257989898
7, 19, -0.7522460267427612
30, 17, 0.1451648822715245
66, 9, 0.969625044275952
21, 18, 0.9696250428844865
79, 1, -0.9337616617037474
76, 4, -0.4097581961222339
8, 19, 0.8383171678893239
71, 7, -0.3250107721866617
53, 13, -0.3250107696477829
73, 6, 0.207204587157624
57, 12, -0.4925895050415542
22, 18, 0.30935331423845
9, 19, 0.5616958904972403
80, 0, -0.2931907020341475
69, 8, 1.272756227204511
31, 17, 1.272756226782345
38, 16, 0.3220588076324365
49, 14, 0.1954595703670388
44, 15, 0.8842374937080889
75, 5, 2.338843692875564
10, 19, -0.713739517363812
64, 10, -0.9999427133483957
61, 11, -0.5000539459928373
23, 18, -1.082351266369764
79, 2, 0.4268961549443741
11, 19, 0.4268961539252815
67, 9, 0.1060406467382675
78, 3, 0.4980494627950714
32, 17, 1.808532754228132
54, 13, 0.5372325226928616
80, 1, -0.04882443390974606
39, 16, -0.04882443527285578
58, 12, 0.7832932890152219
77, 4, 0.9404733551633238
12, 19, 0.9404733551853194
24, 18, -1.175759416718968
72, 7, 0.3137592717623079
45, 15, -1.623361892691642
74, 6, 0.8565211807973385
50, 14, 0.8565211814967353
70, 8, 1.248693463914898
13, 19, -0.3914357306193845
81, 0, -0.4102206951287988
33, 17, 1.064428340776568
65, 10, -0.8425591317466404
76, 5, -1.137860420365311
62, 11, 0.3937090885759786
25, 18, 0.3937090877535412
40, 16, 1.75448422870105
14, 19, -1.133289270896543
68, 9, 2.251548680737494
55, 13, 2.251548680392126
80, 2, 0.333397748798594
79, 3, 0.002887355384049328
46, 15, 0.002887356550858816
59, 12, -0.9738835963433117
51, 14, -0.7496466617751109
34, 17, -1.580919034424461
15, 19, -0.7496466606482447
26, 18, 0.242201957626849
81, 1, 1.544056751795499
78, 4, -0.9883357005852045
73, 7, -1.798338737780779
75, 6, 0.4382885369998725
41, 16, 0.51445613899249
71, 8, 0.8572639411748929
16, 19, 0.8572639394025345
-10, 20, 2.566052270638726
-9, 20, -0.639960852369627
-8, 20, -0.05771079175105451
-7, 20, 0.8571077517984942
66, 10, 0.05559240010792097
-6, 20, 0.05559239796705714
63, 11, 0.8171762338410232
27, 18, -0.5180997284971324
82, 0, 1.052888613864001
-5, 20, 0.6924014891675329
35, 17, -0.3879508367197206
-4, 20, -0.09195843638377561
56, 13, -0.2316014058387494
77, 5, -1.055544909885888
47, 15, -1.055544911461772
17, 19, 1.033056763992638
-3, 20, 1.03305676434817
69, 9, 2.255638044742894
52, 14, -0.2704297906910167
-2, 20, -0.2704297905131581
60, 12, 1.321435459421172
-1, 20, -0.6715957493574329
42, 16, -1.083596986292637
81, 2, 0.691544552147937
80, 3, -0.5650832490110511
28, 18, -0.2302264058803282
0, 20, -1.438081964595668
18, 19, -0.4430961985128276
36, 17, 1.556895068313961
1, 20, 1.556895068605084
82, 1, 0.08728801470696423
74, 7, 1.285599527098542
79, 4, -0.04857698404311411
76, 6, 0.1119844816636576
2, 20, 0.1119844812517413
72, 8, -0.1470163985080908
48, 15, -0.3458721554771321
64, 11, 0.6630858860889394
67, 10, 1.088658598656401
19, 19, 0.2709655296037642
57, 13, -0.01077079247474192
3, 20, -0.5856925124369792
29, 18, 0.388696794429969
53, 14, -0.789942019632087
83, 0, 0.1338006188658112
43, 16, -0.8661993804809202
4, 20, -0.4413298173923052
78, 5, -0.2728358475790714
61, 12, -3.369860630434319
70, 9, 0.8437236933255866
37, 17, -1.089190852005412
20, 19, -1.246170706709885
5, 20, 0.7453638085152505
30, 18, 1.492161076083629
82, 2, 0.7979111196055592
6, 20, 0.7979111183539853
81, 3, 1.445074159957151
49, 15, 0.2835777972165373
21, 19, -0.4724464792344718
75, 7, -0.1992574995255117
83, 1, -0.2966343580595975
7, 20, -0.2966343593277924
58, 13, 1.646043389715906
80, 4, -0.3718093160197429
44, 16, -0.3718093185542752
65, 11, -1.019107431108553
73, 8, 0.2519621472419208
77, 6, 1.15959930993059
38, 17, 1.159599312026646
68, 10, -1.564020894126829
54, 14, -1.56402089419886
8, 20, 0.3294226515807124
31, 18, -0.6080752901817973
62, 12, 0.7940986519587078
22, 19, 0.5545486249221379
84, 0, 0.3091156802372006
71, 9, -1.201095330331752
79, 5, -0.8414523471470534
9, 20, -0.8414523477110343
50, 15, -2.156835604909212
45, 16, 2.166061610807553
39, 17, 2.16606160866965
10, 20, -1.964303788950727
23, 19, -0.3228688343531413
32, 18, 0.4503478962304411
59, 13, 1.071704727135718
83, 2, 0.1454968448490193
82, 3, 0.1454968450691301
55, 14, -0.7427738635047904
66, 11, 0.5791242861721965
76, 7, -1.087957164294615
11, 20, -1.087957164307606
69, 10, -1.58925471513089
74, 8, 0.07255970168688074
84, 1, 0.2318398611812413
81, 4, 0.2318398626696176
78, 6, -0.8147765085103797
24, 19, 0.2823763005373273
63, 12, -1.350192920934906
12, 20, -0.23257173493885
33, 18, -3.331520518091348
51, 15, -3.331520517343631
40, 17, -1.593730703757149
46, 16, -0.7842525671602513
72, 9, 0.6959835636116544
85, 0, 3.625602402907366
80, 5, 1.719202994432964
13, 20, 0.008085972170083562
25, 19, 0.5592046615661186
56, 14, 0.1866506894305366
60, 13, -0.09146314017168843
34, 18, 0.1310565887487641
14, 20, 0.131056589564398
67, 11, -1.426819094533991
83, 3, 0.9301952973239305
41, 17, 0.9301952975732147
84, 2, -0.1388512534842598
70, 10, -0.1274928925976701
77, 7, 0.2712582984094422
26, 19, -0.986194589698552
52, 15, 1.277323905238468
64, 12, 0.1972029520775599
75, 8, 2.579616202392571
47, 16, 2.579616201763006
82, 4, -0.5394192313800587
15, 20, 2.420735076294643
85, 1, 1.112653165501021
79, 6, 1.11265316471218
73, 9, 0.5940658513523444
35, 18, 0.5940658531030054
16, 20, -0.06840419429891438
57, 14, -2.208260710785431
27, 19, -2.208260710862418
61, 13, -0.1797395874191073
-10, 21, -0.1797395873288248
-9, 21, 1.027228995056553
81, 5, -1.335022291531192
42, 17, -1.335022291318113
-8, 21, -0.1343257617085661
86, 0, 1.297316125032023
-7, 21, 0.5066941449087696
-6, 21, -0.8621236179384372
-5, 21, 1.228983192768347
48, 16, -0.0842468766552447
68, 11, 0.9373824201566974
-4, 21, 0.9373824223046049
53, 15, 0.9373824196565743
17, 20, 0.9373824224267547
-3, 21, 1.710716590710136
71, 10, 0.1282420702157607
36, 18, -0.7924597025003065
65, 12, 0.6720549976353213
28, 19, 0.6720549977902774
-2, 21, 1.018219476793667
84, 3, -1.166678856658288
85, 2, -0.8305198072130319
78, 7, -0.8305198076357716
76, 8, 0.179725917889545
-1, 21, -1.69262602239406
18, 20, -0.1728827539291928
80, 6, 0.2644992915536943
83, 4, -0.1504761479963287
43, 17, -0.150476148872518
0, 21, -0.7793231426066087
86, 1, 1.088303035541468
58, 14, 0.1348872242571707
74, 9, 0.1674296682721854
1, 21, 0.1674296676986861
62, 13, -0.4438657266456537
29, 19, 1.052949036254877
49, 16, -0.1153084953092233
19, 20, -0.5138856729367416
37, 18, -0.6125356369117348
2, 21, -0.6125356364108363
54, 15, 1.49591405968263
82, 5, -1.671071792931565
87, 0, -0.4664648936846254
3, 21, 1.08801081591421
69, 11, 0.9555445707145229
66, 12, 1.731782871486452
44, 17, -0.2161580441218599
4, 21, -0.2161580435524609
20, 20, 0.8526893047120974
72, 10, 0.1692215765440756
30, 19, -0.2177478194661931
79, 7, -0.2421051379381199
5, 21, -0.2421051385777492
85, 3, 0.5863453284830598
77, 8, 0.5863453290192481
86, 2, 0.2046548063778465
38, 18, 0.2046548061163547
59, 14, -0.2889441916701909
50, 16, 0.0865589380235306
81, 6, 0.9857274580826064
6, 21, 0.9857274585213268
63, 13, 0.4146020202051307
21, 20, 0.4146020200999311
84, 4, -0.5909910219552167
87, 1, -0.3605419850838681
55, 15, 1.929745667278475
75, 9, 0.7519863492885323
31, 19, 0.7333459609361356
7, 21, -0.5165655368008688
45, 17, 0.01809333124268519
22, 20, -1.077054393539711
70, 11, 0.5730656023225341
83, 5, 0.1633041592830384
8, 21, 0.1633041594748056
39, 18, 0.8997073112541315
67, 12, 0.6521688287936831
88, 0, -1.985274536853002
73, 10, -0.0799104351753236
9, 21, -1.604834555765474
51, 16, -0.4971757610037421
32, 19, -0.4971757614018797
60, 14, 0.7373422426595444
23, 20, -1.305709069407902
80, 7, -0.2049778543518258
78, 8, -0.4608412877192153
64, 13, 0.1989580916651562
56, 15, 0.1989580940554363
86, 3, -1.262669036291986
10, 21, -1.262669036005788
87, 2, -0.01402971042864291
46, 17, -0.01402971082299084
82, 6, 0.9273629178645481
40, 18, 0.9273629201352437
85, 4, 0.17245637802533
76, 9, 0.1724563769453717
88, 1, -0.7196543930883771
11, 21, -0.7196543943975767
33, 19, -1.08942035907057
24, 20, -0.4650179115491352
71, 11, 1.377770933796458
68, 12, -0.4132256344420623
52, 16, -0.4132256364405341
12, 21, 0.7152823955338168
84, 5, -1.480534418550364
61, 14, -0.5751551230479035
74, 10, 0.2094352706738826
89, 0, 0.2414511934719467
47, 17, -0.7585488067287612
25, 20, -2.133264405636365
41, 18, -1.060322285992108
57, 15, -0.07169373009258391
34, 19, -0.4531137543169632
13, 21, -0.4531137548952477
65, 13, 0.4971708838566567
81, 7, -0.08627019099563454
79, 8, -0.08627018890353086
87, 3, -0.8447813272998799
14, 21, 0.09698542970707781
88, 2, -0.9323254175022374
26, 20, 1.063318534919273
83, 6, -0.137465996820948
77, 9, -0.13746599799173
53, 16, -0.8491340559591907
86, 4, 1.051007890196945
89, 1, 0.002935305187605268
35, 19, 0.002935305285659583
42, 18, -0.8153389850866213
72, 11, 0.2141765521658641
48, 17, 0.2141765504130683
69, 12, 1.975375527324486
15, 21, 1.975375528199845
62, 14, 0.1031842985735036
58, 15, -1.251821084670133
27, 20, -0.1792697936054479
85, 5, -2.149747003578866
75, 10, -2.149747001971674
66, 13, 1.873577737403546
16, 21, -0.3163724501245259
90, 0, 1.81738833125655
-11, 22, 3.813142570542634
-10, 22, -0.03084427291819859
-9, 22, -0.3841835118772106
-8, 22, 0.2280624094188393
36, 19, 1.240118353573832
-7, 22, -0.3647565199582346
80, 8, 0.5158417182037338
82, 7, 2.592931686299617
43, 18, 2.592931685648371
54, 16, -0.07770805420075742
-6, 22, -0.07770805335887727
17, 21, 1.489969644202992
-5, 22, 1.489969644331654
28, 20, 0.7854807337560752
49, 17, -0.5123447054262064
-4, 22, 0.5187476130100825
88, 3, 0.5041754690683709
78, 9, 2.818439350940279
89, 2, -0.08236890835050109
-3, 22, -0.8760675199060041
84, 6, -0.7519542269431547
63, 14, -0.1683445503949545
70, 12, -0.2749207775740625
-2, 22, -0.2749207768892836
87, 4, -0.6597311393114536
73, 11, -0.6597311395137637
59, 15, 1.920032432153687
18, 21, -0.9545746675352048
90, 1, -0.6197558865477374
-1, 22, -0.6197558865783775
37, 19, 1.48132463844232
29, 20, 1.76477053542857
0, 22, 1.769757062032053
67, 13, 1.509909952346163
76, 10, -0.5644328352114721
44, 18, -0.5644328358351275
86, 5, 0.594475960488086
1, 22, 0.5944759604405907
55, 16, 1.582750187348033
19, 21, 1.582750186405785
50, 17, 1.174241936591243
2, 22, 0.6344937959401807
91, 0, 0.1163002800517779
81, 8, -0.6526873903653955
30, 20, -0.4693453218386774
83, 7, 0.275465413465433
38, 19, -0.5558069582978461
3, 22, 0.275465415752609
20, 21, 0.1738220378973492
64, 14, -1.321457642152474
60, 15, -2.26061914903113
79, 9, -0.4005890611711247
4, 22, -0.261232666868757
89, 3, 0.4924443649651757
71, 12, 0.4924443637315133
45, 18, -2.386679902352292
85, 6, 1.172374108800299
74, 11, 1.172374108174745
90, 2, 0.06418011739297264
5, 22, 1.417937615158496
88, 4, -0.6966677894340302
21, 21, 0.4620880634421597
68, 13, 0.4940043507348059
51, 17, 1.041798654061854
31, 20, 0.4940043515038769
56, 16, -0.5598169458268283
91, 1, -0.789070809085752
6, 22, -0.6635796623199572
77, 10, 0.5482611762026317
39, 19, 0.548261179537502
87, 5, 0.1050037902016674
7, 22, -1.790605624340947
22, 21, -0.8150971676091763
46, 18, -1.00778290445734
61, 15, -0.8270324992495034
92, 0, -0.3779839017295451
32, 20, 0.1690151936393768
65, 14, -0.6884274395730517
82, 8, -0.03663444164687616
8, 22, -0.0366344422964278
84, 7, 0.6065493711334643
72, 12, 0.2582624967408483
80, 9, 0.6955860750294541
40, 19, 0.6955860758250909
52, 17, -1.852165529137858
75, 11, 1.746467069161963
9, 22, 1.746467069143357
23, 21, -0.99078388285564
57, 16, 1.642609371428159
90, 3, -2.339518119241972
86, 6, 0.5080638632657398
91, 2, -0.347664737822316
69, 13, -0.3476647398932479
10, 22, -0.5605905864788281
89, 4, 0.6163663683654947
33, 20, 0.616366368016857
47, 18, -0.6385197021674691
78, 10, 0.867197554537001
92, 1, 0.8673641748064432
24, 21, -2.701810779743131
11, 22, -2.918946932056672
41, 19, 1.705024691164981
62, 15, -0.08240405445332477
88, 5, 0.7323645647114015
66, 14, -1.068525900288982
53, 17, -0.3537429691163161
12, 22, -0.4598429621898591
34, 20, -0.4598429625963178
83, 8, -1.755433204108394
58, 16, 0.3741712125749195
25, 21, 1.57174703008206
93, 0, -3.05867083966027
85, 7, -1.980304952518441
73, 12, -1.980304951765367
81, 9, 0.1999910145080121
76, 11, -1.681258213012372
48, 18, 0.5665489253720605
70, 13, 0.2947929713823258
13, 22, 0.2947929695367285
42, 19, 1.63334006129967
87, 6, 1.759579981638448
91, 3, -1.122833332512632
92, 2, -0.5471869614627507
26, 21, 0.2015852021994669
35, 20, -0.006731683808081139
79, 10, -0.1801749445365432
90, 4, 0.1559444422755807
14, 22, 0.1559444407627686
63, 15, 1.509099179220692
54, 17, 0.791808347392055
93, 1, -0.1022554441293775
67, 14, -0.1022554441585456
59, 16, 1.075247676635312
15, 22, 0.605333799944371
89, 5, 0.2266330983695793
49, 18, 0.2266330990962475
27, 21, -1.473674135827423
43, 19, 0.1559534949057336
74, 12, 1.196837247645954
84, 8, 0.2450159929754221
36, 20, 0.245015992000344
86, 7, -0.4958493841462446
77, 11, -0.1894538874017372
94, 0, 1.625550108407317
16, 22, 0.9524966856122725
71, 13, -0.6487876030243555
82, 9, 0.2875111709612984
-11, 23, -0.7205637907232383
-10, 23, -0.7878032272805352
-9, 23, -1.062542049816351
28, 21, 0.4085408432132294
55, 17, 0.2686670582722651
-8, 23, 0.2686670572399695
64, 15, -0.05164820700772626
-7, 23, -0.05164820775134259
88, 6, -0.3386896286150227
17, 22, 1.756395300743161
-6, 23, 1.75639530319944
92, 3, -1.46084312915097
80, 10, 0.6304898661239294
93, 2, 0.5545027308910114
-5, 23, 0.5545027307322812
68, 14, 0.4990443304129938
50, 18, 0.4990443298530404
44, 19, 0.4233369688224696
37, 20, 0.4233369682556986
60, 16, -0.5296930270869562
91, 4, -0.4130793725461263
-4, 23, -0.4130793701838972
-3, 23, 0.2632580150253959
94, 1, -1.357192803593026
29, 21, -1.357192803604155
18, 22, -0.02635780501393453
-2, 23, -0.1743549616563872
-1, 23, -1.182774163356268
75, 12, -0.250410810424456
90, 5, -3.629801879487419
85, 8, -0.4261105423936962
72, 13, -0.4261105430696373
0, 23, 0.9529493863276697
78, 11, -1.056791135352354
56, 17, 1.047128641322311
38, 20, -0.1451210197401844
19, 22, -0.3229220088521952
87, 7, -0.859855472499109
83, 9, -0.3286243146604708
45, 19, 0.7584414998651223
1, 23, 0.758441498043721
95, 0, 1.274660499690941
65, 15, -0.6317389086384548
51, 18, -0.6511152725590498
30, 21, -0.6511152720824904
2, 23, 1.689063318084078
61, 16, 1.141529752247006
69, 14, 1.834371353948451
89, 6, 0.7738897421487626
20, 22, -0.8239505664807013
81, 10, -2.216448484301741
3, 23, -2.216448484706354
93, 3, 1.082317000555847
94, 2, -0.04425969626644844
39, 20, -0.8834553312979212
4, 23, -0.8834553323983677
92, 4, 0.6450344277975932
31, 21, 0.5359164651365065
46, 19, 0.34367169395641
21, 22, -0.6227079237707548
57, 17, -0.6227079226134719
5, 23, 1.016465179771586
76, 12, -0.328428896977432
95, 1, 0.8061626144345259
52, 18, 1.191563984171063
73, 13, -0.5338617901290948
91, 5, 0.03812347197146186
79, 11, -0.8279889727600762
6, 23, -0.8279889719592324
66, 15, -1.599895185887582
86, 8, 0.6162141946434778
62, 16, -1.203705290042091
84, 9, -2.506666687731333
88, 7, -0.6129828226484919
32, 21, -0.6129828217093792
22, 22, -1.049351119720316
40, 20, 0.8668497861727311
7, 23, -1.13314126566449
70, 14, 0.380255444668758
96, 0, -1.457635281156296
47, 19, 1.721825112153612
8, 23, -0.1044009398695788
82, 10, -1.333727582946215
90, 6, -1.283573612787148
58, 17, -0.4315843965867953
23, 22, -0.4315843939869298
94, 3, 0.04922654983695984
53, 18, 0.04922655167532086
33, 21, -0.8422281004397446
9, 23, 0.2759177740601652
95, 2, -0.3472219279136601
93, 4, -0.06889572152589864
77, 12, -0.8230982350880671
41, 20, -0.8230982340931496
74, 13, -0.7745875418549568
67, 15, 1.228428529717351
10, 23, -0.00427654780117312
96, 1, -0.6951417872024981
63, 16, -0.6951417831538895
24, 22, 0.6164033726063884
80, 11, -1.322386189163623
92, 5, -1.631932271172557
87, 8, 1.210264888213458
48, 19, 1.210264886744926
85, 9, -0.6177190127731541
71, 14, -0.6177190137496192
34, 21, -0.6177190123581549
11, 23, -0.6177190139255706
89, 7, -0.8787622688841605
54, 18, 0.5222174141839984
59, 17, 0.006836884337952594
25, 22, 0.3453882262977577
42, 20, -0.6316543446947807
97, 0, -0.03952830771917431
12, 23, -1.152334540756378
83, 10, -0.9276349208493643
91, 6, -1.031138760612446
35, 21, -0.5184808548284338
13, 23, 0.7655537320592292
95, 3, 0.8636402941422362
78, 12, 0.4624022860178843
68, 15, 1.335428967917404
49, 19, 1.33542896882077
64, 16, -0.1173183283382268
75, 13, 0.1439064473771915
96, 2, 0.9427634962700531
26, 22, 0.9427634928381878
94, 4, 0.07816765453564932
81, 11, 0.9358728979660735
43, 20, 0.9358728995321723
14, 23, -1.231054294577392
97, 1, 0.0693810489313913
55, 18, 0.06938104972162674
72, 14, 0.4422170980538908
60, 17, -1.225750916516828
88, 8, -0.7769125459749516
93, 5, -1.274692371797866
86, 9, 1.820778989055751
36, 21, 0.7173114274211502
27, 22, -0.5847780404140563
90, 7, -0.05342308576242089
15, 23, -0.05342308669584182
50, 19, 0.1315226470791017
84, 10, -0.5994818116752283
98, 0, -0.5841024869762189
44, 20, 0.3922682514284136
65, 16, 0.08103017821458713
16, 23, 0.08103017687709856
69, 15, -1.456904007985013
92, 6, -0.1348640241303503
28, 22, -0.1348640213892025
79, 12, -0.08770286616058565
76, 13, -0.0877028647838356
37, 21, -0.9785012903764143
-12, 24, 1.700484238628665
-11, 24, -0.2400754223258755
56, 18, 0.2726570416119616
-10, 24, 0.2726570413856459
96, 3, -0.6495775681762419
-9, 24, -0.6495775671065197
-8, 24, -1.451225794013038
97, 2, 1.174192358556531
61, 17, 1.174192357786396
17, 23, -1.626220502863976
-7, 24, -1.626220501670446
95, 4, 0.06128603706659311
82, 11, -0.1397488751623772
73, 14, -0.1397488747217799
-6, 24, -0.379994732051297
-5, 24, -1.609462898575031
51, 19, 0.8280144159162436
29, 22, 0.8280144156151101
-4, 24, -0.1652058323414928
98, 1, 0.6928248224448124
89, 8, -0.3503620625346575
45, 20, 3.112519607651028
87, 9, 2.008180288305248
-3, 24, 2.008180287041668
94, 5, -0.3371444854517449
18, 23, -0.3371444878195711
38, 21, -0.1161657333231489
-2, 24, -1.004526133004117
91, 7, 0.283110198772973
66, 16, 0.6170794906606725
-1, 24, -1.379569772226085
85, 10, -2.185447525266715
70, 15, -2.185447524993281
57, 18, 1.676417616158311
30, 22, -0.9584657613615816
19, 23, 1.44817578202118
0, 24, 2.232064169391564
99, 0, 2.700631191414666
77, 13, 1.63584859593114
80, 12, -0.6120204906045322
62, 17, -0.693695926416954
1, 24, 0.6750334676536923
93, 6, -2.556028586021177
52, 19, -1.861459435113338
46, 20, -0.4902963603554549
39, 21, -1.156849826993206
74, 14, -0.07899853944015936
2, 24, -0.07899853980926047
97, 3, -0.1406498803533708
20, 23, -0.1406498810979994
83, 11, -0.9161310583197957
98, 2, 0.1846151329268292
31, 22, -1.151607436238727
96, 4, 0.130403681718771
3, 24, -0.9381387284245544
4, 24, 0.6224183331037142
90, 8, 0.9666881230977142
88, 9, -0.6706871944636986
67, 16, -0.6706871952611932
58, 18, 1.026788915692828
99, 1, -2.572381485450248
21, 23, -2.572381485417258
95, 5, 1.428087901235405
71, 15, 1.466814332386844
40, 21, -1.041428459796451
5, 24, -1.041428462062991
92, 7, 0.2167889612054638
47, 20, -0.5486852677819282
53, 19, 0.2770598925533844
63, 17, 0.2770598937924805
86, 10, -0.2959009075722957
32, 22, -0.2959009078071252
78, 13, 0.09716750885118486
6, 24, -0.4090608223801664
81, 12, -0.2792323658880557
22, 23, 1.492226003261476
100, 0, -1.440991820192809
75, 14, -0.08539932178155345
7, 24, -1.112236880778277
94, 6, 0.1246336567026902
84, 11, -0.004600535357714094
41, 21, -0.9823298232726505
33, 22, -0.6974451170066708
8, 24, 1.479498500106861
98, 3, 0.2526559077980039
59, 18, 0.2526559077388615
23, 23, -0.5650371620502816
68, 16, -0.5754390279836942
48, 20, -0.5754390256868265
99, 2, -1.612757306244434
97, 4, 1.443345788108544
54, 19, 1.328590271060284
72, 15, 0.3860691151415894
9, 24, 0.3860691139848907
91, 8, 0.5006223171042861
64, 17, 0.5006223126416803
89, 9, 0.6407409808141491
100, 1, 2.787388216163406
96, 5, -0.001934317141972848
24, 23, -0.001934316901358185
34, 22, 0.692572455018721
10, 24, 0.6925724539272098
93, 7, 0.7425822158684441
87, 10, -0.1868387671456214
79, 13, -0.3639829329115479
42, 21, 0.4697618897162826
82, 12, 0.6538566844568987
76, 14, 0.3292808347001377
11, 24, -0.113752646025472
49, 20, 0.02350478616703272
60, 18, 1.183686312763385
25, 23, 0.7871121839021231
101, 0, 0.9794841277121211
95, 6, 0.5067648264621868
55, 19, 0.5067648283498977
85, 11, -0.9889622070863151
69, 16, -0.9889622071482534
35, 22, -1.313880464849353
12, 24, -1.301714577976368
65, 17, -1.109413662331852
73, 15, 0.298252422298166
43, 21, 0.2982524193352925
99, 3, -4.287154625220748
26, 23, -0.9277317261536848
100, 2, 1.293683596301513
98, 4, 1.293683597340441
13, 24, -0.08057256598620276
90, 9, -0.7017156578349687
92, 8, -0.7004539628889356
50, 20, -2.162087691740718
80, 13, -0.5305004093120053
36, 22, -1.25930469313867
101, 1, 0.416506623918094
97, 5, 0.4165066203788969
88, 10, 0.1811680982494914
14, 24, 0.1811680989112563
94, 7, -0.3534383536522062
61, 18, -0.353438354953202
83, 12, 1.359846745001204
56, 19, 0.1544943304772389
77, 14, -0.6017421806258207
27, 23, -0.6197584928319468
44, 21, -0.9973250220272912
70, 16, 0.6272376650395666
15, 24, 2.368056310821413
66, 17, -0.8266605911231351
86, 11, -0.894994020350254
102, 0, -1.989755704573769
96, 6, -0.9435105071109977
74, 15, -1.043005352225597
37, 22, -1.043005352145239
51, 20, 1.542987825811028
28, 23, 1.542987825764558
16, 24, -0.2777765591432771
100, 3, 1.79836383529125
45, 21, -0.8773975471267726
62, 18, 1.339054760877068
99, 4, -0.1815270030519004
57, 19, 0.3662672999694329
-12, 25, -0.1815270038557709
101, 2, -0.8630435596816693
-11, 25, -0.8630435611137558
-10, 25, 0.2011334609548917
91, 9, -0.3501342754305561
93, 8, 1.211100390821857
-9, 25, 1.211100389742338
81, 13, 1.256030633823989
17, 24, -0.3287656130060957
-8, 25, -0.3287656162799646
-7, 25, 0.2051440931391021
29, 23, 1.469298380541737
78, 14, -0.7860032223967894
38, 22, -0.786003221249754
89, 10, 0.29968855356884
-6, 25, 0.2996885534861887
84, 12, -0.08448762363653013
98, 5, -2.841691971040532
102, 1, -1.569202213752877
95, 7, -1.56920221313107
-5, 25, 0.3204932364883309
71, 16, 0.1640346881476489
67, 17, 0.181219917764506
-4, 25, 0.1812199169040964
52, 20, 0.4378019678611801
18, 24, -1.328516174075423
-3, 25, -0.9381151222356373
75, 15, -4.60546246843851
46, 21, -1.142293639741254
-2, 25, -1.142293642079901
87, 11, -0.7918227384941876
30, 23, -0.7918227416568311
-1, 25, -1.618957084988417
97, 6, -0.1039535845638949
58, 19, -0.1039535833421121
39, 22, -0.4979612179017076
103, 0, 2.839355331816193
19, 24, 1.839355336628585
63, 18, 0.7615365476091034
0, 25, 3.632938543701261
1, 25, 0.8929818114714465
101, 3, 0.81110391120287
82, 13, 0.9319878785916322
31, 23, 1.610085508185667
92, 9, 1.116948990477906
53, 20, 1.116948988837315
100, 4, 0.2490849361188001
20, 24, 0.2490849371611763
102, 2, -1.318887070470088
94, 8, -1.318887071615827
79, 14, 0.3413310404397148
2, 25, 0.3413310443381731
72, 16, 0.482156648868207
85, 12, 0.6879277507097099
47, 21, 0.6879277491001071
68, 17, 1.450760916274001
90, 10, 0.1811713866900897
40, 22, -0.643511318942361
3, 25, 0.4288223963050972
99, 5, -2.133735663545659
96, 7, -2.133735662921829
103, 1, -1.341670230867663
21, 24, 0.8290526748593946
59, 19, -0.7933310352667967
76, 15, 0.2731287728260481
4, 25, 0.2731287717520656
32, 23, 0.4116405567983065
64, 18, 0.09081432684614896
88, 11, 0.9369052179259054
5, 25, 1.538121211875808
54, 20, -0.06166995569762412
98, 6, -0.05101544365790826
22, 24, -0.05101544119992692
48, 21, 1.928732814213427
41, 22, 0.964243251758797
6, 25, 0.9642432544444985
104, 0, -0.3330963496209927
83, 13, 0.9686411968148239
33, 23, 0.9686411951219409
69, 17, -0.7937933224354561
73, 16, -0.4909588284425174
7, 25, -0.4909588284618474
80, 14, 0.3953007196815845
102, 3, 3.281801455881166
93, 9, 3.281801453996314
95, 8, -0.1966688191810373
23, 24, -0.1966688203351956
86, 12, 0.7754489896013703
101, 4, -0.07414042370653544
60, 19, -0.0741404287547333
103, 2, 1.572528020371529
8, 25, -1.335609540622824
91, 10, 1.029491035636845
65, 18, 0.8869098673494116
77, 15, -1.817299354513116
42, 22, 0.8910988809448962
97, 7, 0.5335290487125732
100, 5, 1.295828597566969
55, 20, 1.295828596195964
49, 21, 0.2833056408536765
9, 25, 1.765940766057506
34, 23, 1.765940766589859
104, 1, -0.8392497873986507
24, 24, -1.323469239477423
89, 11, -1.599106871075475
10, 25, -1.148102729639618
70, 17, -1.029688831128874
99, 6, 2.120776249712536
74, 16, -0.1969667832048873
61, 19, -0.8981267397059057
25, 24, -0.8981267415968008
84, 13, -0.2379227951230385
11, 25, -0.2379227927124146
43, 22, -0.1384898465061153
35, 23, -0.1384898474437385
105, 0, -1.077328948838454
81, 14, 0.4325262285297778
50, 21, -1.336466874622117
66, 18, -1.059057782017836
56, 20, 0.9646376167565414
94, 9, 0.211309221790467
87, 12, -1.169517776823223
12, 25, 0.3470613341590614
103, 3, 0.8529506958012354
96, 8, -1.737221750913281
78, 15, -2.339418561218836
102, 4, 0.2476216873742277
92, 10, 0.2476216877410139
104, 2, 0.3176989302940424
26, 24, 0.3176989292184857
36, 23, 1.271348186112048
13, 25, 0.1699288383997557
98, 7, 0.2612813612132666
101, 5, -1.780231374556428
44, 22, -1.066777537610249
105, 1, 2.175304993065834
90, 11, 2.175304992041597
62, 19, 0.4402093682120918
71, 17, -1.541777574376921
51, 21, 0.2130049141651366
27, 24, 0.2130049178980599
14, 25, 0.137670355115573
75, 16, 0.664507291285703
57, 20, -0.9260845428550727
85, 13, -1.103758970734516
67, 18, -1.103758972241028
82, 14, 0.6515141704558731
100, 6, -0.2812578715213609
37, 23, -0.5089067724447204
15, 25, 0.8105582344265628
106, 0, -0.04175981695793569
45, 22, 0.9394859225089771
88, 12, 0.3411980076866775
28, 24, 0.3411980104195175
79, 15, -0.2920557038831685
95, 9, 0.9049684929463764
97, 8, 0.2912422526895968
93, 10, -0.4781132778779719
104, 3, 0.8943668854295679
16, 25, 0.8943668870049251
103, 4, -0.7066858983346452
52, 21, -0.7066858959686146
105, 2, -0.2434397792487507
63, 19, -0.2434397777099972
38, 23, 1.772199001486764
72, 17, 1.015650486682398
-13, 26, 0.6397824718207139
58, 20, -0.4106505345446958
-12, 26, -0.4106505347674286
99, 7, -0.8415488941936669
-11, 26, -0.8415488953923432
29, 24, -0.7443766169943117
-10, 26, -0.6397686804233589
102, 5, -0.6279773798744011
91, 11, -0.6279773793306923
17, 25, -0.6279773780423612
-9, 26, -0.6279773779831666
76, 16, -0.1733356206359544
-8, 26, 0.1918586134500709
68, 18, -0.4298146841171331
46, 22, -0.4298146819060981
106, 1, 0.772175018713344
-7, 26, 0.7721750191654979
-6, 26, 0.934602399605753
83, 14, -1.379004363899504
86, 13, -0.4331846196536803
-5, 26, -0.4331846198227579
18, 25, 1.109345217796053
-4, 26, -0.9144481427898226
39, 23, -0.6015058544853648
30, 24, 1.170750276277956
101, 6, 0.5863904291598513
53, 21, 0.5863904292633996
-3, 26, 1.418489238411823
80, 15, -0.6872910659767174
89, 12, -0.1455495126916279
-2, 26, 1.086733226785338
107, 0, 0.0199366516687098
64, 19, -0.9800633419870699
96, 9, 2.542004544010457
19, 25, 0.1411878995055981
59, 20, 0.1411879014611024
-1, 26, 0.6672500740217894
47, 22, 0.7421497324874613
98, 8, -0.7670704401687878
94, 10, -0.7670704359232043
73, 17, 1.076934952594903
0, 26, 0.296936068609529
105, 3, 1.815283607032
31, 24, 0.2996507497450842
104, 4, 0.1752569029763954
69, 18, 1.414305291332142
77, 16, 0.4103538917176464
40, 23, 0.4103538909556804
106, 2, -0.6312566246607001
1, 26, -1.053390268040907
20, 25, 0.2384020668073373
100, 7, -0.2469614009950155
92, 11, -0.246961404192538
54, 21, 0.02610341897560114
2, 26, 0.9089357200029721
103, 5, -0.7828669106149022
84, 14, 0.07431745453776473
107, 1, -0.4084145650272396
87, 13, -0.4084145648056552
3, 26, -0.5543029553327189
32, 24, -1.170104326494565
48, 22, -0.08391323037128155
21, 25, 3.336704367578152
65, 19, -1.434966347576214
60, 20, -0.5712392118825638
81, 15, 2.606375180180825
4, 26, 0.5707261444905443
41, 23, 0.5334943544379886
102, 6, 1.179796034644829
90, 12, 1.179796040892996
74, 17, -0.9148916790453454
5, 26, -0.9148916735449103
97, 9, 0.2641928920135654
22, 25, 0.2641928920061004
108, 0, 0.354059101815882
70, 18, -0.8886058023200513
33, 24, 0.6190900850711092
95, 10, -0.6263801671414565
55, 21, -1.903409955708853
99, 8, -0.002286058040176329
78, 16, 0.2771850175510336
6, 26, 0.2771850187674798
106, 3, 1.193691991386588
49, 22, 1.193691997008787
105, 4, -0.4913687707196101
42, 23, 0.194936681255164
7, 26, 0.1949366846732422
93, 11, -0.8536116967672326
23, 25, -0.8536117005789516
107, 2, -0.8485234152346615
101, 7, 0.2365352246650607
61, 20, 0.2365352263998216
85, 14, -2.431984094766016
66, 19, -2.431984092646751
104, 5, 0.9304351113904238
88, 13, 0.9304351051662877
34, 24, 1.548632395690128
8, 26, 1.54863239568698
82, 15, 1.428080125909083
108, 1, -1.155111398710402
24, 25, -0.4957885475726229
9, 26, 0.9560436040616879
56, 21, -0.196858615556431
75, 17, -1.579952049335922
91, 12, 1.103643693256711
71, 18, -0.9424112787784283
50, 22, -0.5829170763840744
43, 23, 1.373010325198703
103, 6, 0.2321373314185181
10, 26, 0.4110740634038827
79, 16, 0.7089143916683269
35, 24, 0.7089143902713234
98, 9, -1.69901782237613
25, 25, -2.154096862078369
96, 10, -0.616401175619004
109, 0, 1.794436052088112
62, 20, 0.5766922068441017
100, 8, 0.1542278423378675
67, 19, -0.02650809849771131
11, 26, -0.02650809878462427
107, 3, 0.6315571936603147
94, 11, -0.05227303710313225
106, 4, 0.7820144683078866
86, 14, 0.7820144668442077
44, 23, -1.123366028853862
57, 21, -0.4064587961966404
108, 2, -0.6212650455181691
12, 26, -0.6212650483513983
102, 7, -0.8602071036388665
89, 13, -0.8602071022987351
51, 22, -0.8602071054427376
26, 25, -0.8602071091582176
36, 24, -0.3110280841816698
83, 15, -0.2295058544603652
105, 5, 2.059719944347004
76, 17, -0.1810555542811692
72, 18, 0.7272159687896798
13, 26, -0.4897511839468057
109, 1, 1.063873509857001
92, 12, 0.7937286839941967
27, 25, -1.058723309135751
63, 20, -1.058723305049799
80, 16, -0.2390076034382779
37, 24, 0.762161293107814
104, 6, -0.3008148913817511
14, 26, -0.3008148879196798
68, 19, 0.4370029313518751
45, 23, 0.4370029335391306
99, 9, 1.056858489114227
52, 22, 1.086776877222075
97, 10, 1.906613724203029
58, 21, 1.906613728996603
101, 8, 0.4039427285607258
110, 0, 2.446495432360913
15, 26, -1.719521554710266
28, 25, -1.418216356267678
87, 14, -1.221213161644862
95, 11, 2.24743456382711