d = 67, symClass = D, D = 9.398438
[6.436436978774646, 6.436436979138145], 6.436436978958811
1, 0, 1
2, 0, 1.955614137528224
3, 0, -1.130342265805544
4, 0, 2.824426667448226
0, 1, -0.8164403430543261
1, 1, 1.690683456991239
2, 1, 0.7646366139928832
5, 0, -0.2418481474286417
3, 1, -1.195586795970679
6, 0, -2.210513322213709
4, 1, -0.8370326965944608
5, 1, 1.229708393656106
7, 0, 1.932121932329846
6, 1, -0.5974447312821194
8, 0, 3.567874596978274
-1, 2, -0.7378785808348729
0, 2, -1.596642283147092
1, 2, -1.615200079836979
7, 1, 1.402140205208547
2, 2, 3.306324480012
9, 0, 0.2776736455409096
3, 2, 0.8335171281941607
8, 1, -0.4753334863670848
4, 2, 1.495334170585877
10, 0, -0.4729616550367866
5, 2, 0.09545635937548638
9, 1, 0.158677438977105
6, 2, -2.338106449102828
11, 0, 1.858839225319292
10, 1, 0.3539919763522542
7, 2, -0.661129305050781
12, 0, -3.192568844024928
8, 2, -1.636912976406162
11, 1, 0.9531454213896051
-1, 3, 0.8038030403073274
0, 3, 0.9228570343462799
1, 3, 0.435101110893508
2, 3, 0.8813333305518171
9, 2, 1.047590639258013
13, 0, 1.801320484878946
3, 3, -1.911050972442186
12, 1, -0.1840285312699187
4, 3, 0.1924281721632105
10, 2, 2.404835127990162
5, 3, 0.6632730813913886
14, 0, 3.77848497216602
13, 1, 0.750649911605861
6, 3, -0.8643010806423335
11, 2, -0.8825164131466424
7, 3, -1.42637547748821
15, 0, 0.2733711846468619
14, 1, -0.4423200544514222
12, 2, -1.168371358074242
8, 3, -0.9617927252218668
16, 0, 4.152959347512087
15, 1, 1.804588974152036
9, 3, 1.351422291750536
13, 2, 0.5508998539866139
-2, 4, -1.443005768934737
-1, 4, -1.435909951139873
0, 4, -2.305975886665588
1, 4, 0.9280007322135629
10, 3, -0.4288832573609231
2, 4, -3.158708115871391
17, 0, 0.6665748396391973
16, 1, -0.3334251572705165
14, 2, 2.742045212881641
3, 4, 0.2019723986722353
4, 4, 4.775211448436759
11, 3, -0.1242962274293798
5, 4, -0.0548837352905889
17, 1, -1.380342184358518
15, 2, -1.380342184892056
18, 0, 0.5430225024341433
6, 4, 1.630037884414031
12, 3, 0.9461334351395858
7, 4, -1.012077752121674
16, 2, -0.9295688848019065
18, 1, 0.6349050409784686
19, 0, 2.858410559269787
13, 3, 1.858410558831799
8, 4, 2.159660040362905
9, 4, -0.06826175944389061
17, 2, -0.6242801781957642
14, 3, -0.6242801784125379
19, 1, 0.3602918335113974
20, 0, -0.6830823550911164
10, 4, 0.1866757986995012
-2, 5, 0.850136526611284
-1, 5, 1.453841105950394
15, 3, -1.389991372205911
0, 5, 0.1974545969259293
18, 2, 0.3103118490548185
1, 5, -0.6308231817210241
20, 1, 1.292758474773225
11, 4, 1.29275847458188
2, 5, -1.45196924931622
21, 0, -2.183959052570349
3, 5, 0.5253646634123006
16, 3, -0.2021967993153333
4, 5, -0.5018068487710494
12, 4, -3.376847265055599
19, 2, -0.8213918000105933
5, 5, -0.4088886628185324
21, 1, 0.3936992597072244
22, 0, 3.635172288445462
6, 5, -1.148753903042309
17, 3, 0.9761253081190634
13, 4, 0.9761253033280659
20, 2, 0.6922717050646287
7, 5, 0.05520923984898076
22, 1, 1.602281407824774
14, 4, -1.292913820167562
23, 0, 0.5846691482027492
8, 5, -0.4153308497090514
18, 3, 0.6753170258048444
21, 2, -2.021358820649132
9, 5, -2.021358819430318
15, 4, -1.49828146314968
23, 1, -0.3276167523706804
19, 3, -1.305000292880328
10, 5, -0.1849259469260622
24, 0, -4.03291946551268
16, 4, -2.364137472465043
22, 2, 1.863984672430426
11, 5, 1.504031108818517
-3, 6, 0.8340553348560792
-2, 6, 1.57192858799301
-1, 6, -0.4463035228611613
0, 6, 1.804752262770078
20, 3, -0.8996291107126586
24, 1, 0.8176076837804459
1, 6, -0.769462096984792
25, 0, -0.9415094711655209
2, 6, 0.8508898780392911
17, 4, 0.6833872608962764
12, 5, 0.6833872621931262
3, 6, 1.825728921153004
23, 2, 0.2297085312914648
4, 6, 1.723547908547651
21, 3, -1.58489833904937
13, 5, 0.65737722229783
25, 1, -0.9141894426674632
5, 6, -0.9141894443703475
18, 4, 2.04868307361722
26, 0, 3.522687813733305
6, 6, -3.73727830909425
14, 5, 1.08574609034047
24, 2, -0.3598887894579623
22, 3, -1.41515733312646
7, 6, -1.41515733266898
19, 4, -1.240135064946377
26, 1, 0.9886777724123273
8, 6, 0.3763152651796242
15, 5, 0.2891504535311268
27, 0, 0.8164760132682835
25, 2, -1.322756412397054
9, 6, -0.9421596408494342
23, 3, -0.003293920945511287
20, 4, 3.47322119154165
16, 5, 0.9332133652019832
10, 6, 1.297106224957479
27, 1, -0.3411730618330603
28, 0, 5.457136711445218
26, 2, 1.467981582027165
21, 4, -1.793246760767541
17, 5, -1.003983548930535
11, 6, -1.003983549897397
24, 3, 0.5372895251658021
-3, 7, 0.07263163716242232
-2, 7, -0.001425392149137266
-1, 7, 1.262597345320676
12, 6, -1.690239418375054
28, 1, -0.8657792480489536
0, 7, -1.577462292509979
18, 5, 1.1738828499661
29, 0, 1.429427791697679
1, 7, 0.4294277939214427
22, 4, -1.725861584013596
27, 2, -0.6400258460607001
2, 7, -0.6400258449195833
25, 3, 0.9975213126276633
13, 6, 0.3698415433778203
3, 7, 0.2013081622169078
4, 7, -0.7110265415383437
19, 5, -1.379444265723382
29, 1, -0.04053771763193567
14, 6, -2.789440060842377
23, 4, 2.079047644625278
5, 7, 2.079047643063201
30, 0, 0.5346085471170788
26, 3, -1.433285628567502
28, 2, -0.8650073552129584
6, 7, 0.5394905362316175
20, 5, 0.2024348072619521
15, 6, -0.1078983559603953
7, 7, 3.2666065902913
24, 4, -1.68743882646412
30, 1, -1.034528818432316
8, 7, -0.245548685727863
31, 0, -0.8504343732435421
27, 3, -0.179359815894388
16, 6, -1.880895459178779
29, 2, -1.830815164321063
21, 5, 0.2863206905923329
9, 7, 1.044865524033761
25, 4, 0.7240388189709434
17, 6, 0.4877779790214896
10, 7, 0.4877779806165253
31, 1, 0.1623893053778813
22, 5, 0.2806260248235314
28, 3, -0.764947496705859
32, 0, 4.553711445176673
30, 2, 3.529079717183889
11, 7, -1.5568651559036
18, 6, 2.642860548558185
26, 4, 1.077347548051606
12, 7, -1.495252970393367
23, 5, 0.5542345589137233
-4, 8, -2.084083922829205
32, 1, 1.000745243010404
-3, 8, 1.000745240751029
-2, 8, -2.808085805951267
29, 3, 0.9402800602483359
-1, 8, 0.9402800615894049
19, 6, 0.8636242787265294
0, 8, -2.912956776628512
33, 0, -2.10112454674105
31, 2, 1.190671622599916
13, 7, 0.5364994011629308
1, 8, 0.5581626064194136
2, 8, 1.814811356971064
27, 4, -0.8702014436986137
24, 5, -1.010089922906129
3, 8, -1.010089924246184
14, 7, 1.477371171573957
20, 6, -0.8387301628488739
4, 8, -4.562014180716341
33, 1, 0.6024338357241805
30, 3, -0.4001320931195151
5, 8, 0.908451765503422
34, 0, 1.303563182615711
32, 2, -0.6520509540498026
15, 7, 0.2800799136195054
28, 4, 3.960242187746353
6, 8, 0.3949800716163978
25, 5, -0.2974026931293148
21, 6, 0.7473023976920787
7, 8, -0.3104893509615876
16, 7, 0.3741804943852993
34, 1, 1.318714504735826
31, 3, 1.318714512794286
8, 8, 6.032146556181102
33, 2, -0.2767580899698817
35, 0, -0.4672801133376975
22, 6, -0.2430754522009382
29, 4, 1.341158114417355
26, 5, -0.2424180443655724
17, 7, -1.144763840175751
9, 8, -1.144763838065476
10, 8, -0.1073314115322043
32, 3, -1.247519091259435
35, 1, -0.4334507032864093
23, 6, -0.6180771817108487
18, 7, -1.929107844619808
27, 5, -0.5496490557813635
34, 2, -2.699416707609343
30, 4, -2.699416697002353
36, 0, 0.7842689024751381
11, 8, -0.1884287949022279
19, 7, -0.4258661255658409
12, 8, 2.354208005123214
24, 6, 1.850271936023486
33, 3, -1.077380573812801
36, 1, -2.730792063938174
28, 5, -2.730792058405626
31, 4, -0.4568281076177031
-4, 9, -0.4568281037613945
-3, 9, -0.9085725618862783
13, 8, 1.771983931212135
35, 2, -1.470223131327324
-2, 9, -1.47022313344696
37, 0, 0.7006237453894008
-1, 9, -0.2993762496864229
20, 7, 1.93673024905654
0, 9, -0.2267039696238743
25, 6, 2.37057525289186
1, 9, 2.370575249413797
14, 8, -1.979233564981211
2, 9, -0.8480280623421584
34, 3, -0.6805170172984344
29, 5, -0.680517018227871
3, 9, -0.4918131749792383
21, 7, -2.310019492011844
37, 1, -0.8108436753141732
32, 4, -1.342544559132057
4, 9, 0.2702000030734641
15, 8, 1.064879619441289
36, 2, 1.241629286379929
38, 0, 5.58994810680931
26, 6, 3.634333971445143
5, 9, -1.425490348803989
6, 9, -0.9962083000565797
22, 7, 0.1200265604114532
16, 8, 2.728127552059272
30, 5, 0.1444908941095097
35, 3, 1.463132267560071
7, 9, -0.1852905958281722
33, 4, -0.9243701436786441
38, 1, 1.368952094463489
27, 6, -1.184135981147864
37, 2, -1.812119899866135
17, 8, 0.3880814313716436
8, 9, 0.3880814295534584
39, 0, -2.03610868574701
23, 7, -1.017554315109331
9, 9, 0.4694582420863805
31, 5, -0.56420896758538
18, 8, -0.1334936568273015
36, 3, 0.2080152171923051
34, 4, -1.22085114840986
28, 6, -1.220851148217384
10, 9, 0.9588524774166906
39, 1, 1.409213625423382
24, 7, 1.409213625871218
38, 2, 0.7045918037136419
11, 9, 1.644728882206542
40, 0, -0.8628838611927691
19, 8, 0.2298964184806492
32, 5, -0.9710830037601641
29, 6, 0.4686444788054241
12, 9, -0.2175097026169906
37, 3, -1.235041119665016
25, 7, -1.23504111811937
35, 4, 1.455685125392874
20, 8, 0.2696094798009048
40, 1, -0.9123563008314243
13, 9, -1.14108070003002
39, 2, -0.630235826645415
-5, 10, 0.1784545573791458
-4, 10, 1.662539024772529
33, 5, 1.072127731508904
-3, 10, 1.072127732227593
41, 0, 1.694090552141588
-2, 10, 2.843152222734938
26, 7, -0.8036384598440568
-1, 10, -0.8036384584032927
30, 6, -2.718286795369533
21, 8, 0.6440246943628034
14, 9, 0.1637418422410808
0, 10, 0.3861449820396636
38, 3, 0.7142970342904511
1, 10, 0.7142970355038678
36, 4, 0.4481727902342414
2, 10, -1.233646713298066
15, 9, -0.7497256024431272
41, 1, -1.029306137177555
3, 10, -1.029306135276395
40, 2, 2.528136752154791
22, 8, 2.528136751900178
34, 5, -0.07793441987524667
27, 7, -0.07793441644056082
4, 10, -2.839491632996338
31, 6, 1.731618475529956
42, 0, -4.270981274377172
5, 10, 0.3906331452726012
16, 9, 1.162556845195644
37, 4, -1.285115524477184
39, 3, -0.848491322102169
6, 10, 1.027410620106775
23, 8, -0.877275323796549
28, 7, -1.617249231525625
17, 9, -0.1295506646463212
7, 10, -0.1295506644500792
42, 1, 1.363703521441145
35, 5, -0.339105008312223
32, 6, -0.395418880382875
41, 2, -0.4814034795160969
8, 10, -0.981340576879502
43, 0, 1.543345455494765
24, 8, -4.265703770298106
18, 9, 0.21231943003341
38, 4, -1.606325413597199
9, 10, 1.105984290768351
40, 3, -0.2060622440823222
29, 7, 0.8440014171980892
33, 6, 0.9975456091175422
10, 10, -0.7996284472942474
36, 5, 1.745034912945999
43, 1, 0.6373377167377867
19, 9, 0.6373377158363799
25, 8, -1.435057526230742
42, 2, 0.7699238312132159
11, 10, -0.9054580534132163
44, 0, 5.250155099935077
30, 7, 0.8821978879939548
39, 4, 0.2300230042229316
41, 3, 0.161386485301667
20, 9, 0.1613864858272573
12, 10, -2.246519389225556
34, 6, 1.908924438302774
26, 8, 1.908924439902202
37, 5, 0.2693339274674056
44, 1, 1.093874559197916
13, 10, 0.5931279604703876
43, 2, -1.653593570027894
21, 9, 1.612292498878997
31, 7, -0.2410659646211105
45, 0, -0.06715484933217598
-5, 11, -0.4603567121616134
-4, 11, -1.427622270938295
40, 4, 0.9998243731135967
27, 8, 0.2682733225989941
-3, 11, 0.2682733220708167
14, 10, 0.1079679826732344
-2, 11, -0.06221945448184011
42, 3, 0.4999730527915526
35, 6, -0.3634573832964276
-1, 11, -0.3634573830466943
0, 11, -1.517631346922253
38, 5, 1.931111896159825
22, 9, 1.931111895454857
1, 11, -0.07671805852367292
15, 10, -0.2015845737271723
32, 7, -1.203793267705501
2, 11, 0.8710273802028393
45, 1, -1.057882950882387
44, 2, 3.133444184811168
28, 8, -1.867311240833229
3, 11, 1.174437618640311
23, 9, -0.7033395565763326
46, 0, 1.14338725546848
16, 10, -0.8122268795395379
41, 4, -1.676380320913445
4, 11, -1.676380320289316
36, 6, 1.320659534529377
43, 3, -1.555955483849395
5, 11, -0.6071290450431597
39, 5, -0.3103337011027185
33, 7, 1.536341031081269
6, 11, -0.289013330515028
17, 10, -0.2890133313681917
29, 8, 1.071947219214182
24, 9, 1.087154972041863
46, 1, -0.3161530485075696
45, 2, 0.5000807714754079
7, 11, 0.500080770508326
37, 6, 1.172885403275181
42, 4, -3.952997904897399
18, 10, -3.952997905840552
47, 0, 1.512182742609322
8, 11, 0.5121827435025211
44, 3, -1.562947507844635
40, 5, 0.1149585156229843
34, 7, 0.5397726369511819
25, 9, 0.5397726356784921
30, 8, -2.930060411485925
9, 11, -1.061905091309528
19, 10, -1.244299753194065
10, 11, 0.8161531055739287
47, 1, 0.3214631943896434
46, 2, -0.6406919588599777
38, 6, -2.552077032351024
26, 9, -1.870926121794975
43, 4, 0.3969379093807307
31, 8, 0.03731398672594066
11, 11, 3.142708735193724
20, 10, -0.3616437997645226
35, 7, 2.37594656378238
48, 0, -4.694265494134319
41, 5, 0.1252982146719742
45, 3, -2.03980319124812
12, 11, 0.3272575615310211
27, 9, -0.3319829452368242
21, 10, 1.645537977727343
39, 6, -0.6227053968944094
32, 8, -2.986427695828723
48, 1, 0.07298942303018895
13, 11, 0.07298942049557865
47, 2, -0.7059293730761722
36, 7, 1.392725951625349
44, 4, 2.692089357809215
42, 5, 1.654482176505705
49, 0, 2.733095158132239
22, 10, 2.941304505524892
46, 3, -0.9965420755298343
14, 11, -0.996542075282824
-6, 12, 1.631090417913991
28, 9, 0.5984883755206645
-5, 12, 0.5984883751678213
-4, 12, 2.270282737759924
-3, 12, 1.623069711621616
-2, 12, -0.8727974865884874
-1, 12, 0.2004597545039234
33, 8, -1.110966472555256
15, 11, -1.884435914889303
0, 12, 2.606542017461224
40, 6, -1.7593274141349
23, 10, -1.230510936187903
37, 7, 0.1213305808594392
1, 12, 0.1213305813612145
49, 1, -1.538380840162294
48, 2, 1.598925154416222
2, 12, -1.504770959526515
45, 4, 1.836157350198841
29, 9, 0.6176284945674159
43, 5, -1.117760382429163
16, 11, -1.117760383142849
3, 12, -1.048958455566217
50, 0, -1.841229239322501
47, 3, -1.018773356470732
4, 12, 1.22891116662322
34, 8, 1.336441796986304
24, 10, 1.336441794928964
17, 11, -0.7781863789278162
5, 12, -0.7781863795669579
41, 6, 0.3088668373452081
38, 7, -1.340880656048838
30, 9, 0.4847848744400199
6, 12, 3.570421297391104
50, 1, -0.656257227478772
49, 2, -0.6562572252786146
46, 4, 0.4492212470964383
25, 10, -0.02308593989816508
18, 11, -0.1776300830375644
44, 5, 0.5683024424651575
7, 12, 0.5683024418459316
35, 8, -1.308072653298922
51, 0, -0.753457713308108
48, 3, 0.3768845516752337
8, 12, 2.489261339117393
31, 9, 1.14416121838314
39, 7, 1.351975279788719
19, 11, 1.351975279872336
42, 6, -3.099449599690409
26, 10, 1.285576197317524
9, 12, -0.2282979342105768
50, 2, -1.787801795866211
10, 12, -1.787801796278664
51, 1, -0.3552340968770644
47, 4, -0.3552340969423864
36, 8, 2.958842957538524
45, 5, -0.03837584370214751
20, 11, -0.2521320984711883
32, 9, 0.1896412011142597
27, 10, 0.5139301848627554
49, 3, -1.17363719661886
11, 12, -1.173637197091326
52, 0, 5.087697619996507
40, 7, -0.2685163086847847
43, 6, -0.2814437525648832
21, 11, -0.3454625434730444
12, 12, -5.397623346739545
37, 8, 1.170681368930214
33, 9, 0.1404972750250458
28, 10, 2.123300407047361
48, 4, -0.5197750790158862
51, 2, -0.7195560808085441
46, 5, -0.7195560820060996
52, 1, -0.7346828003099509
13, 12, -0.7346828028473908
22, 11, 1.421336533163027
41, 7, -0.7085053619117491
50, 3, 0.5231224249551077
53, 0, 0.9055604823699495
44, 6, -2.767501697374013
14, 12, -2.767501697291859
29, 10, 1.611467206644019
-6, 13, 1.611467207433823
-5, 13, -0.9634286631993593
38, 8, -2.425225671377886
-4, 13, -0.04583410195559873
34, 9, -0.8552952718856136
23, 11, -0.8552952722695275
-3, 13, 1.384112818478044
-2, 13, -0.5944719095183314
15, 12, 0.06203740447235336
-1, 13, -0.8053071758504001
49, 4, 1.358976502233047
47, 5, 1.358976501155988
0, 13, -1.470670717447685
52, 2, 1.93347222450082
53, 1, 0.6909491474216894
1, 13, -1.803252752352231
42, 7, -1.154336061886173
16, 12, 0.5434992804490262
24, 11, -1.051745271287562
30, 10, 0.5654667139921759
2, 13, 1.667587837966174
51, 3, 1.560259117537189
45, 6, 1.560259117928325
54, 0, 1.596712032495029
35, 9, -1.474881069845291
39, 8, 0.2706752229320847
3, 13, 0.2706752237569898
17, 12, 0.1502483140526418
4, 13, 0.1502483162691095
25, 11, 0.5716095440252272
5, 13, 1.79836014775402
48, 5, 0.06998114055534636
31, 10, -0.8180805845488804
50, 4, -2.586801145415921
53, 2, 0.7356182437710262
43, 7, 0.7356182427429143
54, 1, -0.1141263631671528
6, 13, -0.1141263625161863
18, 12, -1.842500719327103
36, 9, -0.2324219154489915
46, 6, -0.006441632907901534
40, 8, 4.387445352281886
52, 3, -0.5055236722635272
7, 13, -0.5055236707766098
26, 11, 1.649613723989833
55, 0, -0.4495568224620198
19, 12, -0.4983882683022074
8, 13, -0.01503041033467874
32, 10, 1.8250052478099
49, 5, -0.6976810907374634
9, 13, -0.697681090642242
51, 4, -0.1571061292604137
44, 7, -0.157106131322733
37, 9, 0.528725280654035
27, 11, 0.3886371015107794
20, 12, 1.873366192726451
54, 2, -0.6672028615603445
55, 1, 1.490055672710474
41, 8, 1.490055674999944
47, 6, -0.189712649362339
10, 13, -0.1897126508035624
33, 10, 1.337353208097347
53, 3, 0.1412292375539289
56, 0, 6.89356876354229
11, 13, 0.298688046178793
21, 12, 1.143994262569714
28, 11, -0.9073754787448914
38, 9, -0.04213486601659958
45, 7, 1.771144168328727
12, 13, 1.771144168935175
50, 5, -0.08561230053276511
52, 4, 2.120155627468893
42, 8, -3.506898720479439
34, 10, -1.963404424891364
22, 12, -1.963404423920809
55, 2, -0.9640401563608687
48, 6, 1.050731002386683
56, 1, 0.07892746169592069
13, 13, 3.045462746740492
29, 11, -1.366321573804932
54, 3, -0.7176600054083139
57, 0, -3.230982270385506
39, 9, -2.100640005146926
14, 13, -1.065752507827201
23, 12, -1.73778344746898
46, 7, -1.700937519133011
35, 10, 0.1598928982268442
51, 5, -0.5415229113781115
43, 8, -0.5415229064376558
-7, 14, -1.425671373161898
-6, 14, 0.1420394575867554
30, 11, -0.3111339881989735
-5, 14, -0.3111339877845108
-4, 14, -0.002787509282705102
53, 4, 0.3978696702819263
15, 13, 0.3978696705299809
-3, 14, -0.8237219589357916
49, 6, 1.066967836241834
-2, 14, 2.469153223298665
24, 12, -2.441155027025106
56, 2, -1.693130147489501
-1, 14, 1.069849627786129
57, 1, -0.6402105701004998
0, 14, -3.084907576598649
40, 9, -1.986225100397623
16, 13, -1.986225102775397
55, 3, -0.377949180405929
1, 14, -1.164653272277161
36, 10, 2.295661910495113
31, 11, 0.2113052842112397
58, 0, 2.795409208630871
2, 14, 0.8397950712929734
47, 7, 0.312622651681324
25, 12, 0.7755382431491393
44, 8, -2.492602907081704
17, 13, -0.6128608711991107
3, 14, -0.6128608731097094
52, 5, 0.4981445966303553
54, 4, -1.251643592265673
4, 14, -1.251643592515347
50, 6, 1.950766786974227
41, 9, 0.7288098859185148
5, 14, 0.728809885456474
57, 2, 1.724223582395438
18, 13, 1.724223583422666
32, 11, -1.215572548795846
26, 12, 0.7232673558862703
58, 1, 0.3253351358947711
37, 10, 0.325335135509636
6, 14, 0.3936810864390001
56, 3, -1.014023465496316
48, 7, 0.6146172313077877
45, 8, 0.6146172313511774
7, 14, -3.120763498490907
59, 0, 0.3569402045981416
19, 13, -0.6430597928530387
53, 5, -1.80743417576865
27, 12, 0.07715914804754895
8, 14, -1.390493560838905
33, 11, -2.222403637992042
55, 4, 1.219104167171558
51, 6, 0.7056502771972388
42, 9, 0.7056502773728501
38, 10, -2.697660712314555
20, 13, -1.300285250018274
9, 14, 0.4210569167634201
58, 2, -0.0792761419714426
59, 1, 1.78637312438733
28, 12, -4.028692955566184
46, 8, 4.065814977364304
10, 14, 4.065814977376419
57, 3, -0.4072530886423203
49, 7, 2.70910583856646
34, 11, 0.7205220078212957
21, 13, 0.7205220083102852
60, 0, 0.7721168580821506
11, 14, -0.3328712838262542
54, 5, 0.3326942337257119
39, 10, 0.3326942367275901
43, 9, -0.1895124647257844
52, 6, -2.802953646831706
56, 4, -1.249300560906345
29, 12, -0.7064250822576619
22, 13, 0.4758322364396557
12, 14, 1.05503532501532
59, 2, 1.121384832134944
35, 11, 1.121384833115824
47, 8, 0.619555175937241
60, 1, -1.717414036026258
50, 7, -0.4232281328207526
13, 14, -0.4232281358837195
58, 3, 0.04320812919251264
40, 10, 0.3958843719187355
23, 13, 0.3356066454025098
30, 12, -0.2110075489595868
44, 9, 0.1114522155413006
61, 0, 1.99988709374076
14, 14, 6.38822204328635
55, 5, -0.2305164520320101
53, 6, 1.156769467673237
57, 4, 0.6738997249598127
36, 11, 0.673899723187996
24, 13, -1.144166799681312
15, 14, -1.101950236033469
-7, 15, 0.1999208168988954
-6, 15, -0.9609452565551629
-5, 15, -0.1943982733674365
48, 8, -2.131607873633452
31, 12, 1.26911138868652
-4, 15, 1.269111388660763
60, 2, -2.023139196726835
-3, 15, -1.643338050109718
51, 7, 1.164550495366298
41, 10, 1.164550493812316
61, 1, 0.7904374700558171
-2, 15, 0.7904374710943303
45, 9, 0.3414576111358162
59, 3, -0.07990009289561827
-1, 15, -0.07990009340920026
16, 14, -0.4801984825460579
25, 13, 0.1921128708136459
0, 15, -0.2231912638594555
37, 11, 0.4461294012166793
56, 5, 0.8010261637922607
1, 15, 0.8010261641151192
62, 0, -1.663121485036765
54, 6, -0.3507585969178216
32, 12, -2.716513034348416
17, 14, 0.3611279391217018
2, 15, 0.3611279396485325
58, 4, -3.580368030203634
3, 15, 0.7130460928976702
49, 8, 0.09611023630957302
42, 10, 0.5599327964387243
26, 13, 1.377355594843116
52, 7, 1.024983011755266
4, 15, 1.024983012562311
46, 9, -0.2955331434099191
18, 14, 2.043353796843264
61, 2, -0.6929301667729979
38, 11, 1.872077719205183
62, 1, -1.580821138915283
5, 15, -0.1052283992753478
60, 3, -1.461259544045698
33, 12, -1.461259543646756
6, 15, 1.641222234208246
27, 13, 0.4408416632469581
57, 5, -0.1328182067491067
19, 14, -0.1328182050162973
55, 6, 1.007902557075686
63, 0, 0.5364993366837507
43, 10, -0.1407149478073557
7, 15, -0.1407149506337659
50, 8, 1.415940551309903
59, 4, 1.01941141366929
39, 11, 0.6418876487608699
47, 9, -1.492055908280099
8, 15, -1.492055909504586
34, 12, 0.9539055170263419
20, 14, 0.9539055176945802
53, 7, -0.8666112940430999
28, 13, 0.7616600490923511
62, 2, 0.3175708212626687
9, 15, -0.5938419175475506
63, 1, 0.3919821478992721
61, 3, 0.7545351991206162
21, 14, 1.610456726402155
10, 15, -0.2131488292931727
44, 10, 0.5487962204338857
58, 5, -1.592497148774471
56, 6, -1.495942145122361
29, 13, -0.4817430150507783
35, 12, -0.1434477264136001
64, 0, 4.752343143756343
51, 8, 0.7852463941112192
40, 11, 0.7852463919325011
11, 15, -1.9626318374663
60, 4, 5.09692923144038
48, 9, 0.228551563894901
22, 14, -3.044627517712969
54, 7, 0.4477290164863783
12, 15, 0.5672134944592574
63, 2, 0.1471376322646689
30, 13, 0.1471376323733647
45, 10, -0.2533578578720715
36, 12, 3.816993167223238
64, 1, -0.4748105240599268
62, 3, -0.5845215793568167
23, 14, -0.5845215782802173
41, 11, 0.9649927733212982
13, 15, 0.964992774726914
59, 5, -1.366998104486753
57, 6, 0.9284538658339151
52, 8, 1.555976251001796
49, 9, 1.553597889984624
65, 0, -0.435646022605414
14, 15, 0.8458489760658203
61, 4, -2.411549428180253
31, 13, -2.411549431742493
55, 7, -1.962164191009736
24, 14, -2.924137852936134
37, 12, 0.5737012355276081
15, 15, 0.4621841361809136
46, 10, 1.083868951288448
42, 11, 1.597242289054891
-8, 16, -2.632658219574695
-7, 16, 1.77853000852981
64, 2, 1.957071549261845
-6, 16, 1.957071548358192
-5, 16, -1.513769506200459
-4, 16, -4.055622363294289
65, 1, -0.8377012717203062
25, 14, -0.8377012705554352
63, 3, -0.4450149109591395
32, 13, -0.7478232025902339
-3, 16, -0.7478232020122205
53, 8, -1.139568090662455
16, 15, -1.139568087879289
58, 6, 1.838824986892252
-2, 16, 1.838824985718029
60, 5, 0.0445069547119885
50, 9, 0.7745865929900423
-1, 16, -0.5611386398147664
38, 12, 1.688915849619458
0, 16, -3.390643572493879
66, 0, -4.108988882417524
56, 7, -0.918402247879812
62, 4, 2.328494268022498
1, 16, -1.473339249822346
17, 15, -1.473339246806451
26, 14, 1.049185809661259
47, 10, -0.9610163035844339
43, 11, -0.9610163044412339
2, 16, 1.091550687221455
33, 13, 0.359401308932412
3, 16, 0.7478398798976585
18, 15, 1.298485098666157
65, 2, -0.5329546655654708
4, 16, 2.62107002818245
54, 8, -1.701778257944908
51, 9, -1.103355683363535
39, 12, -1.103355684931089
66, 1, 0.5071628878563956
27, 14, 0.5071628844448445
64, 3, 1.88113441381407
59, 6, 1.668497934878449
61, 5, -1.178721588370995
5, 16, 0.9178844239310692
34, 13, -0.4497768725170466
19, 15, -0.449776870802797
44, 11, -1.555909213996524
57, 7, -1.038105190184345
48, 10, -1.97534613632837
6, 16, -1.975346136146831
67, 0, -0.4555352108873462
63, 4, 1.155808101686718
28, 14, 2.889167947698026
7, 16, 1.648318474645738
20, 15, -0.04653840155086183
40, 12, -1.21134930915412
8, 16, -5.762831339337523
52, 9, 0.8394960542432258
55, 8, -0.5202011320266202
35, 13, -0.5202011370036639
66, 2, 1.178128131277666
60, 6, -0.7825039749734151
67, 1, 1.172334813906164
65, 3, 1.172334816118849
45, 11, 0.573974404069052
9, 16, 0.5739744059671735
62, 5, -1.626087055237428
29, 14, -1.626087052950283
21, 15, -0.06240534316347554
49, 10, -0.5791666915952042
58, 7, 0.1845903212254284
10, 16, 1.776581120170992
41, 12, -0.007833283692719384
68, 0, 1.88269175016071
64, 4, -0.9417349147807896
36, 13, -0.4019423109829668
22, 15, -0.08771796822244245
11, 16, 1.280325522296009
30, 14, 0.5477282408214847
53, 9, -1.617537375302187
56, 8, 5.002660421879328
46, 11, -0.4216874603532712
12, 16, 0.5704562264408926
67, 2, -0.8363164003254959
61, 6, -0.2963028569605697
23, 15, -0.2963028547588188
50, 10, -0.5816049226214627
66, 3, -1.811126403708766
68, 1, -0.7576572424489509
63, 5, -0.7576572458684986
42, 12, 1.461435139309376
37, 13, 0.01513900254692697
59, 7, -1.053710488187095
31, 14, -1.053710486699881
13, 16, 0.1270888907780252
65, 4, 1.191821529292765
69, 0, -0.6608762484571733
24, 15, 0.4694660148533503
14, 16, -0.6071973750874923
54, 9, -0.1658946562221954
47, 11, -1.54375950827971
57, 8, 0.7134385866740022
32, 14, 0.7317526621817384
51, 10, 0.3501575923431909
38, 13, 0.3501575936162292
43, 12, 1.822438586065452
15, 16, -1.392729703605089
25, 15, -0.1604113713208828
68, 2, 2.578896748966561
62, 6, 2.578896749412921
64, 5, 0.1173834820325355
-8, 17, 0.1173834838281004
67, 3, -1.252485540677122
-7, 17, -1.252485542811209
69, 1, 0.5533868453762697
-6, 17, 0.5533868448024629
60, 7, -0.6748043657037459
-5, 17, -0.6748043632212366
-4, 17, 0.5314080250814228
16, 16, 7.021339682953305
-3, 17, 0.1136584850066084
33, 14, 3.050988727359666
-2, 17, 3.050988727899528
48, 11, -1.330178866465145
26, 15, -1.034609210843394
66, 4, -0.5412320349337945
55, 9, -0.4979804155314694
-1, 17, -0.4979804160139723
70, 0, -0.9138195919618394
39, 13, -2.153634990806423
44, 12, -0.3510655754318091
17, 16, 1.088662097086762
0, 17, 0.2722217559622982
58, 8, 2.622787783597
52, 10, -0.4740761371283403
1, 17, 1.652878216191273
2, 17, -0.2373246679555707
63, 6, 2.284827317940075
27, 15, 2.284827317708998
34, 14, -2.238716338566011
18, 16, -2.238716342208237
69, 2, -0.5952506929205689
3, 17, 1.113652984022929
65, 5, -0.1815432895851801
68, 3, -0.1648984126284778
61, 7, -0.1648984131843116
70, 1, -1.65512846233304
40, 13, 1.076081652748818
49, 11, 0.9313972750025268
4, 17, 0.9313972746794711
45, 12, 1.693570862511498
56, 9, 0.2200220778886234
19, 16, 0.2200220826605888
5, 17, -0.716056663781802
67, 4, 0.1951269826058679
28, 15, 0.1951269810017507
53, 10, -1.045717455317784
71, 0, 2.608871299197437
59, 8, 1.608871302633159
35, 14, 0.1844333164914606
6, 17, 1.093934004042
20, 16, -0.1550150829977562
7, 17, 1.599131179194769
41, 13, -0.4362010490930913
64, 6, -2.439665992534524
29, 15, -0.452678753296894
50, 11, 1.762266305341296
70, 2, -0.8476623681882466
66, 5, -2.427669203497898
62, 7, -2.427669201320737
8, 17, -0.8516212436987175
46, 12, -1.208720454851695
69, 3, 0.370319064243833
71, 1, -1.090658918804325
21, 16, -1.090658915571278
36, 14, -3.772590614410424
57, 9, 1.475096995088559
9, 17, 0.7652671003854856
54, 10, -1.074901494785241
68, 4, -3.898675290141906
60, 8, -3.898675291643061
30, 15, 0.2090296179171869
42, 13, -2.264736971512977
10, 17, -2.264736970292418
72, 0, 0.990704735769516
22, 16, -0.3684940529318154
51, 11, 0.1014804529481827
37, 14, 0.1014804529789526
47, 12, -0.338214108196985
11, 17, -0.3382141082254398
65, 6, 1.10517863583447
63, 7, 0.3065841654483932
67, 5, -0.2300645907162545
23, 16, -0.2300645884412797
71, 2, 0.2839854846441709
31, 15, 0.2839854826988326
12, 17, -0.1981967342035101
70, 3, 1.568955490434198
58, 9, 1.568955488867237
72, 1, -0.8747395636600768
55, 10, 0.2134349599865443
43, 13, 0.5618476355900059
61, 8, 1.685044876665898
13, 17, -0.8503330423053272
38, 14, -0.8328298495170021
69, 4, 0.6649938694594023
24, 16, 2.973884597689797
48, 12, 2.672284511195101
73, 0, 1.965997153167922
32, 15, 0.9659971527418318
52, 11, 0.2256207688850528
14, 17, -0.5039497600686231
66, 6, -2.10694066191766
64, 7, -0.7251058309699895
25, 16, -0.7251058295031639
44, 13, -0.4759775434613945
68, 5, 0.04480929438287949
59, 9, 0.04480929588609273
15, 17, -1.348503252504581
72, 2, -5.34037556999936
56, 10, -5.340375568801726
39, 14, 1.336969549986458
71, 3, -1.398035096421108
33, 15, -1.700069933477606
73, 1, -0.1568245238508296
-9, 18, -0.204889431330731
62, 8, -0.893379518770118
-8, 18, -0.8933795211877974
-7, 18, 0.7937191582763813
-6, 18, -1.776817327703376
49, 12, 1.158764366467221
16, 17, 1.02281295914114
-5, 18, -1.749806160846981
26, 16, 3.465316834678909
53, 11, -0.6508791266182105
70, 4, -2.875189134492629
-4, 18, -2.875189134053316
-3, 18, 0.5044757352818783
74, 0, 1.37014968871008
-2, 18, -0.5854644544193576
45, 13, 1.340296469566599
34, 15, -0.5637164004559104
17, 17, 1.126967055250628
-1, 18, -0.5637163981481255
40, 14, 3.787497043444364
67, 6, 0.3923189944845851
0, 18, -0.4433454781972349
65, 7, -0.7978138866247473
27, 16, -0.7978138870094964
60, 9, 1.016888810479327
57, 10, 0.08674591580763623
1, 18, -0.05509244869656344
69, 5, -0.5547902093164497
73, 2, -0.7354219369772521
18, 17, -0.7354219358798647
50, 12, 4.635930484278217
2, 18, 4.635930480412505
72, 3, -0.9241765250095035
63, 8, -0.6150344308122787
74, 1, 0.3414713898838918
54, 11, 0.3414713911043379
3, 18, 0.8697555319595998
35, 15, 0.3449662713415732
28, 16, -2.858539403305811
46, 13, -0.6728094283902004
41, 14, -0.6728094271233056
4, 18, -1.658415676722292
71, 4, -0.7930005417305424
19, 17, -0.7930005389976919
5, 18, -0.8594553786431907
75, 0, 1.064227957513294
68, 6, -1.330828698183316
58, 10, -1.330828695620679
61, 9, 1.565465268174893
66, 7, 1.903935119163871
6, 18, -0.9617967921442386
20, 17, -0.09730759305497862
29, 16, 1.198987654569348
51, 12, -0.7724615114393765
36, 15, -0.7724615087916876
70, 5, 0.1069742820638909
7, 18, -1.657339875745424
42, 14, -4.517506751975779
55, 11, 2.285830209400439
74, 2, -1.58569737021654
47, 13, -0.1125220022992644
64, 8, -1.695930264207181
73, 3, -0.2370164491531005
21, 17, -0.3388186258591942
8, 18, 0.5284069434824497
75, 1, -0.7381438608618472
30, 16, 2.082493649301016
72, 4, 1.793242743444039
37, 15, -1.05745665795194
9, 18, -0.4484984888384632
59, 10, -0.8974671256098185
22, 17, -0.8974671281817524
76, 0, 8.073371018066831
52, 12, 5.248944351149595
62, 9, -0.5603326593760507
43, 14, -1.571514600429918
69, 6, -0.2596492566703957
10, 18, -2.787709085965053
67, 7, -0.734198314971321
48, 13, 1.019312901129931
56, 11, -0.3641938521956675
31, 16, -0.3641938507005825
71, 5, 1.06476284238426
11, 18, 1.015714963256393
65, 8, -0.2101455709182119
23, 17, -0.2101455731278346
38, 15, 0.7610545466875873
75, 2, 0.9320013349634964
74, 3, 0.4007073637537863
12, 18, -1.948199052379623
76, 1, 0.9845255423865996
44, 14, 0.2347256507055542
32, 16, 3.175504773767728
73, 4, -1.346296934333846
53, 12, -1.346296936995988
24, 17, 0.8608041710675011
60, 10, 0.2825684495759784
49, 13, 1.379854798941953
13, 18, 1.379854797680877
63, 9, 0.3893373800277827
77, 0, 3.591504049764853
39, 15, -0.7430612656537493
70, 6, 2.861322144549998
68, 7, 0.8263011147532118
57, 11, 0.826301113631346
14, 18, -0.3623568950126692
25, 17, 0.3507383931634856
72, 5, 0.4353069009119909
33, 16, 0.4353069006962177
66, 8, -1.807711311812033
45, 14, -1.256249222158194
76, 2, 2.677142080832195
75, 3, 1.03334696166007
15, 18, 1.033346964391425
54, 12, -2.315713075920922
77, 1, -0.09279102614453634
50, 13, -0.09279102335442441
40, 15, 0.232607791485669
61, 10, -0.7377048067267331
26, 17, -0.7377048081019488
74, 4, -3.543807292476295
-9, 19, 0.6491842164915227
64, 9, 0.4212382056563094
-8, 19, 0.421238202519567
34, 16, 0.758937540727452
16, 18, 0.7589375442958465
-7, 19, 1.738403419064972
58, 11, 1.168707880651221
-6, 19, 1.168707879858909
-5, 19, -1.630058016118956
69, 7, -0.05702989162271482
-4, 19, -0.05702989143416336
71, 6, 1.238796441649504
78, 0, -3.981842930325918
-3, 19, -0.356505780165655
46, 14, -1.98994361815868
27, 17, 1.528810458784775
17, 18, -0.5183620958467958
-2, 19, -0.5183620990363534
67, 8, 1.314281627054403
73, 5, 1.055124974712955
-1, 19, 1.055124973332196
41, 15, -0.01768923510097248
55, 12, -1.46645161467849
51, 13, -1.51728135918477
35, 16, -1.517281359152197
0, 19, -2.333721702851033
77, 2, 0.3571834471246932
18, 18, 0.9180791619336828
76, 3, -0.8129962567553403
1, 19, -0.8129962576460389
62, 10, -1.103375047287834
28, 17, -1.515954299030585
78, 1, -0.8768676216109503
2, 19, -0.8768676225805995
65, 9, -1.097949320569465
59, 11, -1.097949325138581
75, 4, -1.127813843383585
47, 14, -0.9522872208944535
3, 19, -1.610345264461325
19, 18, -1.110477936748257
42, 15, -1.227264697563089
70, 7, 0.6839556544345761
36, 16, -0.1928003314910328
72, 6, 0.406797512806773
4, 19, -0.4661794938703223
79, 0, -1.187384309259258
29, 17, 0.9421735493824448
52, 13, -1.50776414225075
68, 8, -1.763233596807219
56, 12, -1.763233595132977
5, 19, 0.4945593856184441
20, 18, 1.875145464823124
74, 5, -0.8851326815808122
6, 19, 0.4159011019511765
63, 10, 0.0450277425844814
78, 2, 2.755878092684331
48, 14, 2.75587809210207
77, 3, -0.09480100128164071
37, 16, -0.09480100174269322
60, 11, -0.4452906895954021
43, 15, 0.7677586795616214
7, 19, 0.7677586785661225
30, 17, 0.7409473578204455
66, 9, 1.599612150115018
21, 18, 1.599612154906068
79, 1, -0.4202597358929228
76, 4, 1.01761786786701
8, 19, 0.8878293316585953
71, 7, 0.7095833398745125
53, 13, 0.709583340067375
73, 6, -1.191472410635319
57, 12, 1.401777083414953
22, 18, 3.216455067481525
9, 19, 0.8529185425118638
80, 0, -1.004385524020303
69, 8, 0.1540378951362881
31, 17, 0.1540378905861729
38, 16, 0.4495886759923462
49, 14, -1.277382430428867
44, 15, -1.113220870288857
75, 5, -0.4364365030378589
10, 19, -0.6023868580555553
64, 10, -1.89906364938142
61, 11, 0.08155057879669438
23, 18, -1.342482140425487
79, 2, 1.70535569518164
11, 19, 1.705355695250258
67, 9, -0.1507328086621895
78, 3, -1.117544269200772
32, 17, -0.2449228561589754
54, 13, 0.2997692941957205
80, 1, -0.6664841849195936
39, 16, -0.6664841865305687
58, 12, 0.9164877775670877
77, 4, -0.3279398391781557
12, 19, -0.3279398410752503
24, 18, -0.4253650538508463
72, 7, -0.9263922921868458
45, 15, -0.3268389795526945
74, 6, -2.415263878240542
50, 14, -2.415263873033377
70, 8, 2.846758414021938
13, 19, -1.267796641630834
81, 0, -1.200570992265507
33, 17, 0.2744797266097666
65, 10, -0.1332341158816487
76, 5, 1.807276185417056
62, 11, 0.5288320179666672
25, 18, 0.5288320190529728
40, 16, 0.3405763127629368
14, 19, 0.5560639363869083
68, 9, 0.05573165476898757
55, 13, 0.0557316523610209
80, 2, -1.784216889986256
79, 3, -1.711103113327111
46, 15, -1.711103119324246
59, 12, -0.9614118561319119
51, 14, -0.2549490881517362
34, 17, 0.5096875290379465
15, 19, -0.2549490859827526
26, 18, -2.231513557805147
81, 1, 1.252965382871034
78, 4, -1.232498103890343
73, 7, 0.8960855731452195
75, 6, 1.495167482137181
41, 16, -1.390223380203974
71, 8, -0.161068676669638
16, 19, -0.1610686773387974
-10, 20, 0.3489882737007605
-9, 20, -0.908687555375654
-8, 20, 2.401148296400681
-7, 20, 0.5956654483514755
66, 10, 2.096668163203511
-6, 20, 2.096668162223378
63, 11, 0.6773204658114084
27, 18, 0.2314457395761338
82, 0, 3.312987445495497
-5, 20, 0.3472721608517703
35, 17, -0.5237374072398684
-4, 20, 4.106267594377796
56, 13, -1.541111861814777
77, 5, 0.1544354882628591
47, 15, 0.1544354860510862
17, 19, -0.2941567898722007
-3, 20, -0.2941567886670262
69, 9, 0.00372326126746711
52, 14, -1.571606739281847
-2, 20, -1.571606739459593
60, 12, -3.925928717063777
-1, 20, 0.3768168887811412
42, 16, 1.259463805598505
81, 2, -0.107748990963643
80, 3, 0.08020613111322714
28, 18, 0.3202158574918274
0, 20, 0.5576959980220353
18, 19, -0.02569012956654122
36, 17, 1.073423457101438
1, 20, 1.073423457281325
82, 1, 1.514964172121113
74, 7, 1.633990822267493
79, 4, 1.755161907731084
76, 6, 1.396889374558475
2, 20, 1.396889374327945
72, 8, 0.5661412053387169
48, 15, -1.054850507818705
64, 11, -1.263808812914469
67, 10, 1.451300538954456
19, 19, 3.141983991893858
57, 13, -0.4581499819140936
3, 20, -1.013750662138891
29, 18, 0.8443775482372625
53, 14, 0.3328739176080003
83, 0, 0.6947508009296953
43, 16, -0.3052491939467249
4, 20, -1.781713791132049
78, 5, -1.293802938068374
61, 12, -0.07043519765153955
70, 9, 0.450485270017294
37, 17, -0.115711936165137
20, 19, 0.4740343020785809
5, 20, -0.2244352599346258
30, 18, -1.466173994530857
82, 2, -2.012925637240626
6, 20, -2.012925633077817
81, 3, 0.3856423333553129
49, 15, 0.8103994770265844
21, 19, -0.2875726715962178
75, 7, -1.399053704261309
83, 1, 1.149906689254919
7, 20, 1.149906685668248
58, 13, 1.042654698660752
80, 4, 3.651301508685227
44, 16, 3.651301510472926
65, 11, 1.720534932782996
73, 8, 0.6397595819751289
77, 6, 1.172090934214986
38, 17, 1.17209093403341
68, 10, -0.1524096545488437
54, 14, -0.1524096600688048
8, 20, -4.100980724492747
31, 18, 0.07926342535929841
62, 12, 3.386377583011427
22, 19, -0.9737611284061873
84, 0, -6.168432291155561
71, 9, -1.16101496309978
79, 5, -0.09504144575914994
9, 20, -0.09504143982777734
50, 15, 0.1037246191577813
45, 16, 0.9884433430146221
39, 17, 0.9884433438876226
10, 20, 0.7639277045553657
23, 19, 1.160865820547416
32, 18, 2.273512607604488
59, 13, 0.3286445922095857
83, 2, -0.6940857638373061
82, 3, -0.6940857628837934
55, 14, -1.383858832522674
66, 11, -1.110553699268916
76, 7, -0.5551812595458019
11, 20, -0.5551812604655746
69, 10, 1.365065585531828
74, 8, -2.513190093824125
84, 1, -1.186974537926314
81, 4, -1.186974537125664
78, 6, -1.65932162610173
24, 19, -0.1170846885460424
63, 12, 2.026982610650301
12, 20, 1.483854039945425
33, 18, 1.134845042958234
51, 15, 1.134845046027659
40, 17, -0.4496093180607545
46, 16, -1.715612035766102
72, 9, -0.131987584388463
85, 0, -0.1612098937357106
80, 5, 0.08063825819031162
13, 20, -0.8355651979370964
25, 19, 0.4221062870433818
56, 14, -3.162715464709457
60, 13, 0.04818372923245522
34, 18, -0.2533511057398127
14, 20, -0.2533511064734246
67, 11, -1.80779603687711
83, 3, -0.04196611020523566
41, 17, -0.04196611622224458
84, 2, 2.666877885002122
70, 10, -0.663158546532654
77, 7, 1.841593178936334
26, 19, -0.8213016666916618
52, 15, 1.581849981174726
64, 12, -0.5710899704223982
75, 8, -0.1541811107640008
47, 16, -0.1541811123575033
82, 4, -0.9414394401812185
15, 20, -0.0488466447428776
85, 1, 0.5150294879690981
79, 6, 0.5150294884065459
73, 9, -0.6283185213329148
35, 18, -0.6283185184696983
16, 20, -1.417316661995909
57, 14, 0.5350474819633195
27, 19, 0.5350474826671604
61, 13, -0.3961986005740056
-10, 21, -0.3961986003173238
-9, 21, -0.08209861143302229
81, 5, -0.1154090242368159
42, 17, -0.115409025084598
-8, 21, -0.5506928336917345
86, 0, 3.018188203420133
-7, 21, 1.553045476486717
-6, 21, 0.001611175583921331
-5, 21, 0.6827078904642675
48, 16, -4.965223378259171
68, 11, -1.055460174502271
-4, 21, -1.055460169354937
53, 15, -1.055460167849942
17, 20, -1.055460167712127
-3, 21, -1.427167143366003
71, 10, -0.5837532340675224
36, 18, 0.4152148822573547
65, 12, -2.157542754264246
28, 19, -2.157542751191934
-2, 21, -1.015994567274414
84, 3, 0.9786268806024853
85, 2, 1.185446292251548
78, 7, 1.185446292467383
76, 8, -2.319960893591899
-1, 21, -1.002588604733641
18, 20, 2.162878525445127
80, 6, -0.4029782422781834
83, 4, -0.2114906400694816
43, 17, -0.2114906411340114
0, 21, 1.78307231975785
86, 1, -0.1915556590188215
58, 14, 1.650541103698606
74, 9, 0.1338431964716469
1, 21, 0.1338431937720524
62, 13, -1.125075760626629
29, 19, 0.5525948700145378
49, 16, -0.1384374225535848
19, 20, -1.306553039338525
37, 18, 0.6091394444797754
2, 21, 0.6091394405283151
54, 15, -1.326889406659998
82, 5, -0.6293316011049745
87, 0, -1.615742649142181
3, 21, -0.4854003913439108
69, 11, -1.601897242337414
66, 12, 1.950814295930988
44, 17, -0.2562958166993273
4, 21, -0.2562958170300998
20, 20, -1.154876043080811
72, 10, 3.412614950724831
30, 19, 0.6379230926986723
79, 7, -0.6586485928324786
5, 21, -0.6586485880198591
85, 3, -0.4289289284564534
77, 8, -0.4289289312858419
86, 2, 1.24638664257477
38, 18, 1.246386644598224
59, 14, -0.2952040534694756
50, 16, -2.806418796552916
81, 6, 0.7234482670629467
6, 21, 0.7234482666075768
63, 13, 1.083782983803964
21, 20, 1.083782989792532
84, 4, 1.111974682681639
87, 1, 0.3718014001877891
55, 15, 0.03006080976694038
75, 9, -1.12754050444604
31, 19, -1.72996563942131
7, 21, 0.8406683916816554
45, 17, -1.804448244159366
22, 20, -1.770726576771718
70, 11, 0.6150313720679954
83, 5, 0.3949882150569454
8, 21, 0.3949882151372948
39, 18, -0.4180475281345566
67, 12, -0.4770845264919388
88, 0, 6.632105278794632
73, 10, -1.562600248253936
9, 21, -0.2275471260311102
51, 16, 0.1650816013240166
32, 19, 0.1650816021031953
60, 14, 1.725238650160193
23, 20, 0.8589779939980126
80, 7, -0.4181878916007286
78, 8, 0.4498362448530219
64, 13, 1.716754983993204
56, 15, 1.716754986008272
86, 3, 0.7386950970113608
10, 21, 0.738695097827258
87, 2, 0.2224880213478672
46, 17, 0.2224880228692811
82, 6, 0.3156096891575897
40, 18, 0.3156096919602845
85, 4, 0.4096953621795816
76, 9, 0.409695360771697
88, 1, 1.288231011804067
11, 21, 1.288231015198959
33, 19, 1.360132030047674
24, 20, -3.244571179707633
71, 11, 0.3207661213706884
68, 12, 2.756994331062638
52, 16, 2.756994328576774
12, 21, 0.8037033533543801
84, 5, -0.4357042569442358
61, 14, 0.1693663158356951
74, 10, 0.5267132476546561
89, 0, 0.2259419180267425
47, 17, -0.774058081233499
25, 20, 0.01327352912835917
41, 18, -0.6057907957055038
57, 15, 1.559244154344029
34, 19, 0.6706174004694221
13, 21, 0.6706174006315618
65, 13, 2.21509892384283
81, 7, 1.437311774269366
79, 8, 1.43731177523853
87, 3, 0.04582149964555252
14, 21, 1.702843440366555
88, 2, 2.139196560248475
26, 20, 1.159929424906051
83, 6, 2.457985107708461
77, 9, 2.457985104758726
53, 16, 0.1492367752271694
86, 4, -3.233790963484454
89, 1, -0.7738717049302426
35, 19, -0.7738717060547173
42, 18, 3.153022005770751
72, 11, -1.109505425981225
48, 17, -1.109505425458048
69, 12, -2.350035433125344
15, 21, -2.350035436362606
62, 14, -0.4714319983676874
58, 15, -0.2814291026746944
27, 20, 0.05364393233535753
85, 5, 0.3338332006394429
75, 10, 0.3338332029545761
66, 13, -0.7858088275311929
16, 21, 0.9721330662686281
90, 0, -0.1313289958910485
-11, 22, -1.37159764677299
-10, 22, -0.9002801042988928
-9, 22, 0.6789113706861613
-8, 22, -2.791878305173207
36, 19, -1.397222888652413
-7, 22, 1.526198258309733
80, 8, 1.262998974504679
82, 7, -0.226301425981814
43, 18, -0.2263014247042281
54, 16, 0.5246391050030857
-6, 22, 0.5246391038991178
17, 21, -0.3214319551412038
-5, 22, -0.321431958243259
28, 20, 0.1559344710503087
49, 17, -1.260647682840173
-4, 22, -0.1216772519077096
88, 3, 1.57572660800906
78, 9, 1.620103318432871
89, 2, -0.9789086994885219
-3, 22, 1.42240329586684
84, 6, 0.9777543798036652
63, 14, 2.024072864570458
70, 12, -0.7107823991134791
-2, 22, -0.7107823991729626
87, 4, -1.066522298446395
73, 11, -1.066522298802904
59, 15, -0.9999890773404069
18, 21, -0.6098089533968466
90, 1, 0.5127671620643123
-1, 22, 0.512767161577096
37, 19, -0.9999677651058798
29, 20, -1.248194046482347
0, 22, -2.967901315004664
67, 13, 0.7428331002739239
76, 10, 3.776509731318099
44, 18, 3.776509726282417
86, 5, 1.193922915723996
1, 22, 1.193922918808744
55, 16, 0.4854716407797636
19, 21, 0.4854716419233315
50, 17, 0.4561644484303128
2, 22, -0.15003092756537
91, 0, 3.480370818676619
81, 8, 0.1637913070101164
30, 20, -0.3942216440771998
83, 7, 1.421008758593336
38, 19, 2.185645374193372
3, 22, 1.421008753836827
20, 21, -0.6094536865340514
64, 14, -2.354155130182285
60, 15, -0.228820620340691
79, 9, 1.740937599535545
4, 22, 1.703393465115258
89, 3, -2.454820421341689
71, 12, -2.454820423996628
45, 18, 0.02650571513550697
85, 6, 0.9378890396123134
74, 11, 0.9378890433713167
90, 2, -2.068810857876496
5, 22, 1.910887054115339
88, 4, 4.525526352211847
21, 21, -3.692383503070028
68, 13, 0.3986387238541154
51, 17, -0.7969480718021584
31, 20, 0.3986387159858293
56, 16, -2.358826454547696
91, 1, -1.736035781537216
6, 22, 2.29674681831999
77, 10, 0.3702363505031288
39, 19, 0.3702363492124347
87, 5, -0.01565179945718382
7, 22, 0.8489140278615219
22, 21, -1.071266110130301
46, 18, -1.375460777591053
61, 15, 1.189320645992074
92, 0, 1.651355141263339
32, 20, -1.173071530997489
65, 14, 0.2993191858780614
82, 8, -3.278353063155704
8, 22, -3.278353060334381
84, 7, -0.3555655502328919
72, 12, 1.907383434349855
80, 9, -0.2414755353156509
40, 19, -0.2414755346271465
52, 17, 1.59896053961409
75, 11, 0.2366305478931216
9, 22, 0.2366305420828144
23, 21, -0.2612030849746604
57, 16, 0.5306266686613889
90, 3, 1.169371654842724
86, 6, -3.042848547190773
91, 2, 0.8882253860226825
69, 13, 0.8882253924297728
10, 22, -1.187310151229754
89, 4, 0.0795645106183341
33, 20, 0.07956451132202277
47, 18, -1.016681663535034
78, 10, -0.6068929737445784
92, 1, -1.554607365709677
24, 21, 0.2775540523346607
11, 22, -3.002397273270991
41, 19, -0.8390742466965664
62, 15, -1.513849747533325
88, 5, -0.7174525179262496
66, 14, 3.004490248012233
53, 17, 1.830260951734495
12, 22, -0.5651985568498969
34, 20, -0.5651985575830665
83, 8, -0.3280770350180212
58, 16, 2.096315144526769
25, 21, -0.762518236676037
93, 0, 0.9612819185535503
85, 7, -0.04507505679468687
73, 12, -0.04507506200325907
81, 9, 0.04406054129776085
76, 11, 0.5527739311546754
48, 18, 2.126055642004882
70, 13, -0.3418507494786964
13, 22, -0.3418507464530007
42, 19, -1.148629509985836
87, 6, 2.069447766670677
91, 3, -1.608956971563003
92, 2, -0.6182733687423086
26, 21, 1.823231147151288
35, 20, 0.2447691373984746
79, 10, 1.112917755174823
90, 4, 0.977965033807994
14, 22, 0.9779650306050431
63, 15, -0.3236403795695823
54, 17, 0.7631045664059384
93, 1, -0.8483965413608674
67, 14, -0.8483965424377369
59, 16, 0.4878331519204951
15, 22, 0.3901473715257907
89, 5, -0.5694517135222831
49, 18, -0.5694517144997282
27, 21, -1.18105566104279
43, 19, -1.645694385224814
74, 12, 2.293711275648846
84, 8, -5.709179777884082
36, 20, -5.709179782813631
86, 7, 0.3046920029430218
77, 11, 2.60635322608225
94, 0, 2.957245953112768
16, 22, 1.001631807422016
71, 13, 0.6910851141604399
82, 9, 0.2116486740352163
-11, 23, -0.515406462037822
-10, 23, -1.360876391162852
-9, 23, -0.673018479436812
28, 21, 0.3717947015523708
55, 17, -1.388713528918711
-8, 23, -1.388713521577843
64, 15, 0.1322603671513213
-7, 23, 0.1322603648990721
88, 6, -3.056522247749936
17, 22, -1.308167194290982
-6, 23, -1.308167189393816
92, 3, 0.3232003139514815
80, 10, 0.2248145141137794
93, 2, 0.1486069224809833
-5, 23, 0.1486069258560735
68, 14, 1.055587006828829
50, 18, 1.055587007286614
44, 19, -0.480227884524008
37, 20, -0.4802278836256483
60, 16, -4.231786117413876
91, 4, 0.8050519587357757
-4, 23, 0.8050519564011034
-3, 23, -0.2042269142665311
94, 1, -0.05219544136140083
29, 21, -0.05219544222859891
18, 22, -2.076676625673815
-2, 23, 0.7240903840857782
-1, 23, -0.2000274130902853
75, 12, -0.8184116749979287
90, 5, -0.1535506128681629
85, 8, 0.3390928652772867
72, 13, 0.339092864662309
0, 23, -0.4773474875045349
78, 11, -0.3696422169576122
56, 17, 0.1699662815608784
38, 20, -2.43337019607001
19, 22, -0.3244337215920978
87, 7, 0.2939463337393873
83, 9, 1.288283016817406
45, 19, -0.5717678615181051
1, 23, -0.571767869336046
95, 0, -0.691301295372838
65, 15, -0.4494531499301207
51, 18, -0.5513560736129006
30, 21, -0.5513560723835845
2, 23, 1.018025050245627
61, 16, 0.8463769325868218
69, 14, 0.5839036834315461
89, 6, 1.264598952609474
20, 22, 1.596080548906189
81, 10, 0.8156324795368969
3, 23, 0.8156324813728719
93, 3, -0.183555499156321
94, 2, 0.6286579621960079
39, 20, 0.66562081426013
4, 23, 0.665620818587173
92, 4, -0.9253294965895661
31, 21, 1.140805659486931
46, 19, 1.02024384654136
21, 22, 0.2754923308238106
57, 17, 0.2754923236815866
5, 23, -1.175469546965156
76, 12, -3.685877641731177
95, 1, 0.8543252625050967
52, 18, -3.658809584573946
73, 13, -1.024131160309514
91, 5, -0.004192467688715882
79, 11, -0.04537360420900877
6, 23, -0.04537360096784093
66, 15, -0.3172034571975595
86, 8, 0.7762573906519606
62, 16, 0.07297176222394341
84, 9, 0.8646524916812697
88, 7, 0.06561826900204659
32, 21, 0.06561826959922641
22, 22, 6.145925655181546
40, 20, -0.5223097776721166
7, 23, -0.8229909267515979
70, 14, 4.646434692538785
96, 0, -5.147252514098387
47, 19, 0.4138020088838397
8, 23, 1.377372500317237
82, 10, 0.2450349613794192
90, 6, -3.989067966463716
58, 17, -0.25994886448418
23, 22, -0.259948859123772
94, 3, 0.4963463784564351
53, 18, 0.4963463791287333
33, 21, 1.759790488081739
9, 23, 1.121960211268494
95, 2, -0.3971148789647573
93, 4, -0.987395952159714
77, 12, 1.06785610584026
41, 20, 1.067856111949413
74, 13, 1.181316937615112
67, 15, -0.7709978094719373
10, 23, -1.869963069950221
96, 1, -1.94217922929759
63, 16, -1.942179234611137
24, 22, 0.639989511290241
80, 11, -1.482448527049798
92, 5, -1.212027388865828
87, 8, 0.9230805001373859
48, 19, 0.9230804979782297
85, 9, 1.650318906375503
71, 14, 1.650318897497103
34, 21, 1.650318896027816
11, 23, 1.650318894584715
89, 7, 0.2054409718955097
54, 18, -0.649230534147016
59, 17, -0.5058437540484175
25, 22, 0.0772519998371249
42, 20, 3.218037339709014
97, 0, 1.586114188073902
12, 23, -1.294214159942156
83, 10, -0.2716614205312495
91, 6, -0.4230501732386039
35, 21, 1.281524479363774
13, 23, 0.1166859971211873
95, 3, -0.6131737743021313
78, 12, -1.217771480411318
68, 15, 1.223257437357442
49, 19, 1.223257442431022
64, 16, -3.476162770263814
75, 13, 0.7467475166183816
96, 2, 0.1427391485888897
26, 22, 0.1427391475073319
94, 4, -1.380525451963088
81, 11, -1.510499978274724
43, 20, -1.510499984547885
14, 23, -1.534951111476372
97, 1, -0.07542470342144721
55, 18, -0.07542469806741847
72, 14, 2.723634559541145
60, 17, 1.570184517940826
88, 8, 3.400703357628023
93, 5, -0.6267461312131342
86, 9, 0.1832930250295447
36, 21, 1.690147635253437
27, 22, 1.346321009056475
90, 7, -0.9269959864547621
15, 23, -0.9269959791353184
50, 19, 1.463399829675857
84, 10, 3.23552873632917
98, 0, 5.344879552001804
44, 20, 4.2480255643043
65, 16, -0.5265479528544017
16, 23, -0.5265479484886683
69, 15, -0.6264747595377336
92, 6, -1.948851776297953
28, 22, -1.948851780096035
79, 12, 0.6500455175153098
76, 13, 0.6500455150250345
37, 21, -0.9476003144168819
-12, 24, 2.355728146621017
-11, 24, 1.143601424951415
56, 18, 1.170412331548725
-10, 24, 1.170412339284375
96, 3, -1.131184643696223
-9, 24, -1.131184647072548
-8, 24, 2.86786844833279
97, 2, 0.09334135976001329
61, 17, 0.09334135797853307
17, 23, 0.2674795342528119
-7, 24, 0.2674795389481243
95, 4, -0.01356240017382185
82, 11, 1.111660145477777
73, 14, 1.111660151595899
-6, 24, 3.17409807563302
-5, 24, 1.143892283210249
51, 19, 1.065454893068774
29, 22, 1.065454894631848
-4, 24, -1.260551594265414
98, 1, 1.006905665991015
89, 8, -1.547188273872736
45, 20, 0.01650897744572978
87, 9, -1.062838299120227
-3, 24, -1.062838292189482
94, 5, -0.4611211917344462
18, 23, -0.4611211901148603
38, 21, -1.604451886705242
-2, 24, 0.3920219306048079
91, 7, 1.450347168010219
66, 16, -2.172621738788218
-1, 24, 0.9237917541230468
85, 10, 0.1509810006176957
70, 15, 0.1509810040209928
57, 18, -0.9761910224182304
30, 22, -3.685229525202405
19, 23, -0.6795663486103766
0, 24, 3.292638162265896
99, 0, 0.5161506717143107
77, 13, -0.8814694700453013
80, 12, -2.540936453175215
62, 17, -0.345966431589538
1, 24, -0.3177799589384354
93, 6, -1.345866466818704
52, 19, 0.9052836239737804
46, 20, -2.406404590345002
39, 21, -0.6064279454986553
74, 14, 0.2372757946790733
2, 24, 0.2372757943739865
97, 3, -0.6258775044820414
20, 23, -0.6258775089283131
83, 11, 0.4080185447063742
98, 2, -3.008479329700014
31, 22, -0.5410040272422618
96, 4, 2.30927295814733
3, 24, -0.6309147810609244
4, 24, -2.173289267395443
90, 8, 3.590815287718264
88, 9, -0.4823504922757728
67, 16, -0.4823504916306728
58, 18, 1.207843014660447
99, 1, -1.085237845909271
21, 23, -1.085237856357902
95, 5, -0.0871359195537854
71, 15, -0.07950390680960666
40, 21, 2.708950680148914
5, 24, 2.708950675847626
92, 7, -1.042419951646238
47, 20, -0.1108011323818091
53, 19, 1.201903575300373
63, 17, 1.201903583328187
86, 10, -2.185908006243478
32, 22, -2.185908005713752
78, 13, -1.076189428513985
6, 24, -2.051357991874854
81, 12, 0.9836254755110931
22, 23, -0.7033055903301462
100, 0, -2.659224472180463
75, 14, 0.03753680562190603
7, 24, 1.124438013413352
94, 6, -1.992327577558129
84, 11, 1.52860184140168
41, 21, 1.592253369449902
33, 22, 1.54937434296137
8, 24, 1.55238618760439
98, 3, -0.7021929938087336
59, 18, -0.7021929968156171
23, 23, 0.9884904625432939
68, 16, 1.930177221863191
48, 20, 1.930177217053594
99, 2, 0.1467867435416068
97, 4, -0.9688525330347513
54, 19, -0.4050684065923841
72, 15, 1.141747333285408
9, 24, 1.141747332996796
91, 8, -1.110228853950144
64, 17, -1.110228861062973
89, 9, -1.906812265296123
100, 1, -0.5931090355258694
96, 5, 1.210026800376401
24, 23, 1.210026799480252
34, 22, -1.521832293580221
10, 24, -1.521832289750441
93, 7, 1.042656691929429
87, 10, -0.3676370962655639
79, 13, 1.066492948857614
42, 21, -1.66993507218243
82, 12, 0.6040243605311199
76, 14, -2.622245161798622
11, 24, -0.6492329109420708
49, 20, -0.4562136233493693
60, 18, 0.9480521514832061
25, 23, 0.4303340812241626
101, 0, 1.603333854229543
95, 6, 0.1099468699669535
55, 19, 0.1099468799947215
85, 11, -1.227951662855888
69, 16, -1.227951670428846
35, 22, -1.185485495026926
12, 24, 5.156637466081751
65, 17, 1.237487104462092
73, 15, -0.7767669572424464
43, 21, -0.7767669498965514
99, 3, -0.6809564291244566
26, 23, 1.688035775632091
100, 2, -1.283385923759143
98, 4, -1.28338591454221
13, 24, 0.7947459977131841
90, 9, 0.09829424143192059
92, 8, 0.6487948883652975
50, 20, -0.04514720332228959
80, 13, 1.437757824538719
36, 22, -0.3473759007473946
101, 1, 0.3643802126024714
97, 5, 0.3643802043174774
88, 10, 1.111380292967445
14, 24, 1.111380275998509
94, 7, 0.4017130820258221
61, 18, 0.401713080169148
83, 12, -1.393500542064497
56, 19, 0.6021072782580882
77, 14, -1.705129328324531
27, 23, -1.142512233153693
44, 21, -0.2597248974751356
70, 16, -2.558085379213459
15, 24, -1.026861430006742
66, 17, 1.713096467410045
86, 11, 0.8147073789342362
102, 0, -1.473472562852929
96, 6, 0.7370407573282782
74, 15, -0.7590840801283175
37, 22, -0.7590840857995345
51, 20, 0.7344935033813278
28, 23, 0.7344935038829589
16, 24, 3.144486778372375
100, 3, -0.6258827036585345
45, 21, -0.3165861660335347
62, 18, 2.237537840914323
99, 4, -2.221891139346482
57, 19, -3.417477936447666
-12, 25, -2.221891133899023
101, 2, 0.3589893069688788
-11, 25, 0.3589893070959665
-10, 25, -0.2056039471266896
91, 9, 1.453373251159428
93, 8, -1.754025904225565
-9, 25, -1.754025905827388
81, 13, -1.42949170406022
17, 24, -0.6675278953404045
-8, 25, -0.6675278990447591
-7, 25, 1.292108328097631
29, 23, -0.2604832356688395
78, 14, 2.643941975486371
38, 22, 2.643941971255654
89, 10, -0.1546070618038594
-6, 25, -0.154607057975401
84, 12, -4.47642913893375
98, 5, -0.3210517824829418
102, 1, 0.6282198977910513
95, 7, 0.6282199073073084
-5, 25, -0.3516087763369071
71, 16, -0.4160942092475424
67, 17, 0.2950583757305132
-4, 25, 0.2950583708146953
52, 20, 1.856713765116917
18, 24, -0.4464626710627422
-3, 25, -0.1960939468093391
75, 15, 0.3361668411001727
46, 21, -1.539520566555151
-2, 25, -1.539520557173799
87, 11, -2.533119684682685
30, 23, -2.533119685701308
-1, 25, -1.867176581871523
97, 6, -0.3836998827946478
58, 19, -0.3836998849859128
39, 22, -0.1469434079882808
103, 0, 0.009111905123529732
19, 24, -0.9908880900389692
63, 18, -0.1835781781941287
0, 25, 0.768686315834706
1, 25, 0.5588019107266109
101, 3, 1.519747633801954
82, 13, -0.2529902659009379
31, 23, 1.034197556777125
92, 9, -0.5439246944590869
53, 20, -0.5439246822245914
100, 4, -2.582061033647595
20, 24, -2.58206103469398
102, 2, -0.6947008328281553
94, 8, -0.6947008241482097
79, 14, -0.1149652103477848
2, 25, -0.1149652055387216
72, 16, 3.737672046630344
85, 12, 0.2790877542771948
47, 21, 0.2790877543071368
68, 17, -0.5579449359290306
90, 10, -0.07504834289946104
40, 22, -0.4930731046938953
3, 25, 0.2657165876854657
99, 5, -1.298302736517079
96, 7, -1.298302729780914
103, 1, -1.466907289091012
21, 24, 0.3509592406550051
59, 19, 1.297012869522235
76, 15, -0.6280662388968103
4, 25, -0.6280662406813811
32, 23, -0.3174853635301083
64, 18, 0.3708650103459082
88, 11, -0.883568534302145
5, 25, 0.1525634032682012
54, 20, 1.005049131428756
98, 6, -2.295181494958064
22, 24, -2.295181503795213
48, 21, -0.4229520277365171
41, 22, -0.5538962277947805
6, 25, -0.5538962226358953
104, 0, 6.426885604935858
83, 13, -0.1690575029534385
33, 23, -0.1690575054408787
69, 17, -1.872399417153246
73, 16, -2.206342415771371
7, 25, -2.206342418120004
80, 14, -0.5251142909197567
102, 3, -1.490598748052436
93, 9, -1.490598751350545
95, 8, -0.5510625980853093
23, 24, -0.5510625945137548
86, 12, -0.5503953842851432
101, 4, 1.336443523190319
60, 19, 1.336443520178408
103, 2, 0.6018817844817298
8, 25, 0.6621850933586669
91, 10, -0.3818532080049784
65, 18, 1.758920126852599
77, 15, 0.6512690850351069
42, 22, -0.6755914384552713
97, 7, -0.650316979504924
100, 5, -0.3126512447037102
55, 20, -0.312651237248339
49, 21, -2.755931350986744
9, 25, -0.187543310551343
34, 23, -0.1875433187368535
104, 1, 1.080857589712891
24, 24, -6.818390224635631
89, 11, -0.198957036611778
10, 25, 0.3511560736715746
70, 17, 0.6785524360029882
99, 6, 0.3128313644203088
74, 16, 2.289401040218553
61, 19, 0.3010368693173736
25, 24, 0.3010368641889504
84, 13, 0.01514678204038225
11, 25, 0.01514675727789203
43, 22, 1.127044556599506
35, 23, 1.127044549145749
105, 0, 0.5281864661025655
81, 14, 0.1842890904136636
50, 21, 1.850529017667298
66, 18, 0.2747584506610051
56, 20, 3.066610218327259
94, 9, -0.5016220263440903
87, 12, -1.515967714989545
12, 25, -0.7858384077021499
103, 3, -1.315407159857253
96, 8, -0.6565907000525386
78, 15, 0.2740153532986164
102, 4, -1.407174047306292
92, 10, -1.407174048876214
104, 2, -1.436756076575345
26, 24, -1.436756080892445
36, 23, 0.6746209908899039
13, 25, -0.8996267867448985
98, 7, -0.8546162825101097
101, 5, 0.7469881104752127
44, 22, 2.779585823557896
105, 1, -0.7027753431534511
90, 11, -0.7027753464188274
62, 19, -0.7602751358316328
71, 17, 0.7486714406908808
51, 21, 1.293974952309073
27, 24, 1.293974943148913
14, 25, 0.259556632703482
75, 16, 0.4955475469137692
57, 20, -0.7729946933491918
85, 13, -0.5367092880149151
67, 18, -0.5367092889572685
82, 14, -1.385563107268264
100, 6, 1.023025609752836
37, 23, 0.7111725676235668
15, 25, -0.1270584823247745
106, 0, 1.770926889430422
45, 22, -0.4351536509499702
88, 12, -3.997008120911491
28, 24, -3.997008123795856
79, 15, 1.009889819839476
95, 9, -0.718401134212043
97, 8, -0.534328441311569
93, 10, -1.498725475466473
104, 3, 0.08161285494018321
16, 25, 0.08161286114684393
103, 4, -0.8783792899978752
52, 21, -0.8783793050817498
105, 2, -0.1682642419961617
63, 19, -0.1682642355769713
38, 23, 0.5854732866010167
72, 17, -0.2141019581181706
-13, 26, -1.329155792559471
58, 20, 3.151408051918206
-12, 26, 3.151408054449848
99, 7, -1.182724597558845
-11, 26, -1.182724598834041
29, 24, -0.1838797780679695
-10, 26, -1.884094713695634
102, 5, 0.7463811440776404
91, 11, 0.7463811351505928
17, 25, 0.7463811417051139
-9, 26, 0.7463811473540771
76, 16, -3.50267055809939
-8, 26, -0.08963381118332787
68, 18, -1.672627519172312
46, 22, -1.672627515875263
106, 1, 0.1040400000570141
-7, 26, 0.1040399957700437
-6, 26, 2.706790590992573
83, 14, 0.08412701520537751
86, 13, -0.3962690110276842
-5, 26, -0.3962690032943338
18, 25, 1.537539229714976
-4, 26, -1.162557682603323
39, 23, -0.5542383813300269
30, 24, 0.1213212321706314
101, 6, 2.542840521252228
53, 21, 2.542840518996582
-3, 26, 0.125104897602711
80, 15, 0.0489009249450505
89, 12, -0.9876909334525003
-2, 26, -1.574870106550119
107, 0, 0.02517852312298086
64, 19, -0.9748214705545896
96, 9, 1.410123574702088
19, 25, 0.6100727481226047
59, 20, 0.6100727513211515
-1, 26, 1.275316298897283
47, 22, -0.9462802825689416
98, 8, 2.65763368739502
94, 10, 2.657633663875199
73, 17, -1.774833455758531
0, 26, -2.876064464163052
105, 3, 0.4899476845549523
31, 24, 1.864050325131317
104, 4, 2.79244786862132
69, 18, 0.6986387557295907
77, 16, -0.4307601627458674
40, 23, -0.4307601484952946
106, 2, 1.35122992223136
1, 26, 0.9550800800404265
20, 25, 0.1213610602566122
100, 7, -0.7545579902717536
92, 11, -0.7545579882098303
54, 21, 2.180552140697799
2, 26, -3.5264665769627
103, 5, -0.4993450386533219
84, 14, -2.257435933342965
107, 1, -1.423529650299147
87, 13, -1.42352966231223
3, 26, -1.14682956280927
32, 24, 0.6865596008456295
48, 22, -2.056807928542752
21, 25, 0.1357907026255255
65, 19, -0.4338989607877845
60, 20, 0.8166842364577203
81, 15, 0.6212915874406704
4, 26, 3.261158377214542
41, 23, 1.740801107698698
102, 6, 3.051264799726997
90, 12, 3.051264795290238
74, 17, -1.520988048043818
5, 26, -1.520988054496974
97, 9, 0.3142568881173265
22, 25, 0.3142568811211949
108, 0, 2.306076606291359
70, 18, -2.884298290418199
33, 24, 0.2129890377491036
95, 10, 0.1986520717765647
55, 21, 0.3441626741625564
99, 8, 0.1787119960661093
78, 16, 0.5293362984959994
6, 26, 0.5293362811374067
106, 3, 0.04221500832444492
49, 22, 0.04221501086135455
105, 4, -1.154911605622012
42, 23, 1.382315783482903
7, 26, 1.382315778485322
93, 11, 0.04593948960175386
23, 25, 0.04593948450294885
107, 2, 0.7450342522834414
101, 7, -0.4484718279327316
61, 20, -0.4484718316526555
85, 14, -0.8864469274688888
66, 19, -0.8864469142599251
104, 5, -1.300916856583165
88, 13, -1.30091684541363
34, 24, 0.2938277307875468
8, 26, 0.2938277317001713
82, 15, -0.1103795015943447
108, 1, 1.805249861720386
24, 25, 0.1141290179631945
9, 26, 0.8750905664486761
56, 21, -1.858300826419254
75, 17, 0.7416427740531307
91, 12, -0.1857734558605643
71, 18, -0.2624086896478078
50, 22, 1.117847717626308
43, 23, 0.2651229120581911
103, 6, 0.8260491087873444
10, 26, 3.516898549492548
79, 16, -1.692068485554811
35, 24, -1.692068490411524
98, 9, -0.8871122870025951
25, 25, -1.591794475389914
96, 10, 0.1368561220925054
109, 0, -0.5240595881548566
62, 20, -1.59984996796319
100, 8, -3.736028476906132
67, 19, 1.235752887708505
11, 26, 1.235752889856135
107, 3, 0.2068190508257406
94, 11, -1.101352095469062
106, 4, 1.438585435882773
86, 14, 1.438585432792645
44, 23, 0.8216742159734068
57, 21, 0.4813745135336995
108, 2, -0.2231871254242859
12, 26, -0.2231871189748847
102, 7, 1.155391542198741
89, 13, 1.155391542089629
51, 22, 1.155391547251648
26, 25, 1.155391545692125
36, 24, -2.6610608144821
83, 15, -0.8603881026965341
105, 5, -0.09521543504446005
76, 17, -1.495998900308538
72, 18, -0.4545276030462396
13, 26, -2.909493008403212
109, 1, 0.9842665354101964
92, 12, -0.00930342464262492
27, 25, 1.225163015738651
63, 20, 1.225163019435753
80, 16, 5.106928982349747
37, 24, -0.1293943177642329
104, 6, -0.988609238563256
14, 26, -0.9886092428001021
68, 19, 1.012496300143076
45, 23, 1.012496295773776
99, 9, 0.2646633564643767
52, 22, 3.226007929890519
97, 10, 2.219118206879777
58, 21, 2.219118214406107
101, 8, 1.505168765759588
110, 0, -0.8791596713350278
15, 26, 0.08132127350953634
28, 25, -0.8981926777196809
87, 14, -0.7269605271437739
95, 11, -0.1419886278232689
108, 3, 3.08672969081694
84, 15, 3.086729701592957
90, 13, -0.8458874332690943
38, 24, -0.9746551458784578
107, 4, -0.03184873140039422
77, 17, -1.016412018067621
73, 18, -1.016412013314133
103, 7, 1.511566264430466
16, 26, -0.02939368536385869
109, 2, -1.082213799962387
46, 23, -0.3175771784507715
64, 20, 2.635792700225635
106, 5, 1.468868973513445
29, 25, 1.468868964093752
53, 22, 0.4916267878441773
81, 16, -1.738193235402332
69, 19, -1.738193223006321
-13, 27, 1.416137667688521
93, 12, 0.5163721349633009
-12, 27, 0.5163721313679466
59, 21, 0.3883644029729143
-11, 27, 0.3883644079381938
17, 26, -0.8071964160136555
-10, 27, -0.8071964142394468
110, 1, 0.02635556344311916
-9, 27, 0.2231949117942675
-8, 27, 1.818608307508517
39, 24, -2.002948340803665
-7, 27, 0.699353978893238
105, 6, 1.661855339889537
-6, 27, 1.661855351579404
30, 25, 0.2778240103710788
100, 9, -1.259180753929764
47, 23, 0.2972428872924989
-5, 27, 0.2972428862139301
98, 10, -1.364394996456108
18, 26, -1.364395018699704
-4, 27, -1.63061898526799
102, 8, -0.3072389631854797
88, 14, -0.3072389655375438
74, 18, 1.033982632469949
111, 0, -0.7919446489282527
-3, 27, 0.3383976300775817
78, 17, 0.2486906124943033
85, 15, -0.2360740973280351
65, 20, -0.2360740882215354
96, 11, 1.397083476127593
54, 22, 0.760024207441574
91, 13, 2.525703876412776
-2, 27, 0.3174072370039416
19, 26, 0.4443991567457408
40, 24, 2.366475185818843
60, 21, -2.189168049692314
109, 3, 0.6774461863433638
31, 25, 0.6774461930152361
70, 19, 0.7944630452721135
-1, 27, 0.794463060314382
108, 4, -0.9636182827694132
104, 7, -0.003613108447190731
110, 2, 2.913973940436007
82, 16, 2.913973943635131
0, 27, -0.6666039486248502
48, 23, 0.3594441748642356
107, 5, -1.0924540651072
94, 12, -0.3710047559497109
20, 26, -0.3710047429830668
1, 27, -0.6520886484354267
111, 1, 0.5272547772052764
32, 25, 0.5272547909780347
2, 27, 0.04992261429808632
41, 24, -0.7754286107680077
55, 22, 0.1774380248428039
66, 20, 2.615346859072549
21, 26, -0.564037910030013
75, 18, -2.679561411563476
3, 27, -2.679561420656635
106, 6, 0.2761899073254825
101, 9, -1.556693330999559
99, 10, 0.8262093586181715
79, 17, -1.354497824977485
89, 14, 0.7542038679109719
61, 21, 0.754203861608434
86, 15, 0.7256917962496473
4, 27, -0.4111739734291133
103, 8, 1.111416794674215
49, 23, 1.111416786756161
71, 19, -1.045498408915785
97, 11, 0.6699836117719815
92, 13, 0.6699836111655704
33, 25, 1.006500082431823
112, 0, 8.024023857779294
22, 26, 0.5841185759359583
5, 27, 1.000382991021045
42, 24, 2.237211362795605
83, 16, -0.6316443719993894
110, 3, -0.3734498585545371
109, 4, -0.4005203235381804
6, 27, 0.958561966400382
105, 7, 3.486685941814069
56, 22, -1.774476315248818
111, 2, -1.580535187609525
95, 12, 0.3587565118223065
23, 26, -0.7672657331650002
108, 5, -0.2580337932088781
67, 20, -0.2580337925268796
34, 25, 1.079951697127723
7, 27, 1.079951710397292
62, 21, -1.765750512417304
50, 23, -1.765750520570593
76, 18, -0.08239954417909626
112, 1, -1.545604954737087
80, 17, -1.545604973665645
43, 24, -1.54560496086393
8, 27, -1.545604967666225
72, 19, 0.5074010049675208
90, 14, 3.463674606655727
24, 26, 3.463674592985258
102, 9, 0.769217152975241
87, 15, 0.7692171571765477
100, 10, -0.1674246386247087
107, 6, -0.2447888738457538
9, 27, 0.1208161185029301
35, 25, -0.01335227008219436
93, 13, 1.735955273463725
57, 22, 1.73595530349395
104, 8, 2.678224754339171
98, 11, -0.1925429003971514
84, 16, -5.0648939724157
10, 27, 0.8836631867672962
51, 23, 0.002689292896790104
25, 26, 0.002689276034712528
113, 0, 1.74615614178836
68, 20, -2.83567792473356
44, 24, -2.835677898663454
63, 21, 2.611112644573749
111, 3, 0.9165309036774449
106, 7, -1.14564086995137
11, 27, -1.145640861121121
110, 4, -1.885290563242036
96, 12, 1.517534871698181
36, 25, 0.1346554056468412
77, 18, 0.862200890821928
112, 2, 0.1543516496246982
26, 26, 5.955750004046157
109, 5, -0.3108100213799386
81, 17, -0.3108100113309772
73, 19, 0.2549281137642322
12, 27, -0.3054185063585242
58, 22, -2.671997807620551
91, 14, 1.064405681912511
88, 15, 1.739789443912742
52, 23, 1.73736539919518
45, 24, -1.203678438747389
113, 1, -1.605764320158498
101, 10, -0.02428046983795653
103, 9, 0.8471421753169459
13, 27, 0.8471421779906436
37, 25, -0.471249540422027
27, 26, 1.561409900153408
108, 6, -1.403466059091538
94, 13, -0.4894150141259499
85, 16, -0.7619130419758354
64, 21, -0.7619130532357815
69, 20, -1.513455673910824
99, 11, 0.2949558577256957
105, 8, -1.22400127984696
14, 27, -1.949935469384285
114, 0, -6.318554624114665
78, 18, -4.108041312838696
28, 26, -2.084200682388057
59, 22, -1.015572780829017
46, 24, -3.398433913336896
74, 19, 1.141170300396317
38, 25, 1.141170304674395
97, 12, -0.6281190807367965
53, 23, -0.6281190968448822
15, 27, 1.61129198971766
107, 7, 0.3626642391292358
82, 17, 0.3626642290513197
112, 3, 1.19692594199814
111, 4, -0.7508413148558979
113, 2, 1.154857741345091
110, 5, -0.3875087948284005
89, 15, 0.03379077331993921
16, 27, 0.0337907962793031
92, 14, -3.326377474519192
65, 21, -0.2505077508019576
29, 26, -0.2505077630347921
70, 20, 0.312688801356572
39, 25, 0.1351470549354667
102, 10, -1.059009870981466
86, 16, -1.059009863197366
114, 1, 0.9701269613944399
104, 9, 1.835652967089887
47, 24, 1.835652978889858
-14, 28, -2.78806308742565
95, 13, -0.9978510026037197
-13, 28, -0.9978510233208441
-12, 28, 0.2051427532326877