d = 67, symClass = D, D = 8.839844
[6.725363246372144, 6.725407411447082], 6.725398551550034
1, 0, 1
2, 0, -1.657040816659147
3, 0, -0.534681160545163
4, 0, 1.742435673777667
0, 1, 0.5742202146601171
1, 1, 0.3921644089091822
2, 1, -0.2242756382195179
5, 0, 0.6434776009646509
3, 1, -0.8837592745223382
6, 0, 0.8875311827154864
4, 1, -1.044314142069218
5, 1, -0.3494063978723955
7, 0, -0.9221094898466141
6, 1, -1.391351014288543
8, 0, -1.225853182576014
-1, 2, 1.529565817930627
0, 2, -0.9532617839795604
1, 2, 1.42363822215383
7, 1, 0.2514579421525462
2, 2, -0.6531329793564585
9, 0, -0.7131975863098136
3, 2, 0.8789454320900523
8, 1, -0.8469974962888625
4, 2, 0.3700181208903913
10, 0, -1.061523301051825
5, 2, -0.1865495907198176
9, 1, 0.06304130935332472
6, 2, 1.464760122027567
11, 0, -0.8052110747291223
10, 1, -1.34141980824878
7, 2, -1.389528316446
12, 0, -0.9342084025193351
8, 2, 1.729798250739576
11, 1, -0.1741673127385992
-1, 3, -0.06925987213116221
0, 3, -0.3063334361468686
1, 3, 0.03551255911928514
2, 3, 0.4098237378083202
9, 2, 0.8738621481878425
13, 0, 0.174646411173134
3, 3, -0.210067900302594
12, 1, 0.09904380398910258
4, 3, -0.06458664811195072
10, 2, 0.5814287159504837
5, 3, -0.7032280696138543
14, 0, 1.527447256412386
13, 1, 0.3380366185862421
6, 3, 0.1230026373809775
11, 2, 1.08496402231551
7, 3, 0.2763847161562558
15, 0, -0.343250827734233
14, 1, -1.215694348218131
12, 2, 2.303270301677749
8, 3, -0.2878371928473306
16, 0, 0.2886202123190745
15, 1, 0.5777638653871453
9, 3, 0.4720226774542902
13, 2, 0.5544819352880216
-2, 4, -2.53311820061597
-1, 4, 0.4411717664675133
0, 4, 1.002823410561311
1, 4, -0.5254833295054523
10, 3, -0.4180402468014416
2, 4, -2.354263865248596
17, 0, -0.5608103518953567
16, 1, 0.2203054922072702
14, 2, -0.4170781201325794
3, 4, 0.1839038451727789
4, 4, 0.6834176545534687
11, 3, -1.243084705074923
5, 4, 0.9101200730559729
17, 1, -0.8830286109295701
15, 2, 1.334102516945207
18, 0, 1.180848112537013
6, 4, -1.459039723363645
12, 3, 0.5590113496414889
7, 4, -0.143036003157761
16, 2, 1.398158859770992
18, 1, 0.09237159947972746
19, 0, -1.225977986393154
13, 3, 0.5348318759660391
8, 4, -0.3892714426169025
9, 4, 0.2121588965423417
17, 2, 1.145515575476192
14, 3, -1.403640434311556
19, 1, 0.5620479583059608
20, 0, 1.116639784384778
10, 4, 0.3086565420815942
-2, 5, 0.7487070283294741
-1, 5, -0.4467314752498158
15, 3, 0.1867643442762097
0, 5, 0.3706222827702443
18, 2, -0.1036545831548147
1, 5, 1.200040242343592
20, 1, 1.499504480260217
11, 4, -1.674639735563479
2, 5, 0.04614118329815101
21, 0, 0.4946165869028751
3, 5, 0.4187642457474561
16, 3, -0.01645864854805238
4, 5, 0.2118779049140914
12, 4, -1.540399734978668
19, 2, 0.069618991065536
5, 5, 0.253127555810123
21, 1, 0.8351923609023214
22, 0, 1.338832263357848
6, 5, -0.3725850101151416
17, 3, -0.05729837621713042
13, 4, -0.9566681248414434
20, 2, 2.217751196477734
7, 5, -0.8082416449091363
22, 1, -0.02274487938605338
14, 4, 2.298573185078739
23, 0, -1.780283684976921
8, 5, 0.8735089887088233
18, 3, 0.7421665376600479
21, 2, 0.2187012779890815
9, 5, -0.9051073582080049
15, 4, 0.4858242947299035
23, 1, -0.2964319938803941
19, 3, 0.3867037170397663
10, 5, -0.1439464436494146
24, 0, 0.6620069931242142
16, 4, -1.817705637518434
22, 2, 0.2919465203280516
11, 5, 1.106598613760287
-3, 6, -0.8207086730078574
-2, 6, 0.1122897880321265
-1, 6, 0.8504313193310966
0, 6, 0.5089605804312503
20, 3, -0.00401953305723584
24, 1, 0.3796240294175299
1, 6, -0.5874673726836703
25, 0, -0.5890308819146662
2, 6, -0.05851249581169733
17, 4, -0.9240601437521265
12, 5, -0.2769311838600007
3, 6, -0.7617531598390673
23, 2, 0.1155815634430833
4, 6, -0.6804218450500591
21, 3, -0.1349768654771655
13, 5, 0.6848475271581257
25, 1, -0.4474208370029658
5, 6, 0.8446210108738254
18, 4, -1.446544298387485
26, 0, -0.2894711452957551
6, 6, 0.3489354595042846
14, 5, 0.09400291670512147
24, 2, -0.1637861411546332
22, 3, -0.8126202425957264
7, 6, -0.006658417153151666
19, 4, 0.305870021894349
26, 1, 0.7998002017107141
8, 6, 0.1034917292604811
15, 5, -0.5683579829947175
27, 0, 0.9170278457281061
25, 2, -1.299186308621916
9, 6, -0.4712472452086771
23, 3, 0.5712953908666453
20, 4, -0.6107266836116558
16, 5, -0.3072610653612705
10, 6, 1.162454499404392
27, 1, -0.4930871204377643
28, 0, -1.607550964913681
26, 2, -0.5603775057822965
21, 4, 0.1856594566607236
17, 5, -1.607671715301323
11, 6, 1.206920631875591
24, 3, 0.4531695042641347
-3, 7, -1.051946501544612
-2, 7, 1.195582728937845
-1, 7, -0.2723632589643554
12, 6, -0.1982060638082313
28, 1, 0.7475301465344317
0, 7, -0.5286127574375802
18, 5, 1.124748599599105
29, 0, 0.5559463512190758
1, 7, 0.007278954774666051
22, 4, -1.798136715352482
27, 2, 0.6973717893464294
2, 7, -0.2301741804441841
25, 3, 0.7985714217938492
13, 6, 0.2597175784889704
3, 7, 1.020563112176928
4, 7, 0.1921605545615648
19, 5, -1.288750060732037
29, 1, -0.1302378488887081
14, 6, -0.4553241876969775
23, 4, -1.888927276628353
5, 7, 1.614814328085004
30, 0, 0.5673624412717634
26, 3, -0.7503450955957011
28, 2, 2.009427015412537
6, 7, 0.3827743777483388
20, 5, -0.6697824190395457
15, 6, 0.09931905196072012
7, 7, -0.3620096547891498
24, 4, -2.421317045292565
30, 1, -0.4265843407673209
8, 7, 0.7126900823073137
31, 0, 0.4358703313027867
27, 3, -0.03327911967001396
16, 6, 0.4769834079307859
29, 2, -0.4061789033718665
21, 5, 1.007434192803043
9, 7, -0.4470125274478708
25, 4, -0.1469313523121213
17, 6, -0.4745246901878096
10, 7, -1.125470688540361
31, 1, 0.03569179049345525
22, 5, -0.9649175015260588
28, 3, 1.067464209125158
32, 0, 0.7472428248242212
30, 2, -0.9569409390276523
11, 7, 0.5486009894024477
18, 6, -0.7848666204084003
26, 4, -0.9179081224915634
12, 7, 0.2273363297303209
23, 5, -0.0582034362592883
-4, 8, 2.66448126290017
32, 1, 1.085346030591504
-3, 8, 0.7608367330197197
-2, 8, -0.7280525465212709
29, 3, 2.093132771563789
-1, 8, -1.936079437005645
19, 6, -0.3601944706065068
0, 8, -0.7050271604040189
33, 0, 0.4320445725927768
31, 2, 0.4131105753009361
13, 7, -0.1815185001978494
1, 8, -1.241562031353195
2, 8, 0.8703837347125715
27, 4, 0.7141713239478135
24, 5, -0.1416351347425809
3, 8, -0.9523020971345877
14, 7, 0.2078635137987679
20, 6, 0.6908446539313319
4, 8, 2.47634928016229
33, 1, 0.8781397020375311
30, 3, 0.7185624009624739
5, 8, -0.08677286116698735
34, 0, 0.9270296186713516
32, 2, -0.3651096464742444
15, 7, -1.167945801778089
28, 4, 0.4399202506721248
6, 8, -0.3020789179333667
25, 5, -0.2249212519366906
21, 6, 0.744434916476907
7, 8, 0.02447351536415886
16, 7, -0.6119372217375129
34, 1, 0.7423108082272611
31, 3, 0.8971031673251417
8, 8, -0.4830545144711134
33, 2, -0.02444025251838481
35, 0, -0.5915891152067325
22, 6, 2.058049547509907
29, 4, 0.4326040132614438
26, 5, 0.2153705533950989
17, 7, 1.486415435625824
9, 8, -1.197935702269904
10, 8, -1.506597323914679
32, 3, 0.6003341547945953
35, 1, -0.171517921019901
23, 6, 0.2681802017449729
18, 7, 1.016988464310012
27, 5, -0.3995220791848955
34, 2, 1.461709630189947
30, 4, -2.210176301067271
36, 0, -1.244337088248619
11, 8, 0.1419529533046834
19, 7, 0.3882934619948443
12, 8, 1.535623172901379
24, 6, -0.9253712484142053
33, 3, 0.09259843376229705
36, 1, 0.4647990247593189
28, 5, 0.6562864920160403
31, 4, -0.1547204390319882
-4, 9, 0.7774822539514202
-3, 9, 0.03581403905069119
13, 8, 1.171846984975618
35, 2, 1.019181469826615
-2, 9, -0.4025694135334065
37, 0, 0.9734893106375203
-1, 9, 0.2060890685411349
20, 7, -0.9835018439529241
0, 9, -0.4062962893879324
25, 6, 1.770274376541627
1, 9, -1.573016137645119
14, 8, 0.2362296772048768
2, 9, 0.5612242553344939
34, 3, 0.2885608489883477
29, 5, 0.7201667906316401
3, 9, -0.01870436039118385
21, 7, 0.8155779915902591
37, 1, -0.1589067980498067
32, 4, -1.469011809248063
4, 9, -1.418404134742012
15, 8, 0.1327955351463233
36, 2, -0.1519666125588345
38, 0, 2.031051990168036
26, 6, -0.8840459945952971
5, 9, 0.2599611662993782
6, 9, -0.2178355391855864
22, 7, 1.365287015707935
16, 8, 0.2768899601212776
30, 5, -0.89155583652439
35, 3, 1.535216408521252
7, 9, -0.948246182798731
33, 4, -1.066678194146243
38, 1, -0.5880349757907857
27, 6, -0.4636302543868664
37, 2, -0.4537673201904284
17, 8, -0.5439869713528815
8, 9, -0.4330630000570526
39, 0, -0.08892555477675831
23, 7, -0.4662635755734497
9, 9, -0.2698507110401724
31, 5, -0.3333313141654933
18, 8, -0.3462194955350047
36, 3, -0.05342884738444417
34, 4, -1.902819463326102
28, 6, 2.324419999124958
10, 9, -0.09087404671869707
39, 1, 0.07633144230727175
24, 7, 0.6161203664366997
38, 2, -0.9297700575887909
11, 9, -1.190789148146855
40, 0, -0.79127743163984
19, 8, 0.2653232406742849
32, 5, -0.08156014776210561
29, 6, 0.6674625297653702
12, 9, 0.03578716002242947
37, 3, -0.2078791920950918
25, 7, -0.4303892287879869
35, 4, -0.07435602945769836
20, 8, -0.3260302756901682
40, 1, 0.5278330395981259
13, 9, 0.8651521014306918
39, 2, 0.7465083118050072
-5, 10, 0.978887051402016
-4, 10, -1.240713979877646
33, 5, -1.978722953619729
-3, 10, 1.865024579416631
41, 0, -1.544025827532887
-2, 10, 0.7351571366565544
26, 7, -0.4023366906851578
-1, 10, -0.2620381079983328
30, 6, -0.3115694802511628
21, 8, 1.176263926631079
14, 9, 0.5215588146075443
0, 10, -0.6087521174166928
38, 3, 1.066286346549857
1, 10, 1.393063397587807
36, 4, 0.1098896659246493
2, 10, -1.988410058231447
15, 9, 0.3753616096223127
41, 1, -0.1457633629238831
3, 10, 0.8757802195307695
40, 2, -2.482110849475628
22, 8, 2.774621290872311
34, 5, 0.3650651862110305
27, 7, -0.5777515421336059
4, 10, -0.07746608929532024
31, 6, -0.2268540404961782
42, 0, -0.816539676499367
5, 10, 0.9126258788525321
16, 9, 0.818030689548912
37, 4, 0.4674506082007012
39, 3, -0.1810760355430272
6, 10, -0.6958092294181093
23, 8, 0.7405034639288965
28, 7, 0.9630243253853019
17, 9, 0.1622349884069763
7, 10, -0.08907691023628646
42, 1, 0.4800224517719942
35, 5, 0.1620729665640323
32, 6, 0.02938938954025777
41, 2, 0.1750240713496248
8, 10, -0.3536576930416561
43, 0, 0.5986319097127267
24, 8, 1.085132472440055
18, 9, 0.1609378675646325
38, 4, -0.11131168905709
9, 10, 0.1556550781529868
40, 3, -0.3177032004060683
29, 7, -0.1159950991295097
33, 6, -0.5806130793676502
10, 10, -0.4162029948092539
36, 5, -0.4033761956758467
43, 1, 0.1124050701881945
19, 9, -0.5070433877828658
25, 8, -0.4113926954401357
42, 2, -1.38502563585646
11, 10, 0.3879779378897382
44, 0, -1.406663665149575
30, 7, -1.351309982349894
39, 4, -0.4656681425623887
41, 3, 0.5136012644852599
20, 9, -0.6600435485822174
12, 10, 0.6159439955237285
34, 6, 0.09661425812538807
26, 8, 1.585831284126925
37, 5, -0.7177823080290654
44, 1, 0.3945098388301482
13, 10, 0.02508810813401796
43, 2, 0.2465784266802536
21, 9, -0.1476640053969616
31, 7, 1.549384404724732
45, 0, -0.4580104840070753
-5, 11, -1.083446818846319
-4, 11, -0.7993454432807277
40, 4, -2.331846711002255
27, 8, 0.1819505974030577
-3, 11, -0.1327437215006485
14, 10, 1.34173668218087
-2, 11, 0.3345984254667068
42, 3, 0.6506244341929558
35, 6, 0.2690308110393393
-1, 11, 0.1072977510057493
0, 11, -0.4616668988346316
38, 5, -1.220340686062818
22, 9, -1.295330891134766
1, 11, -0.7143892763931715
15, 10, 0.5658305137882577
32, 7, -0.02960858094734026
2, 11, 0.7412755775003848
45, 1, 0.8301979911809388
44, 2, 0.03482182744656322
28, 8, -2.420418710914646
3, 11, 0.01074930776170915
23, 9, 0.6385826373682729
46, 0, 2.94090854044197
16, 10, -1.448591678924001
41, 4, -0.9007160926603935
4, 11, 0.4562947528427733
36, 6, -1.233407883327373
43, 3, 0.1500989668592584
5, 11, 0.8844662747373403
39, 5, 0.03394089841885289
33, 7, 0.2436634727608044
6, 11, -0.4515918497574712
17, 10, -1.094000496358328
29, 8, -0.132046789325796
24, 9, 0.1554072758709657
46, 1, -1.090938573716142
45, 2, 1.568805632055044
7, 11, 1.333249833950097
37, 6, -0.9086987676790238
42, 4, -0.3520017542899647
18, 10, 1.501946027832053
47, 0, -2.100492819691258
8, 11, 1.345081593184807
44, 3, 0.822801076804707
40, 5, -0.5412458674030024
34, 7, -1.102948326210535
25, 9, -0.4936370431644744
30, 8, -0.8043751679857484
9, 11, -1.207833380126042
19, 10, -0.2507937079397788
10, 11, 0.3953477661527416
47, 1, 0.2107196743064462
46, 2, 0.483274260624056
38, 6, -0.6374266591362111
26, 9, 0.3917334412763482
43, 4, -0.9873962141484123
31, 8, -0.1040712090400883
11, 11, -0.316200464990639
20, 10, 0.2379739193030752
35, 7, 0.322392420216633
48, 0, -0.1547962051429646
41, 5, -0.6458410389035835
45, 3, -0.3087135908510246
12, 11, -0.6924189339161105
27, 9, 0.6300276878353792
21, 10, -0.03698360823701149
39, 6, -0.2969175769364254
32, 8, 1.280858948229619
48, 1, -0.6340308307151419
13, 11, 0.7173672476729577
47, 2, 0.9064973892554555
36, 7, -0.2601013399647264
44, 4, -0.3068433607277067
42, 5, 0.3175780633835946
49, 0, -0.147916022127222
22, 10, -1.832271990715212
46, 3, -0.6691038536353756
14, 11, -0.8872475033934033
-6, 12, 1.356951285363153
28, 9, -0.927431173069294
-5, 12, -0.1276785658537566
-4, 12, -0.115303657791923
-3, 12, -0.2358923749147479
-2, 12, -1.410952682791581
-1, 12, -1.067670632022127
33, 8, 0.895966798476589
15, 11, 1.218907264321381
0, 12, -0.5376719863131627
40, 6, 0.008236179067090951
23, 10, 0.3034081725538068
37, 7, -0.1942282251887961
1, 12, 0.1663526511002026
49, 1, -0.7126247856493945
48, 2, -0.6280125631546104
2, 12, 0.9725379514208504
45, 4, 0.2891098702004542
29, 9, -1.596721597678995
43, 5, -0.9250127559255289
16, 11, -0.1665007486838293
3, 12, 0.2808533588906007
50, 0, 0.9751926514698984
47, 3, 0.9516205344899119
4, 12, 0.06258525011719888
34, 8, 1.529081317859959
24, 10, 0.4586406817854568
17, 11, -0.7963635005476211
5, 12, 0.5985667731314526
41, 6, -0.162739194767892
38, 7, 0.1502709911516301
30, 9, 0.223256875728791
6, 12, 1.260964555639014
50, 1, 1.299114359908681
49, 2, -1.38154135458009
46, 4, -0.1917164742424882
25, 10, -0.119732569972589
18, 11, 0.3875265117196793
44, 5, 0.7759915287238131
7, 12, 0.7197375434204653
35, 8, 0.8538554897354327
51, 0, 0.3018274977152802
48, 3, -0.1169619066497119
8, 12, 0.714726087799936
31, 9, -0.689307413499905
39, 7, -1.512723367594242
19, 11, -1.458186204543386
42, 6, 0.2247188651155693
26, 10, -1.132432045394426
9, 12, -0.09894907253308588
50, 2, 0.7380449768474294
10, 12, -1.393490074487152
51, 1, -0.4190243623088789
47, 4, 0.459406566923857
36, 8, 1.520947845949557
45, 5, 0.04016394200037626
20, 11, -1.382229942543832
32, 9, -0.6747726634280755
27, 10, -0.1204441418869672
49, 3, 0.2242211761407064
11, 12, -0.7507170187870235
52, 0, 0.3039876404734687
40, 7, 0.3031245836014637
43, 6, 0.6331532612411847
21, 11, -0.9666454576267269
12, 12, -0.3679809906342746
37, 8, 0.696010587936177
33, 9, 0.6658229146874562
28, 10, -0.1529826908313829
48, 4, 0.1731559253077064
51, 2, 0.6845234851158342
46, 5, -0.2154488331207617
52, 1, 1.000326544747483
13, 12, -0.02711340362106851
22, 11, 0.1817202031690558
41, 7, 0.7181728780225483
50, 3, -0.007738039201528199
53, 0, 1.145841080725073
44, 6, 1.345097331381267
14, 12, 0.01296124906922435
29, 10, -0.9364656693200484
-6, 13, 0.8008795380675782
-5, 13, 1.104025016774491
38, 8, -0.5061670147031766
-4, 13, 0.2597535211332929
34, 9, 0.6602765214032557
23, 11, 0.3441199370065213
-3, 13, 1.205860481493258
-2, 13, -0.2743278832156936
15, 12, -0.4874783602326193
-1, 13, -0.3851707007571439
49, 4, 1.640785540794596
47, 5, -1.697757863615178
0, 13, 0.1005527095149188
52, 2, -1.323103631261719
53, 1, 1.410265355629052
1, 13, -0.5130460787988942
42, 7, 1.28257494710323
16, 12, -0.1091409913777668
24, 11, 0.07218302669164776
30, 10, 0.9384371458964902
2, 13, 1.00719494503928
51, 3, 0.4736113800772503
45, 6, -0.7136541157086053
54, 0, -1.520867824812973
35, 9, -0.5788743950061374
39, 8, 0.7590131184017576
3, 13, -0.160751854282106
17, 12, -0.6189650867963228
4, 13, 0.7330365975012252
25, 11, -0.6284036441967765
5, 13, 0.4942605574579549
48, 5, -0.4458216987422836
31, 10, -1.224341266788788
50, 4, 2.150504917365986
53, 2, -0.533616598010951
43, 7, 0.5606517128088165
54, 1, -0.07149220199422227
6, 13, 0.4012570366110932
18, 12, 0.7815886660141246
36, 9, 0.7454344982142038
46, 6, -0.9447279393225086
40, 8, 0.4280930128717351
52, 3, 0.7483871301380453
7, 13, -0.1246550274325228
26, 11, -0.3468959516908141
55, 0, -0.5173634956494365
19, 12, 0.1629308730524174
8, 13, -0.5249054340824706
32, 10, 0.5060564647999191
49, 5, -0.9978289025516028
9, 13, -0.8411298022852989
51, 4, -0.400433665938768
44, 7, 0.3241325059568066
37, 9, -0.4444382834876075
27, 11, 0.5900561855676053
20, 12, -1.22366405279599
54, 2, 0.8189874021463137
55, 1, 0.7214603631988548
41, 8, -0.3990248489120046
47, 6, -0.1203510947808609
10, 13, 0.009114059399028372
33, 10, -0.2104212812201569
53, 3, 0.8350225439967359
56, 0, 1.131462168603295
11, 13, 0.5956411015788581
21, 12, 0.07712279306769618
28, 11, -0.5352737513624416
38, 9, 0.1939387221078516
45, 7, 0.5397209404490727
12, 13, 0.14656809217922
50, 5, -0.8576755714971311
52, 4, 0.5892080119780211
42, 8, -0.3056833959538265
34, 10, 2.663558449711792
22, 12, -1.994717082175364
55, 2, 0.01663115107540629
48, 6, -0.7485460115376185
56, 1, 0.09448563585349588
13, 13, 0.06862898802011422
29, 11, 0.7216270933488144
54, 3, -0.05000509014149353
57, 0, 0.6573933569843156
39, 9, -0.2860897830602913
14, 13, 1.121725395564415
23, 12, -0.04232554010104965
46, 7, -1.616683846584814
35, 10, -0.8912566572383607
51, 5, 0.06391802751066906
43, 8, -0.8701304313251024
-7, 14, -1.411464013613423
-6, 14, 1.742648722223673
30, 11, -0.8024273405301564
-5, 14, 0.8807870425220407
-4, 14, -1.983201374985109
53, 4, 0.862161412205005
15, 13, 0.902904004769625
-3, 14, 0.1232086717030672
49, 6, 0.470373112985663
-2, 14, 0.4510952785111529
24, 12, 0.2098743960365953
56, 2, -1.238793041246428
-1, 14, 0.5123312249576467
57, 1, 1.118265511484974
0, 14, 0.8786088992059519
40, 9, -0.6203173080631078
16, 13, -0.3785901604972378
55, 3, -0.1826536893561619
1, 14, 0.2568453875946675
36, 10, -1.858742857993365
31, 11, -0.0419954046393058
58, 0, -0.9174494219329845
2, 14, -0.01422734959724401
47, 7, 1.186456793194715
25, 12, -0.2597328230158926
44, 8, 1.890931584742671
17, 13, -0.0998887870088031
3, 14, 0.4857771411013572
52, 5, -0.9333762817022151
54, 4, -1.152417372429547
4, 14, 0.3794970029879114
50, 6, -1.323735678060965
41, 9, 1.03819012469922
5, 14, -0.9588338936964811
57, 2, 2.032691759486585
18, 13, -2.208746894037449
32, 11, 0.7948239671344399
26, 12, -0.4318843857624116
58, 1, -0.4767116240979863
37, 10, 0.4258451802442689
6, 14, -1.69447174177588
56, 3, 0.001920767576187655
48, 7, -1.905364315108866
45, 8, 1.933151548503868
7, 14, -1.311729548795555
59, 0, 1.815474765332547
19, 13, 1.052126283141689
53, 5, 0.316128676420602
27, 12, -0.1145202621585322
8, 14, -0.3166241074007075
33, 11, 0.7125240037557194
55, 4, 0.8415817462251803
51, 6, -0.6122903910269383
42, 9, 0.7525552534208575
38, 10, 2.135141039867928
20, 13, -0.2520910003786455
9, 14, 0.2013007342366444
58, 2, 0.2132841114234669
59, 1, 0.09547237572275445
28, 12, 0.4793059652389509
46, 8, 3.128785657972265
10, 14, -2.671420693386093
57, 3, -0.3006314600692125
49, 7, -0.2324999379761591
34, 11, 0.2931222386269128
21, 13, 0.9524489058397055
60, 0, -0.5987644094431163
11, 14, 0.4535501072465468
54, 5, 0.6217327637025329
39, 10, -0.6383804262812839
43, 9, -0.9770561348780099
52, 6, 1.239601885097998
56, 4, -2.112557672295496
29, 12, -1.065333384788352
22, 13, 0.2102988902222091
12, 14, -0.6361425187233437
59, 2, 0.3061378217755782
35, 11, -0.8576070655786389
47, 8, 1.479626906630912
60, 1, -1.251905870612766
50, 7, 1.348128963115427
13, 14, 1.023701552405381
58, 3, 0.2905830187422345
40, 10, 1.109261465720177
23, 13, 0.1227410280525355
30, 12, -0.1660320972774392
44, 9, 0.3752397728194183
61, 0, -1.452207522281003
14, 14, 0.5997596327474544
55, 5, -0.1132147304958839
53, 6, 0.730316499426828
57, 4, -0.7371846262145382
36, 11, 0.5520763081550457
24, 13, 0.9738120753488313
15, 14, 0.1060476244002979
-7, 15, 0.6392682888015279
-6, 15, -0.400583151222904
-5, 15, -0.0421298065909196
48, 8, 1.705575584366767
31, 12, -0.2327393968451194
-4, 15, 0.4962535807272961
60, 2, 0.7050380635006134
-3, 15, 0.2399408283941712
51, 7, 0.3160966796655079
41, 10, 0.001603752263383046
61, 1, 1.381162969800441
-2, 15, 1.075152247655532
45, 9, 0.2499448462434028
59, 3, 0.3644978992416729
-1, 15, 0.02436914168712357
16, 14, -1.181332066410452
25, 13, 0.5735096908620755
0, 15, -0.1976104556291082
37, 11, -0.1634049866989767
56, 5, -0.421728084948419
1, 15, 0.03007368321144846
62, 0, -0.7185440145947258
54, 6, 0.0561768622453617
32, 12, -0.5006928472272105
17, 14, -0.09431679993545518
2, 15, -1.304899058641676
58, 4, 0.6728588472844699
3, 15, -0.6429709889957445
49, 8, 0.3020972063522567
42, 10, -1.665759520570033
26, 13, -0.03845262848182891
52, 7, -0.6499964611589378
4, 15, 0.03318704653250449
46, 9, -0.9410325378252402
18, 14, 0.7396413756859951
61, 2, 0.08707668860129614
38, 11, 0.1257187862830801
62, 1, -0.9088297613349876
5, 15, 0.0222301426136688
60, 3, -0.8021502916040112
33, 12, 0.8970892088517342
6, 15, -0.02513405820561655
27, 13, -2.126037415564742
57, 5, -0.01908498245297385
19, 14, -0.1116701833933636
55, 6, 0.1841006538810058
63, 0, 0.6586040299621777
43, 10, 0.9442713338353751
7, 15, -0.9895190817488562
50, 8, 0.2443623080714018
59, 4, 0.9265928939400825
39, 11, -0.4289053446910516
47, 9, 0.01547071713829401
8, 15, 0.8359590438489465
34, 12, 0.7849115489458748
20, 14, 1.8613041346071
53, 7, 0.8838637110795275
28, 13, 0.04496001308890841
62, 2, -0.05897514538984941
9, 15, -0.2250603297417702
63, 1, -0.7545476104282768
61, 3, -0.4637178214262924
21, 14, -0.8123624130051332
10, 15, 0.2641352685458521
44, 10, 1.595502103588254
58, 5, -1.096541638388066
56, 6, -1.764889996346235
29, 13, 0.4943419219010325
35, 12, -0.2174198919368275
64, 0, -1.526554583083316
51, 8, -1.146026785849701
40, 11, 0.8157495191044849
11, 15, -0.06977359881280024
60, 4, 1.005318630444999
48, 9, 0.008955633698567287
22, 14, -0.9107820815839822
54, 7, -0.5249675399534058
12, 15, -0.1131510517426118
63, 2, 0.5319528246280623
30, 13, -0.5051963264232037
45, 10, 0.5605551610353917
36, 12, 0.8241976407437279
64, 1, 0.5123571596330966
62, 3, 0.2079972489824199
23, 14, 0.3852735874708504
41, 11, -1.950165709597092
13, 15, -2.004534138301206
59, 5, -1.708507429597143
57, 6, -0.03705792991848787
52, 8, 0.964345558396878
49, 9, -0.5226066321239461
65, 0, 0.1131839092464357
14, 15, -0.3321783316345436
61, 4, 0.304967889554857
31, 13, -0.08658230993656571
55, 7, -0.2739746881481913
24, 14, -0.3752135914285324
37, 12, 0.3694714598835255
15, 15, -0.1350530807928868
46, 10, 0.09469165391049923
42, 11, -0.5336282458874546
-8, 16, -1.875552983603244
-7, 16, -0.2140057064428815
64, 2, -1.799147190963187
-6, 16, -1.257644753910481
-5, 16, -0.1803855107078371
-4, 16, 0.7663224176745211
65, 1, -0.841110211691696
25, 14, 0.1396353975453882
63, 3, -0.446462088189795
32, 13, 0.2754095488597017
-3, 16, -1.231904450688041
53, 8, 0.5065628422449115
16, 15, -0.1994685495482119
58, 6, -3.464519612997333
-2, 16, 3.20532146082786
60, 5, 0.06340448813033177
50, 9, -0.8767501641949886
-1, 16, 0.1591629488816935
38, 12, 0.5995364811018733
0, 16, 0.1650372354395255
66, 0, -0.7147319744881446
56, 7, 0.7795182325501752
62, 4, -0.6843754986245497
1, 16, -0.3061357966549557
17, 15, 0.968372681010084
26, 14, 0.2996009533318421
47, 10, -0.6163520934295694
43, 11, 0.7392549899838706
2, 16, 2.055986857315674
33, 13, -0.07512733512563811
3, 16, -1.324327295007014
18, 15, 0.2002993783406591
65, 2, -0.9795825345800144
4, 16, -0.9161329507250319
54, 8, -1.183613815714279
51, 9, 0.02991456451237479
39, 12, 0.5126028090150114
66, 1, -0.5124137136895091
27, 14, 0.8272617376441085
64, 3, 0.09015717448946146
59, 6, -0.4349264671703124
61, 5, -1.425338113493945
5, 16, 0.1837489910822576
34, 13, 0.2347674046833652
19, 15, 0.4042291984766815
44, 11, 0.842294794094027
57, 7, 0.3232894580054701
48, 10, 0.2337335296524843
6, 16, 1.574057963999953
67, 0, 1.340365986703891
63, 4, 1.326999895177366
28, 14, -0.3417079265588537
7, 16, -1.00845613752846
20, 15, -0.03965435028365601
40, 12, -0.7265406025853419
8, 16, -1.744481028577674
52, 9, -0.3757034263674193
55, 8, 0.1888828298528664
35, 13, -0.2509572214020262
66, 2, -1.458393273097795
60, 6, -1.188684753890306
67, 1, 1.113099109536321
65, 3, -0.6053026146078878
45, 11, 0.3429657415468172
9, 16, -0.4958277987371937
62, 5, -1.333991348473857
29, 14, 1.108238260020229
21, 15, 0.4330072910868209
49, 10, 0.6282234063715436
58, 7, -0.8271928323241383
10, 16, 0.145577244252109
41, 12, 0.7976806603173515
68, 0, -0.973354726062177
64, 4, 0.3854253659175918
36, 13, 0.2061322244376693
22, 15, 0.7346533463983331
11, 16, -0.5466376352626899
30, 14, 1.932707019573013
53, 9, -0.1861877646472387
56, 8, -0.3087590091297653
46, 11, -0.08047117225274256
12, 16, 0.3192710069282175
67, 2, 0.03821799934966485
61, 6, 1.28274404638435
23, 15, 1.515755515654547
50, 10, 0.3717769400823034
66, 3, 0.01157732988108146
68, 1, 0.4769361372111238
63, 5, -1.08036472292073
42, 12, -1.232870365435497
37, 13, -0.05732707560033153
59, 7, -0.588947210473369
31, 14, -0.1360511639633698
13, 16, 0.1054607522784076
65, 4, 2.176626443763944
69, 0, 0.9499384032114362
24, 15, -0.4679541041948741
14, 16, -0.04083276170844726
54, 9, 0.9911945748926642
47, 11, 0.7198213747035064
57, 8, -0.9126657340831552
32, 14, 1.010718330454916
51, 10, 0.1236187807772892
38, 13, -0.6059391183263402
43, 12, 0.1419757294505324
15, 16, 0.04152881998551242
25, 15, -0.4512285620117947
68, 2, -1.226971267200883
62, 6, -1.480657009753856
64, 5, 0.808971403327012
-8, 17, -0.6781895211001172
67, 3, -0.8527598179713465
-7, 17, -0.6923867418349382
69, 1, 1.340302541803199
-6, 17, 1.560263871403714
60, 7, 0.2284483973751619
-5, 17, -0.7156663846529658
-4, 17, 1.469435385128162
16, 16, 0.1122749273516857
-3, 17, -0.8321513894784291
33, 14, 1.019124508186311
-2, 17, -0.5671800347048875
48, 11, -0.6689953825117266
26, 15, 0.3839659827063968
66, 4, 0.03876153816713765
55, 9, -1.145256794437165
-1, 17, -1.303369792164905
70, 0, 0.9794085551073456
39, 13, -0.154061482787883
44, 12, -2.165500100502767
17, 16, 0.5750179502760508
0, 17, -0.8973413231859785
58, 8, -0.7153711788230069
52, 10, -0.3546973115648364
1, 17, -0.2029818872080535
2, 17, 0.6998357444512854
63, 6, -0.1156021549048351
27, 15, 0.4853869644332116
34, 14, -2.462136553653113
18, 16, 1.982741666417283
69, 2, 1.060830070409763
3, 17, 0.8485833962329355
65, 5, 0.2169161760391166
68, 3, 0.4458227697531964
61, 7, -0.234333558166425
70, 1, -0.1823890883235174
40, 13, -0.6935413086993903
49, 11, 0.1117390882264405
4, 17, 0.3229030486079755
45, 12, -0.2611413383396785
56, 9, 0.2562874398005362
19, 16, -0.4305859060048754
5, 17, -0.5446077599247789
67, 4, 0.1781715651875104
28, 15, -0.2218706961059986
53, 10, 0.435218120820364
71, 0, 2.015439901234296
59, 8, 1.027715347785352
35, 14, 0.171481519819693
6, 17, 0.2458323765126779
20, 16, 1.584901752532736
7, 17, 0.3351215034671309
41, 13, -0.2238253665136456
64, 6, -0.994959926081312
29, 15, -0.08523777494198205
50, 11, 0.2325376066835665
70, 2, 0.2839996755132506
66, 5, 1.243121392697183
62, 7, -0.8959766343815757
8, 17, 0.5495927662392551
46, 12, -0.4460705993280443
69, 3, 0.1579513375955885
71, 1, -0.2850896011354633
21, 16, 0.1624404119698025
36, 14, -1.681303920190238
57, 9, -0.2062750210796597
9, 17, 1.01267190711436
54, 10, 0.6616537174651348
68, 4, -1.536805801161644
60, 8, 2.324537972331414
30, 15, 0.0777543803227851
42, 13, 0.4748764207869723
10, 17, 0.2432993938389627
72, 0, 0.8742911444090602
22, 16, -0.2367929339574927
51, 11, -0.737004184757706
37, 14, -0.6914203568413939
47, 12, -0.5953125600703302
11, 17, 1.137719018617679
65, 6, -0.2944347258182582
63, 7, -0.05700838748631014
67, 5, 0.2402603565511195
23, 16, -0.1275072162673922
71, 2, 1.194061719725831
31, 15, 1.153581611268848
12, 17, 0.4922401605505309
70, 3, 0.763400200953728
58, 9, -1.175962258081396
72, 1, 0.2362295850020965
55, 10, 0.6970379130839041
43, 13, -0.4410974896106339
61, 8, 1.294658144874285
13, 17, 0.181680044433899
38, 14, -0.6402720858522203
69, 4, 0.3765283165079526
24, 16, -1.079628188044005
48, 12, 0.9739543227015255
73, 0, -1.959609605406289
32, 15, 1.087391641912855
52, 11, -0.3422878869147432
14, 17, 0.1700473159226399
66, 6, -0.1550895072630532
64, 7, 0.2888799859659408
25, 16, -0.618808291083364
44, 13, -0.6249073089724451
68, 5, 1.545400438544818
59, 9, -0.4999712759975816
15, 17, 0.3301141093333745
72, 2, -0.7660356646543721
56, 10, -1.082031438500556
39, 14, 0.09089186661286396
71, 3, 0.565995838204154
33, 15, -0.5929883258768383
73, 1, -0.3813351823107288
-9, 18, -1.090801861425867
62, 8, 0.2541234710875734
-8, 18, -1.286324480660669
-7, 18, -1.582971142960022
-6, 18, -0.0599607922571878
49, 12, -1.212750192122235
16, 17, -0.750204224562121
-5, 18, -0.4165351704345374
26, 16, -1.941168754517748
53, 11, -0.445676786375942
70, 4, -1.689723864700355
-4, 18, 0.6637431902945118
-3, 18, -0.4556311475045741
74, 0, -1.610337778751597
-2, 18, -0.3420032804981639
45, 13, 0.1413016412874274
34, 15, 1.360431807098831
17, 17, -0.2206414709580468
-1, 18, -1.187530792471595
40, 14, 1.626986285490205
67, 6, -0.04710744355305011
0, 18, 0.6800670193058593
65, 7, -0.07080412569415952
27, 16, 0.4360560293044023
60, 9, 0.001729960426520367
57, 10, 0.8109026626110183
1, 18, -0.3377108548026856
69, 5, -1.748840787504546
73, 2, 1.468925029639249
18, 17, -1.339630329940144
50, 12, -2.931254468464185
2, 18, 2.602712268705094
72, 3, -0.2031301996225634
63, 8, 1.347071958293261
74, 1, 0.4948122360962482
54, 11, -0.3512220009647413
3, 18, 0.3133457249227046
35, 15, 0.1770234201701866
28, 16, -0.2469813047183501
46, 13, 0.5573687418228866
41, 14, -0.416430136915695
4, 18, -0.9268656756519815
71, 4, 0.3865580309358311
19, 17, 0.8552135305831202
5, 18, 0.4031531693951911
75, 0, 0.3165322665499291
68, 6, -0.4816192277193282
58, 10, -1.197315009331049
61, 9, 1.286126834579189
66, 7, -0.1361350336546318
6, 18, 0.0318407660208456
20, 17, 0.282158464895628
29, 16, 0.8280754788915132
51, 12, 0.4942909496420916
36, 15, 0.1475667746724942
70, 5, -0.777609760222013
7, 18, 0.1367810970576943
42, 14, -1.350449861492603
55, 11, 0.2811738388942293
74, 2, 0.2586578994868944
47, 13, -0.5455223706515233
64, 8, 1.036422905527137
73, 3, 0.2729495882310997
21, 17, 1.18153310680416
8, 18, 2.349333331249445
75, 1, -0.7088688431002335
30, 16, -0.2207439638046223
72, 4, 0.1619144181626475
37, 15, -0.05846990786276069
9, 18, -1.015220329812588
59, 10, -0.1507098000035245
22, 17, -0.4455731793620564
76, 0, -2.135982481712575
52, 12, 0.9290011058595726
62, 9, 0.02985939999440569
43, 14, -0.5722693065020286
69, 6, -0.06180677152980973
10, 18, -0.4261984068815682
67, 7, 0.8192907859963401
48, 13, -1.059230878276258
56, 11, -0.1953704426701496
31, 16, 0.1210595860711275
71, 5, 1.033026171213623
11, 18, 0.519415151093649
65, 8, -0.5157138667848237
23, 17, -0.4592536802404105
38, 15, -0.2479514962642401
75, 2, 0.8500956788899863
74, 3, -0.3107309387832427
12, 18, 0.3644605165332659
76, 1, 0.6849138104165013
44, 14, -2.26033475492272
32, 16, -0.06405757343363944
73, 4, 1.234727449832337
53, 12, 1.271737416449537
24, 17, 1.034551709704008
60, 10, 1.47578178224884
49, 13, -1.042468427285508
13, 18, 0.781508989448221
63, 9, -0.1798893769321743
77, 0, 0.7434126860738073
39, 15, -0.3674290763849967
70, 6, -2.537530300122184
68, 7, -1.443411722018257
57, 11, 1.276133382929147
14, 18, 1.575396518666763
25, 17, -1.2924876349322
72, 5, -0.03720625371509342
33, 16, 0.9775352194502194
66, 8, 1.770620290668726
45, 14, 0.243359023677605
76, 2, 0.9758408084282671
75, 3, 0.239891077965866
15, 18, -0.4529369195584357
54, 12, 0.7751483008617395
77, 1, 1.630084251871758
50, 13, -0.9165729451527145
40, 15, -0.1836576949733943
61, 10, -0.2648075187959391
26, 17, -0.5902496640464965
74, 4, 0.7543107996267207
-9, 19, -0.8053699766734488
64, 9, -0.00291082636924179
-8, 19, -0.2447267034977829
34, 16, 0.895499782071622
16, 18, 0.7102674570696837
-7, 19, -0.7560881059888206
58, 11, 0.5466069736455372
-6, 19, -0.1044756905121245
-5, 19, -0.3408194701158657
69, 7, 0.08867562657612973
-4, 19, 0.43061070820967
71, 6, 0.1736602301427159
78, 0, 0.1538092397842306
-3, 19, -0.6570620123297307
46, 14, 0.7511481552897084
27, 17, -0.5165978896759517
17, 18, -0.4243322643823811
-2, 19, 0.5302898742750364
67, 8, -0.5395730770404327
73, 5, -0.7934681600172202
-1, 19, -1.12538126645959
41, 15, 0.4538310543343941
55, 12, 0.7234097880509226
51, 13, 1.178515344240626
35, 16, -0.5629057558968421
0, 19, -0.7043901626342943
77, 2, 0.8528955289545341
18, 18, 0.4636834822017979
76, 3, 0.005865992638846376
1, 19, 0.9672958894547676
62, 10, 0.5665522036313638
28, 17, 1.646712717196125
78, 1, -0.8546612183917919
2, 19, -0.9695692822955526
65, 9, -1.328329342170924
59, 11, 1.132633003740863
75, 4, -1.153462141357724
47, 14, -1.126185682954048
3, 19, -0.499676992718484
19, 18, -0.1864626492380264
42, 15, -0.04940462114352068
70, 7, 1.237444662322766
36, 16, 0.3708190556588629
72, 6, 0.08872995843859487
4, 19, 0.3662693189787138
79, 0, -0.8348964172005551
29, 17, 0.8132499197181373
52, 13, -0.1828623074925155
68, 8, 1.997468099389165
56, 12, -2.443328134806958
5, 19, 0.6831771332187686
20, 18, 0.1441353123057298
74, 5, -0.9117904693747124
6, 19, 0.5360229899453404
63, 10, 0.9099651308939515
78, 2, -0.127816007928712
48, 14, -1.018686099102064
77, 3, -0.1337558170250339
37, 16, -0.04043390149928133
60, 11, -0.09960991845647452
43, 15, -1.204866354724921
7, 19, -1.195965250464844
30, 17, -0.5297805862132509
66, 9, 0.4360573663411136
21, 18, 0.004326414494994347
79, 1, -1.702837204810861
76, 4, 0.9778186822910656
8, 19, -0.4853398909408108
71, 7, -0.9960453183286787
53, 13, 1.232665380126666
73, 6, 0.6179640719517403
57, 12, -0.1632612083374719
22, 18, 1.976453107071503
9, 19, 0.433217885159332
80, 0, 0.1873847271196107
69, 8, -0.3499846650940138
31, 17, 0.143132898698283
38, 16, -0.4442648022298543
49, 14, 1.28158931403976
44, 15, -0.3033302653828213
75, 5, 0.3700694409959418
10, 19, -0.4312072676764263
64, 10, 0.139561008394739
61, 11, -0.2503415059760032
23, 18, -0.119967958396309
79, 2, -0.3256975034518318
11, 19, -0.1611494253497198
67, 9, 0.2074469255277181
78, 3, -0.4272999216681949
32, 17, -0.5416707447125804
54, 13, -0.4799652337402813
80, 1, -0.1284684874954731
39, 16, -0.2980682675302504
58, 12, -1.105211888332028
77, 4, -0.4294373622207208
12, 19, 0.6156409788419395
24, 18, -0.05624881329312319
72, 7, -0.99018917600939
45, 15, 0.3021013857691234
74, 6, 0.3462888232624569
50, 14, 0.7096254094372028
70, 8, 0.1307589848505709
13, 19, 0.1559334791865958
81, 0, 0.2222741272315842
33, 17, 0.5458130259963246
65, 10, 0.354948022240113
76, 5, -0.8077137809225564
62, 11, 0.7683418998403376
25, 18, 1.380821452727091
40, 16, 0.2282143634925488
14, 19, 0.05944776152560302
68, 9, 0.2042408505716904
55, 13, 0.04061944891180565
80, 2, -0.8773322676204582
79, 3, -1.748905909569753
46, 15, 1.636491092867537
59, 12, -0.4949420576090992
51, 14, -1.514387833524393
34, 17, 0.1255244611266461
15, 19, 1.414049717349539
26, 18, -1.435411154482082
81, 1, -0.1560844156450207
78, 4, -1.240185395547648
73, 7, -0.03901673260941407
75, 6, 0.6957474198899293
41, 16, 0.7765544576720056
71, 8, -0.06583447676259545
16, 19, 0.1979815777062941
-10, 20, -1.623863648592014
-9, 20, 1.046727151480436
-8, 20, 1.305027042174945
-7, 20, 1.390071587519841
66, 10, 3.275884148500755
-6, 20, -3.089373357962049
63, 11, -0.2182677507307579
27, 18, -0.6282144904245666
82, 0, 2.557588722927981
-5, 20, 0.2823871424610952
35, 17, -0.6688652657380874
-4, 20, -0.7741840555421865
56, 13, 0.6411351422329604
77, 5, -0.5285313347348639
47, 15, 0.4463791092845483
17, 19, 0.4904408731431962
-3, 20, 0.1563078050723214
69, 9, -0.3060311154055534
52, 14, 0.6642267488642245
-2, 20, 0.4326723081604104
60, 12, 0.328025598500651
-1, 20, -0.2265729750763382
42, 16, -1.949207257029677
81, 2, -0.09732558013743957
80, 3, -0.2851498702539151
28, 18, -0.8624516366015829
0, 20, 0.6401995404114502
18, 19, -1.003607269740466
36, 17, -0.5584755635139861
1, 20, 0.6294942234038681
82, 1, -1.280220362786601
74, 7, -1.34137003837893
79, 4, 0.4322171382927295
76, 6, -1.762303014377641
2, 20, -2.30729720048127
72, 8, -0.07734463794203472
48, 15, 0.1657177664276511
64, 11, -0.892138955601406
67, 10, 0.9012412839914555
19, 19, -0.8749855505214345
57, 13, 0.1106579797018981
3, 20, 0.03248664281359155
29, 18, -0.5989055369125343
53, 14, -0.8784379831895028
83, 0, 0.7239555970386772
43, 16, -0.1716149045111852
4, 20, 2.091419414643635
78, 5, -0.0538289487146712
61, 12, -0.2843725211826575
70, 9, 0.07097499910377433
37, 17, 0.05663356571106883
20, 19, 0.129715362609061
5, 20, -0.338375227701644
30, 18, -0.6233721686810878
82, 2, 0.2402947712283691
6, 20, -1.450907340851476
81, 3, 0.2641428802943842
49, 15, 0.7992602830791448
21, 19, 0.3746616508829347
75, 7, -0.6021370590646719
83, 1, 0.7502651464742801
7, 20, -0.2409520504046441
58, 13, 0.04565553295340729
80, 4, 2.610894121572406
44, 16, -2.917969298365235
65, 11, 1.039945516309017
73, 8, -0.5920743267805728
77, 6, -1.042513305972329
38, 17, 1.163407072600319
68, 10, -0.6031726774167979
54, 14, 0.9550778421960936
8, 20, 0.08114521430565187
31, 18, -1.159613515394414
62, 12, 0.3727885701803402
22, 19, 0.6243626558186112
84, 0, 0.8597324084533033
71, 9, -1.196370680106812
79, 5, 0.3111509696181914
9, 20, 0.2462433095687789
50, 15, -0.2684088995927921
45, 16, 2.142480676567093
39, 17, -2.093619260635057
10, 20, -1.510122234215408
23, 19, 0.4789124173556048
32, 18, -1.355406773671406
59, 13, 0.07553148251166424
83, 2, 0.5618439700160637
82, 3, 0.297893637641198
55, 14, 0.4700019162010776
66, 11, 1.121653446849278
76, 7, 0.9015166753678494
11, 20, 0.5637647451048088
69, 10, 0.2383155952109768
74, 8, -0.7718857939126834
84, 1, -1.221785277064597
81, 4, 0.7071329872974566
78, 6, 0.3009047022582435
24, 19, 0.09497271013428329
63, 12, -0.1004119671884138
12, 20, 0.7300674823683156
33, 18, -0.6468776217245722
51, 15, 0.8599680113558336
40, 17, -0.4499614642234585
46, 16, -1.222716646981192
72, 9, 0.6026744631254711
85, 0, -0.3554665992806288
80, 5, 0.1434899136977589
13, 20, 0.155488930333898
25, 19, -0.1274682111405527
56, 14, -1.5950549407961
60, 13, -0.2005225301022154
34, 18, -0.267587308729329
14, 20, 0.1515575670711579
67, 11, -0.3118817819522663
83, 3, -1.667873795094939
41, 17, 1.260991054121862
84, 2, -0.7929287276340545
70, 10, -0.266188968810359
77, 7, 0.1604683731210804
26, 19, 0.2282682191081647
52, 15, 0.9350549746339258
64, 12, -0.03125984849516783
75, 8, -0.224620961354512
47, 16, -0.3043181276998326
82, 4, -0.2888356446312155
15, 20, 0.1166962333292463
85, 1, 1.076156947635302
79, 6, 0.3047907609276259
73, 9, -0.4589573401823712
35, 18, -0.2467433440275263
16, 20, 0.3715064708439638
57, 14, -0.705480475918043
27, 19, 0.6805962037352385
61, 13, -0.7584712795936186
-10, 21, -0.7309200884432123
-9, 21, 0.5626252568485437
81, 5, 0.185492032576898
42, 17, -0.0185327695672855
-8, 21, 0.8707002667787826
86, 0, -0.9900092400869912
-7, 21, 0.06288975274460387
-6, 21, -0.640370836957711
-5, 21, 0.9463942095026385
48, 16, -0.2554593818530237
68, 11, -1.711741514272926
-4, 21, 1.113274863387063
53, 15, -0.2132679629245519
17, 20, 0.6092233176388463
-3, 21, 0.1452878524229212
71, 10, 0.6969907826227439
36, 18, -0.262964886819499
65, 12, -0.832101664053449
28, 19, -0.1885961688190636
-2, 21, -1.020065025950277
84, 3, -0.4003017545084633
85, 2, 0.7524611396793331
78, 7, -0.6988907052759606
76, 8, 0.1179352517164782
-1, 21, 0.342601490086181
18, 20, -0.2561573431420395
80, 6, 0.5230876265988343
83, 4, 1.978617566395681
43, 17, 1.744273953212525
0, 21, 0.2850441153773694
86, 1, 0.9612736243266931
58, 14, 0.1939453433942048
74, 9, -0.7572093388031669
1, 21, 0.6626831693795365
62, 13, -1.389624311955178
29, 19, 0.4821545854225351
49, 16, -0.1087453396890011
19, 20, 0.2088500475113213
37, 18, 0.4286684228180512
2, 21, 0.01316395241789596
54, 15, -0.6018182519379844
82, 5, -0.06180026964607696
87, 0, -0.2968734741594782
3, 21, -0.003020131453744342
69, 11, -1.443260213792277
66, 12, 0.9615968929862233
44, 17, 0.09936381007673406
4, 21, 0.07644589778827125
20, 20, 0.4356195343815842
72, 10, 0.6663987601973994
30, 19, -0.5864884291162404
79, 7, -0.4456390925523634
5, 21, -0.5342892025473296
85, 3, 1.446825807481321
77, 8, -0.9673578673870761
86, 2, -0.1864455558199332
38, 18, 0.8378890719884523
59, 14, -0.3884653536872757
50, 16, 0.6849315522663227
81, 6, -0.3746796826473886
6, 21, 0.1229715925249648
63, 13, 0.5672852312295529
21, 20, -0.8536190712294821
84, 4, 1.458842474525193
87, 1, -0.6347088353853211
55, 15, -0.7956458280014768
75, 9, -0.4284368895855911
31, 19, 0.07787754898685961
7, 21, -0.03220339507289476
45, 17, -0.6540162227272212
22, 20, -0.6405009082295113
70, 11, 1.291743356001297
83, 5, 2.042437517581709
8, 21, 1.821242728175318
39, 18, -0.13908784563021
67, 12, -0.4913012205862529
88, 0, 0.9904905626839602
73, 10, -0.7733840605239047
9, 21, -0.5453136972273831
51, 16, 0.3016826927244755
32, 19, -0.3206330704128003
60, 14, 2.23891488117189
23, 20, -0.8090410460984275
80, 7, -1.255879920572686
78, 8, 0.7740904719159225
64, 13, -0.8222219798221595
56, 15, 0.04279315477554419
86, 3, -1.252627938969264
10, 21, -1.0143386201952
87, 2, -0.1755964449282211
46, 17, 0.2063275932591154
82, 6, -0.8503767301124279
40, 18, 1.091180279691892
85, 4, 0.4185569662997542
76, 9, -0.1746548274747791
88, 1, -0.05533680162243501
11, 21, -0.5558270770870662
33, 19, -1.528459913978466
24, 20, -0.6460865354775573
71, 11, 0.5941115580802074
68, 12, -0.103208662597465
52, 16, -1.668711616749939
12, 21, -0.1032608226153498
84, 5, -0.07022307529352437
61, 14, -0.1956023369329933
74, 10, 1.190484163698255
89, 0, 0.7077064994182696
47, 17, -0.2849116204363704
25, 20, 0.5821171507458329
41, 18, 1.089322833760768
57, 15, 0.6904742571719703
34, 19, -0.8029930918548005
13, 21, 0.8839097581686127
65, 13, -0.06156200294207581
81, 7, 0.4586061718045099
79, 8, 0.1287810929513445
87, 3, 0.06970351325039635
14, 21, -0.3771908794520896
88, 2, -0.6513671720416503
26, 20, -0.0463071716565921
83, 6, -1.376162962083221
77, 9, 1.025785203794334
53, 16, -0.1699019878094403
86, 4, -0.403018060984275
89, 1, 1.978932281532159
35, 19, -1.916377127900129
42, 18, 0.2442173589103059
72, 11, 0.07073060885162395
48, 17, 0.8604435217441998
69, 12, 1.012121174924714
15, 21, -0.8635591488658046
62, 14, -2.566090712374244
58, 15, 0.2775441311918233
27, 20, -0.06168173873946192
85, 5, -0.5641724129409
75, 10, 0.8577157747175773
66, 13, 0.4775229760135317
16, 21, 1.324063961594745
90, 0, 0.7570093864887084
-11, 22, -1.232982290783909
-10, 22, 1.791437503581287
-9, 22, -0.3132944945969663
-8, 22, 1.32692458788859
36, 19, -0.2101944165637093
-7, 22, 0.2557635928160164
80, 8, 1.644814363348046
82, 7, -1.104033643929841
43, 18, 1.03378409071137
54, 16, -0.301725306344652
-6, 22, 0.2207925080409319
17, 21, -0.03203985932453752
-5, 22, 0.9891386487621787
28, 20, -1.410596592104843
49, 17, 0.9442384449799471
-4, 22, -0.5553400326889093
88, 3, 0.4594303676822482
78, 9, 0.4004607687069617
89, 2, 0.4156260563536649
-3, 22, -0.8113483697929535
84, 6, -1.076184791361007
63, 14, -0.80649580324333
70, 12, -0.446387460516965
-2, 22, -0.180438722449177
87, 4, 0.9523905344660586
73, 11, -0.008495877232496046
59, 15, 0.4906410210875021
18, 21, -0.2052244372460534
90, 1, 0.1863584310814712
-1, 22, 0.553352246260549
37, 19, 1.249872961888689
29, 20, 0.5828121997433645
0, 22, 0.7685797888457541
67, 13, 0.2770532632325728
76, 10, 2.016841972540979
44, 18, 2.145999175596569
86, 5, -0.2288696542445691
1, 22, -0.3460967651955268
55, 16, 0.6625022477792535
19, 21, -0.7049620392219336
50, 17, 1.072303654455506
2, 22, 1.184362851041018
91, 0, -0.1605959441811656
81, 8, 0.708973620640477
30, 20, -0.9339506934915194
83, 7, -1.364877068782401
38, 19, 0.2757720080386908
3, 22, 1.12728508444904
20, 21, -0.9580737177184269
64, 14, 0.0500377674547413
60, 15, 0.3586418367599334
79, 9, 0.1392082141201097
4, 22, -1.226996461857194
89, 3, 0.9215365392290921
71, 12, -0.8844811921098137
45, 18, 0.1324526941258111
85, 6, -0.8360520369872494
74, 11, 0.4041586256125461
90, 2, -1.372943134670503
5, 22, 0.04172307805688854
88, 4, -0.03758312594196474
21, 21, 0.1940689814333716
68, 13, -0.7121755638760786
51, 17, 0.496265191474776
31, 20, 0.3257660925569699
56, 16, 1.704662805021141
91, 1, -0.8516347321067073
6, 22, -0.01657421129667261
77, 10, 1.487772594808052
39, 19, 1.046993178175327
87, 5, 0.2505403858523545
7, 22, 0.5838572222159163
22, 21, 0.9157048138546905
46, 18, -1.061129181361371
61, 15, 0.4552976090948883
92, 0, -3.093354298135965
32, 20, 1.524489429231366
65, 14, 0.3608713338695258
82, 8, 1.492205931667149
8, 22, -0.752389685244933
84, 7, -0.09064970773435087
72, 12, 1.29623781939154
80, 9, -0.3316459056794979
40, 19, 0.009865572040568945
52, 17, 0.4984845613014731
75, 11, -0.5498354481201463
9, 22, 0.5958992030220291
23, 21, -2.050745820958711
57, 16, -1.268727797516881
90, 3, 0.2289289326457373
86, 6, -0.2502254079294163
91, 2, 1.66708933657233
69, 13, -1.339340071576833
10, 22, -1.464855938987297
89, 4, -0.04967809679365064
33, 20, -0.2789492837097184
47, 18, 0.06403535399235427
78, 10, -0.05855546981656086
92, 1, 0.7172802979037668
24, 21, -0.3816591682373245
11, 22, -1.147878165687368
41, 19, 0.4513224723045183
62, 15, 0.0809026886372458
88, 5, 0.2650988547583493
66, 14, -0.3994747148596549
53, 17, 0.4265122689115574
12, 22, 0.7420970514573787
34, 20, 1.806000352752649
83, 8, 0.2572856019271496
58, 16, 0.2196919477880759
25, 21, 1.645151012373151
93, 0, -0.2331513605223636
85, 7, -0.2137048790170593
73, 12, -0.7138393068421448
81, 9, -0.04367209768605965
76, 11, 0.9298872271911539
48, 18, -0.2561843548341713
70, 13, 0.3808456742092518
13, 22, -0.3938524831794616
42, 19, 0.6358164045243043
87, 6, 0.2179122880884074
91, 3, -1.419506995401767
92, 2, 1.803867024039877
26, 21, -0.3064103269826509
35, 20, -0.08898364589623337
79, 10, 0.9299948632701027
90, 4, -2.598426762453562
14, 22, -2.207205736524662
63, 15, -0.5400062448889
54, 17, -0.25356623861
93, 1, 0.4529458271807716
67, 14, -0.2874503763264289
59, 16, -2.124251034136022
15, 22, -0.517211925450077
89, 5, 0.4991340251109489
49, 18, -0.01093431767525811
27, 21, 0.2378091634123821
43, 19, 0.509624579273683
74, 12, 1.501534786252811
84, 8, 0.36966678994248
36, 20, -1.579441679259973
86, 7, 0.7688912591935939
77, 11, -0.2024322810496776
94, 0, 3.476774186679167
16, 22, -2.225177018050298
71, 13, -0.9898120935292809
82, 9, -1.014752674278612
-11, 23, -0.1071389454193847
-10, 23, -0.2206219425674777
-9, 23, -0.1046015685712586
28, 21, 0.05902901745770708
55, 17, -1.022904400541078
-8, 23, 1.077810201162412
64, 15, 0.08497886818762825
-7, 23, 0.02364817691965208
88, 6, -1.363140025167457
17, 22, -0.2046460239616173
-6, 23, 0.1807522623852601
92, 3, 0.1007685832920826
80, 10, 0.8962767717975143
93, 2, 1.109705598502903
-5, 23, 1.086744864190325
68, 14, 1.827863067585677
50, 18, 0.8203372209338652
44, 19, -0.3948186874320745
37, 20, 0.5843318844597298
60, 16, 0.8467925937662564
91, 4, -0.05555699722583611
-4, 23, 0.6562487494436109
-3, 23, -0.5609128379153002
94, 1, -0.1658531917222725
29, 21, 0.06960387202710251
18, 22, 1.997432076268888
-2, 23, -1.174148554111474
-1, 23, 0.4941021317613369
75, 12, 0.08048663828540871
90, 5, 0.05741752825101343
85, 8, 1.074502114756306
72, 13, -0.06977701255180563
0, 23, -1.018069572880737
78, 11, -1.184645999381725
56, 17, -1.801923377546524
38, 20, 0.4157128152244536
19, 22, 0.5485865172307409
87, 7, 1.07107343303697
83, 9, -0.2021439415334916
45, 19, -1.931374334124363
1, 23, -1.876059071478494
95, 0, -0.7855377031692761
65, 15, 0.3431658325456886
51, 18, 0.2541240486996623
30, 21, 0.6020301058868264
2, 23, -0.2495659125968506
61, 16, -0.5283647100767795
69, 14, -0.6229472172043878
89, 6, -1.046293978423492
20, 22, -0.6538548198916974
81, 10, 0.9835068688515739
3, 23, -0.4908553910055663
93, 3, -0.01929073804341056
94, 2, -0.3487930023914964
39, 20, -0.3105044307599915
4, 23, 0.9601636314848084
92, 4, -0.5063402838437449
31, 21, 1.468420936440053
46, 19, 0.3224280517432706
21, 22, 0.1144209997803015
57, 17, -0.3664570814977732
5, 23, -0.6273023217998333
76, 12, 0.6722671877672725
95, 1, 0.0833921497611379
52, 18, -0.6520699532148747
73, 13, 0.9312992582684875
91, 5, -0.9595488688883044
79, 11, 0.1862377253871396
6, 23, 0.1271122930022496
66, 15, 0.5171137632229771
86, 8, 1.636994550976447
62, 16, 0.1710551225784775
84, 9, -0.5717807050288211
88, 7, -1.319884870140205
32, 21, -0.2881626035900711
22, 22, 0.5249642290032548
40, 20, -0.2499040340341229
7, 23, 0.7844084052915364
70, 14, -0.5355825904742604
96, 0, -0.396353332042188
47, 19, 0.9118298685521716
8, 23, -0.2155911883020048
82, 10, 1.066653042492655
90, 6, 0.5128433446928812
58, 17, 0.1103845926119482
23, 22, -0.2080729278612131
94, 3, 0.1448364145862998
53, 18, -0.8233730330544332
33, 21, -0.293390021425915
9, 23, -0.7030450889707575
95, 2, -0.0181520425120379
93, 4, 1.16828021151983
77, 12, -2.002112571245689
41, 20, -1.950581732826038
74, 13, 0.158637311759044
67, 15, -0.2410297299541311
10, 23, -0.2010580403478067
96, 1, -0.9190862940034233
63, 16, 0.6251015275443034
24, 22, 1.147192455984861
80, 11, -0.5940809086475641
92, 5, -0.4857642890370837
87, 8, -0.5799894389935154
48, 19, 0.3430689350059498
85, 9, -1.679281444561194
71, 14, 0.6347986573601708
34, 21, 0.9255965756559749
11, 23, -0.6796909969439535
89, 7, 0.3144239140945144
54, 18, -1.046310878195387
59, 17, -0.9922121711965994
25, 22, 0.1056252629641362
42, 20, 0.05838989247201343
97, 0, -1.36060667566113
12, 23, -0.2632511355956776
83, 10, 0.4687442126530781
91, 6, -0.1473857012648788
35, 21, 0.6475244701958782
13, 23, 0.8551078373317145
95, 3, -0.4701669736850619
78, 12, 0.4924126812597563
68, 15, 1.061032934122073
49, 19, -0.5016181474653708
64, 16, -0.3015977968542744
75, 13, -0.2841150167643904
96, 2, 1.045678227740785
26, 22, -1.185739138108306
94, 4, -1.499324248173626
81, 11, -0.3718786020239999
43, 20, -0.833146762165669
14, 23, -1.221014296758951
97, 1, -0.04419948939517784
55, 18, -0.06102163756916149
72, 14, 0.4307310239864476
60, 17, -0.05737254416806813
88, 8, 0.2134400468131233
93, 5, 1.595453048501182
86, 9, 1.238179440073294
36, 21, -0.1226484529299475
27, 22, 0.3494048061941235
90, 7, 0.1089672912045254
15, 23, -0.8098535456416706
50, 19, 0.3945042144474752
84, 10, -0.5261593949481158
98, 0, 0.2471311194820114
44, 20, 1.926132989545203
65, 16, -0.7345950363712849
16, 23, -0.4065917690139238
69, 15, 0.03086505453013931
92, 6, 1.109340655177736
28, 22, 1.470594381313826
79, 12, -0.3582390817559629
76, 13, 0.01932741190488492
37, 21, -0.06557257312337508
-12, 24, -1.42766882311183
-11, 24, 1.467208560354278
56, 18, 1.53535800249899
-10, 24, 0.2117182732849465
96, 3, -0.5805366211759161
-9, 24, -0.4073170603546009
-8, 24, 0.08319324451370784
97, 2, -0.005721510399532238
61, 17, -0.6289347149568011
17, 23, -0.691192031851882
-7, 24, 0.3494914563363369
95, 4, 0.7606216060814945
82, 11, 1.479994532990888
73, 14, -1.281597107643366
-6, 24, 0.3909581648488378
-5, 24, -0.4272177729285886
51, 19, -0.2453485983768523
29, 22, 0.6897905030620621
-4, 24, 1.483061712273307
98, 1, 0.001749439934734946
89, 8, 0.3991431951500823
45, 20, 0.1366829716926196
87, 9, -1.122097414007589
-3, 24, 1.035897417115712
94, 5, -0.6090813246611335
18, 23, -0.545657734066217
38, 21, 0.719934186966162
-2, 24, 1.765569270203208
91, 7, -0.3115299401657811
66, 16, -1.481599919654852
-1, 24, 0.05321497512687812
85, 10, 0.7369967725116182
70, 15, -0.8985786273737713
57, 18, 0.1942302933599348
30, 22, -2.019226067589321
19, 23, -0.6015575309037189
0, 24, 0.3773015576865689
99, 0, 0.5748930577962779
77, 13, 0.804369921820061
80, 12, -0.007913867572574016
62, 17, 0.1913559924586342
1, 24, -0.1198523939995482
93, 6, -0.2199968736758786
52, 19, -0.3899768543611279
46, 20, -0.5019145793619663
39, 21, 0.09869095329660207
74, 14, 0.3238508968957388
2, 24, -0.2768396104347616
97, 3, -1.273213766053019
20, 23, -1.156445687710415
83, 11, 0.4132210431618613
98, 2, 1.180731076108447
31, 22, 0.7048651113156551
96, 4, 0.6582944393460898
3, 24, 0.6659246041749294
4, 24, -1.022697140676693
90, 8, -0.4761102637646635
88, 9, -0.8241245685112233
67, 16, 0.283210979254665
58, 18, 2.643721736253262
99, 1, -0.8987193072817625
21, 23, 0.1423678338474617
95, 5, 0.3605903922661755
71, 15, 0.9797120784520682
40, 21, -0.2471997827519947
5, 24, 0.2294390440931982
92, 7, -0.2726129960091063
47, 20, -0.2771367583747881
53, 19, -0.7698405441972295
63, 17, -0.1481865473540896
86, 10, 1.531790130750365
32, 22, 0.277537674156187
78, 13, -0.2433531561068327
6, 24, -0.4659897734244327
81, 12, -0.3849553752373988
22, 23, -0.2683604491130828
100, 0, -1.026153082943003
75, 14, -0.4892564555386439
7, 24, -0.743288466726442
94, 6, -1.574862805631489
84, 11, -0.208434794456444
41, 21, -0.08927234470851736
33, 22, -0.7093189454187817
8, 24, -0.04106025591424294
98, 3, 1.055605618214755
59, 18, -0.3684590576184477
23, 23, -0.6956543125243404
68, 16, -1.608968528898256
48, 20, -0.4837064600475263
99, 2, 0.7437940778793251
97, 4, -0.2182808378096907
54, 19, 0.1634150539273274
72, 15, 0.07461175507165665
9, 24, 0.5079776135717051
91, 8, -1.050489133310971
64, 17, 1.027948843878465
89, 9, -0.2475977591422404
100, 1, -0.1037978356596253
96, 5, 0.8112405252301939
24, 23, -0.5612124172050146
34, 22, 1.322214824146741
10, 24, -0.988601591669892
93, 7, -0.2318238859089719
87, 10, 0.07069644356404345
79, 13, 0.8660387955471057
42, 21, -0.109150327101439
82, 12, 0.270489268543467
76, 14, -0.2496412299261506
11, 24, -1.034951588983572
49, 20, -1.069450734755006
60, 18, -0.3719924427360357
25, 23, 0.4816554129379213
101, 0, 1.204372893292676
95, 6, 0.108710642558214
55, 19, -0.3862534413589103
85, 11, 0.9565216780870822
69, 16, 0.3176545964925601
35, 22, -0.5045305080284498
12, 24, -1.325096517285385
65, 17, 0.1225805288105287
73, 15, 0.833060797602409
43, 21, 0.2664173500458571
99, 3, -0.470283190257667
26, 23, -0.1158150031010634
100, 2, -2.157363154886406
98, 4, 2.283986000248875
13, 24, 0.2890589340218643
90, 9, 0.9565150547969334
92, 8, 0.198281236000744
50, 20, 0.197715873603423
80, 13, 1.091010727908363
36, 22, -0.64030712613285
101, 1, -0.4171572287457587
97, 5, 1.39410916735796
88, 10, -1.283343174503008
14, 24, -1.188218369626121
94, 7, -1.821779773716596
61, 18, 1.63233454704415
83, 12, -0.2324215078751269
56, 19, 0.7295562552881762
77, 14, -1.001573610653971
27, 23, 0.203915996171978
44, 21, 0.7061231642712923
70, 16, -1.413714337456493
15, 24, 0.04545045113080046
66, 17, 1.064742304172738
86, 11, -0.1025557520978695
102, 0, -0.4955056877729968
96, 6, 0.1956598835854149
74, 15, 0.1573087758689947
37, 22, -0.3229288857712508
51, 20, -0.7009779293662128
28, 23, 0.6969278465842615
16, 24, -0.5023037881180242
100, 3, 0.07040512498705291
45, 21, 0.6257710865042145
62, 18, 1.139443830165648
99, 4, -0.9133355568834779
57, 19, 1.084039385683349
-12, 25, -0.03135570074363316
101, 2, 0.5670847475011611
-11, 25, 0.3047670779373314
-10, 25, 0.4801141734902867
91, 9, -1.399926041099473
93, 8, 0.1524914757974845
-9, 25, -0.3474804103139686
81, 13, -0.7138187066120368
17, 24, -0.04352877508423959
-8, 25, 0.4814365163091211
-7, 25, 0.05762287572279088
29, 23, -0.3655519782792372
78, 14, 2.50531941174321
38, 22, 2.412362612460504
89, 10, -0.4404751383440804
-6, 25, 0.4500737952994786
84, 12, -0.235108467192601
98, 5, 0.05556559647375654
102, 1, -0.3508866116068179
95, 7, -0.3266313174320704
-5, 25, -0.2840493289819071
71, 16, -1.694166713753638
67, 17, -1.25809956376393
-4, 25, -1.102776162746134
52, 20, 1.191891581794138
18, 24, 0.1613453988269589
-3, 25, 0.6442636011435197
75, 15, 0.1200103809532655
46, 21, -0.3103305241254812
-2, 25, -0.1885249641800504
87, 11, 1.16484295351511
30, 23, -0.7820500950767134
-1, 25, 0.8155320922988407
97, 6, -0.471863876993869
58, 19, 0.3769920547816064
39, 22, -0.3810024634500659
103, 0, -0.2125965025543689
19, 24, -0.7179218195782976
63, 18, 0.9889454088408559
0, 25, -0.3376771578468972
1, 25, -0.2444012207130877
101, 3, -0.4976407511242119
82, 13, 0.7545867539856003
31, 23, -1.029520911958165
92, 9, 1.381811833408916
53, 20, -0.530353901258364
100, 4, -0.7756055852369781
20, 24, 1.464889345331725
102, 2, 0.6914583860893733
94, 8, -0.7604177765772628
79, 14, 0.2218124312545513
2, 25, -0.04430887139373799
72, 16, -1.071446567191255
85, 12, 0.1426234681962686
47, 21, -0.6029630536061233
68, 17, 0.5840632995821019
90, 10, -0.06668463775557727
40, 22, 2.286597637634555
3, 25, 0.1485105394008604
99, 5, 0.02123346789613076
96, 7, -0.2106353146822195
103, 1, 0.3734389687990878
21, 24, -0.01418544557250838
59, 19, 0.5034628921795679
76, 15, 1.192745945581628
4, 25, -1.222932899532723
32, 23, -0.3442513325436716
64, 18, 1.119043238656628
88, 11, 0.6826360486295483
5, 25, 0.7685787430915367
54, 20, 0.2014381724212542
98, 6, -0.370930291021689
22, 24, 1.241901841795949
48, 21, 0.3292930286458097
41, 22, -0.7651286465930656
6, 25, 0.5306930728420407
104, 0, -0.2129695999251676
83, 13, -0.0678267980842067
33, 23, -0.3131148899402467
69, 17, -0.4546195097976202
73, 16, -0.4314633399530324
7, 25, 0.7341579486794378
80, 14, -0.4993827545107751
102, 3, -0.3971335325797089
93, 9, -0.4790332530454259
95, 8, -1.297663886691191
23, 24, -1.149575184327538
86, 12, -1.047957719554015
101, 4, 1.01031636411041
60, 19, -1.093509881190525
103, 2, -0.07528294359385819
8, 25, -0.4182860007216693
91, 10, 0.6952356106401179
65, 18, 1.116356250487979
77, 15, -0.09960736703340299
42, 22, 1.601160128019395
97, 7, 0.6265255733313083
100, 5, 0.9615773434258995
55, 20, -1.075624525674144
49, 21, -0.2534008101075295
9, 25, -0.4878819236554782
34, 23, 0.6212548545072822
104, 1, -0.13499070804674
24, 24, 0.2593961461458208
89, 11, -0.4270788818308326
10, 25, 0.02926449393650696
70, 17, -0.4399776982631324
99, 6, 0.01432290545046178
74, 16, -1.151717998524997
61, 19, 0.5414676337436148
25, 24, -0.9187806348797479
84, 13, -0.07875116342613825
11, 25, 0.05764134348634566
43, 22, -2.037777537298441
35, 23, 2.002706308480582
105, 0, 0.3166618229572487
81, 14, -0.4383322406474088
50, 21, -0.2394618884749881
66, 18, -1.101102584866481
56, 20, 0.1631560141332699
94, 9, 0.2387686728863369
87, 12, -0.2309317695358575
12, 25, 0.3204791106530558
103, 3, -0.9646938038174078
96, 8, -0.1209182784511616
78, 15, -0.1147626129874403
102, 4, -1.13406138987691
92, 10, 0.355225521088899
104, 2, -1.656011783510151
26, 24, 0.04351893624353768
36, 23, 0.9707592746304285
13, 25, -0.2334633793953722
98, 7, 1.121075755594027
101, 5, -1.25746897179481
44, 22, -0.2992416844235025
105, 1, 0.01264383170534089
90, 11, 0.0867009652039883
62, 19, 0.5746649164813025
71, 17, 1.580959393883709
51, 21, -0.7938806462858522
27, 24, 0.6431584352841202
14, 25, 1.207787424529767
75, 16, 0.03225306799351339
57, 20, 1.335249425017669
85, 13, 0.4336392092127901
67, 18, 0.3572792240836833
82, 14, -1.188363964781051
100, 6, 0.01524065672839941
37, 23, -1.0242569978666
15, 25, 0.2703440144293473
106, 0, -1.898181055639297
45, 22, -0.16330176075054
88, 12, -1.415335852633181
28, 24, -0.0126128575203967
79, 15, 0.02282572626333232
95, 9, 0.6490449332846381
97, 8, 0.1435888940265585
93, 10, 0.02206130720720215
104, 3, -0.2302080449638716
16, 25, -0.1471819740510254
103, 4, 0.9691943601432715
52, 21, -0.8059062049761934
105, 2, 1.110053486968405
63, 19, 1.149875088591635
38, 23, -0.4869400149301126
72, 17, -1.526058221403263
-13, 26, 0.2673427547609563
58, 20, 1.553760536484992
-12, 26, -1.323707845338685
99, 7, -1.448530693201296
-11, 26, 1.651517115375338
29, 24, 0.125709828385538
-10, 26, -1.826061000085609
102, 5, 1.714072793945136
91, 11, -0.7408077431627381
17, 25, -1.283399099982934
-9, 26, 0.7675692964412476
76, 16, 0.5297111735773129
-8, 26, -0.4319082481993035
68, 18, -1.094453153435197
46, 22, -0.5698604586898415
106, 1, 1.289737384942302
-7, 26, 1.306468250036739
-6, 26, -2.000446854327805
83, 14, -0.4097062363368172
86, 13, 0.808411136398471
-5, 26, 1.145748523753178
18, 25, 1.417041392151425
-4, 26, 0.4511199956613819
39, 23, 0.8857535895925466
30, 24, 0.8052459119833599
101, 6, 0.8312724508897441
53, 21, 0.03786178194166703
-3, 26, -0.271474601949536
80, 15, -0.01001988791615785
89, 12, -0.9619965482182046
-2, 26, 0.6397933339944375
107, 0, -0.009389127335189925
64, 19, -0.9748423681414753
96, 9, -0.3215136874197987
19, 25, -0.651833153516863
59, 20, 0.6709730815766414
-1, 26, 1.418311500348636
47, 22, 0.05591494015029954
98, 8, -2.72041267609052
94, 10, 2.806146530953164
73, 17, 1.378365858636306
0, 26, -0.1683298745797898
105, 3, 0.09463279422095978
31, 24, -1.006185843755371
104, 4, 1.390336394876131
69, 18, -0.1430231092506945
77, 16, -0.5797809497515191
40, 23, -0.4148842605748345
106, 2, -2.330121017636665
1, 26, 0.6279653099390502
20, 25, 0.1368826361253257
100, 7, -0.7983242007338847
92, 11, 1.462494967260546
54, 21, -0.5439533834409775
2, 26, 0.8490484271699068
103, 5, -1.427583299431677
84, 14, -2.125522376329088
107, 1, 0.6210381069324017
87, 13, 0.5461432255283525
3, 26, 0.3490348851545743
32, 24, 0.07740164314068818
48, 22, -0.119383700565025
21, 25, 0.1517835425843274
65, 19, -0.04863985774820163
60, 20, -0.9873214953423021
81, 15, 0.2137880194630627
4, 26, -1.667999162236411
41, 23, 0.3897751019014839
102, 6, -0.782278049830831
90, 12, 1.185028786603881
74, 17, -0.8691572089395468
5, 26, 0.8702896913932957
97, 9, 1.155809985605442
22, 25, 1.193200429552753
108, 0, 1.597424708947433
70, 18, 0.9591577786930131
33, 24, -0.07391394870678374
95, 10, 0.04206706794448758
55, 21, 0.2429838401196956
99, 8, 0.1777103701566359
78, 16, -1.259076832546734
6, 26, 0.2619674926033774
106, 3, -0.1742318384676439
49, 22, 0.5397638992526117
105, 4, 0.09775132609501343
42, 23, -0.1793122777869366
7, 26, 0.4760463983329896
93, 11, -0.5806636565600222
23, 25, -1.320950504841463
107, 2, 1.03537889702985
101, 7, -0.3634756810644116
61, 20, -0.5763884558194963
85, 14, -0.7472022349545986
66, 19, 0.8512287180352108
104, 5, -0.2466603370491613
88, 13, -0.2167367102670562
34, 24, 1.026225914878153
8, 26, -1.214922880618922
82, 15, 0.6931935488532454
108, 1, 0.1671976499612557
24, 25, 0.7782908959203114
9, 26, -0.416189301464768
56, 21, 0.2644854574883412
75, 17, 1.524746014623844
91, 12, 0.06924652345088179
71, 18, -0.5772076023905127
50, 22, 1.036295396141285
43, 23, -0.2485411911587856
103, 6, -0.3967646533602946
10, 26, -0.8137447253409815
79, 16, 1.256433756936096
35, 24, 1.229119460891475
98, 9, 0.04172512489133378
25, 25, -0.2308006555930306
96, 10, 0.741145406231935
109, 0, -0.1762718281423679
62, 20, 2.026967851572572
100, 8, -2.262575384612171
67, 19, -0.5749173125842625
11, 26, 0.779652579775582
107, 3, 1.363596988751883
94, 11, -0.5924546405477837
106, 4, 0.8804610806460118
86, 14, -0.9283325491441659
44, 23, 0.4756671838130173
57, 21, -0.2076254163607782
108, 2, 0.12038827460676
12, 26, -0.6664128951397733
102, 7, -1.033526579459911
89, 13, 1.024752572788669
51, 22, 0.8181967343586003
26, 25, -1.75289670981321
36, 24, -0.8192635091087902
83, 15, -0.4373006552772963
105, 5, 0.5371106198746172
76, 17, 0.4449886402250074
72, 18, -1.23362526332479
13, 26, 0.2513690334622256
109, 1, 0.6547614473331818
92, 12, 0.9942304618331267
27, 25, -0.2680619746352548
63, 20, 0.279153491747301
80, 16, -0.1021663475309689
37, 24, -1.491462766683415
104, 6, -1.234400567967844
14, 26, 0.203164724047683
68, 19, 1.16358007162
45, 23, -0.8119053384679551
99, 9, 0.125789846288251
52, 22, 0.5737143852496774
97, 10, 0.8042201314017566
58, 21, -1.208556750463543
101, 8, -0.190384279144033
110, 0, 0.8564372116929363
15, 26, 1.353990563353796
28, 25, -0.3289144972652621
87, 14, 0.06574751842423676
95, 11, -0.09737367928720121
108, 3, -0.2475138739841849
84, 15, -0.3494829887609104
90, 13, -0.5303768829673744
38, 24, -0.2668158717341018
107, 4, -0.8746746298155511
77, 17, -0.7293774004505927
73, 18, -0.5922885424579685
103, 7, -0.4296850403592536
16, 26, 0.8682810459923704
109, 2, -0.7898240218168384
46, 23, 0.6246100788021974
64, 20, -0.532041154101677
106, 5, -0.01732224354062001
29, 25, 0.4597656634103692
53, 22, -1.300064811534941
81, 16, 0.880675087127252
69, 19, -0.09336009121697392
-13, 27, -0.05567606116691916
93, 12, 0.08402319525048166
-12, 27, -0.417917233872403
59, 21, 0.7380670277682203
-11, 27, -0.6445807649900606
17, 26, 1.128408751093192
-10, 27, -0.207414258424486
110, 1, 1.432676133817445
-9, 27, 0.04569214408426818
-8, 27, 0.08786134150186092
39, 24, -0.6308035264270212
-7, 27, -0.7003077464518193
105, 6, -0.5480147104260242
-6, 27, 0.2130381001533261
30, 25, -0.2364969650557324
100, 9, 0.6560300275737251
47, 23, 0.07975095317360618
-5, 27, 0.1980856088087085
98, 10, 1.650582726388329
18, 26, 1.391288818848186
-4, 27, -0.2628360502268072
102, 8, 0.6597528708400126
88, 14, -0.538966495672595
74, 18, 0.7347343014165885
111, 0, -0.5201081485413708
-3, 27, -0.1111164386622506
78, 17, -0.6102546414127358
85, 15, -0.03886217392831153
65, 20, -0.6169065051221295
96, 11, 0.3686608012592963
54, 22, -0.9739724608467724
91, 13, 0.04175710371303493
-2, 27, -0.03833377364373716
19, 26, 1.337416645899517
40, 24, 0.859712242575782
60, 21, 0.5311148922798057
109, 3, -0.3294049172299558
31, 25, -0.05843925523229826
70, 19, -0.321367281230268
-1, 27, 0.01615808252211621
108, 4, -0.8605159559359219
104, 7, -1.169848867017729