d = 67, symClass = D, D = 7.468750
[8.645831921136125, 8.645858693057964], 8.645846648903795
1, 0, 1
2, 0, 1.334201464769206
3, 0, -0.9604337195620033
4, 0, 0.7767870125632684
0, 1, 1.172436469292121
1, 1, -0.02015634120063382
2, 1, 0.1917715114237125
5, 0, -1.878999654468077
3, 1, 0.2962139847706909
6, 0, -1.275331365926155
4, 1, 0.9743324786233981
5, 1, 0.6948822777094642
7, 0, -1.161335299733195
6, 1, -0.7300645335908174
8, 0, -0.3060230265563048
-1, 2, 0.6647357659575223
0, 2, 1.568559385937858
1, 2, 0.9087350080450577
7, 1, -0.1031907815201929
2, 2, -0.03126970678102704
9, 0, -0.1027138878649351
3, 2, -0.4890591253431864
8, 1, -0.1075353565735087
4, 2, 0.2551050588098332
10, 0, -2.509848505144096
5, 2, -0.5357513618930098
9, 1, -0.0923844988917211
6, 2, 0.4019530056267472
11, 0, 1.700481013840305
10, 1, 1.016075719102194
7, 2, 0.1042569504089515
12, 0, -0.7641927433546385
8, 2, 1.300662210575564
11, 1, 1.147507548542761
-1, 3, -0.1170348607266108
0, 3, -1.123764588852777
1, 3, 0.6452169456293391
2, 3, -0.6423978569643828
9, 2, -0.2102646249417212
13, 0, 0.1180871631067158
3, 3, 0.01831899598026946
12, 1, -0.6598492678233941
4, 3, -1.268787063118498
10, 2, 0.9341059948044309
5, 3, 0.2254137518575162
14, 0, -1.561018472852803
13, 1, 0.7782405763124907
6, 3, -0.1898656978568499
11, 2, -0.7395489530792122
7, 3, -0.7768256143326525
15, 0, 1.776194449776124
14, 1, 0.3547095684574089
12, 2, -0.9730310948630416
8, 3, 0.1361904042446712
16, 0, -1.188178523799748
15, 1, 0.5884095619678007
9, 3, -0.2875183384221857
13, 2, -0.06148396281363089
-2, 4, 0.894843660335624
-1, 4, 0.8303353851120723
0, 4, 0.9185565924319865
1, 4, 1.015713369689469
10, 3, 0.8078373790145728
2, 4, 1.206338327120042
17, 0, 1.002070009350292
16, 1, 0.7617383631966582
14, 2, -0.13287621462862
3, 4, -0.8349459975204573
4, 4, -0.02366534530034441
11, 3, -0.4456962702035837
5, 4, -0.1016170815786845
17, 1, 0.8702109295128403
15, 2, -0.9235019821326195
18, 0, -0.1291246720669135
6, 4, -0.652922984827351
12, 3, -0.9386297789002381
7, 4, -0.1584196185302967
16, 2, -0.1392385926384567
18, 1, -0.5043187985256063
19, 0, -2.140758456251561
13, 3, 1.132485134501671
8, 4, 0.1490224936068561
9, 4, 1.250769304408593
17, 2, -0.5205277943268679
14, 3, 0.9671946274365968
19, 1, 0.447390037557096
20, 0, -1.475769000604359
10, 4, -0.7224200508408571
-2, 5, 0.4235420392204126
-1, 5, -0.5880350207208203
15, 3, -0.659599904247851
0, 5, -2.203792922259273
18, 2, -0.1259597355629677
1, 5, 0.6943129365243346
20, 1, 1.76875540933432
11, 4, -1.770376705681682
2, 5, 0.1218495833134729
21, 0, 1.10818144937401
3, 5, -1.17526615206958
16, 3, -1.37230082757918
4, 5, 1.07126970774366
12, 4, 0.2353137830400096
19, 2, 0.6925980068783162
5, 5, 0.03417815941392791
21, 1, 0.3960785130975563
22, 0, 2.262090574138457
6, 5, 0.9470910314327214
17, 3, 0.991693011615507
13, 4, -0.2880057708173575
20, 2, 1.362706004273875
7, 5, 1.150452262373705
22, 1, 0.541016332547207
14, 4, 0.1418667168064791
23, 0, -1.43866032876125
8, 5, 0.5060991751485969
18, 3, 0.6818206052890946
21, 2, -1.527041052234364
9, 5, 1.508849620097615
15, 4, -0.6742662962589071
23, 1, -0.1273923255967556
19, 3, -0.5496206418467248
10, 5, -0.3609749948739094
24, 0, 0.2537725982256477
16, 4, 0.7607585301269763
22, 2, 1.528511335968348
11, 5, 0.4199921728038883
-3, 6, -0.6373023855556845
-2, 6, -0.1462418071640034
-1, 6, -0.7037043630303372
0, 6, -1.496983588537068
20, 3, -0.5604825579750304
24, 1, 0.6489629737505599
1, 6, 1.032905520355637
25, 0, 2.500154844398098
2, 6, 0.8627581304950068
17, 4, 0.5652494293992234
12, 5, 1.736888149335087
3, 6, -0.863392337835365
23, 2, 0.01785921658598342
4, 6, -0.8597814499517634
21, 3, 0.09804764334195724
13, 5, -0.3140347986648463
25, 1, 1.32671284688039
5, 6, -1.20145263906413
18, 4, -0.2834755506822006
26, 0, 0.1698866161066415
6, 6, 0.02291541642358163
14, 5, 1.169469072109941
24, 2, -0.8809168529781556
22, 3, 1.365460828099064
7, 6, -1.414770198184865
19, 4, 0.186743295293863
26, 1, -0.03392185932789018
8, 6, -1.689590989833464
15, 5, -0.5652500261348143
27, 0, 1.036963335769138
25, 2, 0.3241392150248506
9, 6, 0.4676272679195744
23, 3, -0.6476701154306163
20, 4, 0.5489218955340397
16, 5, 1.293981348913799
10, 6, 0.3164169367157476
27, 1, 1.32709641378323
28, 0, -0.9096589065906581
26, 2, 1.028057756386083
21, 4, 1.151248645104955
17, 5, 0.8773360502485708
11, 6, 0.8053030171786854
24, 3, 0.1187446813852822
-3, 7, 1.323933959124892
-2, 7, -0.02779299003379574
-1, 7, 0.9510192501623377
12, 6, -0.246577390329527
28, 1, 0.2987674594190066
0, 7, -1.369737819451502
18, 5, -0.400534169242596
29, 0, -1.007724374358212
1, 7, 0.1702653258765926
22, 4, -1.001329379729986
27, 2, -0.9699517331824205
2, 7, 1.345429428228928
25, 3, 0.191502187268986
13, 6, -0.4029113034573402
3, 7, -0.5503842065915641
4, 7, -1.289853940927504
19, 5, 0.6918138051444384
29, 1, -0.07378647416836363
14, 6, -1.034784340853769
23, 4, -0.1015738401058453
5, 7, 0.07970078522372144
30, 0, 2.371608608860003
26, 3, -0.3908589904425909
28, 2, 0.4764590715113957
6, 7, 1.006728281425767
20, 5, -1.834444334137067
15, 6, 0.5187644432197294
7, 7, 0.01892454761737954
24, 4, -0.5821375844198269
30, 1, 1.354953574210116
8, 7, 0.4800518537637537
31, 0, 0.04734584739113169
27, 3, 0.08541521432499202
16, 6, 0.1830405540887837
29, 2, -0.3790415645410505
21, 5, -0.7329814359267012
9, 7, -0.7316673904725932
25, 4, 0.4350849217717891
17, 6, -0.4674512031561998
10, 7, -1.249076788631066
31, 1, 0.8795822302287686
22, 5, 1.102613564639431
28, 3, -0.2778445861257874
32, 0, -1.292510082494009
30, 2, 0.7893325143393956
11, 7, -1.326598555184669
18, 6, -0.3745769928137474
26, 4, -0.08391101831844573
12, 7, 0.004177728691510815
23, 5, 1.055981712600857
-4, 8, 0.5232014188020696
32, 1, 1.285632502621747
-3, 8, -0.6969641818409291
-2, 8, 1.11121748671617
29, 3, 0.2124661711766409
-1, 8, 0.06345302911979973
19, 6, -0.4678939245175592
0, 8, -0.3438530928197306
33, 0, -1.617493066044669
31, 2, -0.4790399370391148
13, 7, -0.1817426276952292
1, 8, 0.7395841545006175
2, 8, 1.351083635351146
27, 4, -0.1235028515985873
24, 5, -0.90880038426876
3, 8, 0.9463201096060012
14, 7, -0.2183783051653558
20, 6, 1.080944336302447
4, 8, 0.7031458020425383
33, 1, 0.7810230165870982
30, 3, -0.9612644522098399
5, 8, 1.25792106076486
34, 0, 1.338339355141499
32, 2, 1.017640634943143
15, 7, -0.7247179808137435
28, 4, -0.0793812484483489
6, 8, -1.120344501410962
25, 5, -1.299891852260795
21, 6, -0.09481473509516888
7, 8, 0.04912837322686199
16, 7, -0.4342820490944838
34, 1, 0.4547427224381197
31, 3, 1.674994352528669
8, 8, -0.0003239749959589575
33, 2, -0.9694616611011675
35, 0, 2.172204679280832
22, 6, -0.5917086213292675
29, 4, 1.096901654826322
26, 5, 0.6814350730722494
17, 7, -0.1981649756100191
9, 8, -0.04812480631863749
10, 8, -0.1296016223056766
32, 3, -0.01289903768602663
35, 1, 0.2144845302395001
23, 6, 0.1272992229795683
18, 7, 0.2717059637559683
27, 5, 0.4830145283240251
34, 2, 1.164725831077146
30, 4, -1.239395630977731
36, 0, -0.08869827109148576
11, 8, 0.5221994839279057
19, 7, -1.68517685924303
12, 8, -0.3781807603684071
24, 6, -1.2536545862369
33, 3, -1.097588160280748
36, 1, 1.426822936433532
28, 5, -1.470998676055674
31, 4, 0.6213776426463221
-4, 9, -0.9143963074109019
-3, 9, 0.1139860845218372
13, 8, 0.0829321915299177
35, 2, 0.1457655218459027
-2, 9, 0.2746236473722018
37, 0, 0.05098734586419296
-1, 9, 0.8634970230299605
20, 7, 0.1300208337278961
0, 9, -0.120986501985389
25, 6, 0.1767230145575978
1, 9, -0.1700370667953982
14, 8, -0.2073807537117311
2, 9, 0.7195766657735699
34, 3, -1.172714665558265
29, 5, 0.02180726097706355
3, 9, -0.6002163798098656
21, 7, -0.3524849162775348
37, 1, 0.543024571793429
32, 4, -0.07539739663218299
4, 9, -0.3818137007634704
15, 8, -0.9029309381861257
36, 2, -0.6684852579190983
38, 0, -2.846465332974005
26, 6, 1.511982705220474
5, 9, 0.4610076442143551
6, 9, 0.6175310191273692
22, 7, 1.063503212010577
16, 8, -0.06171662231170337
30, 5, 1.358850162039745
35, 3, 0.1736309548985214
7, 9, 0.4418845379328497
33, 4, -0.8212060200842561
38, 1, 0.5120361160186957
27, 6, 0.1954897372705591
37, 2, -0.4150514736844687
17, 8, -0.4069144766256779
8, 9, 0.1477841336713634
39, 0, -0.1367594357316862
23, 7, -0.2081204579906159
9, 9, 0.006228211468759259
31, 5, 0.1309162968124393
18, 8, 1.667188984082029
36, 3, 0.6351133862190721
34, 4, -0.689911260903374
28, 6, 1.302621807236775
10, 9, 0.2694886778178685
39, 1, 1.434349492042822
24, 7, -1.403174903530282
38, 2, 0.6001002941979954
11, 9, 0.185445239322399
40, 0, 0.5250338291018232
19, 8, -0.4110165148161779
32, 5, -1.150049795988374
29, 6, -0.1280912942026958
12, 9, 1.194367487783867
37, 3, -1.033435978852039
25, 7, 1.374343701110132
35, 4, 0.4722000933802987
20, 8, -0.4162764243387856
40, 1, 1.224829986722871
13, 9, 0.5243498886224113
39, 2, -0.4928221781737479
-5, 10, -1.245311482825072
-4, 10, 0.5713446864702982
33, 5, -0.1611199888460885
-3, 10, 0.126709851442479
41, 0, -0.6264980998931222
-2, 10, -0.7880414538248048
26, 7, 0.6599742971711706
-1, 10, -0.6508108174419982
30, 6, -0.8773549765906362
21, 8, -0.186314517581957
14, 9, -1.265496265563846
0, 10, -2.941824670444535
38, 3, -0.8775038119914389
1, 10, 0.4389534676090759
36, 4, -0.07888795654084729
2, 10, 0.9348273613482246
15, 9, -0.2081529497179987
41, 1, 0.7410738440469644
3, 10, 0.6291628337340377
40, 2, 2.36418147871868
22, 8, -2.375916642438947
34, 5, -0.2955796289875829
27, 7, -0.9746667982250581
4, 10, 0.1677299197339685
31, 6, -0.9448783505512401
42, 0, 1.481309507482403
5, 10, -1.708344808133167
16, 9, 0.2159572574706057
37, 4, 0.7441773366449623
39, 3, -0.7349475072925242
6, 10, -1.573898364630103
23, 8, -0.6917599983739662
28, 7, -1.13371744701504
17, 9, 0.3504502716093014
7, 10, -0.5495360045711015
42, 1, 0.5653285592616937
35, 5, 0.190330749903853
32, 6, -1.82914135583578
41, 2, -0.2944381171569819
8, 10, 1.434306438279642
43, 0, 0.04470889736335909
24, 8, -0.07027191315888549
18, 9, -0.02096275651218484
38, 4, 0.9239281902631804
9, 10, -0.1758996613100757
40, 3, -0.2214068034728737
29, 7, 0.8597581369922015
33, 6, 0.7704862386639959
10, 10, 0.1084348269453329
36, 5, -0.129597990295526
43, 1, -1.198587729242407
19, 9, 1.102319387112625
25, 8, -0.1005348393748803
42, 2, 0.5081697134707639
11, 10, 0.04599471008731621
44, 0, 1.32774811547518
30, 7, 0.1958333051050754
39, 4, 1.355054089538002
41, 3, -0.8069553054886299
20, 9, 0.8194751266413759
12, 10, 1.254365656208119
34, 6, 1.3310004229351
26, 8, -0.3834050708436703
37, 5, -0.6321985146763667
44, 1, 0.4210408008719745
13, 10, -0.02023306603615969
43, 2, -0.04144973377959873
21, 9, 0.7357360963389122
31, 7, 0.3881818134523543
45, 0, 0.1835156159273556
-5, 11, -0.6023158996078961
-4, 11, -0.7714706379798428
40, 4, 0.7969620159979992
27, 8, -1.059415241062178
-3, 11, 1.06073245191394
14, 10, 1.524589143301123
-2, 11, 0.3857100654206433
42, 3, -0.3456966032276159
35, 6, -0.5688778318602145
-1, 11, 0.5261209349242306
0, 11, 1.998786732156647
38, 5, 1.30392870764781
22, 9, -0.7592758931445878
1, 11, -0.6024936716172559
15, 10, 0.9224814377387307
32, 7, 0.638892484592183
2, 11, 0.4736263415973002
45, 1, 1.594154032539719
44, 2, 0.7250314005995072
28, 8, 0.0838518966189947
3, 11, -0.3144169087757719
23, 9, -0.9799726556663807
46, 0, -1.928605793773632
16, 10, 0.6719078808903874
41, 4, 0.08858632759078343
4, 11, -0.1526815294889994
36, 6, 0.9170877398896166
43, 3, 0.3062478225617847
5, 11, -0.5264979817528787
39, 5, -0.6700951262913285
33, 7, 0.4874993664792692
6, 11, 1.526394346270235
17, 10, 0.8488058330090398
29, 8, 0.3675377798226486
24, 9, -0.1190478004504089
46, 1, 1.048996093963817
45, 2, -0.1161832722867342
7, 11, -1.319841028592865
37, 6, -1.227873921185481
42, 4, -2.047793681454054
18, 10, 2.015725295675705
47, 0, 0.4818019954275995
8, 11, -0.5104085308551835
44, 3, -0.7204673572124355
40, 5, 0.2156747418983914
34, 7, 0.4367226752761049
25, 9, -0.2020386700844978
30, 8, -0.9027974881912758
9, 11, 0.1233268466660526
19, 10, 0.9910938270875679
10, 11, 1.072796834742983
47, 1, -0.7289920909526963
46, 2, -0.1674986858521456
38, 6, -0.7419183693409467
26, 9, -0.07687937555653251
43, 4, -0.5667372539054851
31, 8, 0.2953734910652782
11, 11, -0.03469860275592877
20, 10, -0.4830238020164406
35, 7, -0.8103162789980342
48, 0, 1.09335443492054
41, 5, -1.188579821295381
45, 3, -0.5588814973698054
12, 11, 0.240976830754275
27, 9, -0.03412754867199287
21, 10, 0.1884585964734402
39, 6, 0.07058184897322212
32, 8, -0.2900068125501667
48, 1, 0.5730061328721812
13, 11, -0.770728467984017
47, 2, -0.006945029037320952
36, 7, -0.6867989438758504
44, 4, 0.888651049863374
42, 5, -0.6100098565082852
49, 0, 0.3462959336599516
22, 10, 0.56394187646873
46, 3, 0.8643358785625532
14, 11, -1.154248736035548
-6, 12, -0.8381540147349709
28, 9, 0.7936563352231083
-5, 12, -0.8170015633268559
-4, 12, -0.08326547568869415
-3, 12, -0.7977265956747619
-2, 12, -0.9415836274551731
-1, 12, -0.7143216866041308
33, 8, 0.2712541312680183
15, 11, -1.546243716317667
0, 12, -0.883121171289629
40, 6, -0.7445473864627589
23, 10, -0.4938916854028768
37, 7, 0.8597484228024683
1, 12, -0.9029026960225461
49, 1, -0.1180770563722453
48, 2, 0.8669075580488113
2, 12, 1.385716370767312
45, 4, 0.5739646797848484
29, 9, 0.6528760471417079
43, 5, -0.7558501232595679
16, 11, 0.7576128647127576
3, 12, -0.9701408569821856
50, 0, 3.339927856556091
47, 3, -0.2767976041880236
4, 12, 0.5163226235845896
34, 8, 0.751701088421357
24, 10, 2.318590792839772
17, 11, 1.266328197047856
5, 12, 1.438070505213485
41, 6, 0.08148196135684646
38, 7, 0.4977372589183545
30, 9, -0.772742485030486
6, 12, -1.162815290296409
50, 1, 0.2091717567663362
49, 2, -0.4864380301053372
46, 4, 0.02098888483607574
25, 10, 1.009434271628092
18, 11, -1.178089259229765
44, 5, 0.4339022377350576
7, 12, -0.5040341606407818
35, 8, 0.4584647912879926
51, 0, -0.9493988603022441
48, 3, -0.709638594958413
8, 12, -0.4994312190092324
31, 9, -1.158127187341709
39, 7, -0.06366247630850906
19, 11, 1.825208388326381
42, 6, 0.1354971651267922
26, 10, -0.4178088970337503
9, 12, 0.8124292578990219
50, 2, 1.773055756409302
10, 12, -1.599193687363159
51, 1, 1.034431929333945
47, 4, 0.4771223850454679
36, 8, -0.1687059654288909
45, 5, 0.1718312037829043
20, 11, -0.09216050360177803
32, 9, -0.7227883492469057
27, 10, 1.399220926054508
49, 3, -0.2133779885637694
11, 12, 0.01056404951059129
52, 0, 0.08067460302097666
40, 7, -1.365834180615184
43, 6, -0.6461900311052673
21, 11, -0.1862944804948657
12, 12, 0.01298542210318584
37, 8, -0.6489995440429001
33, 9, 0.4224298640617073
28, 10, 1.566680246893035
48, 4, -0.5194307788854416
51, 2, -1.303959644099372
46, 5, -0.2008896287886003
52, 1, -0.5400644860164833
13, 12, -0.4669159271611238
22, 11, 0.3316085364902917
41, 7, 0.9321557414111142
50, 3, -1.697961840545269
53, 0, -1.319018635567814
44, 6, 1.824106972514177
14, 12, -1.887645430250963
29, 10, 0.1751264364296998
-6, 13, -0.2328310741751098
-5, 13, -0.03534139844579032
38, 8, 0.2524184667840703
-4, 13, 0.5778277867028573
34, 9, -0.259743312262071
23, 11, -0.2246492205092565
-3, 13, 1.266019299148548
-2, 13, 0.001472795023380595
15, 12, 0.1025789409442461
-1, 13, -0.6296228169988719
49, 4, -0.8143043439379324
47, 5, 0.8266909163283301
0, 13, 0.1477670141312766
52, 2, -0.03793101094075131
53, 1, 0.4355635528257836
1, 13, 0.22859673623196
42, 7, 0.8548067966321646
16, 12, -0.994375308475141
24, 11, -1.197131708690961
30, 10, -0.7576754878772904
2, 13, 0.44219493131207
51, 3, -0.8321515130522661
45, 6, 0.8736286243178146
54, 0, 1.40399785591413
35, 9, -0.598304537422496
39, 8, -0.4743749807929036
3, 13, 0.8618933555669311
17, 12, -0.9360355130585133
4, 13, -0.6204615801124799
25, 11, 0.3152861069346634
5, 13, 0.2002622127604942
48, 5, -0.4248923059690626
31, 10, -0.3613871213145766
50, 4, 0.4324726425626463
53, 2, -0.6733001316044832
43, 7, 0.6485925973703942
54, 1, -0.7402513069702836
6, 13, 0.4129184280486241
18, 12, 0.6285487717679877
36, 9, -0.09998448340807198
46, 6, -0.8664076274037354
40, 8, -0.1901659202545814
52, 3, 0.6446274873557201
7, 13, -0.61128862943971
26, 11, -0.08452613542409761
55, 0, -3.193793043178782
19, 12, -0.5022321434195443
8, 13, -0.6680537371601873
32, 10, 1.73255415505142
49, 5, -1.402011062591525
9, 13, 0.4463115368541964
51, 4, -1.786777216979201
44, 7, -1.18517282291764
37, 9, -0.04533383184874117
27, 11, 0.6170775238095665
20, 12, 0.1953693999433718
54, 2, 1.77381323924883
55, 1, 1.320118606395066
41, 8, -1.304769308925053
47, 6, -0.7817955233675146
10, 13, 0.7283624014506249
33, 10, 0.3491065715313819
53, 3, -0.02941769937308898
56, 0, 0.3291432912620904
11, 13, -0.5693676431455819
21, 12, 0.1477625522462755
28, 11, 0.4596924620551319
38, 9, 0.3912475181080913
45, 7, 0.04197654756585082
12, 13, -0.03740399070972209
50, 5, -1.889049519671635
52, 4, 0.6090990181878665
42, 8, 1.541750104550076
34, 10, 1.145520023557272
22, 12, 1.044826806197363
55, 2, 0.321147171793821
48, 6, 0.1567423517628529
56, 1, 0.519805538479258
13, 13, -0.004062610804512588
29, 11, -1.546728022521152
54, 3, 0.4775656370740319
57, 0, 2.023596206057729
39, 9, -1.064623453873273
14, 13, 0.1766238417291592
23, 12, 0.3214390933086309
46, 7, -0.5018505473759286
35, 10, -0.1862639195799871
51, 5, 1.067698349253139
43, 8, -0.5352356097388918
-7, 14, -0.772328261667622
-6, 14, 1.707773395854129
30, 11, 0.3842116330074032
-5, 14, -0.3606911028598185
-4, 14, -0.06952828060678057
53, 4, -0.534371200689448
15, 13, 0.3238082456274881
-3, 14, 0.911244826059448
49, 6, -0.1332951844935071
-2, 14, 1.293659119547883
24, 12, -0.1594811730307265
56, 2, 0.3780177085042443
-1, 14, 0.5890972703525161
57, 1, 0.4067971080616765
0, 14, -1.831719464379081
40, 9, 0.6909664297277391
16, 13, 0.5716965014993245
55, 3, -0.2119744707912752
1, 14, 0.2965999592600591
36, 10, -0.5267200332914639
31, 11, 0.4685634108152338
58, 0, -1.326665285000534
2, 14, 0.2311571240989363
47, 7, -0.9163261261013684
25, 12, 0.01496675422225061
44, 8, -0.573876434880729
17, 13, 0.7241794165859499
3, 14, 1.101638098944238
52, 5, -1.149263874801581
54, 4, -1.28973905118495
4, 14, 1.796293984506158
50, 6, 0.251007522825529
41, 9, 0.05268095367866964
5, 14, 0.3908452634722959
57, 2, -0.06738253627392676
18, 13, -0.07954749942853047
32, 11, 1.053059901008654
26, 12, -0.5485378030071902
58, 1, 0.7407416334581651
37, 10, -0.6819223057385699
6, 14, -0.7360610050991553
56, 3, 0.02933734939373159
48, 7, 0.6607015554722534
45, 8, -0.7026959994709739
7, 14, -1.054225934203362
59, 0, 0.1119230620097841
19, 13, -0.07362955104459216
53, 5, 0.5255457463357324
27, 12, -1.186660351449084
8, 14, -1.713391345668652
33, 11, 0.5116224236105856
55, 4, 0.8479077159568411
51, 6, 0.4902986633140157
42, 9, -0.9254425769402094
38, 10, 0.9282578402358967
20, 13, -0.8786642889329576
9, 14, -0.5191638230881241
58, 2, -0.09742951735828699
59, 1, -0.1144143779396877
28, 12, -0.6120820940780287
46, 8, -0.1377493237799148
10, 14, 0.09991293682396961
57, 3, -0.4182949207153711
49, 7, 0.1184034261141424
34, 11, -0.7987760179036827
21, 13, -0.9480490142928247
60, 0, 1.384993625190504
11, 14, -0.5883797403183543
54, 5, 0.6746753557702067
39, 10, -0.4233389411756798
43, 9, -0.2866771345159607
52, 6, -0.5208088969021615
56, 4, 0.2794354789502615
29, 12, 0.4726792106150766
22, 13, -0.9839555317127375
12, 14, 1.34810181137391
59, 2, -1.899715950222591
35, 11, 1.901116221363303
47, 8, 0.04070355510678095
60, 1, -0.225438037874159
50, 7, 0.8778011062874336
13, 14, -0.2675557869758812
58, 3, -0.9281624568312763
40, 10, -2.454524014238559
23, 13, 1.040271774904983
30, 12, 0.6899551363565705
44, 9, 0.02408950630235681
61, 0, 0.02571749656650217
14, 14, 0.02792187870135213
55, 5, -2.16331531167601
53, 6, 0.1119010127925653
57, 4, -1.211014786336476
36, 11, 0.9689934903145292
24, 13, 0.3251471481583915
15, 14, 1.049975310459903
-7, 15, -0.7010531187459806
-6, 15, -0.4010224510864266
-5, 15, 0.2300440660092924
48, 8, 0.1935794464833659
31, 12, 0.4327154969172917
-4, 15, -0.4645355807422637
60, 2, 1.808603530161186
-3, 15, 0.5562423440467522
51, 7, -0.5670381941201316
41, 10, -1.2487843130769
61, 1, -0.5111193921213452
-2, 15, 0.5667719603826964
45, 9, -0.06802867824428002
59, 3, 0.0005299008404187716
-1, 15, -1.05558685951031
16, 14, 0.6483257157399092
25, 13, -0.969406449733862
0, 15, 2.087330653370986
37, 11, -0.7498833790483347
56, 5, -0.07958861149160563
1, 15, -0.01282655232838443
62, 0, 0.06970790968350578
54, 6, 0.1081577973046687
32, 12, 0.114933944728679
17, 14, 1.05156939023119
2, 15, -0.2130439779378319
58, 4, -0.4997761363674557
3, 15, -0.6622528255987673
49, 8, 1.268487334771528
42, 10, -0.9857015373216829
26, 13, 0.02326201108729712
52, 7, -0.284236679325072
4, 15, -0.4006815295343119
46, 9, 1.217764120190331
18, 14, -0.9779852361910116
61, 2, -0.3308920008325432
38, 11, 0.3565802759061517
62, 1, 0.3417777977660901
5, 15, -1.195573512902827
60, 3, -1.6782737215656
33, 12, 1.684509854839579
6, 15, -0.1022438407056502
27, 13, -0.4839253890156838
57, 5, 0.5971083510619177
19, 14, -0.7837200340027546
55, 6, -0.2235858434388587
63, 0, 0.1229102053495255
43, 10, -0.4335549003306076
7, 15, 0.1830923620651515
50, 8, 0.5781245142082758
59, 4, 1.101311552953939
39, 11, 0.9698505078988706
47, 9, -0.1603222403233848
8, 15, 0.1909370041073607
34, 12, -0.6172039297820144
20, 14, -1.66302368840976
53, 7, -0.02255739662254349
28, 13, 0.1293186307631211
62, 2, 1.171922810707661
9, 15, 1.120446132449318
63, 1, 0.2451306918108421
61, 3, 0.2501625218871709
21, 14, 0.5725869697139851
10, 15, 1.200935518222209
44, 10, 1.46766788656175
58, 5, -0.848275834230749
56, 6, -0.3783786633473855
29, 13, 0.1172276379804428
35, 12, -0.1974043516127488
64, 0, -0.5531803473696444
51, 8, -0.6041782052997634
40, 11, 0.9125414607063328
11, 15, -1.195866477752522
60, 4, 0.4650127450244784
48, 9, 1.299064180096335
22, 14, -1.776581367809821
54, 7, -1.260277794160775
12, 15, -1.022537723585187
63, 2, -0.8362943736285359
30, 13, 0.3421651629073303
45, 10, 0.388340466854675
36, 12, -0.2187601767792386
64, 1, 0.3332435630316168
62, 3, -0.05398148716337766
23, 14, -0.1105777469356448
41, 11, -0.03016394760552526
13, 15, -1.290177160062232
59, 5, -0.4327420223192846
57, 6, -0.6582343506243216
52, 8, -0.04242282362246941
49, 9, 0.008419638470842603
65, 0, -0.2475420104702029
14, 15, -1.074206825950382
61, 4, -0.7942027522889969
31, 13, 0.8233504034219971
55, 7, -0.6938150404858577
24, 14, 0.008200561208053065
37, 12, -0.4524477550573165
15, 15, -0.03713593941544196
46, 10, 1.414526121462561
42, 11, -0.5250344118745
-8, 16, -0.1883658103079776
-7, 16, 0.5611768751064724
64, 2, 1.718997075447704
-6, 16, -0.9292671774099505
-5, 16, -0.318340379951334
-4, 16, 0.6491825474192067
65, 1, 0.152811899971829
25, 14, -0.004865427149041921
63, 3, -0.365225442643963
32, 13, -1.505827721782858
-3, 16, 1.49918050659728
53, 8, 0.4912915159669217
16, 15, 0.2014529974307672
58, 6, 0.2825217889019994
-2, 16, 0.08637478511597897
60, 5, 1.234735136045322
50, 9, -1.37942494498091
-1, 16, 0.7089937932626459
38, 12, -0.6211570384716102
0, 16, -1.378041609629113
66, 0, -2.17478230672749
56, 7, 0.1294347656220306
62, 4, -0.6358712452003835
1, 16, 0.5068252708848494
17, 15, 0.8809791901130769
26, 14, -0.2353868868151236
47, 10, -0.6232087098861392
43, 11, 0.5461898130498983
2, 16, 0.9886201065278686
33, 13, 0.5706339702957836
3, 16, 0.1327694590133425
18, 15, -0.9077109706069535
65, 2, -0.08195006386779301
4, 16, 0.7855498875686839
54, 8, -0.1643038711744615
51, 9, -0.9403442460789602
39, 12, 0.274404210183909
66, 1, 1.627610476346463
27, 14, -1.529936956560163
64, 3, 0.1890190983288902
59, 6, 0.3408344705319925
61, 5, -0.09723622003025578
5, 16, -0.9010482280027549
34, 13, -0.2254388977329202
19, 15, 0.06894316318874226
44, 11, 1.66232929680164
57, 7, -0.7373005756224795
48, 10, -1.219550873040793
6, 16, 1.25412162896988
67, 0, -0.5618490766743505
63, 4, -0.001230146073692065
28, 14, -0.2906179286404782
7, 16, 0.3230369802748273
20, 15, 2.365877489856304
40, 12, 0.6362145048771662
8, 16, -0.273813668735893
52, 9, -1.073044133974258
55, 8, -0.2744700399753277
35, 13, 0.6687447986041462
66, 2, 1.0443597731968
60, 6, -1.279473359182082
67, 1, 1.264504969923925
65, 3, 0.6875846895499088
45, 11, -0.2257911083300042
9, 16, 0.5225243694956322
62, 5, 1.798594599052702
29, 14, -1.799052091011793
21, 15, -1.079723956076997
49, 10, -0.3524333741455851
58, 7, 0.431390896040253
10, 16, 1.678298980122365
41, 12, 0.9183026228862556
68, 0, 0.784013107592013
64, 4, 0.6035130705966719
36, 13, 1.297433385229614
22, 15, -0.1967121786982217
11, 16, -0.6670151165261271
30, 14, -0.9639359385674706
53, 9, 0.707386897912052
56, 8, 0.02866727572306014
46, 11, -0.5944002633099587
12, 16, -0.6527037708300621
67, 2, 0.4936940423098307
61, 6, 0.467054628051003
23, 15, 1.516405631400519
50, 10, -1.734369493529509
66, 3, -0.5275886028986668
68, 1, 1.631290906130642
63, 5, 0.7519956123541767
42, 12, -0.1242449551613622
37, 13, -0.4964554323121036
59, 7, 0.7405844843319557
31, 14, -1.130779032172318
13, 16, 0.5985870416615916
65, 4, 0.6076096565562265
69, 0, 1.355628096314554
24, 15, -0.4799800890115342
14, 16, 0.06399220691496135
54, 9, 0.05997567441582886
47, 11, -0.6908643227398692
57, 8, 0.6720686147965084
32, 14, -0.5758185673519228
51, 10, 0.8596204636024584
38, 13, 1.035397927868611
43, 12, -0.04436496712461211
15, 16, -0.1819814874367722
25, 15, -0.4168398956973421
68, 2, 0.6048022814471405
62, 6, 2.235257884914391
64, 5, -0.4102574703094958
-8, 17, -0.3423680269852134
67, 3, -0.02618012260843264
-7, 17, -0.08424667795133635
69, 1, 0.5885004074151211
-6, 17, -0.3975518155649115
60, 7, 0.01170249460136645
-5, 17, -0.2824672732399407
-4, 17, -0.6975317121133662
16, 16, 0.01253391931150232
-3, 17, 0.7476114446312441
33, 14, -0.461259500269209
-2, 17, 0.4320237287485434
48, 11, 0.1164827778789726
26, 15, -0.07311809649488034
66, 4, -1.29284018251809
55, 9, 0.9784298559808199
-1, 17, -0.2576427823258938
70, 0, 2.906856015022718
39, 13, 0.03539834521923186
44, 12, -0.3424738213278602
17, 16, 0.6018144594845936
0, 17, -0.002507826488982343
58, 8, 1.466846064756638
52, 10, 0.9041777274321657
1, 17, -0.7736880720097565
2, 17, -1.191144472639436
63, 6, 1.447553124257972
27, 15, -1.436676843759508
34, 14, -0.2575448619047488
18, 16, -0.06220739142510612
69, 2, 0.09535701989235909
3, 17, 1.115364439320549
65, 5, -1.454361603749978
68, 3, -1.013014632095773
61, 7, -0.9639123339474615
70, 1, -0.6904500357585859
40, 13, 0.8436862984105155
49, 11, 0.3514554597976263
4, 17, -0.346485153891851
45, 12, 0.6524308335396289
56, 9, 0.05939409809281535
19, 16, -0.4692207756683333
5, 17, -0.1818442439774797
67, 4, -0.1080154559567249
28, 15, -0.02078765041270694
53, 10, 0.9650684552416726
71, 0, -0.1664690747879452
59, 8, 0.8067313211859543
35, 14, 0.6197987501098324
6, 17, 0.9480596182220651
20, 16, -0.07381780913819042
7, 17, -0.483344471523578
41, 13, -0.3050667267209488
64, 6, -0.01796812415221525
29, 15, 0.4451535153120811
50, 11, 0.4490887753191334
70, 2, 0.2908909882421992
66, 5, -0.7026738023688801
62, 7, 0.6670832530809762
8, 17, -0.2828741867630886
46, 12, 0.1728260197865797
69, 3, 0.1077765146540486
71, 1, 0.5203192332337711
21, 16, -0.8264350002687196
36, 14, 0.3670045865884272
57, 9, 0.5166529319921037
9, 17, -0.4531584449940376
54, 10, 0.6467078194959984
68, 4, 0.6838433325408142
60, 8, -0.7270186184510632
30, 15, 0.3393597913740777
42, 13, -0.2069619747888995
10, 17, 0.02813067333545753
72, 0, 0.00896377822268578
22, 16, 0.6968720213746912
51, 11, -0.5759866304001955
37, 14, -0.4682780057850123
47, 12, 1.314522081368251
11, 17, -1.182600760849685
65, 6, 1.469393774496954
63, 7, 0.112131807007679
67, 5, 0.1253813708124071
23, 16, -0.8833495903919343
71, 2, 0.3736583742398458
31, 15, -0.1967756787015601
12, 17, -0.7445686584288909
70, 3, -1.059794422905269
58, 9, 1.022560357175589
72, 1, -0.1276139599164628
55, 10, 1.391298060154202
43, 13, 0.4187596165982921
61, 8, -0.5227008418467411
13, 17, -0.09742342879635546
38, 14, -2.259130160260959
69, 4, -0.556169636995453
24, 16, 0.1504631187456118
48, 12, -0.7422127366831689
73, 0, -0.007572769267878344
32, 15, -0.9703896577227674
52, 11, 0.6041444515242261
14, 17, -0.07739668714554275
66, 6, -1.479601372785863
64, 7, 0.1939388914541866
25, 16, -0.2212162066862013
44, 13, 0.1743563255778453
68, 5, 0.1508230882717687
59, 9, -0.4024692706581294
15, 17, -0.005845453009598658
72, 2, 1.910186511303459
56, 10, -1.962537731091043
39, 14, 0.4520189343491541
71, 3, -0.5917059651807036
33, 15, -0.4142307381561355
73, 1, 0.5557765070684796
-9, 18, -0.07261355244867913
62, 8, 0.8258231693232937
-8, 18, -1.227334126430659
-7, 18, -0.7199898324105066
-6, 18, 0.1667437662216728
49, 12, 0.9500869861843199
16, 17, 0.3019658762926274
-5, 18, -1.151244451871093
26, 16, 0.1119140642141765
53, 11, 0.3882883496694223
70, 4, 0.1951143811649249
-4, 18, 0.3672070227972959
-3, 18, 0.6658865331282923
74, 0, 0.06358925365340168
-2, 18, 1.147846731532079
45, 13, -0.2927873422441528
34, 15, -2.118491889044002
17, 17, -0.01568452686385314
-1, 18, 2.096627337459466
40, 14, 0.1696336757529691
67, 6, -0.4307665447626361
0, 18, -0.1542622962775177
65, 7, 0.9885808502989244
27, 16, 1.255759786280891
60, 9, 0.5247797040732951
57, 10, 0.1123168075011138
1, 18, 0.6448088244456797
69, 5, 0.08999971546876749
73, 2, -1.463589630055972
18, 17, 1.528519131007501
50, 12, 0.2335229483037013
2, 18, -0.2282740534181257
72, 3, -0.5999886236862116
63, 8, -0.3271208865550939
74, 1, 0.07361792075270825
54, 11, -0.04396269817699604
3, 18, -0.9742312677032398
35, 15, 1.448606036847982
28, 16, -0.1178545351931021
46, 13, 0.4226453281765769
41, 14, -0.6505516732991143
4, 18, 0.9663702536087861
71, 4, -1.282400706528778
19, 17, 1.424181751858661
5, 18, 0.714106535554564
75, 0, -2.36951140573013
68, 6, -1.567014335560908
58, 10, 0.03107707294510445
61, 9, 0.8818117210820201
66, 7, -0.7067779202637621
6, 18, -0.8076940636868991
20, 17, -0.838108374821064
29, 16, 1.010981064482979
51, 12, -0.5327218584468805
36, 15, -1.645565335688931
70, 5, -0.6671586128751974
7, 18, 1.451850026803858
42, 14, -0.4790823378372193
55, 11, 1.186030656511138
74, 2, 0.7274141557424797
47, 13, -0.3361528135646641
64, 8, 0.0505100769069643
73, 3, -0.5961181895385377
21, 17, 0.3388792777999489
8, 18, -0.5111034872090851
75, 1, -0.09556479873877882
30, 16, -1.205635164066994
72, 4, -0.3938332701201195
37, 15, 0.4959257358939082
9, 18, -0.08715090934600418
59, 10, 0.5585469466081572
22, 17, -0.08670109737792317
76, 0, -1.682672035933945
52, 12, 0.8893276200507539
62, 9, -0.586992447480115
43, 14, -0.8857354628927089
69, 6, -0.001550859580774309
10, 18, 0.6126452737379848
67, 7, 0.2064202225966733
48, 13, 0.7753852427439734
56, 11, 1.066672831894013
31, 16, 0.2052697387142354
71, 5, 1.072521542373976
11, 18, 0.1804965961194728
65, 8, 0.138015566221302
23, 17, -0.1178400737466464
38, 15, -0.4084586016638211
75, 2, 0.6566001031772013
74, 3, 0.03598917200109069
12, 18, 0.820434488086855
76, 1, 0.2966159289293387
44, 14, 1.423554569889137
32, 16, -0.2359309023816665
73, 4, -1.407773492075257
53, 12, 0.5211984101696474
24, 17, -0.8773664687314767
60, 10, 1.81309556460692
49, 13, 0.4862996318740674
13, 18, -0.2550294386539887
63, 9, 0.005807049385302417
77, 0, -1.987833111267262
39, 15, 0.2910915778705856
70, 6, 0.2356834977695915
68, 7, 0.4615260838169531
57, 11, -0.8274221271454448
14, 18, 0.5985874567535464
25, 17, -0.0780805390885045
72, 5, 0.7323769711039818
33, 16, 0.666085170601229
66, 8, -1.09608163771422
45, 14, 0.6588745593326144
76, 2, 0.6809037934529582
75, 3, -1.254243865900915
15, 18, 1.140826579798723
54, 12, 0.2515499652467212
77, 1, -0.6479418223676869
50, 13, 0.6604033884573071
40, 15, -0.2398605716672741
61, 10, -1.485597240505177
26, 17, 0.2256056234778005
74, 4, -0.5598118961781506
-9, 19, 0.6482440970719294
64, 9, -0.3002276946011265
-8, 19, 0.2792884624721991
34, 16, -0.5459861012527328
16, 18, 0.1970997860732012
-7, 19, 0.9685294888472153
58, 11, -0.06639469329334002
-6, 19, 0.1683009822289855
-5, 19, -0.599793505934372
69, 7, 0.04351284797535532
-4, 19, 0.7487789393230337
71, 6, -0.006639393842912462
78, 0, -0.1731466648389373
-3, 19, -0.9781622616451197
46, 14, -0.2742290625392207
27, 17, 0.570504539927952
17, 18, -1.298253391168603
-2, 19, 0.1271850560139986
67, 8, -0.9572827936713355
73, 5, -0.3533865512674428
-1, 19, -0.1016788782045637
41, 15, -0.5044985988818372
55, 12, 0.558260658183183
51, 13, 1.357076196363455
35, 16, 1.285638101955132
0, 19, -2.504879185354993
77, 2, -1.403118136414428
18, 18, 0.0002784666018709042
76, 3, 0.03406138136701443
1, 19, 0.09520029746391158
62, 10, 0.1790407042604905
28, 17, -0.277175924293346
78, 1, -0.2309894642834627
2, 19, -0.1757823046579978
65, 9, 0.728319372332867
59, 11, -0.4144725810330318
75, 4, -0.6911544676624681
47, 14, 0.8703639169622379
3, 19, 0.1484899167230153
19, 18, -0.4985082609318432
42, 15, -1.128919755743204
70, 7, -1.168243785023242
36, 16, 0.9824953583339265
72, 6, 0.8392885815806338
4, 19, 0.04616997899519552
79, 0, 1.032141684927234
29, 17, 0.8002725193507078
52, 13, 0.1176460629263017
68, 8, -0.4069296620237862
56, 12, 0.7660000451535263
5, 19, 0.1445234354596758
20, 18, 0.3617566142309723
74, 5, -0.4009002439678938
6, 19, 0.1489880519201492
63, 10, -0.3175664176259703
78, 2, 1.90947818038052
48, 14, -1.877522569498882
77, 3, -0.3981354886484754
37, 16, 0.5246757697869895
60, 11, -0.526362975782929
43, 15, -0.5436912065634567
7, 19, 0.3511343439990733
30, 17, -0.01932457254927032
66, 9, -1.303988556247585
21, 18, 1.333075030485374
79, 1, -0.6585554432535465
76, 4, 0.3578778292887275
8, 19, 0.1095492645296575
71, 7, 1.053680644466903
53, 13, -0.6787177499113213
73, 6, -1.076254197768509
57, 12, -0.1823054533698415
22, 18, 0.2418816852485021
9, 19, -0.07278189503836785
80, 0, 2.175867504283194
69, 8, -0.8907958310941643
31, 17, -0.4072450011840285
38, 16, -0.5395158972098253
49, 14, -0.1102123794803111
44, 15, 0.6186493683240607
75, 5, -1.097219021936688
10, 19, 0.8660938555518848
64, 10, -1.535011844788764
61, 11, -0.3313487564404093
23, 18, 1.120400831234509
79, 2, -0.8046978641529212
11, 19, 0.3487864874312057
67, 9, 0.6755600858658793
78, 3, 0.02374121338220059
32, 17, -0.7690316147818519
54, 13, 0.8169930201048844
80, 1, -0.04208016698417357
39, 16, 0.06361550777985929
58, 12, -0.1742306481260681
77, 4, -0.01505899013581679
12, 19, 0.3231036935294753
24, 18, 1.604597520734336
72, 7, -0.9919910125659875
45, 15, 0.5368856055230652
74, 6, -1.382515242029305
50, 14, 1.835909242221625
70, 8, 0.6323108967362744
13, 19, -1.095559050135724
81, 0, -0.9040612941735229
33, 17, -0.4830183676404828
65, 10, 0.1229278675154607
76, 5, -0.5752659045493558
62, 11, -0.9576221083799967
25, 18, 1.185115698824197
40, 16, 0.1628436284545136
14, 19, 0.09156138664506427
68, 9, 1.519643974647646
55, 13, 1.427905001623371
80, 2, 1.64261043430766
79, 3, -1.524755624595355
46, 15, 1.534459082118684
59, 12, -0.2025558006029443
51, 14, 1.900557344877753
34, 17, 0.192946906070537
15, 19, -1.602090866142196
26, 18, 0.689692765205259
81, 1, 0.1032882509604964
78, 4, -0.656559636983999
73, 7, -0.626519658301065
75, 6, -0.2897600237380278
41, 16, 0.2945771033888364
71, 8, -1.701353490504652
16, 19, -0.7776528817846871
-10, 20, -1.672047786845962
-9, 20, -0.7196294528934399
-8, 20, 0.3409151427146715
-7, 20, -0.4835442058208094
66, 10, -0.2156634502467866
-6, 20, 0.1629754042988929
63, 11, -0.06821876651320462
27, 18, 0.05296840769084973
82, 0, -0.8302661055220312
-5, 20, -1.556236961058739
35, 17, 0.3203947554288059
-4, 20, -0.4675443480474528
56, 13, 0.4984323985072348
77, 5, -0.2051901145030817
47, 15, -0.1062229506742018
17, 19, 0.2209270783000628
-3, 20, 0.8224123206988557
69, 9, 0.6137090099679575
52, 14, 0.8922273424057898
-2, 20, -0.8720800133752846
60, 12, -0.5080526755515441
-1, 20, 0.9948778409093595
42, 16, -0.256384489110389
81, 2, -0.4697249677223881
80, 3, 0.2071411302413272
28, 18, -1.7020526484932
0, 20, -1.733635440584103
18, 19, 0.9388377124911822
36, 17, 1.701059541758505
1, 20, -1.684249944524604
82, 1, 0.7438859710722973
74, 7, -0.6277749332279871
79, 4, -0.4256556664087394
76, 6, -1.163526536420562
2, 20, 0.5996812511552615
72, 8, 0.01867086757303171
48, 15, -1.247874180668801
64, 11, -0.09688074937292039
67, 10, -0.08477957245932184
19, 19, 0.06042409306232666
57, 13, 0.1283818311859156
3, 20, 0.7891361289751049
29, 18, -1.46061027612016
53, 14, -0.1004299881635008
83, 0, -0.7010698078638962
43, 16, 0.1855479111272565
4, 20, 0.554395343612844
78, 5, 1.455952903498021
61, 12, -0.3599865183942667
70, 9, 0.8145162577202121
37, 17, 1.502889293827147
20, 19, 1.049201380005037
5, 20, -1.899493322812116
30, 18, -0.2751505701624087
82, 2, 0.9982686526888697
6, 20, 0.8457078226768459
81, 3, -1.255854141727058
49, 15, 0.149703921212612
21, 19, 0.002351776470992325
75, 7, -0.8383392095577429
83, 1, 1.318900422316172
7, 20, -1.251616795414125
58, 13, 0.659232395283752
80, 4, 1.388860165665785
44, 16, -1.389192730304559
65, 11, 0.2540400614079258
73, 8, -0.6077181124287695
77, 6, 0.8199729367634877
38, 17, 0.7989004199736087
68, 10, -0.3919959954114394
54, 14, -1.303894378131312
8, 20, 0.112238650087791
31, 18, -0.1207372237571139
62, 12, -1.266755743891025
22, 19, -0.6638756492084517
84, 0, 0.8727567432531067
71, 9, 0.1320632405138381
79, 5, -0.1923598962419331
9, 20, 0.0245811719461472
50, 15, -1.513971233194331
45, 16, -0.1200407992734602
39, 17, -0.05222534044460753
10, 20, -2.282581844753149
23, 19, -0.8390751459224425
32, 18, 0.2893482696326807
59, 13, 1.019093284377124
83, 2, 0.7303044414616453
82, 3, 0.2553567083072532
55, 14, -0.7893209375063303
66, 11, -1.23446881416073
76, 7, 1.466939260519832
11, 20, -1.008005595359829
69, 10, -0.7930045499272745
74, 8, 1.004110788035785
84, 1, -1.386173044568311
81, 4, 0.01311602358034519
78, 6, -0.9923171420198569
24, 19, -0.06377619423000076
63, 12, -1.10057737492721
12, 20, -0.9261342544660558
33, 18, -0.7321518376344087
51, 15, -0.8054858335622358
40, 17, 0.123623455713234
46, 16, -0.9185959427917253
72, 9, 0.01561278530040664
85, 0, -1.866142139961906
80, 5, -1.406003873848147
13, 20, -0.1312227035514899
25, 19, 0.235173436939674
56, 14, -1.524763432681192
60, 13, 0.04654149518464098
34, 18, 0.4528995841512016
14, 20, -0.7397709929167841
67, 11, -0.3218491815646235
83, 3, 0.5335299946526891
41, 17, -0.5562990431611764
84, 2, 0.7401867973373318
70, 10, 0.2524545844755805
77, 7, -1.34391296804396
26, 19, -0.8737196646002992
52, 15, -0.7642360395022744
64, 12, -1.074881831520489
75, 8, 0.06061684304871059
47, 16, -1.039983813240118
82, 4, -0.3959773458836212
15, 20, 1.577062593493935
85, 1, 1.202185613575442
79, 6, 0.4331854371330283
73, 9, 0.4703672977461831
35, 18, 1.051348723684382
16, 20, 0.83173059409371
57, 14, 0.4228265302706543
27, 19, 0.4723185255120756
61, 13, -0.3862325933508522
-10, 21, 0.4871663613810303
-9, 21, -1.223313664358927
81, 5, -0.1348446167728895
42, 17, 0.08615150696005998
-8, 21, 0.2164928320846425
86, 0, 0.08697775191970299
-7, 21, 0.1446173697946556
-6, 21, 0.04629849351534609
-5, 21, -0.4589765251503346
48, 16, -0.3449232912649619
68, 11, -2.27117346382367
-4, 21, 1.912649656535379
53, 15, -1.895708822820538
17, 20, 2.229509790910002
-3, 21, -0.921219424855594
71, 10, 0.4959673781944492
36, 18, -0.03990852178227513
65, 12, -0.1354729402752125
28, 19, 0.4991197110554688
-2, 21, 0.8516221128462232
84, 3, -0.265755495887027
85, 2, 0.3686868284070622
78, 7, -0.096244149739042
76, 8, 0.549823251445018
-1, 21, 1.063134775142949
18, 20, -0.2588876835676577
80, 6, -0.244022577298363
83, 4, -0.3869126658163034
43, 17, -1.089226267074322
0, 21, 1.295606382315847
86, 1, -0.0605419389651338
58, 14, 1.153492558599082
74, 9, 0.1190266024272858
1, 21, -0.01224843051598735
62, 13, -0.1821497011100997
29, 19, 0.05897005170684311
49, 16, -0.2982626216961841
19, 20, 0.8516252589596839
37, 18, 0.7108354505505842
2, 21, -0.7320207812421609
54, 15, 0.3688700416136144
82, 5, -1.147925196730997
87, 0, 0.9402993299047485
3, 21, -0.1605916563495151
69, 11, -0.04026472565239846
66, 12, 0.9535985396094427
44, 17, 0.6363895545676802
4, 21, -0.8075295437084186
20, 20, 0.01536066511153155
72, 10, -0.1198889824840841
30, 19, -0.4825401605415388
79, 7, 0.2247828443038256
5, 21, -0.2674685266507814
85, 3, -1.349993345711546
77, 8, -1.418105775008807
86, 2, -1.707496530522517
38, 18, 1.445124197595061
59, 14, -0.2702732014605196
50, 16, -0.08661805938825952
81, 6, 0.9111358715474197
6, 21, -1.281369113277399
63, 13, -0.3922453283254538
21, 20, -0.4999503028938549
84, 4, 0.3086348274202295
87, 1, 0.6902528795129427
55, 15, 0.8331243410751838
75, 9, -0.1909507424865859
31, 19, -0.4070498462621367
7, 21, -0.7436350090014517
45, 17, -0.5704254549481517
22, 20, 0.04330254982662843
70, 11, 0.1620048246645666
83, 5, -0.3991429121983596
8, 21, 0.2586659088837837
39, 18, 0.3838103892330756
67, 12, 0.04568967341091334
88, 0, -0.5088002939881371
73, 10, 0.09627908068919407
9, 21, 0.5280259994892977
51, 16, -1.861908462122087
32, 19, -1.353515608558649
60, 14, 0.2681563067012263
23, 20, 0.2575031779185331
80, 7, -0.6093768843663495
78, 8, 1.798983282144107
64, 13, -0.2470298224742751
56, 15, 0.7368199665884334
86, 3, -0.6086796511000848
10, 21, -0.840298328064838
87, 2, 0.09728158717889265
46, 17, -0.08248471122741645
82, 6, -1.066087756919756
40, 18, 1.096125982146656
85, 4, 1.685476234465801
76, 9, 0.8310852642830817
88, 1, -0.1424902335640347
11, 21, -0.1473870193163565
33, 19, 1.274411593453937
24, 20, 0.7383664556562362
71, 11, 0.2165473371823751
68, 12, 0.7758296098108848
52, 16, -0.2304160197851372
12, 21, 1.23085893610299
84, 5, -0.3162060054842874
61, 14, -1.293229488328356
74, 10, -0.848216627368845
89, 0, -0.1958879560362287
47, 17, -0.7875822434467982
25, 20, 0.1940811833600661
41, 18, 0.9349793820156319
57, 15, -0.6484099993723058
34, 19, 1.408165584487011
13, 21, 0.2149256677040097
65, 13, 0.09517935687041285
81, 7, -0.5624221883701659
79, 8, 0.5653702645716072
87, 3, 0.07514805265961676
14, 21, 0.7400309022172052
88, 2, 0.5627065684040751
26, 20, -0.027441647183248
83, 6, 1.669527475986402
77, 9, -1.648591492089164
53, 16, -0.3963501963115617
86, 4, -0.04966894471785209
89, 1, 1.245410023322768
35, 19, -1.301171570235499
42, 18, 0.9754313035199035
72, 11, -0.4286376453126504
48, 17, 1.057659825064181
69, 12, 0.09127326630025138
15, 21, -0.067525919209279
62, 14, 0.5229603154735178
58, 15, -0.3079032549368405
27, 20, -0.2173674921923854
85, 5, -1.639635874305026
75, 10, 1.722400498620318
66, 13, -0.001337940367216613
16, 21, -0.584067165170335
90, 0, 0.2421940594295147
-11, 22, 1.131130382793566
-10, 22, -0.8135738965394875
-9, 22, -0.9751588863370728
-8, 22, -1.040022107613459
36, 19, 0.4834626847868537
-7, 22, -0.9733650329165352
80, 8, -0.2852073413337997
82, 7, -0.4492939258555528
43, 18, -0.476801324611705
54, 16, -1.417976251900662
-6, 22, 1.41549972815906
17, 21, 1.261239873424318
-5, 22, -0.3372432989116068
28, 20, 0.9034448284256066
49, 17, -0.5975628907347044
-4, 22, 0.5241037269916063
88, 3, 0.9974853402397291
78, 9, 0.38152337734809
89, 2, -0.03799724461435412
-3, 22, 0.7750319375238101
84, 6, -0.460593276966987
63, 14, 0.2335911882633755
70, 12, -0.7535133934056697
-2, 22, 0.7120554970931755
87, 4, -0.9247538702214313
73, 11, 0.9074763891484323
59, 15, -0.7596943334482417
18, 21, -0.9571595101721537
90, 1, 0.386172882613485
-1, 22, 0.09289778585904075
37, 19, -0.7085674026296634
29, 20, -1.17080239380386
0, 22, 2.65952450290619
67, 13, 1.25779215122549
76, 10, 1.738784296319116
44, 18, -1.021074356148507
86, 5, -0.2262357439693414
1, 22, -1.284678365035317
55, 16, -1.503724445553949
19, 21, 1.309829420022932
50, 17, -0.7849856064842481
2, 22, -0.8152274586641765
91, 0, -0.146692799892762
81, 8, -0.8321949443551648
30, 20, 1.23213540735826
83, 7, 0.2966088794483814
38, 19, -0.4046045223793781
3, 22, 0.1580166181475381
20, 21, 0.1493770991613309
64, 14, 0.8584425243041383
60, 15, 1.734152420793544
79, 9, -1.357382629198525
4, 22, 0.6328291991367201
89, 3, -0.5480344872036222
71, 12, 0.5514517705462241
45, 18, 0.05577059634034836
85, 6, 1.138436369332452
74, 11, 1.093453719091676
90, 2, 2.142423149656475
5, 22, 1.201642519029742
88, 4, 0.4079644434851404
21, 21, -0.01383749228386811
68, 13, -1.272374780467766
51, 17, 0.2980387583741109
31, 20, 1.719513302118854
56, 16, -0.03203151264591887
91, 1, 0.5677266628946157
6, 22, -0.4149941627752241
77, 10, 1.328904862539588
39, 19, -0.6264218835850804
87, 5, -0.1982750145915038
7, 22, 0.632795719633042
22, 21, -1.446341852271626
46, 18, -1.307405791214596
61, 15, -0.5499792124122193
92, 0, -1.138512203530821
32, 20, 0.3950379171183163
65, 14, -0.4155658603899614
82, 8, 0.1143136025516543
8, 22, -0.2114530933048355
84, 7, 0.7672707865079211
72, 12, 0.5289836221886889
80, 9, -0.2168642009540145
40, 19, -0.3039773002588982
52, 17, -0.2774575109175985
75, 11, -0.8480256036379958
9, 22, -0.9053578371483205
23, 21, 0.6739335663535168
57, 16, 0.8723653063754468
90, 3, -1.291099404402862
86, 6, 0.4161919383248928
91, 2, -0.05615416772053969
69, 13, 0.09035270886102117
10, 22, -0.7023940135335055
89, 4, 0.8065046631744358
33, 20, -0.2727079034145811
47, 18, -0.3963854984320878
78, 10, -0.8938025241980491
92, 1, 0.653524298846319
24, 21, -0.4598147209411255
11, 22, 1.5344608082049
41, 19, 0.6886776638042649
62, 15, -0.4605760633886725
88, 5, -0.01243544203612891
66, 14, 0.6538297437420383
53, 17, -0.1040516917525342
12, 22, 2.048532386958116
34, 20, 1.142912824291616
83, 8, 1.395460510404584
58, 16, 0.4878239473776378
25, 21, 0.2975224408803079
93, 0, -0.06878777204363576
85, 7, 0.8722377086643077
73, 12, 1.819558501527175
81, 9, 0.006537684604189082
76, 11, 0.8513745248175533
48, 18, -0.1507278284704572
70, 13, 0.6381798575480789
13, 22, -0.5717928120023733
42, 19, 0.1965270065425702
87, 6, 0.3363595490939571
91, 3, 0.5038759754251748
92, 2, 1.413695309626494
26, 21, -0.6221419728171453
35, 20, 0.2954306481239841
79, 10, -0.4235880025804901
90, 4, -0.1486372682622887
14, 22, -1.76507831453671
63, 15, 0.6995664795699543
54, 17, -1.076887424635804
93, 1, -1.047927406602462
67, 14, 0.9886814050431352
59, 16, 0.07371933236387537
15, 22, -1.236679611815873
89, 5, -0.7546128568755884
49, 18, -0.9278612014391313
27, 21, 0.7029291639023699
43, 19, -1.022168639030823
74, 12, -1.636644542282491
84, 8, -1.203769010208356
36, 20, 1.182856996589545
86, 7, 0.8941367299028269
77, 11, -0.1748906006820415
94, 0, 0.6354148928224741
16, 22, -0.6908114727872312
71, 13, 1.494863716646391
82, 9, -0.1735197406085503
-11, 23, -0.4146238437574228
-10, 23, -0.1365570639143399
-9, 23, -0.004860305605417206
28, 21, 1.470589206265366
55, 17, -1.43831012073865
-8, 23, 1.401595630892676
64, 15, 0.7513420032710908
-7, 23, -0.6582321905453919
88, 6, -0.9757182131503545
17, 22, 0.4087033196869395
-6, 23, 0.8620469410241387
92, 3, 0.4271474916221861
80, 10, 0.289718149913246
93, 2, -0.04707264801321876
-5, 23, -0.2315374133210049
68, 14, 0.5787456592171063
50, 18, -0.2774598148479097
44, 19, -0.274414617061907
37, 20, 0.4481270744958526
60, 16, -0.5280353556980081
91, 4, -1.039044437683928
-4, 23, 1.305623725884562
-3, 23, -0.07571451972698405
94, 1, 0.3311946839011934
29, 21, 0.1470896567351427
18, 22, 0.1659436456249947
-2, 23, 0.1503032255590299
-1, 23, -0.1515511893074095
75, 12, -0.4194492955982725
90, 5, 0.9331938953236116
85, 8, 0.8894789552654673
72, 13, 0.3033656920664406
0, 23, -1.684078552821516
78, 11, 0.2055225095169516
56, 17, 0.1940047606209549
38, 20, 1.310950549832223
19, 22, -0.2894234375975734
87, 7, 1.362436190272256
83, 9, 0.6984150862961678
45, 19, 0.3750517431670467
1, 23, 1.467068185031009
95, 0, 3.989018905318603
65, 15, -2.105668221521849
51, 18, 0.4364274882720059
30, 21, 1.178424274301958
2, 23, 0.09061275344846441
61, 16, 0.07923618368723262
69, 14, 0.0757149007636618
89, 6, 0.8511337986584839
20, 22, 1.434257965697619
81, 10, 0.07868337617931953
3, 23, 0.2290344520323554
93, 3, -0.8341840735842811
94, 2, -0.9736261607718401
39, 20, -1.908669613674991
4, 23, 1.900394468389824
92, 4, -0.1097546716871447
31, 21, -0.4282146838017909
46, 19, -0.1299288585020532
21, 22, 0.6904578090668826
57, 17, -0.5045150132604718
5, 23, 0.07006104209253461
76, 12, -0.4430462296494194
95, 1, -0.5595630658986511
52, 18, -0.1075027055080549
73, 13, -0.4200243025613634
91, 5, 0.3796470256243306
79, 11, 0.3073027566014538
6, 23, -0.1946883771427008
66, 15, -1.033108543393447
86, 8, -0.7584999162314454
62, 16, 0.38861594380269
84, 9, 0.2563595204516341
88, 7, -0.5042528593489578
32, 21, 0.4251971802730056
22, 22, -0.04660744886345645
40, 20, -0.2808325142673105
7, 23, -0.6427465853246863
70, 14, -1.081871534388672
96, 0, 1.189004909510304
47, 19, -0.3848249926169536
8, 23, -0.3905925305526113
82, 10, -1.586490165718068
90, 6, -0.731713430254285
58, 17, -0.7536297176289913
23, 22, -0.1782382939507859
94, 3, -0.1765812316504064
53, 18, -0.04219097653221152
33, 21, 1.251448334490326
9, 23, -0.5514847482424443
95, 2, -0.02628376598695927
93, 4, 0.5617368578275173
77, 12, 0.607623027972542
41, 20, -0.4273956222116409
74, 13, 0.05181262015572196
67, 15, -0.3593266575076504
10, 23, 1.137621090971578
96, 1, -0.07083922171476695
63, 16, 0.03374747619794594
24, 22, 0.3263556263299571
80, 11, 0.09968404811969583
92, 5, -0.0008021128831579866
87, 8, 0.5520844421837319
48, 19, 0.5175260056521355
85, 9, 1.518000714219562
71, 14, 2.037424251576109
34, 21, -1.502177279573955
11, 23, -2.071515787245791
89, 7, -0.142467752444441
54, 18, -0.02165694462535704
59, 17, 0.1416819979657319
25, 22, 1.152113028515388
42, 20, 0.2491177671757475
97, 0, 0.5862072562775429
12, 23, -0.5469827058336386
83, 10, 0.3195613802908015
91, 6, 1.234423165637285
35, 21, -0.2660554064720062
13, 23, 1.154326650740126
95, 3, 0.7122201986974042
78, 12, 0.09315511319538471
68, 15, -1.077634332168004
49, 19, -0.5174797881381906
64, 16, -1.161927979816332
75, 13, 0.01667445618850429
96, 2, 0.7683003362211897
26, 22, -1.025606764373269
94, 4, -0.004100617564983522
81, 11, 0.8746176897254109
43, 20, 0.2979699731437525
14, 23, 0.5872485477796838
97, 1, 0.3513242348988701
55, 18, -0.3072688594872886
72, 14, -0.9147148029010727
60, 17, -0.4608211695589724
88, 8, -0.340732228031018
93, 5, 0.5439509296243306
86, 9, 0.6026520551732508
36, 21, -0.008367014403756506
27, 22, 0.601014483223236
90, 7, 0.04455124927122243
15, 23, -0.07044060079374648
50, 19, -0.5292467761700659
84, 10, -0.8025834501686362
98, 0, 0.4617126572850269
44, 20, 0.3191057898751664
65, 16, 1.040686096424164
16, 23, -0.08125610365273415
69, 15, -0.9937742801876432
92, 6, 1.159839079032501
28, 22, -1.542393317737838
79, 12, 0.5486679526395173
76, 13, -0.3887167772913569
37, 21, -0.5145106436051982
-12, 24, -0.5010908881033267
-11, 24, 0.3541447681299993
56, 18, 1.055101403268279
-10, 24, -1.089853680708094
96, 3, -1.210941404431735
-9, 24, 0.6683137854124278
-8, 24, 0.05013715710038771
97, 2, 1.101344514683052
61, 17, -1.15015089438721
17, 23, 0.8754186036622511
-7, 24, -1.179096382313046
95, 4, -0.7658848733492674
82, 11, -1.497534646568093
73, 14, 1.267276851470214
-6, 24, -1.063926130061289
-5, 24, -0.8437067656494974
51, 19, -1.267933463155892
29, 22, -0.01554020843502503
-4, 24, -0.5646180715705895
98, 1, 0.1822855948436242
89, 8, -0.2747172510891293
45, 20, -2.343583842076628
87, 9, -0.1918637819577315
-3, 24, -0.05381141689441225
94, 5, -0.2881550006921425
18, 23, 0.158683221799873
38, 21, 0.3047574516403982
-2, 24, -0.9517313067858454
91, 7, -0.8987837728362671
66, 16, 0.3607931957027068
-1, 24, -0.5474486792463792
85, 10, 0.9673969570825001
70, 15, -1.826550839166091
57, 18, 0.4252491710754039
30, 22, -2.073593039833657
19, 23, 0.174681093189851
0, 24, 0.3209159308225998
99, 0, -0.1734922200393507
77, 13, 0.2537380759268043
80, 12, -0.4352654938211549
62, 17, -0.6390571025429709
1, 24, -0.1187131261777361
93, 6, 0.4414406521801954
52, 19, 0.2068429541486215
46, 20, -0.656629098269398
39, 21, 0.1813347651369099
74, 14, 1.153544850288362
2, 24, -1.207910906855531
97, 3, 0.172329467467965
20, 23, 0.1418042750886728
83, 11, -0.3869862438792273
98, 2, -0.1673343188945775
31, 22, 0.3315217673192056
96, 4, 0.5193626070389101
3, 24, -0.7224996011060566
4, 24, 0.814411458571898
90, 8, 0.7555840237719734
88, 9, 0.8978213891149829
67, 16, -0.6202596910425162
58, 18, 0.8804830061634984
99, 1, -0.5299624104698115
21, 23, -0.5200440722880261
95, 5, -0.8342130067305302
71, 15, 0.2013038170463386
40, 21, 0.5259977306486948
5, 24, -0.5452610092164691
92, 7, -0.3765759330844132
47, 20, 0.2148493942795358
53, 19, 0.3693794668050662
63, 17, 1.270631920226363
86, 10, -1.013438584740582
32, 22, 1.016315112096404
78, 13, -0.1160339636883822
6, 24, -1.306761181100797
81, 12, 0.09355554459277972
22, 23, 0.7606384639538335
100, 0, 1.985106544585917
75, 14, -0.3512860750874306
7, 24, 0.4925517148481026
94, 6, -0.3782116766726831
84, 11, -0.4109676566494485
41, 21, 0.2189205498702936
33, 22, -0.8369635921548323
8, 24, -0.1617429462203245
98, 3, -0.6996120586795626
59, 18, 0.6654190948408265
23, 23, 0.02174540736591802
68, 16, 0.4377891879560734
48, 20, 1.361098301872642
99, 2, 0.08794839249927347
97, 4, -0.3443932698772555
54, 19, -0.1603962731455527
72, 15, 0.8815042497217231
9, 24, -0.8791586955058081
91, 8, 0.4865929354808507
64, 17, -0.4292158866977742
89, 9, 1.272326585614117
100, 1, -0.08720239966865438
96, 5, -1.133252559469291
24, 23, 1.052855291570422
34, 22, 1.6821969633239
10, 24, 1.92316690413887
93, 7, -0.3484062617363985
87, 10, 1.359335780440111
79, 13, 0.01391241388319967
42, 21, 0.211342828676795
82, 12, 0.09619283307940067
76, 14, 0.6554857327191764
11, 24, -1.071739526973754
49, 20, -0.8508603913925934
60, 18, -1.034107893404593
25, 23, -0.3080752553854157
101, 0, 0.9054967282743461
95, 6, 0.6394553544218932
55, 19, 0.3224523382872556
85, 11, -0.0009230453385324605
69, 16, 1.013031931853366
35, 22, -1.461660573511122
12, 24, -0.6998079217039144
65, 17, 0.9123370903189254
73, 15, 1.669766792573942
43, 21, 0.3109668830283588
99, 3, -0.7559485044622335
26, 23, -1.05694733935021
100, 2, 0.2695593308010112
98, 4, -0.6412391505883086
13, 24, -0.2327903288061337
90, 9, -0.1042502468985084
92, 8, 0.02423429513008264
50, 20, 1.361439581387311
80, 13, -0.1862817256569279
36, 22, -1.587506812800394
101, 1, -0.06799313116919239
97, 5, -1.581229016081098
88, 10, 0.5777080746448865
14, 24, -0.6798044149288706
94, 7, -0.1639260515112541
61, 18, -0.2992533954099782
83, 12, 1.277793825570431
56, 19, -0.08253773142392117
77, 14, 0.8568897012641004
27, 23, -1.16977293537051
44, 21, -0.3983356271051189
70, 16, 0.6056588613309499
15, 24, -1.215766761773524
66, 17, -1.348948284545149
86, 11, 0.4702659130152085
102, 0, -1.26998913918654
96, 6, -0.9689152482422251
74, 15, 1.038486873528666
37, 22, -1.36135872286997
51, 20, 0.05916209376031636
28, 23, -1.387925158404944
16, 24, 0.1996087309281071
100, 3, 1.030313902700416
45, 21, 0.6996626270097717
62, 18, -1.548594229967257
99, 4, 0.2715047223901813
57, 19, -0.6579051583670993
-12, 25, 0.3873633908685394
101, 2, 0.6696356865753764
-11, 25, 0.9377702224111651
-10, 25, -0.7860273247381062
91, 9, 0.09551047005415995
93, 8, -0.5766179122685562
-9, 25, -0.5030593136734796
81, 13, 0.847261048735557
17, 24, 0.4620259071509226
-8, 25, 1.029302461875113
-7, 25, -1.312735567399362
29, 23, 0.9752795476743115
78, 14, -0.07212001593557639
38, 22, 2.438957319816407
89, 10, -0.7630541370544004
-6, 25, 0.233343381772406
84, 12, 0.07644918841095701
98, 5, 0.4247624796016312
102, 1, 1.299347462784702
95, 7, 1.115759908620746
-5, 25, 1.094549984218718
71, 16, -0.03829487021675964
67, 17, -1.047138595639471
-4, 25, 0.03157008197294488
52, 20, -0.2523240828617567
18, 24, 1.081379380142639
-3, 25, 0.6008372956649382
75, 15, 1.229232116496673
46, 21, 0.8930471499187725
-2, 25, 1.164002281203449
87, 11, 0.6765126567003986
30, 23, -0.6471883418402424
-1, 25, -0.4317219697623303
97, 6, 1.058214230289266
58, 19, -0.6343971300828112
39, 22, -0.1730533187001277
103, 0, -0.01244237136343277
19, 24, -0.4007385980961929
63, 18, -0.02040181385441551
0, 25, 2.949502167254698
1, 25, 0.8740578782625499
101, 3, 0.4494530451951076
82, 13, 0.1389590002351052
31, 23, -0.9380679306690319
92, 9, 0.183514782796097
53, 20, 0.3201245276462918
100, 4, 1.046612921517878
20, 24, -0.9354449783476636
102, 2, 1.388832847192327
94, 8, 0.6383037058866853
79, 14, 1.233303034291241
2, 25, 0.6020012600720939
72, 16, 0.05989440723722055
85, 12, 2.126570859576553
47, 21, -0.6241966976561834
68, 17, 0.9708741625926691
90, 10, 0.2267170657454476
40, 22, -0.1161994228751362
3, 25, -0.2029043076125543
99, 5, 0.4666539293059233
96, 7, -0.6559770198076434
103, 1, 0.9743588326634451
21, 24, -0.04468769802360496
59, 19, -0.2560466785623737
76, 15, 1.314041999234827
4, 25, -1.045136487633858
32, 23, -0.1795365361259334
64, 18, -0.9591671599743666
88, 11, -0.1848061270696152
5, 25, -1.279210152350842
54, 20, 1.864261021595554
98, 6, -0.2910893168600019
22, 24, 0.0005450244424038883
48, 21, 0.421380474400713
41, 22, -2.434569441370179
6, 25, 2.423270354006271
104, 0, -0.05734645816789149
83, 13, -0.8585854501472574
33, 23, -0.7794532263365136
69, 17, 0.07626254515540765
73, 16, 1.477867299303504
7, 25, -1.491045991477461
80, 14, -1.818783423827645
102, 3, -0.4350225044249345
93, 9, -1.587861492923881
95, 8, 0.4563814360017181
23, 24, -0.5400453871143535
86, 12, -0.8541789461154177
101, 4, -0.130736101076057
60, 19, -0.09434044308947527
103, 2, 0.2966919229714776
8, 25, -0.9357374016927446
91, 10, 0.4326013859171937
65, 18, 0.1760031010048544
77, 15, 0.7476987267637049
42, 22, -0.2605398972775314
97, 7, -0.4204058791595854
100, 5, -3.294933433843389
55, 20, 3.32826413158682
49, 21, 0.8905433148028907
9, 25, 0.6063790574381743
34, 23, -0.5891573247875316
104, 1, -0.05692083645659797
24, 24, -0.01137376166954913
89, 11, -1.212130361155341
10, 25, -0.2016133369026114
70, 17, 0.8777709652186895
99, 6, 0.9371848998439616
74, 16, -0.8712460912409036
61, 19, 1.661472417495764
25, 24, -1.508670320360859
84, 13, -0.3553984405811419
11, 25, 0.4491313259094746
43, 22, 0.06354725249247858
35, 23, -0.05811635964904411
105, 0, -2.030180241491387
81, 14, -0.304752751514256
50, 21, -1.484334763630182
66, 18, 0.5720666746501182
56, 20, 0.8930199725447329
94, 9, 0.6627701034289908
87, 12, -1.040963288219774
12, 25, 0.369645156826547
103, 3, -0.2830132126511452
96, 8, 0.1899710366965479
78, 15, -0.6603685471080317
102, 4, -1.732590893440983
92, 10, -0.2556251860325771
104, 2, -0.7272190485501283
26, 24, -0.6345811491625815
36, 23, 0.3802789501298556
13, 25, 1.005253251227274
98, 7, -0.4024678236578956
101, 5, 0.2242995679619258
44, 22, 0.439075080223118
105, 1, 1.020324949483473
90, 11, 0.1319232433680172
62, 19, 1.043796690396443
71, 17, 0.6853035963631368
51, 21, 0.188734596074556
27, 24, 0.03279722950494846
14, 25, -1.00091444742306
75, 16, -1.610781877653455
57, 20, -0.1221033886240073
85, 13, -0.8824864427614902
67, 18, 0.1504014662402236
82, 14, 1.224103400586386
100, 6, -2.278687501330503
37, 23, 0.5844318252350884
15, 25, 2.19954605263037
106, 0, -1.755487079262598
45, 22, 1.392310176205111
88, 12, 1.06139132923901
28, 24, -1.123762712882303
79, 15, 1.500790374515234
95, 9, -0.9418344514075422
97, 8, 0.7933841618581903
93, 10, 1.33191541069174
104, 3, 0.2997247451751846
16, 25, 0.4510935277061632
103, 4, 0.2276165386762715
52, 21, 0.1460052914432138
105, 2, -0.3695490791579971
63, 19, 0.1278646469415163
38, 23, -0.8770373478689965
72, 17, -0.7784198588248009
-13, 26, 0.1056550207147528
58, 20, 0.2366749051136063
-12, 26, -0.3187162462323139
99, 7, 0.1519584016068513
-11, 26, 0.01160038971908418
29, 24, -0.6651493637134503
-10, 26, -0.04883389270156015
102, 5, -1.32435360925783
91, 11, -1.500148672439335
17, 25, 1.214182392519817
-9, 26, 1.899407507557989
76, 16, 0.1469616889489559
-8, 26, 0.774927068687855
68, 18, -0.3437173383076743
46, 22, -0.3000270325821114
106, 1, -0.5176353064167917
-7, 26, -0.3543016562596107
-6, 26, 1.67713386469333
83, 14, -1.212393932272849
86, 13, -0.9808688200031128
-5, 26, 0.6707963769933181
18, 25, 0.672434684322692
-4, 26, -0.01345225816189529
39, 23, -0.2958466898751389
30, 24, 0.166599715510283
101, 6, 1.173425663263303
53, 21, -1.172652353992321
-3, 26, -0.3636423626374206
80, 15, 2.573384004442755
89, 12, 0.4191455996548613
-2, 26, -0.8317805107940673
107, 0, -0.5412105210187724
64, 19, -0.4591179000527547
96, 9, 0.02343077519230755
19, 25, -0.1256339367852176
59, 20, -0.002843101073450525
-1, 26, -0.2646002360542213
47, 22, 1.12670962164563
98, 8, -1.110570409814883
94, 10, 1.101177104734796
73, 17, -0.9611972226761342
0, 26, 0.1907366779075149
105, 3, -0.2103710430591373
31, 24, -0.3119198271631929
104, 4, -0.0246777087917298
69, 18, -0.1181938568897739
77, 16, 0.6432809757967025
40, 23, -0.384672604317269
106, 2, 0.5909846534076559
1, 26, -1.009111629391676
20, 25, -2.006909692203852
100, 7, -1.795476540281617
92, 11, 1.81938938466784
54, 21, -0.2558725989454523
2, 26, 0.2986720710888688
103, 5, -1.053024995152951
84, 14, 1.138404026448641
107, 1, -1.478278485453809
87, 13, 0.3131362142337185
3, 26, -0.1142879681333162
32, 24, 0.3592524362150956
48, 22, -1.594386206519997
21, 25, -0.4302411150241365
65, 19, 0.3229139460698169
60, 20, -0.4411607284857255
81, 15, -0.4655200412195736
4, 26, 0.5779721581858037
41, 23, 0.3940105789712916
102, 6, -1.121256767717569
90, 12, 1.148838207306821
74, 17, -1.734212538466
5, 26, 1.766852811416216
97, 9, 0.2383140513357436
22, 25, -0.2408951224462861
108, 0, 0.8100774216540213
70, 18, -0.8145673388788064
33, 24, -0.4992892914236866
95, 10, -1.305896791608152
55, 21, -0.6998799608649601
99, 8, -0.07130494694544234
78, 16, -0.6243249324129696
6, 26, 1.149877306090251
106, 3, -0.7044866642759379
49, 22, 1.154965897022068
105, 4, 1.085109730113848
42, 23, 0.6476142223454685
7, 26, -0.6841239950450791
93, 11, 0.3196911799391197
23, 25, -0.5405918781414821
107, 2, -1.106269959493765
101, 7, -0.3679646601273554
61, 20, -0.7468584667178941
85, 14, 1.692094107077208
66, 19, 1.057601250289855
104, 5, -0.2319535494239931
88, 13, 0.2161943663355695
34, 24, -1.225097195201296
8, 26, -0.8105234317668145
82, 15, -0.5401755040480812
108, 1, -1.192152271748913
24, 25, -0.117239440738564
9, 26, 0.01135513677080606
56, 21, -0.1669935369865223
75, 17, -0.2693703617607385
91, 12, 0.7877356102002679
71, 18, -0.3685005172296523
50, 22, 0.4166452520054341
43, 23, 0.2225846972844161
103, 6, 1.332201086711397
10, 26, 0.2284884195265779
79, 16, -0.216095051322778
35, 24, -0.1764150771896515
98, 9, -0.4968083551796477
25, 25, -0.04163656448252578
96, 10, -0.5705006771544966
109, 0, -1.19275211797224
62, 20, -0.4987151539775496
100, 8, 0.2636489216938114