d = 67, symClass = D, D = 7.468750
[8.691459881749651, 8.691486360565381], 8.69147202804999
1, 0, 1
2, 0, 2.098444915111276
3, 0, 1.236001272331191
4, 0, 2.616397816759421
0, 1, 0.1574887093300345
1, 1, 0.5360654433511649
2, 1, 0.2867800904462806
5, 0, 2.119654365730034
3, 1, 0.3538910508837972
6, 0, 2.73239708843747
4, 1, -1.679943618959951
5, 1, 1.813953696721498
7, 0, 1.88882146278858
6, 1, -1.438137780857514
8, 0, 2.795915857016676
-1, 2, 0.5481445727348306
0, 2, 0.4610027001769913
1, 2, 0.06589807516646634
7, 1, -0.0884541227634124
2, 2, 0.7576534713098416
9, 0, 0.4948191834418028
3, 2, 0.6743787178094007
8, 1, 0.3021746304614416
4, 2, 0.542964684462147
10, 0, 3.865635361047656
5, 2, -0.9262496493183668
9, 1, -1.615735648443052
6, 2, 0.93139301217936
11, 0, 1.06282386211687
10, 1, 1.482806657528486
7, 2, 0.8247835896123613
12, 0, 3.343926248003043
8, 2, -3.114790747060761
11, 1, -0.4272888795710671
-1, 3, -1.645299127973863
0, 3, 0.1417664032995313
1, 3, 0.2930173910907296
2, 3, -1.217488192380418
9, 2, 1.563729523296302
13, 0, -0.3116431071351134
3, 3, 0.7201123702913196
12, 1, 0.4144255738462319
4, 3, -1.760796207683206
10, 2, 3.392032266233355
5, 3, 1.477915150895636
14, 0, 3.211954531679537
13, 1, 0.5625780217774105
6, 3, 0.3953569460225884
11, 2, -1.104894601626446
7, 3, -0.3516972295582962
15, 0, 2.740327278691716
14, 1, -0.4566119813913431
12, 2, -2.299643180698351
8, 3, -1.047564362762721
16, 0, 2.757409480520489
15, 1, -0.1119271821237124
9, 3, 0.350698569600547
13, 2, 0.8734010029275503
-2, 4, 1.414791017789852
-1, 4, 1.806771466325326
0, 4, 0.4987844595120072
1, 4, -1.390245204190662
10, 3, -1.218070868161477
2, 4, -0.09008490145865809
17, 0, 0.01421468825599558
16, 1, -0.9915713740517668
14, 2, 0.07736004000522442
3, 4, 1.057716066287736
4, 4, 1.119702495441363
11, 3, 0.8316539695352846
5, 4, -1.444489033937415
17, 1, 0.1569970144791425
15, 2, 0.1501161640311222
18, 0, 1.591071277810361
6, 4, 1.290695638542654
12, 3, -2.227479362406698
7, 4, -0.7550964243499901
16, 2, 0.6601914553352002
18, 1, -1.416711611992021
19, 0, 0.1158814670206336
13, 3, -0.8627970820989219
8, 4, 0.7394556648854709
9, 4, 0.2695138073247648
17, 2, 0.03969523296120567
14, 3, 0.04913513441773062
19, 1, -1.181737173563287
20, 0, 5.104206764627187
10, 4, -1.903047667577909
-2, 5, -0.3192591719629905
-1, 5, -1.166338632416405
15, 3, 2.340134592126742
0, 5, 0.4134046105727201
18, 2, -3.003260036666429
1, 5, 1.301220283543502
20, 1, 0.1083100511528475
11, 4, 0.08984565639801863
2, 5, 0.8875949219010336
21, 0, 2.500170094033628
3, 5, -1.360274865812224
16, 3, -0.4698366232806321
4, 5, -1.088248154477619
12, 4, 1.060638601656449
19, 2, 0.02238685680957591
5, 5, 0.8577907617225321
21, 1, 1.30246114250518
22, 0, 1.678492290429083
6, 5, 1.738088660473289
17, 3, 0.02836424827402544
13, 4, 0.02145110427954158
20, 2, 2.976991707518033
7, 5, -0.2275910458618964
22, 1, 0.0682164834767236
14, 4, 1.612973426903753
23, 0, 0.1085332107707696
8, 5, -0.8852686315003274
18, 3, -1.934879504073293
21, 2, 0.2924007175209002
9, 5, 0.3059421714239356
15, 4, 0.6106183299058889
23, 1, -0.1295181318054502
19, 3, 1.331593457019771
10, 5, 0.5751268514525129
24, 0, 3.531044503317438
16, 4, -4.102952734240524
22, 2, -1.022650642294805
11, 5, 1.081485254673307
-3, 6, 0.6030158789636836
-2, 6, -2.738853433872876
-1, 6, -1.689912603085681
0, 6, 0.5965830881106586
20, 3, 1.156927618057665
24, 1, -0.9424163124738347
1, 6, 0.8843920631400818
25, 0, 3.093592330521008
2, 6, 0.307319787340311
17, 4, -0.3074175280812416
12, 5, -0.3033427329717722
3, 6, 0.139604949047801
23, 2, 0.397627449758268
4, 6, -2.520768840163531
21, 3, -0.1667214235744288
13, 5, 1.23928163932372
25, 1, 0.08870786076612652
5, 6, 0.09618879920504649
18, 4, 2.6065948001575
26, 0, -0.2484123660988838
6, 6, 0.9027039516446276
14, 5, 1.511751636869833
24, 2, 0.7368945957245683
22, 3, -0.6724752835614821
7, 6, -0.689266862979468
19, 4, -0.5931024197926125
26, 1, 0.3003190229105448
8, 6, -3.025422760900475
15, 5, 0.8709257327453962
27, 0, -0.7329357596969035
25, 2, -0.9100371303982081
9, 6, 0.8872452228592579
23, 3, 0.9294573048606716
20, 4, 4.411111338856641
16, 5, 0.3679133901154616
10, 6, 2.721068060035154
27, 1, -2.135773851066096
28, 0, 4.391341766143887
26, 2, 0.6825361854985413
21, 4, -0.8875668592581135
17, 5, 0.3531711816254682
11, 6, 0.3615789467041919
24, 3, 0.4080262523764503
-3, 7, 0.9722642802223428
-2, 7, 1.731782894013454
-1, 7, -1.681444492273996
12, 6, 0.7091693158977729
28, 1, 1.300402164328643
0, 7, 0.3625872452999979
18, 5, -0.6993616527475222
29, 0, 0.07591158066094293
1, 7, -0.948049581417757
22, 4, -2.155962394790719
27, 2, -0.5193658143524529
2, 7, -0.486327367965788
25, 3, -1.087534590257143
13, 6, -0.562556035624927
3, 7, 0.279892939603189
4, 7, 0.8625613603558479
19, 5, 1.232471249809757
29, 1, 0.3700243969418158
14, 6, -0.6332551705466886
23, 4, 0.7593377848966772
5, 7, 0.7703657924410441
30, 0, 4.986938089531091
26, 3, -0.5029360902021459
28, 2, -0.5669148914466325
6, 7, -0.07593305221933555
20, 5, -3.313156743131076
15, 6, -1.160915661043127
7, 7, 0.6635517708899644
24, 4, -3.213123229066569
30, 1, -0.08083087984899281
8, 7, -0.6422342740813425
31, 0, 1.989254055566755
27, 3, -2.090287388659318
16, 6, -2.001071621467148
29, 2, 1.055093934707845
21, 5, 0.06869585411170843
9, 7, -1.288214454479353
25, 4, -0.2126688012129436
17, 6, -0.3529081781184165
10, 7, -0.3507647517729079
31, 1, -0.6469057872648966
22, 5, -0.950264402938343
28, 3, 1.26642769104788
32, 0, 2.046771410677689
30, 2, -0.1553545320780942
11, 7, -1.618129134803313
18, 6, 1.226508388907927
26, 4, 1.431454638050737
12, 7, -0.9693892363671159
23, 5, 1.667556214650253
-4, 8, 1.64713815911256
32, 1, -0.6653337365072309
-3, 8, -0.671073204162775
-2, 8, 3.582875187422021
29, 3, 0.5203849601213975
-1, 8, 0.5154572945220464
19, 6, 1.410509332744131
0, 8, 0.5012362026452426
33, 0, 1.396651447374835
31, 2, 0.8256759762753758
13, 7, -1.374730566682613
1, 8, 0.6069950804507945
2, 8, -2.756519032930701
27, 4, 1.890879659310884
24, 5, -0.4299015976493106
3, 8, -0.4242593728254156
14, 7, 0.4785889468991839
20, 6, -2.04542502755072
4, 8, -0.01028563397619336
33, 1, 0.03747214947177965
30, 3, 1.894514182213298
5, 8, 0.3728390250564945
34, 0, 0.1354541865283937
32, 2, -1.956994043436026
15, 7, -1.37394440051091
28, 4, -0.02793658023781667
6, 8, 1.664277760320427
25, 5, 3.546747754812328
21, 6, 1.063022586049599
7, 8, 0.7919440463403356
16, 7, -0.342892808195652
34, 1, 0.05660961294031801
31, 3, 0.05823571893073209
8, 8, 1.269698828315417
33, 2, 1.713428606743668
35, 0, 3.481651234544426
22, 6, 1.893476954979084
29, 4, -1.046502196037287
26, 5, 1.252601121271123
17, 7, -0.06178390475248342
9, 8, -0.06476496413541004
10, 8, -2.249246682295638
32, 3, 0.4184466084601265
35, 1, -0.5161740717395702
23, 6, 0.4274573893026944
18, 7, 1.759855644786982
27, 5, -1.35370687385578
34, 2, 0.1176112224545217
30, 4, 0.1088315052059583
36, 0, 1.706190300195235
11, 8, -0.968664984920049
19, 7, -1.248407590247802
12, 8, 1.683209454116166
24, 6, -4.080529511709058
33, 3, -0.5312177748288216
36, 1, -0.0631749568609085
28, 5, -0.07915480502413794
31, 4, -0.3551895055219994
-4, 9, -0.3621280721286362
-3, 9, -2.219989092541022
13, 8, 0.07632264044333767
35, 2, 0.7098026329839601
-2, 9, 0.7066695727896343
37, 0, 2.699993236462192
-1, 9, 1.709632548490507
20, 7, 0.2752888699237102
0, 9, -0.03113821181150443
25, 6, 0.08433896228961679
1, 9, 0.08483112754221001
14, 8, -1.181785254921386
2, 9, 0.7979791858357681
34, 3, 0.1092023874637579
29, 5, 0.1185424832666776
3, 9, 0.4284162763403631
21, 7, 0.8576106473547956
37, 1, 0.2555752802730438
32, 4, 0.8201868436664524
4, 9, -0.5317192162009448
15, 8, -1.938568918916226
36, 2, -2.806417952087268
38, 0, 0.4536433007768925
26, 6, -1.620993954856731
5, 9, -0.0657582004357655
6, 9, -1.507467970714596
22, 7, 0.1120482469709086
16, 8, 0.7749189473422639
30, 5, -2.521424103750982
35, 3, -0.5859887975524434
7, 9, 0.8703524676564081
33, 4, 0.8526998937477962
38, 1, 1.050963696497314
27, 6, 2.10222851122454
37, 2, 1.679618799514911
17, 8, 0.03712655315720111
8, 9, 0.03221850390626647
39, 0, -0.511493729336066
23, 7, -2.098189742956229
9, 9, 0.5106151213887022
31, 5, 0.1855309429548666
18, 8, 0.07643639137788688
36, 3, 0.513857242730443
34, 4, 0.09990519539447418
28, 6, 0.09943127623682366
10, 9, 1.559543982004814
39, 1, 0.2876660982249198
24, 7, 0.2727026916109121
38, 2, -2.068164017416216
11, 9, 2.030825906427371
40, 0, 5.577108303308858
19, 8, 0.7605094870391522
32, 5, -0.5280961353560909
29, 6, -0.5985552815877642
12, 9, -2.312302531538423
37, 3, -0.02229226843993188
25, 7, -0.001509830177684307
35, 4, -0.2153760131539405
20, 8, -2.379206746160034
40, 1, -0.8436028737351132
13, 9, -0.5776405567570484
39, 2, -1.092795007904523
-5, 10, 1.362416554516618
-4, 10, -0.1355842358573672
33, 5, -0.01259952709870121
-3, 10, -0.006169295362264741
41, 0, 0.6322352575252227
-2, 10, -2.387284115613878
26, 7, 0.1594717046476443
-1, 10, 0.1641433394671907
30, 6, 4.394783811879174
21, 8, 0.2396054495517618
14, 9, 0.1061320545723575
0, 10, 0.714558574044046
38, 3, -0.6904870100565946
1, 10, -0.6881344924798715
36, 4, -3.939391164056322
2, 10, 2.794502088980763
15, 9, 1.918503874925043
41, 1, -2.892989688446208
3, 10, -2.893940564429847
40, 2, 0.1929130630554657
22, 8, 0.1584345649613101
34, 5, -0.1595757395627559
27, 7, -0.1581519402925247
4, 10, 1.484046698282276
31, 6, 0.04884797374358922
42, 0, 4.063252192202543
5, 10, -0.04835347647525449
16, 9, 2.097602988441536
37, 4, -0.2325265919757938
39, 3, 0.8030189320667338
6, 10, -2.65413516119657
23, 8, -0.3284410684879909
28, 7, -2.760246549442737
17, 9, -0.282203178794472
7, 10, -0.2841232436120116
42, 1, -0.5982181564537828
35, 5, 0.01862855483954617
32, 6, -0.9390679772674733
41, 2, -1.76846967162301
8, 10, -2.159863621178181
43, 0, -1.003326509508733
24, 8, 1.098252497854957
18, 9, 0.2207298588860332
38, 4, 0.155331591749913
9, 10, 1.388094254449062
40, 3, 1.5469985094327
29, 7, 0.8965258434871821
33, 6, -1.419409545879401
10, 10, 1.716668285221198
36, 5, -1.158834413575457
43, 1, 0.3220909712161242
19, 9, 0.2903257997324626
25, 8, -0.3354776218652558
42, 2, 2.068566795487413
11, 10, 0.04487562297967942
44, 0, 2.334951595057589
30, 7, 0.09323776944972527
39, 4, -2.210740963532392
41, 3, -0.4575712981125933
20, 9, -0.4394857031999497
12, 10, 3.040692811251576
34, 6, 0.2651269200760032
26, 8, 0.25613418273374
37, 5, 0.5774999000566818
44, 1, 0.2904725650347596
13, 10, 1.880122080210681
43, 2, -1.090115048872715
21, 9, -0.444882821294695
31, 7, -1.687948668346266
45, 0, 1.462619874915733
-5, 11, -0.2683022070964456
-4, 11, -0.5442118407438318
40, 4, 3.780940421616738
27, 8, -0.6652908684807509
-3, 11, -0.6602356239661341
14, 10, -0.7358969384033455
-2, 11, -1.924570156610338
42, 3, -0.6477560619663927
35, 6, 0.08957311160753136
-1, 11, 0.1020191464590551
0, 11, 0.2754350174691039
38, 5, 0.1130782566201387
22, 9, 0.09443977223443355
1, 11, -0.2822358521899723
15, 10, 1.355492218075584
32, 7, 0.6360463065882407
2, 11, 0.4351497828112251
45, 1, 1.467317024472165
44, 2, 0.5098780626358089
28, 8, 2.080875514307768
3, 11, -0.1378382757018041
23, 9, -0.1212594171826423
46, 0, 0.2137751560912123
16, 10, -1.877890724611806
41, 4, -0.08818775702700149
4, 11, -0.103083888295309
36, 6, -2.850227002190165
43, 3, 1.19803137581795
5, 11, 0.2617197128554482
39, 5, 0.3516409089383215
33, 7, -1.651833853685019
6, 11, 0.2346577610989787
17, 10, 0.2298012500718611
29, 8, -1.33059149385991
24, 9, -1.36746832788149
46, 1, -1.443860150550809
45, 2, 2.049326167738831
7, 11, 2.039648209515225
37, 6, -0.1236028364916669
42, 4, 0.2679716802742644
18, 10, 0.2857037295490142
47, 0, 3.081083064319063
8, 11, 2.086984768836758
44, 3, 0.3980983108717091
40, 5, 0.6733009393374541
34, 7, 0.1414569168070727
25, 9, 0.1272831478639928
30, 8, 0.8280427383559618
9, 11, -1.777043995880111
19, 10, -0.535914836915086
10, 11, -1.737366837760699
47, 1, 1.74059261431694
46, 2, 0.09952872991703617
38, 6, 2.263612297547096
26, 9, 0.8497681151013801
43, 4, 1.334638545744152
31, 8, -1.939687924673025
11, 11, 0.3136902050011922
20, 10, 1.054065329192733
35, 7, 3.028123848670443
48, 0, 3.618489901388725
41, 5, 0.1460680542159434
45, 3, -0.1663147621470547
12, 11, 1.151863895640389
27, 9, -0.002691388109896848
21, 10, -0.7029655431708706
39, 6, 1.190150049118088
32, 8, -4.488929586387095
48, 1, -0.2840830584828561
13, 11, -0.2928613778447048
47, 2, 0.881390243278298
36, 7, 1.028904405038248
44, 4, -1.213739646516744
42, 5, 0.966072829251354
49, 0, 1.877944027740686
22, 10, 2.286069020045628
46, 3, 0.2585107893478476
14, 11, 0.2426107061004898
-6, 12, 1.908101334532675
28, 9, 0.7005926671190683
-5, 12, 0.6970671646530442
-4, 12, -3.776901301576884
-3, 12, 2.298154816152469
-2, 12, -3.231297738402216
-1, 12, -0.1089574119735449
33, 8, 1.720465267413264
15, 11, 1.656334318334824
0, 12, 0.6172137570684384
40, 6, 2.52267055690641
23, 10, -0.2909795753368226
37, 7, -0.4529855166745453
1, 12, -0.4594642493988259
49, 1, -1.36276216160703
48, 2, -1.895098375138181
2, 12, 1.683759307734899
45, 4, -0.9822488373111186
29, 9, -1.065197299556589
43, 5, 0.3737296361511569
16, 11, 0.3736734631741931
3, 12, -1.736440138932195
50, 0, 5.496806304911185
47, 3, -1.14795056180591
4, 12, 0.526256879517533
34, 8, -0.5749951160339809
24, 10, -0.5610238493537939
17, 11, -0.02451148145146813
5, 12, -0.02438063695564665
41, 6, -1.147429162639014
38, 7, 0.08749151209704578
30, 9, -1.640249756413698
6, 12, -0.2070427569731676
50, 1, -0.3704491425228938
49, 2, -0.3736198137851615
46, 4, 0.5119172827181909
25, 10, -1.945212706530888
18, 11, 1.333096432547599
44, 5, 0.08099906600268272
7, 12, 0.07951717151718596
35, 8, 0.3125603544848335
51, 0, -0.03861646150215901
48, 3, -1.270501308136718
8, 12, -3.154454045094476
31, 9, -0.7895418708098513
39, 7, 0.03211674232183219
19, 11, 0.03667300687624553
42, 6, 0.1668162092310747
26, 10, 2.315683445629048
9, 12, 1.42203327288379
50, 2, 0.1782453569098194
10, 12, 0.1684363590761501
51, 1, 0.09379194018161902
47, 4, 0.09507960728740171
36, 8, 3.584660114439857
45, 5, -3.146870122001535
20, 11, -0.476776824052516
32, 9, 0.8717153550633476
27, 10, -0.9241583423473309
49, 3, -0.003808938232711868
11, 12, 0.003005510150063267
52, 0, -0.5160559471912166
40, 7, 0.4587791120543385
43, 6, -1.834816284436187
21, 11, -1.730121765342567
12, 12, 1.406924659735712
37, 8, -1.669801318866287
33, 9, 0.987056192155931
28, 10, 3.102111407453328
48, 4, 0.9898628260874924
51, 2, -0.1797681542459553
46, 5, -0.1713006005069034
52, 1, -2.240761728070675
13, 12, -2.230989203068709
22, 11, 0.2358725420546368
41, 7, -1.127105566885668
50, 3, -1.230845753996951
53, 0, 0.9349314566168678
44, 6, -1.271364696342595
14, 12, -1.277152555792686
29, 10, -0.262504521037265
-6, 13, -0.2681498215132505
-5, 13, 0.5372121605607274
38, 8, -0.9821515317767888
-4, 13, 0.9086736827841412
34, 9, 0.3388180963843003
23, 11, 0.3445921059400109
-3, 13, 0.8474286146659493
-2, 13, 1.44942196186943
15, 12, -1.974427129101523
-1, 13, 0.9345270043166626
49, 4, -0.5397942864674079
47, 5, -0.527444256386268
0, 13, -0.1046494873885566
52, 2, 0.908102998540867
53, 1, -0.1944441515954486
1, 13, -0.2211369542996349
42, 7, -2.023490922909136
16, 12, -4.088599302050724
24, 11, 0.4910141784047245
30, 10, 1.551065580754772
2, 13, -0.6196756480424569
51, 3, 0.2115188253634275
45, 6, 0.2197359939696475
54, 0, -0.4984963614861865
35, 9, 1.163143215362798
39, 8, 0.4749985095252316
3, 13, 0.4800913950940477
17, 12, 0.08627675526284483
4, 13, 0.08230670883893727
25, 11, 0.0935398849969976
5, 13, 0.1703982213825807
48, 5, -0.7436399082546329
31, 10, 0.633627749898752
50, 4, -1.79558016498107
53, 2, 0.005704650373871866
43, 7, 0.0062400104192644
54, 1, -0.3133432272331454
6, 13, -0.3064629086789467
18, 12, 1.71823819812015
36, 9, -1.182539476969944
46, 6, 1.786905772025895
40, 8, 4.805094642350394
52, 3, 0.2563188288023677
7, 13, 0.252093949112671
26, 11, 0.03063001410441657
55, 0, 1.813883416116798
19, 12, -1.048149189221913
8, 13, -0.738441513153787
32, 10, 0.6685029472021422
49, 5, -1.13022602307628
9, 13, -1.124601868118706
51, 4, -0.3910587604749185
44, 7, -0.3904092203921953
37, 9, -0.2072033974337852
27, 11, 1.435527289316599
20, 12, 3.571699872453586
54, 2, -3.704872079809861
55, 1, -0.6178257824473598
41, 8, -0.6271576247966217
47, 6, -0.6433572013385443
10, 13, -0.6417512682180113
33, 10, -0.5182380955050451
53, 3, 0.4887191356652422
56, 0, 4.832305846035423
11, 13, -0.6023430904825396
21, 12, -0.9966727265349934
28, 11, 1.129759653239874
38, 9, -0.9301051863629769
45, 7, 0.4962399518323998
12, 13, 0.4975577580131659
50, 5, 3.061309946876006
52, 4, 1.11893286732537
42, 8, -1.257441997988417
34, 10, 0.6613608011614851
22, 12, 0.6489074040334787
55, 2, -1.240911477966813
48, 6, 0.9122007717599085
56, 1, -2.000993880979878
13, 13, 0.03702871844306298
29, 11, 0.7226677459916591
54, 3, -1.842171676733968
57, 0, 0.09354057699381439
39, 9, -1.157081218605079
14, 13, -1.482287947828472
23, 12, 0.8333911154229223
46, 7, -1.582255803139037
35, 10, 1.685475461789714
51, 5, 0.2803888196738635
43, 8, 0.2654487011605944
-7, 14, 1.29581506480743
-6, 14, 1.790743103834609
30, 11, 0.1808726249882189
-5, 14, 0.1756520393573229
-4, 14, 3.047269408498015
53, 4, -0.5586961802601783
15, 13, -0.55360677887451
-3, 14, 1.961311892730277
49, 6, 0.2330797112696362
-2, 14, -3.325943478679183
24, 12, 0.9741692773208551
56, 2, 2.037793880815463
-1, 14, -1.561201506531406
57, 1, 0.2046518922571318
0, 14, 0.5669757943798982
40, 9, -0.01691769652255989
16, 13, -0.00732712207287538
55, 3, 1.206605327061624
1, 14, -1.623909866332333
36, 10, -1.580182978036398
31, 11, 0.77605672620457
58, 0, 0.5025577481152138
2, 14, -1.588754231945303
47, 7, -0.5299173406739291
25, 12, 1.563682487997113
44, 8, -2.768201217816173
17, 13, 0.1666620866073411
3, 14, 0.1737940209704355
52, 5, 0.9789588098972655
54, 4, -0.9270296782589907
4, 14, -0.909336847442095
50, 6, -1.656305195398086
41, 9, -0.1711831951498542
5, 14, -0.1814627545675563
57, 2, -0.0199836853580109
18, 13, -0.02715236636522695
32, 11, 0.7591345005843425
26, 12, -1.406485184078226
58, 1, -0.6182266371510005
37, 10, -0.6265759153317596
6, 14, 0.1777750143601527
56, 3, -0.05062514059281704
48, 7, -0.4204830328203633
45, 8, -0.4244585776651113
7, 14, -0.1138603218104629
59, 0, 1.406021753726409
19, 13, 0.3961947874852384
53, 5, -2.147247585812357
27, 12, 0.4383789754524982
8, 14, 1.943032736193594
33, 11, 0.5110912310102064
55, 4, -2.152671563269218
51, 6, 0.07458916778294206
42, 9, 0.06656457377608516
38, 10, 2.275232767962933
20, 13, 1.30408019896178
9, 14, 1.16494592632303
58, 2, 0.3263743722873846
59, 1, -1.500882246854394
28, 12, -0.8381062578291903
46, 8, 1.374285331361623
10, 14, 1.365975757467527
57, 3, -1.616042080395507
49, 7, 0.09013037524307883
34, 11, -0.1839461662298389
21, 13, -0.18211419922321
60, 0, 6.58919787256668
11, 14, -1.761283238023197
54, 5, 0.07549822615455588
39, 10, 0.06526097365779134
43, 9, 0.1891623313289855
52, 6, -0.9967514840942651
56, 4, -0.8797012862953694
29, 12, 1.579731691071477
22, 13, -0.9703182973617038
12, 14, -0.2627596638187128
59, 2, 0.585808970870751
35, 11, 0.5946054831077513
47, 8, 0.93469652723339
60, 1, -0.2849653847786379
50, 7, 0.5104382609098508
13, 14, 0.5021396563903501
58, 3, 0.3373829314958539
40, 10, -6.121662681398718
23, 13, -0.3576337309683059
30, 12, -2.51619465713352
44, 9, -1.700758032752216
61, 0, 1.779634417146078
14, 14, 1.504065793996241
55, 5, -1.02798071171464
53, 6, 0.1218946250722822
57, 4, -0.3862435975449708
36, 11, -0.3868163239974443
24, 13, 0.1690539264304972
15, 14, -0.476022700613823
-7, 15, 1.300343532679633
-6, 15, -0.5029396190315756
-5, 15, -2.984182500574217
48, 8, -3.58926439639674
31, 12, 0.08165019712805682
-4, 15, 0.07521274470866739
60, 2, -0.03892574323435811
-3, 15, -1.44155285374118
51, 7, -0.07542235700347041
41, 10, -0.07549704618065185
61, 1, 0.295068428333589
-2, 15, 0.3035180097002652
45, 9, 1.204200052735149
59, 3, 1.585273756251684
-1, 15, 1.580221396888095
16, 14, -1.0329809031511
25, 13, 1.250456306072961
0, 15, 0.5376378912947066
37, 11, -0.541161993436439
56, 5, 0.4446523614699292
1, 15, 0.440442319661574
62, 0, 4.011222130162491
54, 6, -3.886458512053644
32, 12, -2.603080739542206
17, 14, -0.1400841468492394
2, 15, -0.1472431468821949
58, 4, 2.40821845776953
3, 15, 1.623759581561969
49, 8, -1.280530984195358
42, 10, -0.215213004772278
26, 13, -0.0753903314542286
52, 7, 1.197683226820259
4, 15, 1.198788709721464
46, 9, 0.4635516670358842
18, 14, -2.581654543395392
61, 2, -0.7935971090512163
38, 11, 0.2618682185150419
62, 1, 1.411794619365414
5, 15, 0.3909240859396592
60, 3, 0.1693172383326061
33, 12, 0.1807723032212
6, 15, 1.221401970215773
27, 13, -1.051728711305103
57, 5, 2.571949310709337
19, 14, 2.563255725399288
55, 6, 1.130140849726598
63, 0, 1.454669331385224
43, 10, 0.08817452802494119
7, 15, 0.08792761972917405
50, 8, -0.3321112508090701
59, 4, 0.486354705529184
39, 11, 0.05993268784534484
47, 9, -0.4968132834452134
8, 15, -0.4831687537557178
34, 12, -0.3789922723368786
20, 14, -0.3724057897948372
53, 7, 0.9516461507006119
28, 13, 1.578621863154145
62, 2, -1.067857117859269
9, 15, -1.748132761076913
63, 1, 0.279927580444903
61, 3, -0.04757048774808693
21, 14, 1.156173952685037
10, 15, -2.563650626844209
44, 10, -2.09919169410677
58, 5, -0.8988896391474882
56, 6, 2.132494757693917
29, 13, -1.999398709299394
35, 12, -1.488235396399606
64, 0, 1.116646428823249
51, 8, -0.1900005279469298
40, 11, -0.1803481539429708
11, 15, -0.5618038998993633
60, 4, -0.2307126196134141
48, 9, -0.5483907644076847
22, 14, -3.145828439268423
54, 7, 0.1681808008603704
12, 15, -1.41853747914522
63, 2, -0.4665721829978138
30, 13, -0.4535170559317366
45, 10, 2.850078339770687
36, 12, 1.304020703677181
64, 1, -0.1626130980442716
62, 3, 0.5808836202349199
23, 14, 0.5835439410942156
41, 11, 0.1332188899076529
13, 15, 0.1219468112285013
59, 5, -0.2225924072804316
57, 6, -0.00502939269417082
52, 8, 1.983228849436378
49, 9, 1.018326083991718
65, 0, -0.3814100708540305
14, 15, 0.5532656308647953
61, 4, -0.1639515938237751
31, 13, -0.1530286187270484
55, 7, -1.43239104797961
24, 14, -1.529751160924487
37, 12, 1.211226325329753
15, 15, 1.082358818095553
46, 10, 2.931891496116949
42, 11, 0.1756292403712386
-8, 16, 1.679617480512621
-7, 16, -2.12408249337743
64, 2, -1.206916004122157
-6, 16, -1.221137805532658
-5, 16, 0.1813809119986393
-4, 16, 4.570028357403945
65, 1, -0.1318414976914291
25, 14, -0.117199146016905
63, 3, 1.745585841240458
32, 13, -0.07660190817617703
-3, 16, -0.05897289659028458
53, 8, -0.08538252274682841
16, 15, -0.07753781733012888
58, 6, 0.9641736871745575
-2, 16, 0.9638880795230712
60, 5, 0.7923948792900435
50, 9, 0.08600749583973952
-1, 16, -0.1156071873151628
38, 12, 3.032216717092906
0, 16, 0.5701050651409347
66, 0, 2.036276264232292
56, 7, 0.6054424449289016
62, 4, 1.891423665191889
1, 16, -0.0330075153858119
17, 15, -0.02464613124573285
26, 14, -2.259649349754505
47, 10, -0.763155299553726
43, 11, -0.7656801007791385
2, 16, 1.426832704528375
33, 13, -0.3512896367511517
3, 16, -0.5493474470865276
18, 15, 2.330710999827045
65, 2, -1.604243878994502
4, 16, -3.512179427401504
54, 8, 3.692088514465556
51, 9, -0.04282096716120189
39, 12, -0.04019361112560658
66, 1, 0.4395234077572456
27, 14, 0.4304661233175372
64, 3, -1.21592872489879
59, 6, -0.9271317464431565
61, 5, -1.986029373948751
5, 16, 1.104251039061056
34, 13, 0.2003779541814668
19, 15, 0.1980032422251302
44, 11, -1.459661002995238
57, 7, 1.125622957800484
48, 10, -1.154957780170165
6, 16, -1.142697454330203
67, 0, -0.7977989181341801
63, 4, -0.8276732779990615
28, 14, 0.8925718220501048
7, 16, 0.1843572696056011
20, 15, -3.229410699465574
40, 12, -2.810195609228519
8, 16, 0.04997790476065621
52, 9, -0.1839949402377901
55, 8, 0.1617529845201058
35, 13, 0.1736219829785977
66, 2, 0.3576473190591501
60, 6, 3.958922894506606
67, 1, 0.3080065849657866
65, 3, 0.3056111227412653
45, 11, 0.1360391053628313
9, 16, 0.1423757682461201
62, 5, -0.4470824297727677
29, 14, -0.4593295474121168
21, 15, -0.2518959516500198
49, 10, -1.536518303335349
58, 7, 1.319750191360678
10, 16, 0.746748006476164
41, 12, 1.159540276191247
68, 0, 0.09892700837442862
64, 4, -2.515568794788124
36, 13, 1.667666474765918
22, 15, 1.565518168897851
11, 16, 0.7810093886996358
30, 14, -2.356322878026279
53, 9, 0.9541886495929937
56, 8, -0.08734520614200471
46, 11, 0.3868011344257336
12, 16, 2.349935901036247
67, 2, -1.389543080570134
61, 6, -2.524933018907368
23, 15, -2.516789448715661
50, 10, 6.558414583298542
66, 3, -0.01194448892789025
68, 1, -0.2290334954903749
63, 5, -0.2350757515174025
42, 12, 2.138719085472162
37, 13, -1.014776124586458
59, 7, -0.3902846134669228
31, 14, -0.3981701202700192
13, 16, 0.4814302457969148
65, 4, 0.1265157240974421
69, 0, 0.1110864533075583
24, 15, -1.130349757458917
14, 16, 1.46466721978887
54, 9, -1.235081170881962
47, 11, 0.4466945788591993
57, 8, 0.8434094008833037
32, 14, -0.7927902656281227
51, 10, -0.2695028545604777
38, 13, -0.2702105540665714
43, 12, 1.070301637689546
15, 16, 2.000585648281981
25, 15, 2.863227641187877
68, 2, -0.06098817732892896
62, 6, -0.04712781016012506
64, 5, -1.678184333131316
-8, 17, -1.679700944132177
67, 3, 0.6888319105261791
-7, 17, 0.6929145938327061
69, 1, -1.374033275644294
-6, 17, -1.376702620739751
60, 7, -0.3469733234573431
-5, 17, -0.3464546113555572
-4, 17, 0.4354968099157573
16, 16, 1.028623238755787
-3, 17, -1.011199968862386
33, 14, -0.02517245201887016
-2, 17, -0.02871696465490707
48, 11, 1.524586286213543
26, 15, -0.152302110660076
66, 4, 3.290111668046593
55, 9, -0.8555996937193903
-1, 17, -0.8548711276326778
70, 0, 6.500053502512571
39, 13, -0.2035752640081555
44, 12, 2.284277899240554
17, 16, -0.3194467831581769
0, 17, -0.1645559199493229
58, 8, -1.948287133699521
52, 10, 1.906280425566959
1, 17, 0.007353848120383727
2, 17, -0.1495907106685005
63, 6, 0.4216620150915569
27, 15, 0.4007332276034968
34, 14, 0.06126109992644677
18, 16, 0.05430598839996343
69, 2, 0.5521516745818462
3, 17, -0.1077562567487531
65, 5, 0.8402574451346886
68, 3, 0.2522472703851058
61, 7, 0.2601719545869493
70, 1, 0.8305858125539421
40, 13, 0.849689063529385
49, 11, 0.2737304830184434
4, 17, 0.2664440430752958
45, 12, 0.8981879067091625
56, 9, 0.1875606107830543
19, 16, 0.1852242911475722
5, 17, 0.140771942437027
67, 4, -2.74170765130985
28, 15, -2.744159468614665
53, 10, -1.217357880496841
71, 0, -0.07360575046942412
59, 8, -1.074713493644077
35, 14, -1.704747572390225
6, 17, 1.634470307995696
20, 16, -3.184316457400657
7, 17, 0.6138441830132761
41, 13, -1.145781894195297
64, 6, 0.3937246026185491
29, 15, 0.817753417599134
50, 11, -0.076482530062362
70, 2, -0.6624947712300218
66, 5, 0.8531020975490352
62, 7, 0.8559026118573384
8, 17, 0.5072912160426011
46, 12, 1.104224416927821
69, 3, -0.2474540473923988
71, 1, -0.08231997083249509
21, 16, -0.07567050718177207
36, 14, 3.258078743218371
57, 9, 1.766114219167743
9, 17, 1.843462755252158
54, 10, -2.653797201349392
68, 4, 0.2392606623542985
60, 8, 0.2326608578567577
30, 15, 0.7755319733317083
42, 13, 0.07901179399845305
10, 17, 0.08186576439976657
72, 0, 1.720889494124571
22, 16, -1.703999872262209
51, 11, 0.08674562618043689
37, 14, 0.09919717593836445
47, 12, -0.08382107489313018
11, 17, -0.08562053414633806
65, 6, -1.207341855142023
63, 7, -2.681450666870512
67, 5, -0.7852312564049079
23, 16, -0.7858447084229568
71, 2, -0.4597681347828086
31, 15, -0.4704833859034063
12, 17, -0.9502440835547785
70, 3, -0.6847762156926557
58, 9, -0.6807984460247193
72, 1, -0.7336123245348374
55, 10, -2.242360168668083
43, 13, 1.280811911129806
61, 8, -1.103712749158693
13, 17, -0.1444934804057802
38, 14, -2.600274538628012
69, 4, 2.144769016209811
24, 16, 1.833038486171583
48, 12, -5.363777629291271
73, 0, -0.07199201190604899
32, 15, -1.085528864747226
52, 11, -0.1102495809947579
14, 17, 0.9684228779239236
66, 6, -1.430929077281085
64, 7, -0.3977985304274028
25, 16, -0.3974005611505699
44, 13, 0.733984843037642
68, 5, -0.3309003738331624
59, 9, -0.3418928087593598
15, 17, -1.870322594757987
72, 2, 0.08610255672738025
56, 10, 0.0775529982904542
39, 14, -0.5289963960344138
71, 3, -0.6346566772143979
33, 15, 1.305742397457728
73, 1, -1.411842978412277
-9, 18, 0.07373567901150173
62, 8, -0.6564490701610238
-8, 18, -0.6664194428233062
-7, 18, 0.5267967815371454
-6, 18, -3.455495151043048
49, 12, 0.610404626716888
16, 17, -0.8477030721883948
-5, 18, -0.09415208466328895
26, 16, 0.06664041033409041
53, 11, 1.153393677180846
70, 4, 1.354619644601928
-4, 18, 1.363198217079095
-3, 18, -2.188514605659064
74, 0, 5.008206508012725
-2, 18, 2.908731940810796
45, 13, 1.050974856077648
34, 15, -0.4809303901238323
17, 17, 0.06574173165489743
-1, 18, -0.4589471393741847
40, 14, 0.2748227470290978
67, 6, -1.905938908709971
0, 18, 0.4131982971693489
65, 7, 0.8546138317235227
27, 16, 0.8596173284380277
60, 9, 1.466660779510087
57, 10, -0.08149979656774287
1, 18, 0.7448378192321277
69, 5, 1.191733479566635
73, 2, -0.321234477539585
18, 17, -0.3081437704657906
50, 12, -0.08246422296640832
2, 18, -0.08254311125365271
72, 3, -1.177560204347206
63, 8, 0.4156628729846665
74, 1, 0.319089263530913
54, 11, 0.3224016953254392
3, 18, 1.132906919668059
35, 15, -0.6478113712955362
28, 16, -1.661555324671183
46, 13, 2.42607561953962
41, 14, 2.418225708224466
4, 18, 1.806443824444705
71, 4, 0.5747579659848346
19, 17, 0.5780316606735717
5, 18, 1.011011802733027
75, 0, 4.034022340727804
68, 6, 0.2392566679502755
58, 10, 0.2438939090184317
61, 9, -0.0702104842886818
66, 7, -0.09291274341554952
6, 18, 0.3643317689044636
20, 17, -0.8400986417005046
29, 16, -1.458076997565168
51, 12, -0.4271238383066368
36, 15, -0.4310502038375921
70, 5, -0.6841391272563262
7, 18, 2.028484044401639
42, 14, 1.240874986098859
55, 11, 1.597097131657753
74, 2, 0.5901250765563248
47, 13, -0.2438162884172262
64, 8, 0.8701283797629352
73, 3, -1.703095309371055
21, 17, -1.197189278300774
8, 18, -0.6327462679860375
75, 1, -0.9005154850643674
30, 16, -3.483070480588545
72, 4, -3.590498867313166
37, 15, -0.7920351877243598
9, 18, 0.2007380447383978
59, 10, 0.3087647975718951
22, 17, 0.3029847729707307
76, 0, 0.468045630201876
52, 12, -2.136662792875977
62, 9, -0.05475839286251408
43, 14, -0.9847295146731538
69, 6, 0.5711314195925131
10, 18, 0.007052419172891436
67, 7, 0.9193101173874335
48, 13, 1.706473016134855
56, 11, -0.3446224315732027
31, 16, -0.3571311744466268
71, 5, 1.153706238735979
11, 18, -0.1289934271240666
65, 8, 0.5215245222482022
23, 17, 0.5168629469954263
38, 15, -0.2669524063829457
75, 2, -0.8008771697138652
74, 3, -1.30136424876036
12, 18, -3.364075018274447
76, 1, 1.083341312719089
44, 14, 0.3184186893901005
32, 16, 0.7383126137579407
73, 4, -0.009919873106197475
53, 12, -0.0100112339581987
24, 17, -1.072465011038404
60, 10, -4.753124709310162
49, 13, -0.02107670127365297
13, 18, -0.01362361606218493
63, 9, -0.2405037339703928
77, 0, 1.460049630282228
39, 15, 1.589829284684719
70, 6, -0.8804370366596511
68, 7, -0.1860180228245908
57, 11, -0.1886243181106935
14, 18, 1.744217968483148
25, 17, 0.1481128062317239
72, 5, 2.675026695178007
33, 16, 2.670092025653497
66, 8, 1.914328181695526
45, 14, -0.05432248311884285
76, 2, 1.654126765927213
75, 3, 0.1579850260849231
15, 18, 0.1599972338370326
54, 12, 3.353889760262489
77, 1, -0.3862697594856421
50, 13, -0.3792037074267966
40, 15, -2.105334662244843
61, 10, 2.086857519073642
26, 17, 2.087616352342137
74, 4, 2.911924386005315
-9, 19, 0.9255009617134152
64, 9, 0.2265194888598767
-8, 19, 0.2306692472521306
34, 16, 0.1345405074370757
16, 18, 0.1458480793116023
-7, 19, 0.303827712989016
58, 11, -0.00933024743548844
-6, 19, -0.01309447705444018
-5, 19, -1.618149952600377
69, 7, 1.30683794890709
-4, 19, 1.313752679674588
71, 6, -1.67867586724862
78, 0, -0.2906447865667832
-3, 19, 0.4679769014559014
46, 14, -3.568438786772839
27, 17, -0.4092088050832798
17, 18, -0.2489815849864926
-2, 19, -0.2386582632811879
67, 8, 0.3922356835129899
73, 5, -0.3849602939323937
-1, 19, -0.3959201561688301
41, 15, -1.708610689604257
55, 12, 1.220158586660487
51, 13, -0.1407206074262123
35, 16, -0.1562182680432242
0, 19, -0.01168172556821963
77, 2, -0.542780775928605
18, 18, 0.2961259926488145
76, 3, 1.464854367066229
1, 19, 1.458766410155836
62, 10, 0.3508404755143013
28, 17, 0.2368006412206014
78, 1, -2.344770441124543
2, 19, -2.343614535961226
65, 9, 0.542454672257544
59, 11, 0.5251345474714032
75, 4, -1.152945937901616
47, 14, -0.04159289373372319
3, 19, -2.099084098656929
19, 18, 0.2637850935832474
42, 15, 1.863654086932955
70, 7, 2.666816600070221
36, 16, 0.317105004088534
72, 6, 0.9309285116256052
4, 19, -1.603039796974704
79, 0, 2.013253677104423
29, 17, 0.5298392810194076
52, 13, 0.3558474936089427
68, 8, 0.1110822534779768
56, 12, 0.1078345040492589
5, 19, -1.929190869988117
20, 18, 3.083155929428244
74, 5, -0.1051009259744755
6, 19, 1.723276444518947
63, 10, -0.7793150918350954
78, 2, 0.5045897368426306
48, 14, 0.4947550125863153
77, 3, 1.966666256850969
37, 16, 1.970710174026188
60, 11, 0.7613446593441986
43, 15, 0.02767409322774723
7, 19, 0.02874783531093541
30, 17, 0.7577633039366465
66, 9, -0.9083279616381978
21, 18, -0.8979176772472703
79, 1, 0.480756861717399
76, 4, -2.785237923775369
8, 19, -1.450896782820171
71, 7, -0.3700734921572503
53, 13, -0.3904983193091588
73, 6, 0.3420380195627691
57, 12, -0.7720084588195194
22, 18, 3.504220262427502
9, 19, -1.44682188636998
80, 0, 5.159451754679926
69, 8, -0.6057670457558153
31, 17, -0.6038710844711457
38, 16, 1.803876900802211
49, 14, 1.452050019641824
44, 15, -1.083108597370608
75, 5, -0.1718562620137062
10, 19, -0.2806113065147927
64, 10, -1.086462424644192
61, 11, -0.6175335400486643
23, 18, 0.2521657997289058
79, 2, -0.1719967469506444
11, 19, -0.1681414677066977
67, 9, -0.4190675254840026
78, 3, 0.3306503645754383
32, 17, 1.71932007780418
54, 13, 1.870835158039267
80, 1, -0.04278737940560538
39, 16, -0.03769274239130239
58, 12, -1.265869368066832
77, 4, -0.3201988532549572
12, 19, -0.3303437927480413
24, 18, -3.808554593619461
72, 7, -1.044870774274013
45, 15, 1.128015813944727
74, 6, -0.02757314320868432
50, 14, -0.01209478179479684
70, 8, -0.248994297877101
13, 19, -0.1756206932259243
81, 0, -1.641803087900642
33, 17, -0.3017323813439872
65, 10, 1.568801165263086
76, 5, -1.431232490237721
62, 11, -0.2742024550482419
25, 18, -0.2759671312840043
40, 16, -2.564788195575076
14, 19, -0.2861694395631973
68, 9, 0.1286108244589961
55, 13, 0.1214806186958641
80, 2, -1.394741222091653
79, 3, -0.229085664518018
46, 15, -0.2130322138267371
59, 12, -0.9703882090850032
51, 14, -0.2751376587880907
34, 17, 0.00905541723251644
15, 19, -0.2917453350208911
26, 18, -1.359575915377337
81, 1, -1.284867540430621
78, 4, -1.792797257550518
73, 7, -0.4435823887003877
75, 6, -1.134501722451457
41, 16, -1.275146189170968
71, 8, 2.61948499274963
16, 19, 2.61832681677292
-10, 20, 2.42186333777093
-9, 20, -0.4673452370004841
-8, 20, -0.4234514475248853
-7, 20, -0.320525408831577
66, 10, -0.02176765032343038
-6, 20, -0.01894250011300641
63, 11, 2.028884737792306
27, 18, 0.4579304872599034
82, 0, 1.595019721210557
-5, 20, 3.695310794836964
35, 17, 1.791885438807571
-4, 20, -2.992144192213681
56, 13, -0.03795172693163695
77, 5, 0.2471740223962444
47, 15, 0.2477130562928553
17, 19, -0.241455141920761
-3, 20, -0.2539972408340448
69, 9, 1.234101271257803
52, 14, 0.2091415809655372
-2, 20, 0.2056285137713401
60, 12, 5.7309573970206
-1, 20, 0.5068270017118174
42, 16, 0.2609605768588378
81, 2, -0.2447445800191548
80, 3, -0.6043799425455291
28, 18, -0.07979756058810636
0, 20, 0.980861405218882
18, 19, 0.8029920293578029
36, 17, -0.6531840241966875
1, 20, -0.6568421199231469
82, 1, -1.234518284346201
74, 7, -1.358934983244161
79, 4, 0.5625622169592237
76, 6, -0.8219120586383906
2, 20, -0.8148621793125443
72, 8, -4.274759179394692
48, 15, 0.4818422945206601
64, 11, 0.9757728874845014
67, 10, -0.8880545238664589
19, 19, -0.3495492499577063
57, 13, -0.4948267419817525
3, 20, 0.4247394133563492
29, 18, 1.216468362720017
53, 14, 0.5943511161206705
83, 0, 0.4953840632574069
43, 16, -0.5140311114932345
4, 20, 3.462227262991147
78, 5, 0.2863156122916485
61, 12, -0.5152481345006756
70, 9, 0.5307557406524095
37, 17, 1.489639237413682
20, 19, 1.223748174725339
5, 20, -2.845519386946466
30, 18, 3.54845077246131
82, 2, -5.339442302670455
6, 20, -5.343417344394414
81, 3, -2.836601673313028
49, 15, -0.08576348015370409
21, 19, 0.9020559938797326
75, 7, -0.704623269653755
83, 1, -0.4038456874549003
7, 20, -0.4092619137665292
58, 13, 1.17280139586491
80, 4, 0.2592931663451876
44, 16, 0.2500355796079506
65, 11, -0.2186668057558457
73, 8, 1.475872180907786
77, 6, -0.879991561723857
38, 17, -0.8747298882658237
68, 10, -0.3950889364592928
54, 14, -0.3959940609439577
8, 20, 2.032077059996273
31, 18, -1.393209972481456
62, 12, -0.1636095524194708
22, 19, 0.6000971622006512
84, 0, 5.646015283557769
71, 9, -0.3728884976742115
79, 5, 0.2741129675605201
9, 20, 0.2589991982450857
50, 15, -2.240187870133588
45, 16, -2.632057879296285
39, 17, -2.631002339672546
10, 20, -0.02843909412400884
23, 19, 1.840885785430875
32, 18, 3.753775040805679
59, 13, -1.826322367028176
83, 2, -0.1589838262397547
82, 3, -0.165889573063316
55, 14, 1.141969654250436
66, 11, -0.9999159055141875
76, 7, -2.351127380114779
11, 20, -2.359814083455061
69, 10, -0.3482624678799287
74, 8, -0.0698206972206392
84, 1, -0.1870762678589655
81, 4, -0.1735585711480453
78, 6, 0.8541941115894019
24, 19, -1.016623364958853
63, 12, -1.222644535364606
12, 20, -3.427202668978761
33, 18, 0.4270075020806072
51, 15, 0.4241067515447915
40, 17, 1.058177322243188
46, 16, -0.7117371337413099
72, 9, 0.131166324399395
85, 0, 0.1003647557138469
80, 5, -2.0367269119277
13, 20, -0.4940141063922193
25, 19, 0.6955191700853512
56, 14, -5.184047567241482
60, 13, 0.9593211497297958
34, 18, -0.571305092078298
14, 20, -0.5668900924533025
67, 11, -0.08047551732152446
83, 3, -0.3977738122988901
41, 17, -0.4079906124943696
84, 2, -1.192291777455335
70, 10, -0.02727450409418052
77, 7, -0.939373247420878
26, 19, 1.484973849285429
52, 15, -1.060690603687778
64, 12, -1.18636760290614
75, 8, -0.05067847562667342
47, 16, -0.05377095163834313
82, 4, -3.109499386841853
15, 20, 1.850594235033994
85, 1, 0.1674142063470676
79, 6, 0.1693210863904937
73, 9, -0.6951586430059928
35, 18, -0.6946218992316383
16, 20, -2.734381411251075
57, 14, 0.3767256343525852
27, 19, 0.3882126048097722
61, 13, 0.2142427522534133
-10, 21, 0.2144377486279442
-9, 21, 1.264735719755445
81, 5, -0.104719817592946
42, 17, -0.1031405085404923
-8, 21, 1.25320513303819
86, 0, -1.420320660751953
-7, 21, -2.432332871339839
-6, 21, 2.129962618918589
-5, 21, 0.7341274699602575
48, 16, 1.183198386957349
68, 11, -0.02072295506092304
-4, 21, 0.01737980656530055
53, 15, 0.002914307569447419
17, 20, -0.002698703433691623
-3, 21, -2.180570685225459
71, 10, 0.9511688077543567
36, 18, 0.4216582429193153
65, 12, -0.07335644062198253
28, 19, -0.06975527702205059
-2, 21, -0.8274249404227519
84, 3, 1.724221250465296
85, 2, 0.1929360099370228
78, 7, 0.1968084828102694
76, 8, 0.1409460443838442
-1, 21, 1.865667256005627
18, 20, 1.930226179360289
80, 6, 2.828255962747579
83, 4, -2.023116830204153
43, 17, -2.023672375448157
0, 21, 0.545429413276032
86, 1, 0.2474489477482011
58, 14, 1.712147515855595
74, 9, 0.06842578978818739
1, 21, 0.07846160447886497
62, 13, 0.7758772865783871
29, 19, 1.058238455656681
49, 16, -0.9100458986388106
19, 20, 0.6152429577259314
37, 18, -0.3971006173364293
2, 21, -0.4208833111707922
54, 15, -0.79259147721281
82, 5, 0.2922472365587293
87, 0, -0.04233354778045573
3, 21, -1.263352924063629
69, 11, 0.1941931805231475
66, 12, -2.851141951938898
44, 17, 0.0295245731889444
4, 21, 0.01985998297609006
20, 20, 2.124858916898235
72, 10, -2.045311672768262
30, 19, -1.062198755395083
79, 7, 0.4107946131737712
5, 21, 0.4081063374589483
85, 3, -0.2264027701175001
77, 8, -0.2383791109335446
86, 2, 0.3974005881628429
38, 18, 0.416795218229579
59, 14, 0.5377948317998851
50, 16, -0.5625022614188487
81, 6, -0.60233744601825
6, 21, -0.6161736225625736
63, 13, -2.204454085655271
21, 20, -2.201930695671002
84, 4, 2.917141191989683
87, 1, -1.542275447532709
55, 15, 1.86857236993502
75, 9, -1.536905616961288
31, 19, -0.6863474283527498
7, 21, 0.2533348688673117
45, 17, 1.284791967653217
22, 20, -0.2185033394293534
70, 11, -1.780896117604009
83, 5, -1.09971860208951
8, 21, -1.089693237170707
39, 18, -0.6191293292305438
67, 12, 1.356603898699823
88, 0, 2.591966961086042
73, 10, -0.5746894774713007
9, 21, 0.4151040007001778
51, 16, -0.07418140457536923
32, 19, -0.09665406938841528
60, 14, 0.7005452616490782
23, 20, 1.598519416444413
80, 7, -0.3375823213915091
78, 8, -3.798191611270045
64, 13, 0.6637341064955733
56, 15, 0.6754219589733552
86, 3, 1.837256246586229
10, 21, 1.838630492627093
87, 2, 0.01384785571158628
46, 17, 0.01708808095367564
82, 6, -0.67895068181367
40, 18, -0.6837855280990512
85, 4, -0.1617754237698808
76, 9, -0.1673519902261192
88, 1, 2.521731948242588
11, 21, 2.521107616627572
33, 19, -1.101030585891092
24, 20, 4.098028735436513
71, 11, 0.09064311995471433
68, 12, 0.2120695247167086
52, 16, 0.2034190257644075
12, 21, 1.076728896275579
84, 5, -0.05882626389003705
61, 14, 1.150565371035401
74, 10, 0.7910504896038786
89, 0, 0.1008868061301769
47, 17, -0.8916696688759288
25, 20, -2.511207883651356
41, 18, 1.425775447769351
57, 15, 1.609206680884112
34, 19, -0.01010883015112843
13, 21, -0.02663815962001141
65, 13, -0.3898712808291526
81, 7, 0.05961951377528785
79, 8, 0.07343233844649057
87, 3, 0.5803627561853507
14, 21, -2.271321680131914
88, 2, 0.2927437276666567
26, 20, 3.506591838173474
83, 6, -0.5906874028209669
77, 9, -0.601072414822172
53, 16, 1.140809923944543
86, 4, -1.617670103630504
89, 1, -0.157802816091683
35, 19, -0.1820014114855168
42, 18, -0.7785320985114986
72, 11, -0.5263921439803916
48, 17, -0.5076680025959101
69, 12, 0.9965512686996023
15, 21, 1.004954864523243
62, 14, -2.806992306649073
58, 15, 1.190844174910484
27, 20, -0.2305794415484988
85, 5, 0.1411373704112681
75, 10, 0.1691461549228475
66, 13, 0.1455655354799643
16, 21, -0.2239575661438398
90, 0, 2.560395391197747
-11, 22, 0.7782103016023838
-10, 22, -0.6118273694093974
-9, 22, 1.279174968450419
-8, 22, -1.374420388754721
36, 19, -0.508512674139379
-7, 22, 1.508083886903803
80, 8, 4.0714633529688
82, 7, 0.6643752782752383
43, 18, 0.6676358025792657
54, 16, -1.221757080500248
-6, 22, -1.239230834536747
17, 21, 0.31012802907848
-5, 22, 0.316457278248101
28, 20, -0.7959031269732386
49, 17, -1.349212413685339
-4, 22, -3.42611299157359
88, 3, -0.3862795976316285
78, 9, -0.6543345499062493
89, 2, -0.9757246860127461
-3, 22, -0.4501260864323922
84, 6, -0.6070918103630198
63, 14, 2.318785891820891
70, 12, 0.1925522668820351
-2, 22, 0.2041389874714849
87, 4, 0.7037354232111234
73, 11, 0.7059683245253906
59, 15, 0.5086190185204081
18, 21, -0.02459264768834375
90, 1, -0.5628641888844738
-1, 22, -0.5557068160530209
37, 19, -0.4532493307773541
29, 20, 0.7079039403555573
0, 22, 0.2931829513516421
67, 13, 1.353559561653178
76, 10, -0.09771984686680531
44, 18, -0.1132743444871969
86, 5, 0.5096244622660767
1, 22, 0.5135048994191833
55, 16, -0.4253239729965649
19, 21, -0.421867506867274
50, 17, -0.5810603122390269
2, 22, -0.6178249997561441
91, 0, -0.1856245206887429
81, 8, 0.7742810023816031
30, 20, 2.51786451275563
83, 7, -0.2637511316254332
38, 19, 0.01096885944505208
3, 22, -0.2780960426034803
20, 21, -0.2424741653600149
64, 14, 0.9010545878111612
60, 15, -4.27873623041918
79, 9, 0.8949080101898688
4, 22, 0.7764758978130558
89, 3, 0.2671300165950742
71, 12, 0.2828696327365763
45, 18, -0.5117111966011737
85, 6, 0.3689378902970286
74, 11, 0.3635387591173415
90, 2, 3.145654128567083
5, 22, 1.926591019798666
88, 4, 0.4533723706241537
21, 21, 0.7632627382770801
68, 13, -0.3874749991659223
51, 17, -0.03177264458604898
31, 20, -0.3734405801789768
56, 16, 2.270467447503677
91, 1, 1.849902207453656
6, 22, -0.3122817694611411
77, 10, 0.5258729390720711
39, 19, 0.5208455213357552
87, 5, 0.6580938117352991
7, 22, -1.368252358837727
22, 21, 1.114758011493558
46, 18, 0.182073137285494
61, 15, 0.8587308960488635
92, 0, 0.2555106077419578
32, 20, -2.340979699934139
65, 14, -0.1454154751729819
82, 8, 0.1225230168227202
8, 22, 0.09838726722147037
84, 7, 0.6753141791465936
72, 12, -4.134426436109291
80, 9, 0.5323037518008032
40, 19, 0.5221791464075984
52, 17, -1.09703271242689
75, 11, -2.844370948333319
9, 22, -2.85851444033227
23, 21, 0.8696123328202716
57, 16, 0.0950639685545409
90, 3, -0.1481251132036386
86, 6, 2.166260368180594
91, 2, -0.5966195487469507
69, 13, -0.6250301705978369
10, 22, 0.7544246699156616
89, 4, -0.6589864793510987
33, 20, -0.6659680750949395
47, 18, -0.1871369353296851
78, 10, 0.8468825021248554
92, 1, 0.7029819176472795
24, 21, -0.8981560431172551
11, 22, -0.08223930678166248
41, 19, -1.678451754016477
62, 15, -1.157916627433181
88, 5, -0.9432459701763963
66, 14, -3.110871876568809
53, 17, -0.4821212894377606
12, 22, 0.5930604675875486
34, 20, 0.5999051231974162
83, 8, -1.855234723936161
58, 16, -2.512239991428731
25, 21, -0.2591909010057077
93, 0, 2.453690507745793
85, 7, 0.01932897346783087
73, 12, 0.01857358589076715
81, 9, -1.100341115612565
76, 11, -0.5702778376846407
48, 18, -2.636832140654829
70, 13, -0.2396259303080397
13, 22, -0.2383594693085476
42, 19, 1.346012677171905
87, 6, 1.255896879866311
91, 3, -1.461717470370873
92, 2, -2.350523846915858
26, 21, -1.181351744971353
35, 20, -1.308303639123736
79, 10, 0.7246573182086599
90, 4, 3.81497701799764
14, 22, 3.809739466764475
63, 15, 0.1467461976276796
54, 17, -1.355466013311107
93, 1, -0.4703932044306295
67, 14, -0.4596672414390454
59, 16, 0.4811417191256968
15, 22, -1.046398310729438
89, 5, 0.7351010359254971
49, 18, 0.7521559693844934
27, 21, -1.653613009776974
43, 19, 1.596342839521583
74, 12, 0.127976289471349
84, 8, 0.4970851282471954
36, 20, 0.5121106882587412
86, 7, 1.319277402652579
77, 11, 0.1071669299441763
94, 0, 5.722142858669345
16, 22, 3.632088218193291
71, 13, -0.6133328781003655
82, 9, -1.528783581744892
-11, 23, -1.31955165558991
-10, 23, -0.4431879541009771
-9, 23, 0.273873330763931
28, 21, -2.67297579738649
55, 17, 0.05269139741900917
-8, 23, 0.05847954711176884
64, 15, -1.040547806919148
-7, 23, -1.065506337730082
88, 6, 0.2640563292695157
17, 22, -0.04588130877879509
-6, 23, -0.04079500600779174
92, 3, 0.1920337270562817
80, 10, 1.226844068682686
93, 2, 0.209586973903072
-5, 23, 0.2381554878967725
68, 14, 0.3018285515871679
50, 18, 0.3139830883041623
44, 19, 1.696364819148586
37, 20, 1.71950997331797
60, 16, 1.271079165173768
91, 4, 1.706012665608398
-4, 23, 1.718647943167132
-3, 23, 0.5789689725224989
94, 1, 0.06249916617297738
29, 21, 0.06359372617605542
18, 22, -3.415068952268447
-2, 23, 0.03738396911159914
-1, 23, 0.4135790305736528
75, 12, -0.3046354732047855
90, 5, -2.873462663705893
85, 8, -0.1055154666616279
72, 13, -0.1147060098750543
0, 23, 0.024424679017105
78, 11, 1.997390080770789
56, 17, 0.3107848280044044
38, 20, -1.141981355066542
19, 22, -1.351814103495708
87, 7, 1.228427922136382
83, 9, -1.985404621351012
45, 19, 0.03946123852501217
1, 23, 0.05507448556254688
95, 0, 0.4133928417181407
65, 15, -1.738667668744194
51, 18, -0.4851634652069864
30, 21, -0.4741787519064211
2, 23, 0.2758142862204488
61, 16, 0.01607431360007398
69, 14, 1.263577441295053
89, 6, -1.003672007739111
20, 22, -3.204242941742641
81, 10, 2.503695027569092
3, 23, 2.514297348565466
93, 3, -0.8624557031102685
94, 2, 3.343091834899117
39, 20, 0.3795130221541271
4, 23, 0.402738274994296
92, 4, -0.05159381627212899
31, 21, 1.147817026713636
46, 19, 1.012786246970385
21, 22, -0.36592917878801
57, 17, -0.3466430491208238
5, 23, -0.30460170571805
76, 12, 3.088939653714735
95, 1, -1.39973130755897
52, 18, 1.778351988546092
73, 13, 0.3383101622589212
91, 5, 2.221504321664348
79, 11, -0.3040503500323153
6, 23, -0.2891972060526762
66, 15, -1.18313574785947
86, 8, 2.790022306335489
62, 16, -3.752311420011032
84, 9, 1.74271800879623
88, 7, -0.6661225660865753
32, 21, -0.6897995843404884
22, 22, 0.851808844203252
40, 20, 1.410625262844815
7, 23, -0.7237689128840279
70, 14, 5.572209502406501
96, 0, 2.66788887832097
47, 19, -1.563586031129979
8, 23, 0.5767468810424877
82, 10, 0.3972123005716016
90, 6, -0.187083004031766
58, 17, -0.1313657999958337
23, 22, -0.1355541478728506
94, 3, -0.08476458824000017
53, 18, -0.09872340256547828
33, 21, -2.041992164234915
9, 23, 1.465505095021471
95, 2, -0.1194839391015993
93, 4, 1.480934538943514
77, 12, 0.02106124180357452
41, 20, -0.003605499001923464
74, 13, 0.3289613349116588
67, 15, -0.4430837098846876
10, 23, -0.8924783406510779
96, 1, 0.6221032861352546
63, 16, 0.6218991079397614
24, 22, 2.273118137741196
80, 11, 1.208850282700063
92, 5, 0.774551754538923
87, 8, 0.784763342066836
48, 19, 0.7939945140516029
85, 9, 0.1253634793926528
71, 14, 0.1172077374813271
34, 21, 0.1139236884152977
11, 23, 0.1127715100576155
89, 7, 2.1146692769559
54, 18, 0.818521156263364
59, 17, -1.232498979070158
25, 22, -1.482463268703917
42, 20, -1.212553196064798
97, 0, -1.090933459361621
12, 23, 1.699263802762201
83, 10, -0.6505635458257719
91, 6, -1.174247682244804
35, 21, 2.432437491296314
13, 23, -0.7614968539680963
95, 3, -1.689535217809537
78, 12, 1.790967040648499
68, 15, 0.1442647892544068
49, 19, 0.1358508164568193
64, 16, -4.167134615085117
75, 13, -0.42667509168572
96, 2, -0.5560839780929964
26, 22, -0.5718384482446016
94, 4, 1.75077571887933
81, 11, 0.1317770801209142
43, 20, 0.1264430787720119
14, 23, 1.630445798408216
97, 1, -0.5158463617141188
55, 18, -0.5130262403927172
72, 14, 2.092293125509697
60, 17, -0.4843557027962943
88, 8, -1.296472846140974
93, 5, 1.025222019022271
86, 9, -0.05898095474093244
36, 21, -1.291328558958266
27, 22, 0.5111495398751438
90, 7, -0.02613632896767566
15, 23, -0.03295400880443948
50, 19, -0.9413730546463596
84, 10, 2.052420722989913
98, 0, 3.547361556628022
44, 20, 2.835013504339124
65, 16, 1.73660959130712
16, 23, 1.731357794434623
69, 15, 2.21071601949088
92, 6, 0.5331971453576053
28, 22, 0.4886805502210718
79, 12, -0.02799658856083451
76, 13, -0.0167834761930428
37, 21, 1.0366814742176
-12, 24, 2.064901511672851
-11, 24, -1.888258934231136
56, 18, 1.077006221624324
-10, 24, 1.081756204361019
96, 3, -0.8933533797862447
-9, 24, -0.8832967564918363
-8, 24, -4.212634328712674
97, 2, -0.21196824978609
61, 17, -0.2373893307370439
17, 23, -0.06130790505037673
-7, 24, -0.0729095370864208
95, 4, 0.5342414551224561
82, 11, -0.357969135586504
73, 14, -0.3473832110383274
-6, 24, 4.667833086966471
-5, 24, 0.09335168590045582
51, 19, 0.3275517561951649
29, 22, 0.2690002756124371
-4, 24, -4.199216161577028
98, 1, -1.808655320557623
89, 8, 0.07623377364611554
45, 20, 0.1959824767346214
87, 9, 0.6807579595146932
-3, 24, 0.6870018529894956
94, 5, -1.308776346295073
18, 23, -1.295916719571453
38, 21, 1.046336711618158
-2, 24, -0.3460094260015195
91, 7, 0.6316288481258073
66, 16, 3.303186252300634
-1, 24, 1.505769548361479
85, 10, 0.1035590970396636
70, 15, 0.1063945316218284
57, 18, 1.695384651139746
30, 22, 3.253171706631589
19, 23, 0.531256380848077
0, 24, 0.5859331701315758
99, 0, 0.8772362371024464
77, 13, -0.1168634150547816
80, 12, 3.140634568732721
62, 17, 1.692373162042026
1, 24, 0.4852882227712477
93, 6, 0.9453142810847642
52, 19, -0.225468889151863
46, 20, -0.734025062483485
39, 21, -1.869931717712108
74, 14, -0.8503820611174632
2, 24, -0.8633357846761901
97, 3, -1.656008906680585
20, 23, -1.643888009006289
83, 11, 0.3459859326597324
98, 2, -2.665890080979931
31, 22, 0.372683707450821
96, 4, -2.377024955360914
3, 24, 0.7361449598810819
4, 24, 2.196036568167078
90, 8, -2.130250063657067
88, 9, 0.4296740015081916
67, 16, 0.4219857974002557
58, 18, -1.97159044929731
99, 1, -1.944485428147482
21, 23, -1.953279263562803
95, 5, -2.222541852589892
71, 15, -1.513246717354419
40, 21, 0.2130700863611787
5, 24, 0.2008614811267575
92, 7, -0.8734409843219963
47, 20, 0.9752578128260191
53, 19, -3.00655127631947
63, 17, -3.00978050972035
86, 10, 0.6072219916075573
32, 22, 0.6151603193291492
78, 13, 0.08608477478026332
6, 24, -3.595833882361678
81, 12, 2.417077922521062
22, 23, -0.185097085275113
100, 0, 7.324226397533366
75, 14, 0.8582960523467887
7, 24, -1.648015761021445
94, 6, -2.509027582260237
84, 11, 0.6532472239892224
41, 21, 0.9859258363359038
33, 22, 0.5815373499812949
8, 24, 0.6213112882994469
98, 3, -0.5029338729110179
59, 18, -0.4635380087347653
23, 23, 0.0744026939821372
68, 16, -0.769252154349591
48, 20, -0.755485993052709
99, 2, 1.3187348883985
97, 4, -2.083526806274251
54, 19, -1.815606333122552
72, 15, -0.4472085520536682
9, 24, -0.439542381772241
91, 8, 0.2449038767377933
64, 17, 0.2707278578201802
89, 9, 0.5191884486948323
100, 1, -1.143565516193239
96, 5, -0.3973199382674143
24, 23, -0.3812936970939556
34, 22, -0.2268271415069005
10, 24, -0.2041598744348819
93, 7, 1.420289713232423
87, 10, 1.155319665723361
79, 13, -0.3414596150002277
42, 21, 0.6608927846686984
82, 12, -2.400166222127157
76, 14, 0.5090909208159873
11, 24, 0.524654157715654
49, 20, -1.619950517872123
60, 18, -2.63664861856115
25, 23, -0.5716680048605827
101, 0, 2.033246391941426
95, 6, -0.4743191141909447
55, 19, -0.4681228455392012
85, 11, 0.1524692606449967
69, 16, 0.1681380198520948
35, 22, 0.843118743540782
12, 24, -0.01108304458310549
65, 17, 0.8132896442782832
73, 15, 2.265483409970578
43, 21, 2.295931279947081
99, 3, -0.0097050988897618
26, 23, -1.443458128140872
100, 2, -0.470408596240999
98, 4, -0.4369742119601161
13, 24, -1.698357698457165
90, 9, 0.8862295835409888
92, 8, 0.7914095760083857
50, 20, -3.540668405853313
80, 13, -0.6811867624937421
36, 22, 2.460728552727585
101, 1, -0.2955152345768316
97, 5, -0.3115339840193685
88, 10, 0.2727171905944943
14, 24, 0.2711361498783231
94, 7, -0.3998589925974628
61, 18, -0.4129957535309953
83, 12, -0.3145834312106458
56, 19, -1.55493654910431
77, 14, -1.92506811774505
27, 23, -1.308911013603082
44, 21, 1.127739753272566
70, 16, 0.1610273671135606
15, 24, 0.4629828450555977
66, 17, -0.5309106993767526
86, 11, -1.039070162557462
102, 0, 0.1805223330295692
96, 6, -2.540356143292808
74, 15, -0.5280430469153543
37, 22, -0.5332868345825742
51, 20, 0.1252502978335061
28, 23, 0.1483131519176041
16, 24, -3.360712630485795
100, 3, 1.594358517868406
45, 21, -1.816224384624827
62, 18, -1.125271414549678
99, 4, -0.2921129625090532
57, 19, 0.02539931068475713
-12, 25, -0.3290921923349024
101, 2, 1.827023458029739
-11, 25, 1.82755160356135
-10, 25, -0.2787989258452305
91, 9, 0.2811849189390385
93, 8, -0.5401386448832191
-9, 25, -0.561349517610544
81, 13, 1.179863705613587
17, 24, -0.1268447396440608
-8, 25, -0.1525530642104337
-7, 25, -0.5858519424263331
29, 23, -0.4897323632757954
78, 14, 0.06401898174001806
38, 22, 0.07251703440157993
89, 10, -0.1151497581108129
-6, 25, -0.06778368588251128
84, 12, -0.03603351816941588
98, 5, 0.2901465092595449
102, 1, 0.1111620702615821
95, 7, 0.1384585612084234
-5, 25, -2.397413307403133
71, 16, -1.548028614285874
67, 17, 1.04131231042348
-4, 25, 1.015442952652054
52, 20, 3.060567840205726
18, 24, 2.062429093329864
-3, 25, -0.04341236624863646
75, 15, 4.610976687739552
46, 21, -0.05542042552696588
-2, 25, -0.05768957981522558
87, 11, 0.0743241214267624
30, 23, 0.07914231543771119
-1, 25, 0.812328019252901
97, 6, -0.3157898677550951
58, 19, -0.3393253305552267
39, 22, 0.7525481440219617
103, 0, 0.8425407691687798
19, 24, -0.1146632503949853
63, 18, 0.5310675371083476
0, 25, 0.6643401477725718
1, 25, -0.7504181947283667
101, 3, -1.362393558600301
82, 13, 1.544311811306263
31, 23, -0.3464645378099718
92, 9, -0.576532375373634
53, 20, -0.5640652413933752
100, 4, 0.222734673329329
20, 24, 0.2335400433199849
102, 2, 0.03488834275098834
94, 8, 0.005379170764236776
79, 14, 1.881642117206943
2, 25, 1.899116655105322
72, 16, 3.984822919892723
85, 12, 1.644516023458168
47, 21, 1.641779908269775
68, 17, -0.0546292198031842
90, 10, -5.843334649725234
40, 22, -0.8129759190112804
3, 25, 0.7347550547068518
99, 5, 0.09349626002795625
96, 7, 0.09367291927484704
103, 1, -1.792585050407843
21, 24, 1.061121785499878
59, 19, -0.2553093011911131
76, 15, 0.04793787249730353
4, 25, 0.005145134554294854
32, 23, 1.493235018405091
64, 18, 1.932165699106391
88, 11, 0.3699635211354558
5, 25, 2.83516958818699
54, 20, -1.7916672569278
98, 6, -0.01554491884037518
22, 24, 0.02261059430068708
48, 21, -0.4188972016829941
41, 22, 0.1120079168403988
6, 25, 0.1588264655703091
104, 0, -0.6350079536381946
83, 13, -1.489129787177888
33, 23, -1.513941390891631
69, 17, -0.5218420773143786
73, 16, 0.4528730811881806
7, 25, 0.4698882616124805
80, 14, 1.001657075354869
102, 3, 0.1021835397008634
93, 9, 0.0689209679298842
95, 8, 0.589360693370497
23, 24, 0.5953450189071949
86, 12, -3.723874404327935
101, 4, 0.08667098879839542
60, 19, 0.06594487500846589
103, 2, -0.3866766220487484
8, 25, 1.281498725532465
91, 10, -0.02164747375781782
65, 18, -1.41332453854668
77, 15, 1.156843161201571
42, 22, -3.318653462607752
97, 7, -0.673079944485764
100, 5, 0.1887871305186617
55, 20, 0.2125289236364207
49, 21, -0.5533881670617699
9, 25, 0.1087758723756748
34, 23, 0.1070159468064724
104, 1, 0.748421607710456
24, 24, 1.640697806027994
89, 11, 0.1958133215470645
10, 25, 1.56433864009294
70, 17, 0.05562169534131368
99, 6, 2.23498297063196
74, 16, -3.111903995736075
61, 19, 0.3362076931462468
25, 24, 0.3025733173627759
84, 13, 1.509584630659076
11, 25, 1.50673082605686
43, 22, -0.1433600932399209
35, 23, -0.07654237578701986
105, 0, 4.477728731716165
81, 14, 0.171934317316556
50, 21, -1.088263979271845
66, 18, 2.472932282686334
56, 20, 3.861737105047244
94, 9, 1.260827892759138
87, 12, -1.395419109253263
12, 25, 0.7982521813179432
103, 3, -0.1674284959333301
96, 8, 1.053564318270228
78, 15, 1.70951230369179
102, 4, -0.55488226379022
92, 10, -0.5218651338020768
104, 2, -4.108862292724988
26, 24, -4.065150598445998
36, 23, 0.2311881548225093
13, 25, -1.583659671027809
98, 7, -0.4489149838714247
101, 5, 1.501544056559686
44, 22, 0.4234040524519767
105, 1, -0.110780845326439
90, 11, -0.05843955034028113
62, 19, 0.8253355944690677
71, 17, -0.4079789265598288
51, 21, -0.109388275099338
27, 24, -0.1304034559871321
14, 25, -0.8060929409182148
75, 16, -0.02817075122092456
57, 20, 1.05876208362212
85, 13, 0.2543584286685454
67, 18, 0.2245495232460107
82, 14, -2.51887413071065
100, 6, -2.381631647226667
37, 23, 0.3901088482933935
15, 25, -2.749741867585025
106, 0, 2.069809935624468
45, 22, -1.32920178109234
88, 12, -1.662707516746024
28, 24, -1.670851568103422
79, 15, 2.163026641311824
95, 9, 0.1330274277810901
97, 8, 0.4781504480150862
93, 10, 0.9369349717404862
104, 3, 0.2079812888171965
16, 25, 0.2163115744649055
103, 4, 0.5254403888435943
52, 21, 0.4830518876554609
105, 2, 0.4864362777740724
63, 19, 0.4754494048636781
38, 23, -1.228775836730267
72, 17, 0.4521324481933856
-13, 26, -0.3033867719949354
58, 20, -0.2311511527972767
-12, 26, -0.2774416115580903
99, 7, -1.780386741621059
-11, 26, -1.871540963194698
29, 24, 0.9469242913556342
-10, 26, 0.9394565093073171
102, 5, 0.0004914838511893313
91, 11, 0.007210162842643507
17, 25, 0.01697767320599232
-9, 26, 0.02180796348091464
76, 16, -1.356049968900505
-8, 26, 1.69868607996194
68, 18, 0.4229650606430295
46, 22, 0.4145362172729825
106, 1, -1.498475568232377
-7, 26, -1.562991937949456
-6, 26, 1.244334211701844
83, 14, 0.6811376948010845
86, 13, -1.774698732122251
-5, 26, -1.754541953980415
18, 25, 0.7964443121855631
-4, 26, 2.196085067484147
39, 23, 0.06535586245432741
30, 24, -2.855242757092624
101, 6, 0.6047564917340489
53, 21, 0.6025755188532304
-3, 26, 0.3612370313622199
80, 15, -0.9208796890479773
89, 12, -0.909359809453269
-2, 26, 1.633629246864027
107, 0, 2.402639177217112
64, 19, 1.409273762017995
96, 9, 0.6032564734198171
19, 25, 0.09964169701271046
59, 20, 0.04495844312896521
-1, 26, -1.446853775360585
47, 22, -1.240059439164912
98, 8, -1.313006256014159
94, 10, -1.288147932113737
73, 17, 0.7738883179594428
0, 26, -0.005049070199490651
105, 3, -0.6890316326224625
31, 24, -0.2767404368583152
104, 4, 1.039473617614192
69, 18, 0.5528438025307171
77, 16, -0.5140190245414304
40, 23, -0.5153204143839919
106, 2, -0.2074853066055598
1, 26, -1.16498611139264
20, 25, -2.203163395576903
100, 7, -0.7452394800606428
92, 11, -0.7405962903496577
54, 21, 2.31588159698087
2, 26, 0.1006418497633215
103, 5, 0.9063021439449734
84, 14, -4.192977569072696
107, 1, -0.03890065930560554
87, 13, -0.09566120265392684
3, 26, 1.673533458058716
32, 24, -4.504558421153669
48, 22, 0.9682011887167965
21, 25, 0.273318696086166
65, 19, -1.133636926292017
60, 20, 2.075822295200003
81, 15, -1.760148212945615
4, 26, -0.8399664215585132
41, 23, -1.116307819346315
102, 6, 0.06699102361426926
90, 12, 0.104378676591928
74, 17, 0.6499663761458023
5, 26, 0.6381261574812249
97, 9, 0.2688898687375565
22, 25, 0.250776109420412
108, 0, -1.158093558970819
70, 18, 2.140766383168868
33, 24, -1.277666587836726
95, 10, 0.0951732592838589
55, 21, 1.234943863618722
99, 8, 1.533967742359736
78, 16, 0.9067609664403621
6, 26, 0.8766135109300491
106, 3, -0.09398203759110355
49, 22, -0.11457171216915
105, 4, -0.8630071168660471
42, 23, -0.4369954139127319
7, 26, -0.5003941989546941
93, 11, 2.091505110225246
23, 25, 2.054004355092325
107, 2, -0.2492309552037023
101, 7, -0.3824520788418244
61, 20, -0.3989508130663817
85, 14, 0.286968610302939
66, 19, 0.261037287763022
104, 5, 0.3468593639096312
88, 13, 0.371943656193515
34, 24, 0.1431812204968718
8, 26, 0.1288828772664126
82, 15, 0.8115789669850924
108, 1, -0.2895283400854904
24, 25, -0.6622420420091483
9, 26, 1.750467255738368
56, 21, -1.76403327886823
75, 17, -1.787720259908495
91, 12, 1.83618656795609
71, 18, -0.9742116428156308
50, 22, 0.3618924492769344
43, 23, 0.4618743806525686
103, 6, -1.528919339773025
10, 26, -0.03047290308172946
79, 16, -0.1753268047646184
35, 24, -0.1041763966813618
98, 9, -1.954002827063036
25, 25, 1.200881335203501
96, 10, -1.447337543126749
109, 0, 2.030191956790121
62, 20, 1.23430202755982
100, 8, -2.281404160242778
67, 19, 0.1146881898261591
11, 26, 0.1094273933409631
107, 3, 1.740499469292106
94, 11, 1.353314745839403
106, 4, 0.2487231806968628
86, 14, 0.2419013783903893
44, 23, -0.4375075811418317
57, 21, -1.527013486531645
108, 2, -0.7604249260527584
12, 26, -0.7909212487632853