d = 67, symClass = D, D = 7.113281, Y = 0.0859780453904275
[9.758748308531681, 9.758769325774349], 9.758752098668682
1, 0, 1
2, 0, 0.79304492039803
3, 0, 0.1595657537883962
4, 0, -0.4348608282523116
0, 1, -1.15856875005064
1, 1, -0.5105240235998106
2, 1, 0.3157401709366081
5, 0, -1.836207889168321
3, 1, 0.155334751944126
6, 0, 0.08281511163842879
4, 1, -0.9420087255153891
5, 1, -1.188968082267773
7, 0, 0.8159845288978911
6, 1, -0.4480341848917805
8, 0, -1.134623896693756
-1, 2, -1.700390384765409
0, 2, -0.8896770061085864
1, 2, -0.8003963418650739
7, 1, -0.4658219854251814
2, 2, -0.3913919088142589
9, 0, -1.009021841145033
3, 2, 0.1348422558708059
8, 1, 0.388945125090573
4, 2, 0.2945187202428715
10, 0, -1.322381647637562
5, 2, 0.0611819096087429
9, 1, -0.1747266959055152
6, 2, 0.06263659793483682
11, 0, -0.6055689730308078
10, 1, 0.1204940377924364
7, 2, 0.8731485245087908
12, 0, -0.06945861002693796
8, 2, -0.642466251167049
11, 1, 0.6961965094288469
-1, 3, -0.490544630806501
0, 3, -0.1760174924490097
1, 3, -0.6505573545099798
2, 3, -0.2547835368842291
9, 2, 0.5274209818977506
13, 0, -1.451314401354251
3, 3, -0.07289024749996173
12, 1, 0.1844970404783824
4, 3, 1.412252136951687
10, 2, -0.8631417925856529
5, 3, -0.4920006228162994
14, 0, 0.6807700178722428
13, 1, 0.207935720211882
6, 3, 0.08969904672496783
11, 2, 0.1489842242849734
7, 3, 0.5331938957846591
15, 0, -0.2126491026063142
14, 1, 1.062318237113811
12, 2, -0.4035053373830275
8, 3, 0.5843364732667092
16, 0, -0.3690355192482415
15, 1, 0.2653952098082136
9, 3, -0.02316291788218065
13, 2, 1.140936999091658
-2, 4, -1.302743149305053
-1, 4, -0.1894561209962243
0, 4, 0.5005369524984998
1, 4, -0.5755814442019498
10, 3, -0.1963467538126619
2, 4, -0.6152610057622583
17, 0, 0.5843338638329446
16, 1, 1.029959876450149
14, 2, -0.316905557900675
3, 4, -1.240200689195765
4, 4, 0.2209843772330298
11, 3, -0.4866677656193146
5, 4, -0.375368702731982
17, 1, 0.3246683111587128
15, 2, 0.8389061302459162
18, 0, -0.7619578679394644
6, 4, 0.08353491503553929
12, 3, -0.08236693383252454
7, 4, -0.8246613870385768
16, 2, 0.2806365834697685
18, 1, -0.154597931615824
19, 0, 0.1728192670827242
13, 3, -0.6527938239150545
8, 4, -0.1371593844744183
9, 4, 1.129757825388542
17, 2, 0.3613830972116933
14, 3, -1.109733397366196
19, 1, -1.241479529657709
20, 0, 0.8033542483443984
10, 4, 0.08930123751070321
-2, 5, -0.1274840470725272
-1, 5, 0.08023445870571148
15, 3, -0.1500545233585476
0, 5, 2.037447777298613
18, 2, -0.1817976223151063
1, 5, 0.490322850443983
20, 1, 0.09084609406552867
11, 4, -0.4345346398779426
2, 5, -0.06310248334280466
21, 0, 0.162939135150112
3, 5, 0.6602651234732267
16, 3, -1.075405770539427
4, 5, 0.01563613751031403
12, 4, -0.06648942587513292
19, 2, -0.286215431112839
5, 5, 0.9077141405775755
21, 1, 1.411378981011091
22, 0, -0.3787880460917907
6, 5, 0.4668636973828537
17, 3, -0.952277647724616
13, 4, 0.6296545845852749
20, 2, 0.09923252702483873
7, 5, -0.3030736560675227
22, 1, -0.1086868485079947
14, 4, 0.7202027060719137
23, 0, -0.6912433175034519
8, 5, -0.1974741092779371
18, 3, -0.1056259956833112
21, 2, -0.3412081750962899
9, 5, 0.20565015762512
15, 4, -1.196051577641613
23, 1, -1.093425344151556
19, 3, -0.6998615070218721
10, 5, -0.6587990746753632
24, 0, -0.1165811170542906
16, 4, 0.4087816683897024
22, 2, 0.4638382282072184
11, 5, -0.5431052118956347
-3, 6, -0.2388062211648894
-2, 6, -0.4334682528327986
-1, 6, -0.3650705847135585
0, 6, -0.1116436710495912
20, 3, 0.15890245987597
24, 1, 0.1508932762665428
1, 6, 0.5149638433457907
25, 0, 2.064416437688065
2, 6, -0.4869700299125245
17, 4, 1.550889028392766
12, 5, 0.5018895675111734
3, 6, -0.1262552752100364
23, 2, -1.058628270996432
4, 6, -0.160740381535203
21, 3, -0.04223535580548139
13, 5, -0.0368854920340624
25, 1, 0.8944152736023615
5, 6, -0.697598235156238
18, 4, 0.3952659972204551
26, 0, -1.023059587477681
6, 6, -0.05134610057305103
14, 5, -0.9732855463352488
24, 2, 0.1711834962748079
22, 3, 0.6413915570092574
7, 6, 0.2795335683463884
19, 4, -0.6008732043808827
26, 1, 1.204619049371111
8, 6, 1.059559254216523
15, 5, -0.1724715242312615
27, 0, -0.3047008461465964
25, 2, 0.3036597195439913
9, 6, 0.002572900014399384
23, 3, -0.7648832755303767
20, 4, 0.5226337713512976
16, 5, 0.4440466369430002
10, 6, -0.3118652767263756
27, 1, 0.4715127984698939
28, 0, -0.3541590893960691
26, 2, 0.1100570522329779
21, 4, 0.4581236471603676
17, 5, 1.006216402299167
11, 6, 1.629149404947827
24, 3, 0.04196957975958499
-3, 7, 0.6303229761186665
-2, 7, -1.052758561972328
-1, 7, 0.4831504822563102
12, 6, 0.01133929682229164
28, 1, 0.2800098834921185
0, 7, -0.9479038038519284
18, 5, -0.9342077664356548
29, 0, -0.8937770948300753
1, 7, -0.1836719203460847
22, 4, 0.13025952918275
27, 2, -0.8894779134016548
2, 7, 0.1612680818376317
25, 3, 0.5659435237382975
13, 6, 0.9430465835584141
3, 7, -1.424498566101548
4, 7, 0.5623499967540716
19, 5, -0.8570476110989488
29, 1, 0.8194156302694221
14, 6, 0.3801006538682235
23, 4, 0.4769599007800547
5, 7, 0.6981283856862364
30, 0, -0.2157976597158584
26, 3, -0.8792046449183286
28, 2, 0.7721184158014076
6, 7, -0.6375186019186238
20, 5, 1.493586914441841
15, 6, 0.04825872586517761
7, 7, -0.4263224678572405
24, 4, 0.1960852208249086
30, 1, 0.5050266752693722
8, 7, -0.723543842585083
31, 0, -0.4159563228824242
27, 3, -0.05256622311227801
16, 6, 0.3955392694170869
29, 2, 0.6236724208099811
21, 5, 0.1060115132965935
9, 7, 0.09533586168010151
25, 4, -0.2197730115879505
17, 6, 0.5380005536204282
10, 7, 0.5586170949628918
31, 1, 0.7692421658116214
22, 5, -0.0116840351860751
28, 3, -0.3236299605692076
32, 0, 0.8398634053595199
30, 2, 0.1850364171342604
11, 7, -0.5910804641213185
18, 6, 0.07944606052183474
26, 4, 0.9172625498110425
12, 7, 0.2070843027316376
23, 5, -1.138572749370441
-4, 8, 0.7549092177642929
32, 1, 0.518823095113798
-3, 8, -0.6287461625623061
-2, 8, -0.2138709457300571
29, 3, -0.08885394713889846
-1, 8, -0.7213184916756995
19, 6, 0.5965855046860026
0, 8, 1.276263305842518
33, 0, -0.05407508007213956
31, 2, 0.465792224919914
13, 7, -1.750607271352863
1, 8, -0.1682004357071812
2, 8, -0.4118477531706253
27, 4, 0.536142689940184
24, 5, 0.2325166735512824
3, 8, 0.2440488892807491
14, 7, 0.2195692537925611
20, 6, -0.1877472956769547
4, 8, 0.3481744217818952
33, 1, 1.938451667135495
30, 3, 0.01557690274265567
5, 8, 0.9911733552448112
34, 0, 0.4445082687347465
32, 2, 0.7444978955845175
15, 7, 0.8594262977046025
28, 4, 0.2074640349856278
6, 8, -0.9729231758772069
25, 5, 1.996625648733716
21, 6, 0.155509114180179
7, 8, -0.6931706146759343
16, 7, -0.8884559856970099
34, 1, 1.496583959849666
31, 3, 0.3008846728757221
8, 8, 0.5613045538785209
33, 2, -0.4447517949324614
35, 0, -1.555407631007042
22, 6, -0.2929961845095306
29, 4, -0.06869315840595615
26, 5, -0.5836629796480506
17, 7, 1.359644554987023
9, 8, -0.3531497245782468
10, 8, -0.2465381226876067
32, 3, 0.8580151116655241
35, 1, -0.07437856307061121
23, 6, 0.1208393410901913
18, 7, -0.843038373808084
27, 5, 0.8294447341472792
34, 2, 0.2499474854480493
30, 4, 0.6369796650478198
36, 0, 0.4462214409587044
11, 8, 0.3737983836666856
19, 7, -0.3080028163652601
12, 8, -0.05903667772603441
24, 6, -0.1251958736584713
33, 3, 0.05395468344588258
36, 1, 0.6090830720578667
28, 5, 0.1951577179567272
31, 4, -0.1156749130608368
-4, 9, -0.1212120036579153
-3, 9, -0.1135353538151603
13, 8, -0.6238888670791088
35, 2, -0.4597184210826828
-2, 9, 0.2130521277002116
37, 0, 0.3286098783291224
-1, 9, 0.08813594531396
20, 7, -0.5242513005828192
0, 9, 1.135107141814589
25, 6, 0.5296425105989864
1, 9, -0.0778208739290797
14, 8, -0.6639251364345486
2, 9, -0.1808697828558708
34, 3, -0.5399631637362221
29, 5, 0.244325619375044
3, 9, -0.09271861027743811
21, 7, 0.172941286897594
37, 1, 0.7679684491225048
32, 4, -0.168691819957366
4, 9, -0.4055523958253481
15, 8, -0.9493515641289336
36, 2, -0.1227201064690122
38, 0, 0.12541587933998
26, 6, -0.5271747218573798
5, 9, -0.763895832677796
6, 9, -0.004743689560924263
22, 7, 0.4863829395345479
16, 8, -0.4222175177054812
30, 5, 0.9236893957636084
35, 3, 0.2705324515014723
7, 9, -0.09982683301845563
33, 4, -1.484402290803777
38, 1, -0.2752984133553388
27, 6, 0.07070540723168225
37, 2, 1.488532405854245
17, 8, -1.684215312743714
8, 9, 0.8093475678976155
39, 0, -0.1485060730158101
23, 7, -0.4033487113069661
9, 9, 0.5032702221705787
31, 5, -0.5701769528300384
18, 8, 0.9050561329948493
36, 3, 0.04559948560565571
34, 4, 0.2429032566487133
28, 6, -0.8646026235996631
10, 9, -0.3900705757667203
39, 1, -0.203801245095436
24, 7, 0.0753274480038116
38, 2, -0.9559535063977337
11, 9, -0.7978179106960683
40, 0, 1.89493224531227
19, 8, -0.0845956335053997
32, 5, 0.5466827139233725
29, 6, -0.07050035679018951
12, 9, 0.1873674738108307
37, 3, -0.8511609731881978
25, 7, 0.3476488939438723
35, 4, 1.232927174368706
20, 8, -0.02685131449460091
40, 1, 0.3039331701185499
13, 9, -0.5005322607773133
39, 2, 0.08770908739057595
-5, 10, 3.020092108723601
-4, 10, -0.04934389505976974
33, 5, -1.048205177149565
-3, 10, 0.6897581919406267
41, 0, 0.9535121714378733
-2, 10, 0.1041137859734929
26, 7, -0.6298080451541755
-1, 10, 0.2464642962753307
30, 6, -0.1316029608751475
21, 8, -0.4264729700285067
14, 9, 0.3966485630326576
0, 10, 1.513182412583727
38, 3, -0.1148416566648542
1, 10, -0.09582787837382832
36, 4, 0.07140828821289555
2, 10, 0.3210226179897137
15, 9, -0.01222266972208463
41, 1, 1.201338573465819
3, 10, 0.7558508581916838
40, 2, 0.05295190887091493
22, 8, -0.3329638826388248
34, 5, 0.3163464128630787
27, 7, -0.4724963767575706
4, 10, -0.02521373126384674
31, 6, 0.2763580217936358
42, 0, 0.05271602560291655
5, 10, 1.408465292014208
16, 9, 0.9994024660051507
37, 4, -0.3142027283071455
39, 3, -0.003294306438500897
6, 10, 0.4168488787865512
23, 8, -0.1152100753299409
28, 7, -0.8273478192907108
17, 9, 0.7914099247652692
7, 10, -0.3292169900879874
42, 1, 0.2578989771343883
35, 5, 0.7300590816101069
32, 6, -0.7657040878219671
41, 2, 0.1718205292334481
8, 10, 0.001791244408019443
43, 0, -0.9542391981517554
24, 8, -0.09265909898241087
18, 9, -0.3357962888970218
38, 4, -0.2407430208779003
9, 10, -0.2974206020161162
40, 3, 1.430768478489612
29, 7, -0.1876944396988619
33, 6, 0.0273695450947984
10, 10, 0.6678607204569035
36, 5, -0.170574922131417
43, 1, 0.4598497796326244
19, 9, -0.3374492351805234
25, 8, -1.19482076951697
42, 2, 1.042073020166669
11, 10, -0.25970399275418
44, 0, 0.2714140944126915
30, 7, -0.2266958592201342
39, 4, -1.279851367923719
41, 3, 0.09845077852863024
20, 9, -0.1758471523683715
12, 10, 0.4164224590520582
34, 6, -0.686124255686549
26, 8, 0.4980590803575315
37, 5, -1.305611727742645
44, 1, 0.9452348519253067
13, 10, 1.548312695864103
43, 2, -0.007667987993908104
21, 9, 0.05786105235232508
31, 7, -0.5361968875446896
45, 0, 1.757863486918651
-5, 11, -1.037150896283729
-4, 11, -1.070139102624071
40, 4, -0.05229336531172524
27, 8, 0.2980273303960825
-3, 11, -0.1002905174812704
14, 10, -0.158198067170017
-2, 11, 0.1925731896797238
42, 3, 0.1156005861129118
35, 6, 1.413440687840228
-1, 11, -1.134188039273412
0, 11, 0.6365122928626961
38, 5, 0.5263755596651295
22, 9, -0.7589836013033681
1, 11, -0.9495584435558266
15, 10, -0.2032584130502461
32, 7, -0.0901190698221611
2, 11, -0.8298958727360611
45, 1, 1.036453517619826
44, 2, -0.157122040951017
28, 8, -0.3759557157376718
3, 11, -0.4017222005410701
23, 9, -0.7683674790319061
46, 0, -0.4396142291795426
16, 10, -0.09521735329910258
41, 4, 0.9079276013239116
4, 11, -0.9480705726524647
36, 6, -0.01542975437402005
43, 3, 0.9201717193589422
5, 11, -0.1444059048883863
39, 5, 1.626067448681119
33, 7, -0.134731965161322
6, 11, -0.2564167394353535
17, 10, -0.0360625729181231
29, 8, -0.008301095029471193
24, 9, 0.03850697495134189
46, 1, 0.5567712058715499
45, 2, 0.5064733768158014
7, 11, 0.4834427305403362
37, 6, 0.5568574734395163
42, 4, -0.264585848987232
18, 10, 0.1736441735585928
47, 0, 1.154712277408034
8, 11, 0.4278509657120838
44, 3, 0.4603233977853384
40, 5, -0.6464299467473847
34, 7, -0.8887554159429055
25, 9, -1.163724206321492
30, 8, -0.8519354971127479
9, 11, -0.09822719588982631
19, 10, -0.5462893415984069
10, 11, -0.859506964712063
47, 1, -0.07889897814812502
46, 2, -0.8779660615891616
38, 6, -0.5413047956663878
26, 9, 0.2148310632003637
43, 4, 0.1835031519879063
31, 8, 0.1698150294304678
11, 11, 0.2630719930029958
20, 10, -0.4243186270948189
35, 7, -0.9995968011648827
48, 0, -0.09123912044086337
41, 5, -0.3405374002642707
45, 3, 0.02613637981400611
12, 11, -0.2950142413948552
27, 9, -0.1198214692641718
21, 10, 0.1669363141737814
39, 6, 0.1897102972484876
32, 8, 0.9140162446848028
48, 1, -0.4060801179991502
13, 11, 0.3805668183529223
47, 2, -0.05160414325151846
36, 7, -0.2468434596578727
44, 4, -0.3122376975341648
42, 5, 1.372143146290169
49, 0, -0.3645362220433553
22, 10, -0.4619786467997866
46, 3, -0.4286173251989355
14, 11, 0.4282839453570464
-6, 12, -0.1634888030690367
28, 9, -0.02270023654221067
-5, 12, -0.09591567329058537
-4, 12, 0.2177649564237623
-3, 12, -0.07554601541383081
-2, 12, -0.2869351353975513
-1, 12, -0.5492023109345255
33, 8, 0.8692094153094687
15, 11, 1.033626885179414
0, 12, 0.07973594950719738
40, 6, 0.09159148077025227
23, 10, 0.7817241668703148
37, 7, -0.6071190457283415
1, 12, 0.5431390863896195
49, 1, 0.8457015603895623
48, 2, 0.07533355734432683
2, 12, 0.4140435397212819
45, 4, -0.4294270177403085
29, 9, 1.520003583313476
43, 5, -0.4054114966740179
16, 11, -0.4967137125033326
3, 12, -0.06298235993682577
50, 0, 1.585558015384909
47, 3, 0.1484291001279014
4, 12, 0.2885484843284609
34, 8, 1.138271759930196
24, 10, 0.3490325727824049
17, 11, -1.626782014432699
5, 12, 0.1222279594866546
41, 6, 0.7674554207954097
38, 7, -0.1574300944571388
30, 9, -0.06256788068759084
6, 12, -0.0793777435082571
50, 1, 0.1079078850997607
49, 2, 1.052047807762372
46, 4, -0.7907779954068743
25, 10, -0.1919157044992868
18, 11, 0.04358543779361967
44, 5, -1.317102053365931
7, 12, 1.38000359968693
35, 8, -0.3365605632834974
51, 0, 0.07404334250090781
48, 3, 0.1104051064981584
8, 12, 0.1094087700690343
31, 9, 0.3905693155004375
39, 7, 0.2835898904392394
19, 11, 1.144676809116142
42, 6, -0.06342310415945725
26, 10, -0.02351163536533384
9, 12, -0.190082941061865
50, 2, 0.5975779637788302
10, 12, -0.6024089676035699
51, 1, 1.306661629270855
47, 4, 0.141749469722377
36, 8, -0.2244383849901427
45, 5, 0.4213591892262004
20, 11, 0.6510054749011626
32, 9, 0.3076806943002698
27, 10, -0.4043439155594348
49, 3, -0.268425708652633
11, 12, 0.9586927120734254
52, 0, 0.6319284162961515
40, 7, -0.9192086901441435
43, 6, 0.7675191629161082
21, 11, 0.9185487729638491
12, 12, 0.03090533112271399
37, 8, -0.04759132025766028
33, 9, -0.006810135006805602
28, 10, -0.7674531886893181
48, 4, -0.07812177660227887
51, 2, 0.7495653151705359
46, 5, -0.1836127307374726
52, 1, 0.5906221247768761
13, 12, 0.5940433114031175
22, 11, -0.2432338241535172
41, 7, -0.6094436290149645
50, 3, 0.03449576035927016
53, 0, -0.7037762849757844
44, 6, 0.4702849677694142
14, 12, 0.1943041802119702
29, 10, -0.6430228694462161
-6, 13, -0.02568315259715599
-5, 13, 0.1673380599732002
38, 8, -0.4546936605975898
-4, 13, -0.5666583656962847
34, 9, -1.257718663300538
23, 11, 0.0576689667770295
-3, 13, 1.517130790601952
-2, 13, -0.7329153092532552
15, 12, -0.02217895313582353
-1, 13, -0.6543495377875186
49, 4, 0.09264032526743383
47, 5, 0.4263599734979091
0, 13, 1.604866089080535
52, 2, 0.9457186300035653
53, 1, 0.3194214872587641
1, 13, -0.3030798752750067
42, 7, -0.3475228396218087
16, 12, -0.6185852469730874
24, 11, 0.4960956272985317
30, 10, -0.1982241575105642
2, 13, -1.183120752183184
51, 3, 0.04535954069319589
45, 6, 0.1149706603135514
54, 0, -0.1855194657626322
35, 9, -1.634312498080889
39, 8, -0.07110450067904812
3, 13, 0.1551451947477165
17, 12, 0.6164054695682516
4, 13, -1.0767126045306
25, 11, 0.6858309258338132
5, 13, 0.03833290131243127
48, 5, -0.6342704133636777
31, 10, -0.1392323317407195
50, 4, 0.2260102983609557
53, 2, 0.5309242078966474
43, 7, 0.1211165331448852
54, 1, 0.484614505648427
6, 13, -0.3727029528386741
18, 12, 0.01981473789092461
36, 9, 0.8728322200841312
46, 6, -0.5975014047402593
40, 8, 1.240860089904975
52, 3, 0.1166100250616256
7, 13, 0.3988712593820777
26, 11, 0.8271286192002673
55, 0, 0.8815758556743662
19, 12, -0.4163282203062519
8, 13, 0.1752391415918831
32, 10, 0.3564966129386952
49, 5, 0.1896658591413966
9, 13, -0.3752143134295704
51, 4, -1.587643857120916
44, 7, -1.601770294685339
37, 9, -0.5144221763660404
27, 11, 1.471890560115599
20, 12, 0.2127015422473218
54, 2, 0.3562356344453567
55, 1, 0.2870327052007301
41, 8, -0.04292841500491769
47, 6, 0.5389179050980784
10, 13, -0.6765939280328459
33, 10, 0.1605213371976611
53, 3, 0.111736767242854
56, 0, -0.9782163086354148
11, 13, 0.416876796918793
21, 12, -0.1505076963245985
28, 11, 1.954826017830285
38, 9, -0.6643914142719637
45, 7, -0.4941668675995792
12, 13, -0.0401822349331185
50, 5, -0.2287751856347704
52, 4, -0.0930742352353207
42, 8, 0.4118922331695571
34, 10, 0.7461155860806504
22, 12, 1.214431110781734
55, 2, -0.9315764259591565
48, 6, 0.04342721836978616
56, 1, 1.591916136316939
13, 13, 0.7143600883986333
29, 11, 0.1152008793526977
54, 3, -0.02123258087853218
57, 0, 0.02475654204238652
39, 9, -0.1110910947977486
14, 13, 0.3416705992826843
23, 12, 1.446823471919285
46, 7, 0.40089868075419
35, 10, -1.673654002520195
51, 5, 0.791281012644749
43, 8, 0.3018147575360516
-7, 14, -1.410068048758045
-6, 14, 0.4213115325627826
30, 11, 0.1974289950481156
-5, 14, -0.3975127883732784
-4, 14, -0.788878540205763
53, 4, 0.5716983302005286
15, 13, -1.203831688447082
-3, 14, 0.6755304182994443
49, 6, 0.6797567306599857
-2, 14, 0.3316973141729254
24, 12, -0.04118527184996319
56, 2, 0.2476352751830608
-1, 14, 0.03224303273129746
57, 1, 0.3525605485526302
0, 14, -0.7448147660117527
40, 9, 1.166930161834203
16, 13, 0.6589839766581373
55, 3, -0.7761440444567872
1, 14, -1.318155446503588
36, 10, -0.6525263779881522
31, 11, 0.07704853552454449
58, 0, -0.5982007509549645
2, 14, -0.1054694782735286
47, 7, -0.8567127779452356
25, 12, 0.01493215895275789
44, 8, -0.05959707498570949
17, 13, 0.2178247347701419
3, 14, -0.6410419612535897
52, 5, 0.2798200639136391
54, 4, -0.5808629100956243
4, 14, 0.2104736385490712
50, 6, 0.4655247946072926
41, 9, 1.163620275483422
5, 14, -0.6170952027314384
57, 2, 0.8459882041026728
18, 13, 0.1143558012655851
32, 11, 0.5722641699784291
26, 12, 0.7387585441120958
58, 1, -0.7116182710597879
37, 10, -0.7096603391362625
6, 14, -1.124126852161721
56, 3, -1.077744808936898
48, 7, 0.3623419385826545
45, 8, -0.6096278196694039
7, 14, -0.6491561277806915
59, 0, 0.1674252573440263
19, 13, -0.8306525363179056
53, 5, -0.02314551154934247
27, 12, 0.2034839040108342
8, 14, 0.4399966464323766
33, 11, -0.003685002640280682
55, 4, -0.2073054511101178
51, 6, 0.03729564472369284
42, 9, -0.1551547411687268
38, 10, -0.6445411325718239
20, 13, 0.7320064655864389
9, 14, 0.3762543563517817
58, 2, 0.5434397053902964
59, 1, -0.8273629872819974
28, 12, -0.2268936980856545
46, 8, 0.3554217210085207
10, 14, 0.5163029008140554
57, 3, -0.1859637911349227
49, 7, -0.4074430204055699
34, 11, 0.3705171297212086
21, 13, -0.7421090587312424
60, 0, 0.09760605845157717
11, 14, 0.01011943023367774
54, 5, -0.8175914795117002
39, 10, 0.3830242263608472
43, 9, 0.1631666328247218
52, 6, -0.6023097206809427
56, 4, -0.4591643223920278
29, 12, -0.1575648883420452
22, 13, 0.3347847558815827
12, 14, -0.4813139643168036
59, 2, 0.3247946085749227
35, 11, 0.1520877118433497
47, 8, -1.266834259192253
60, 1, 0.2660025056244865
50, 7, 0.1322975973885208
13, 14, -0.09771519806637778
58, 3, -0.5121582414197449
40, 10, 1.212601244944988
23, 13, -0.8735324334044247
30, 12, -0.01029877482065697
44, 9, -0.9524099834954868
61, 0, -1.867782340173688
14, 14, -0.3337229143044715
55, 5, -1.076777209838023
53, 6, -0.8183800437045614
57, 4, -0.5843820453656047
36, 11, 0.3610650010166042
24, 13, -0.1139999840559606
15, 14, -0.4635347779347921
-7, 15, 0.999478839319375
-6, 15, 0.0287076453874916
-5, 15, 0.9789507658017262
48, 8, 0.5697959479400344
31, 12, 0.05896636271811787
-4, 15, -0.2417759671568571
60, 2, 0.3939922093262945
-3, 15, 0.03649837645036916
51, 7, -1.750209191439652
41, 10, 0.5593130771032973
61, 1, 0.3110515490105238
-2, 15, 0.01768082216836142
45, 9, 1.136691441046315
59, 3, -0.4127085237842735
-1, 15, 0.1614176257896577
16, 14, -0.5689091503723709
25, 13, -0.7737917661846437
0, 15, 0.2435012296515476
37, 11, 0.9768703186849818
56, 5, 0.8452752624714465
1, 15, -0.4834782384401983
62, 0, -0.3442838374813004
54, 6, 0.004935108431432419
32, 12, -0.2521734798221896
17, 14, -0.5753740787137891
2, 15, -1.826720503386288
58, 4, 0.5001219732804071
3, 15, 0.03309351219968718
49, 8, -0.7739689409316857
42, 10, 0.1428619708105889
26, 13, -0.5405930007266239
52, 7, -0.3066945923633934
4, 15, 0.0324391957356408
46, 9, -0.551704560766344
18, 14, 0.1013603370496194
61, 2, -0.8812136858015883
38, 11, 0.6606479778519342
62, 1, 0.8299905718303159
5, 15, 1.114714637478051
60, 3, 0.001335790048755501
33, 12, -0.06922227441689784
6, 15, 0.009885317138525973
27, 13, 0.7885105950256802
57, 5, -0.1574386639109264
19, 14, 0.6402857367110826
55, 6, 0.8803102120137101
63, 0, -0.8347389395455418
43, 10, -0.8135213073459593
7, 15, 0.8987988251229077
50, 8, -0.1605690237755562
59, 4, 0.206385770873035
39, 11, -0.5722883685568058
47, 9, 0.1140874156776959
8, 15, -0.2742168210609957
34, 12, 0.4315174101465422
20, 14, 0.4411826791986532
53, 7, -1.025501105510065
28, 13, 0.9075457999601292
62, 2, 0.6379421832332884
9, 15, 0.036155506123811
63, 1, 0.3048920925726698
61, 3, -1.030298535554242
21, 14, 0.1236498570721682
10, 15, 0.3985905041197849
44, 10, -0.04028442622910605
58, 5, -0.4245068218515077
56, 6, -0.2086182046988482
29, 13, 0.2325030612766849
35, 12, -0.2075665412509139
64, 0, 0.9746825123372115
51, 8, -0.8171830443972958
40, 11, -0.4352597750287784
11, 15, 0.1667364486153551
60, 4, -0.1220518907302621
48, 9, -0.1131649578799381
22, 14, -0.492657079810821
54, 7, -0.7522439276409946
12, 15, -0.009107911945536382
63, 2, 0.4879095549690544
30, 13, 0.4912592419344747
45, 10, -0.9276291827182763
36, 12, 0.01403660468330618
64, 1, 0.4467787169457275
62, 3, -0.9616807656723012
23, 14, 0.1090605920225483
41, 11, 0.3880442088431736
13, 15, 0.3721099834097836
59, 5, -0.7617841816601221
57, 6, -0.05748895151425234
52, 8, -0.498599209292572
49, 9, -0.9295567377093999
65, 0, 2.381186966303045
14, 15, -0.5486889198719814
61, 4, -0.6746742527265984
31, 13, 0.1465089725661451
55, 7, -1.413231064203097
24, 14, 0.1898557123218584
37, 12, 0.7604090329964235
15, 15, 0.1117678004581318
46, 10, -0.8250445505519283
42, 11, -0.5403748378955781
-8, 16, 1.868532830895309
-7, 16, 1.507155599937065
64, 2, 0.3023619918727389
-6, 16, -0.5491347640868576
-5, 16, -0.09513241313121402
-4, 16, 0.08309024436660113
65, 1, 0.2604499862224745
25, 14, 0.2481296040071226
63, 3, 0.1612042219708016
32, 13, -0.3109511903200629
-3, 16, -0.74882095806802
53, 8, -0.9241585031477624
16, 15, 0.9731490714113951
58, 6, -0.03918766567237585
-2, 16, -0.5184048481353627
60, 5, -0.4014463565770631
50, 9, -0.0474888205777325
-1, 16, 0.04004659621309528
38, 12, 0.485657242506766
0, 16, 0.425623379246601
66, 0, -0.09266747907107893
56, 7, 0.3348247167187327
62, 4, 0.3718156831829584
1, 16, 0.5874739343306908
17, 15, -1.160493335591493
26, 14, -1.386221993688769
47, 10, -0.6404444482192553
43, 11, 0.3926081571790474
2, 16, -0.1137400423719845
33, 13, 0.06913051082840233
3, 16, 0.1073268942886124
18, 15, 0.1144459756709305
65, 2, -0.005037704480530386
4, 16, 0.2513510572130883
54, 8, 0.3583348318444348
51, 9, -0.1178341058897324
39, 12, 0.09705679941676948
66, 1, -0.4743595310441257
27, 14, 0.02493489904382917
64, 3, -0.6832593336013518
59, 6, -0.0006499609127682734
61, 5, -0.5817289387924758
5, 16, -0.405266404038567
34, 13, -1.322058907938863
19, 15, -1.266343693548386
44, 11, 0.3882156698926701
57, 7, 1.061922270437957
48, 10, 0.1937124451028324
6, 16, 0.1932953580572934
67, 0, 1.85161944330454
63, 4, -0.5851870718290301
28, 14, 0.2686210393160031
7, 16, -0.09758633265310213
20, 15, -2.448284274696295
40, 12, 0.08506334271476074
8, 16, 0.8823348316481638
52, 9, -0.9166410120479652
55, 8, 0.5548620424521012
35, 13, -0.7114467131412907
66, 2, 1.466883971105353
60, 6, 0.009563900643855122
67, 1, 1.353799365400111
65, 3, -0.8727379159267519
45, 11, -0.3338034813635805
9, 16, 0.5380018981413547
62, 5, -0.3524165789600961
29, 14, -0.2145326716682747
21, 15, 0.01224878083785579
49, 10, -0.1934139894532254
58, 7, -0.05733159386396922
10, 16, 0.7407767738658845
41, 12, 0.7722862913820623
68, 0, -0.246133831449906
64, 4, -0.4442776965978934
36, 13, 1.248219139191997
22, 15, 1.230660501628965
11, 16, 0.04596985156523275
30, 14, 0.6016150976107892
53, 9, -0.1715675960781061
56, 8, 0.4546937011983996
46, 11, 0.1708045746909224
12, 16, 0.5404086802211687
67, 2, -0.03113569268939643
61, 6, -0.1917149874320802
23, 15, -0.04479284157242438
50, 10, 1.534612942287817
66, 3, -0.07259540466730863
68, 1, 0.7193841369125051
63, 5, 0.5354163288422352
42, 12, 0.0566460988669784
37, 13, -0.3486109898427053
59, 7, 0.5048235895767957
31, 14, -0.5085451948613916
13, 16, -0.4980365392256452
65, 4, 1.341705566804141
69, 0, -0.04302538956913939
24, 15, 0.001962842098937711
14, 16, -0.5715119913447718
54, 9, 0.4896150089422552
47, 11, -0.1616697333396103
57, 8, -0.08598597305257123
32, 14, -0.632465975409088
51, 10, 0.7205881689476789
38, 13, -0.2466270503403763
43, 12, 0.1244756326618223
15, 16, -0.6113340248036044
25, 15, 0.7521215248261934
68, 2, 1.129504017680901
62, 6, 0.2395989533279849
64, 5, 0.05413955239388531
-8, 17, -0.283238809118029
67, 3, -0.6465371729905837
-7, 17, 0.7760599812822007
69, 1, -0.9721956776833437
-6, 17, -0.7803430844178914
60, 7, -0.5209471900155499
-5, 17, 0.6109533629412947
-4, 17, 0.2038321008158269
16, 16, 0.1921403859422789
-3, 17, -0.9692008699701981
33, 14, -0.4338145252972769
-2, 17, 0.1814746889643545
48, 11, 0.8098037126619624
26, 15, 0.7540301836965945
66, 4, -0.2980219785211542
55, 9, -0.07389850884229848
-1, 17, -0.07122306018055791
70, 0, -1.077232687324563
39, 13, -0.1124499966747812
44, 12, 0.2158605707552113
17, 16, -1.654267179688885
0, 17, 0.4777144679896306
58, 8, -0.0005654604879132586
52, 10, -0.4027868130163038
1, 17, 1.313335040743103
2, 17, 0.7955643611693811
63, 6, -0.03561532482780731
27, 15, 0.0389758837504133
34, 14, 1.007905906176442
18, 16, -0.2790222108260149
69, 2, 0.5881037975164185
3, 17, 0.06574352069817672
65, 5, -0.2579449797400088
68, 3, 1.789166154633464
61, 7, 1.07658662058563
70, 1, 0.8007748277267995
40, 13, -1.356173480462998
49, 11, -0.5851771030762725
4, 17, -0.5652692622529814
45, 12, -0.1034553349412919
56, 9, 0.9732110123802468
19, 16, -0.862620918475754
5, 17, 0.7637319043250549
67, 4, 0.5044132096316054
28, 15, 0.02219671572399694
53, 10, -0.76971711037144
71, 0, 0.1333595652190618
59, 8, 0.1043527293031707
35, 14, 0.0184258917053821
6, 17, -0.4944840016196871
20, 16, 0.160896632599546
7, 17, 0.2229538420251911
41, 13, -0.403734691029661
64, 6, 0.646773255136223
29, 15, -0.4047284700719819
50, 11, -1.370605217848829
70, 2, -0.05768433763381569
66, 5, 0.4984341720831745
62, 7, -0.2886953619264221
8, 17, -0.9006909810413041
46, 12, 0.01949070061237025
69, 3, -0.1673528906182409
71, 1, 1.377883694786886
21, 16, -0.9798552978318528
36, 14, -0.5748146393141222
57, 9, -0.09003774229173928
9, 17, 0.2050349706870933
54, 10, 0.6212656762132224
68, 4, -0.1400307154820891
60, 8, -0.3651688549344961
30, 15, -0.01907195400040282
42, 13, -0.3513867800873794
10, 17, 1.047434929442214
72, 0, 1.095694539209154
22, 16, 0.2562095456703038
51, 11, 1.041700255007257
37, 14, 0.009123733909892755
47, 12, -0.2448047497230451
11, 17, 1.024878312164965
65, 6, -0.5464861363706888
63, 7, -0.1192287806648538
67, 5, 0.1700189283558116
23, 16, 0.1540098158032437
71, 2, -0.2063378748744853
31, 15, -0.1863753083939845
12, 17, 0.7374766264698422
70, 3, 0.3140188167634081
58, 9, 0.2483682214979463
72, 1, -0.7549814022731781
55, 10, -0.3074098477938681
43, 13, 1.230584107519976
61, 8, 0.2722775724551695
13, 17, 0.5713240323535635
38, 14, -0.2942521700683158
69, 4, 0.5453967824068793
24, 16, -0.1240346339187448
48, 12, 0.0366427224504583
73, 0, -0.845309167570794
32, 15, 0.1768932711484909
52, 11, -1.284335562888203
14, 17, -0.6666089145432194
66, 6, 0.09536090129939907
64, 7, 0.2796850747109028
25, 16, -0.06294538827339247
44, 13, 0.3069542053976518
68, 5, -0.2470253763943605
59, 9, 1.063608900511331
15, 17, -0.1885154958652756
72, 2, 0.4618290186556114
56, 10, 0.1467727193421034
39, 14, -0.06648076656435564
71, 3, 0.5745365626590021
33, 15, -0.1119959442814362
73, 1, -0.1229204400566957
-9, 18, 1.688657031900313
62, 8, -0.1665818532998488
-8, 18, -0.1781181866923
-7, 18, -0.1146448627179849
-6, 18, -0.02332300688125577
49, 12, 0.9796940801315608
16, 17, -0.2826571587333153
-5, 18, -0.5141404202778694
26, 16, -0.4649670975700482
53, 11, -0.3234413630673493
70, 4, -0.3754995098562151
-4, 18, 0.1315510558829429
-3, 18, -0.05737927342502337
74, 0, 0.3549052478701654
-2, 18, 0.128271297830962
45, 13, 0.5115076268018455
34, 15, -1.089338114926594
17, 17, -0.2949181795685919
-1, 18, 0.06335042685499442
40, 14, -0.3739011045762726
67, 6, 0.1144187500665049
0, 18, 0.8572431189911446
65, 7, 0.1296673301738491
27, 16, -1.122372565306819
60, 9, 0.004604635023860182
57, 10, 0.8203430231385842
1, 18, -0.7212291459430695
69, 5, 0.8895237027102624
73, 2, 0.4126398940608784
18, 17, 0.02487791558968558
50, 12, 0.3865723398694999
2, 18, -0.06435058858428751
72, 3, -0.003948749674069277
63, 8, -0.2151900154363743
74, 1, 0.7607420252594109
54, 11, 0.5096233532784001
3, 18, 0.08725928774527296
35, 15, -0.8829156225271992
28, 16, 0.3600751170848811
46, 13, 0.869259483512368
41, 14, 0.1872226189782527
4, 18, -0.1477826279948744
71, 4, 0.2767703910248691
19, 17, -0.2564359291535407
5, 18, 0.4060111865851979
75, 0, 0.2958857921031215
68, 6, -0.3945576618889456
58, 10, 0.1924925126705435
61, 9, -0.9153935887921285
66, 7, -0.4472201444441461
6, 18, -0.06644710945679962
20, 17, 0.441534609727314
29, 16, -1.144585840130562
51, 12, 0.1833712071073049
36, 15, 0.03691663992134707
70, 5, -1.810869731621909
7, 18, 0.568129414641693
42, 14, 0.031187264441829
55, 11, 0.5890853007197369
74, 2, 0.6245570482758909
47, 13, 1.155441480601788
64, 8, -0.4008896916359744
73, 3, -1.405878541591904
21, 17, -0.2231744604631797
8, 18, -0.2652191007531989
75, 1, 0.9093705162634489
30, 16, -0.648729435495345
72, 4, 0.06532694900933744
37, 15, -0.7627683667973543
9, 18, 0.7791797659777033
59, 10, 0.4438362019693038
22, 17, -0.4900366221068336
76, 0, -0.07027974841282417
52, 12, 0.2849718871354934
62, 9, 0.7252772384217488
43, 14, 1.209027633061864
69, 6, -0.1384959760049552
10, 18, -0.6116586308078986
67, 7, 0.1876239979253871
48, 13, -0.8993911184324769
56, 11, 0.1377299167622596
31, 16, 0.9700218891671325
71, 5, -0.9862856422282265
11, 18, -0.3637339971449159
65, 8, 0.4135812930834494
23, 17, 0.0501347040726256
38, 15, 0.3377209037590157
75, 2, 0.03752539791270229
74, 3, -1.564404390875586
12, 18, -0.0370065678030746
76, 1, 0.368306131471227
44, 14, 0.3650051107648165
32, 16, -0.1155083740406461
73, 4, 0.2134418226221198
53, 12, -0.4238678730765576
24, 17, 0.1360057785866029
60, 10, 0.6075477553760159
49, 13, 0.9798320961345338
13, 18, -0.7911142778001358
63, 9, 0.4271184793602785
77, 0, -0.5369820776627616
39, 15, -0.01005315486919697
70, 6, 0.1951723542620825
68, 7, 0.7805497615003798
57, 11, 1.108788557051389
14, 18, -0.01687884272422008
25, 17, -0.6422863621077085
72, 5, -0.1028871999224295
33, 16, -0.1966624113350733
66, 8, -1.135855016719536
45, 14, -0.3640910509173568
76, 2, -0.249370680802141
75, 3, 0.06706951671522293
15, 18, -0.1417086918182984
54, 12, 0.05564214510032021
77, 1, -0.04488064131137309
50, 13, 0.4103298170205184
40, 15, -0.9139846286010279
61, 10, -0.153967963063682
26, 17, 0.5160731357700487
74, 4, 1.127762580058594
-9, 19, -0.1968474303919285
64, 9, 0.3908741649213851
-8, 19, 0.3321124440143472
34, 16, -1.259264205028788
16, 18, 0.6174416141681898
-7, 19, -0.259287243251859
58, 11, 0.420311790715257
-6, 19, -0.5120579553520962
-5, 19, 1.328307231984021
69, 7, 0.003193105558428439
-4, 19, -0.009805350493719306
71, 6, 0.2551929448647273
78, 0, -0.1725046187835122
-3, 19, 0.06025745796328075
46, 14, -0.3506167531619275
27, 17, 0.1228164092868222
17, 18, 1.44755620105678
-2, 19, -1.075438095455147
67, 8, 0.7513892994374987
73, 5, 0.6357584383436431
-1, 19, -0.5731521461404292
41, 15, 0.1613966129414063
55, 12, 0.6471969634547146
51, 13, 0.504819967371984
35, 16, 1.021339013879061
0, 19, -0.1924711028098929
77, 2, 0.9401560726936665
18, 18, 0.3792891555058994
76, 3, -1.017388866173355
1, 19, -1.136642985021895
62, 10, -0.4572174139955943
28, 17, -0.9375538856834236
78, 1, 0.00593860267245958
2, 19, -0.9367112242578036
65, 9, -1.146859296531507
59, 11, 1.115348433772663
75, 4, 0.294512058660613
47, 14, 0.364984760923184
3, 19, -0.6069636975248585
19, 18, -0.5238921645303054
42, 15, -0.1540167676167546
70, 7, 0.1026394316370073
36, 16, -0.492729818871419
72, 6, 0.002899423375119725
4, 19, -1.39757468306921
79, 0, -1.602981865205743
29, 17, -0.2081554313769368
52, 13, 1.148290511685437
68, 8, -0.160910137348482
56, 12, 0.4759648608188133
5, 19, 0.2874205138058671
20, 18, -0.3290980993533346
74, 5, 0.3491685919090796
6, 19, -0.1877730142434078
63, 10, 0.2699815236671885
78, 2, -0.1489192829735802
48, 14, 0.05911621566421132
77, 3, 0.0482095569803562
37, 16, 0.0421639247661878
60, 11, -0.2408655281613384
43, 15, 0.7110501763809114
7, 19, -1.317318803968724
30, 17, 1.023881462465844
66, 9, 0.07745764275529425
21, 18, 0.02716543810029006
79, 1, -0.5133066054568038
76, 4, 0.5430445148928209
8, 19, 0.3166664498616119
71, 7, -0.2929261276810776
53, 13, -0.1170373906312387
73, 6, -1.749906144641526
57, 12, -0.07985164154767389
22, 18, -0.5735925465650026
9, 19, -0.1481142249346923
80, 0, 0.679063308161851
69, 8, -0.8318846125756225
31, 17, 0.3832007496988111
38, 16, -0.1210901913265356
49, 14, 0.6939367399046958
44, 15, 1.101551167427527
75, 5, -0.4237323010169474
10, 19, 0.2829764593833418
64, 10, 0.4036946279820077
61, 11, -0.2428142128237705
23, 18, -0.3694138300969624
79, 2, -1.21128038658496
11, 19, 1.298417073319583
67, 9, 0.3293379033178314
78, 3, 0.2016039994512927
32, 17, -0.3859132235969552
54, 13, -0.5265152588217958
80, 1, 1.323031589485938
39, 16, -1.631878629489916
58, 12, -0.08053930433482105
77, 4, -0.5286140010022218
12, 19, 0.4578412745431304
24, 18, 0.1426387567449827
72, 7, 0.523322242697984
45, 15, -0.08503879772450144
74, 6, -0.6655392432534125
50, 14, 0.2340358840967813
70, 8, 0.9447495527093447
13, 19, 0.9700204197103268
81, 0, 0.9951052617128791
33, 17, -0.9171962460471481
65, 10, -2.032844267491423
76, 5, -0.02318545779636114
62, 11, 0.7699072436933141
25, 18, -0.5810756597793898
40, 16, -0.1296866156012299
14, 19, -1.020130563623236
68, 9, -1.472161675763948
55, 13, -1.112397541987365
80, 2, 0.2068287952742839
79, 3, 0.3599217723730526
46, 15, 0.4828389772382879
59, 12, -0.6243024665215263
51, 14, 2.053695667939433
34, 17, 0.2079344624350764
15, 19, -1.286168718748746
26, 18, -0.3046164361824396
81, 1, 0.8923187078741519
78, 4, 0.1216387640445003
73, 7, -0.9176348802546219
75, 6, 0.03898642025373992
41, 16, 0.9388075835708399
71, 8, -1.228175032252701
16, 19, -1.212249217603544
-10, 20, 2.228824463723258
-9, 20, -0.4528985708363632
-8, 20, 0.05340249492243897
-7, 20, 0.2769683776413074
66, 10, -0.7431737470500585
-6, 20, 0.5727155525262354
63, 11, -0.2281274962375631
27, 18, -0.1227758376578464
82, 0, 0.7109822598081211
-5, 20, 0.4622233347768623
35, 17, -1.107532297792755
-4, 20, -0.03126148595105635
56, 13, 0.109245760751533
77, 5, -0.7704301068043714
47, 15, -0.03016279328023192
17, 19, 1.76671495151642
-3, 20, 1.05614463435135
69, 9, -0.1340773565121711
52, 14, -0.4735614546862682
-2, 20, 0.1881057938383969
60, 12, 0.07153053425613523
-1, 20, 0.7332152963850954
42, 16, -0.3209288595649563
81, 2, -0.005281413609196287
80, 3, -1.226237025744104
28, 18, 0.254094878344219
0, 20, -0.8809259462619506
18, 19, -0.2443178909143058
36, 17, 0.52537118586877
1, 20, -0.3647882950144982
82, 1, 0.6654321301499735
74, 7, 0.3035727602572358
79, 4, -0.3813850687844652
76, 6, -0.007449190941956229
2, 20, 0.004512449746792607
72, 8, 0.2639212920724591
48, 15, 0.08837415401841289
64, 11, 1.103377273338217
67, 10, 0.7550308521467115
19, 19, 0.4219242725649634
57, 13, 0.03528604089701171
3, 20, -0.5295728865123221
29, 18, -0.8563730939108524
53, 14, 0.2090073162947297
83, 0, -0.1984923649099533
43, 16, -0.7775600883460112
4, 20, -0.216958626586234
78, 5, -0.1104390120033051
61, 12, -0.1328040262386012
70, 9, 0.2084875539822448
37, 17, -0.3924420674341834
20, 19, 0.4315477321447706
5, 20, 0.9356132521086661
30, 18, -0.0695835710936549
82, 2, 0.9464282623829459
6, 20, 0.610023977624406
81, 3, 0.06224940003296073
49, 15, 0.5966485047109186
21, 19, -1.04508326464231
75, 7, 0.5796331883615125
83, 1, -0.171959442524388
7, 20, 0.2454623116146864
58, 13, -0.229885046604813
80, 4, -0.03922208139504492
44, 16, 0.182238636260338
65, 11, -0.09884133986539284
73, 8, -0.07295947997159394
77, 6, -1.090526196370931
38, 17, -0.3416711701676934
68, 10, 0.2105114207379657
54, 14, -0.3787653459649423
8, 20, 0.02818148820304033
31, 18, 0.6954634738821648
62, 12, 0.1683568479921665
22, 19, -0.8890770247157384
84, 0, -0.07352637570957692
71, 9, -0.1356310257731049
79, 5, -0.7446917971876921
9, 20, 0.3033639299643257
50, 15, 0.421636140790086
45, 16, 0.4118197133738278
39, 17, 0.8249504851248859
10, 20, 1.040573484497292
23, 19, -0.08829833504870446
32, 18, 0.7449524042464176
59, 13, 0.9428344782146683
83, 2, 0.08569629678070581
82, 3, 0.1851166264558664
55, 14, 0.6717354272905838
66, 11, 0.3498814474406796
76, 7, 0.1627487514050935
11, 20, 0.5179445997031477
69, 10, 0.1082859489655306
74, 8, -0.2267054694694006
84, 1, 0.7390975495906327
81, 4, -0.9851182329373085
78, 6, 0.03981034748768569
24, 19, 0.3308562701810268
63, 12, 0.1069447887514944
12, 20, -0.2880145991290676
33, 18, 0.2016563900690249
51, 15, 0.1186476799907192
40, 17, 0.1355492470903684
46, 16, -0.09783807137952025
72, 9, -0.378159884792789
85, 0, -1.048727635811133
80, 5, -1.748808181617635
13, 20, 0.5521250034956992
25, 19, -0.5643805782975277
56, 14, -0.5063440799238562
60, 13, -0.05591121973885283
34, 18, 0.6136843055407677
14, 20, -0.2282074134632842
67, 11, 0.5392773180501275
83, 3, 0.502496096004878
41, 17, -0.8133756111992551
84, 2, 0.1183129851916296
70, 10, 0.5979980098474725
77, 7, 0.6105868146128265
26, 19, 0.9072387501803666
52, 15, 0.8173111241032653
64, 12, 0.4668337198935143
75, 8, -0.3689850990728046
47, 16, 0.2762184362056297
82, 4, 0.1988283198478735
15, 20, 2.261761785055612
85, 1, 0.3348409440531881
79, 6, -1.395163857054032
73, 9, -0.4044514364103425
35, 18, 0.214221822593034
16, 20, -0.006327815014517579
57, 14, 0.9763979003518926
27, 19, 0.4700478233001639
61, 13, -0.6415499080624097
-10, 21, 0.7225352927974195
-9, 21, 0.05799005041719283
81, 5, -0.6429283691405663
42, 17, -0.5164346907809557
-8, 21, -0.2011820702670381
86, 0, -0.6426119141734277
-7, 21, -0.3715966270157641
-6, 21, -0.1309773543571677
-5, 21, 0.2902547117441366
48, 16, -0.061686469811387
68, 11, 0.9502318201917797
-4, 21, -0.3795097922950817
53, 15, 0.0351988634255276
17, 20, 0.1825776625171056
-3, 21, 0.02559981364254698
71, 10, -0.5994991011003945
36, 18, -0.2561891389693965
65, 12, -0.9333139582187548
28, 19, 0.9606329992622803
-2, 21, -0.1965839950706391
84, 3, 0.06123681625507939
85, 2, -0.8659838194493686
78, 7, 0.9908881733557576
76, 8, 0.1266740402108091
-1, 21, 0.6881812934340892
18, 20, -0.1784903671690437
80, 6, 1.133464543111939
83, 4, -0.04819804932386563
43, 17, -0.04861423280909336
0, 21, -0.1451707719381737
86, 1, 0.2379342979217137
58, 14, -0.1496839375144628
74, 9, -0.5238058389998919
1, 21, 0.4026823113919372
62, 13, -0.7247879396483526
29, 19, -0.007260093608530657
49, 16, -1.009801280526193
19, 20, -0.03730219211361542
37, 18, 0.7533259118504539
2, 21, 0.5095774802354324
54, 15, -0.09637137401503412
82, 5, 0.1273229806300267
87, 0, -0.07507054985009591
3, 21, -0.004317605310417871
69, 11, 0.7811909060761555
66, 12, 0.009604952892040251
44, 17, -0.2930633875357247
4, 21, 0.6132898533013872
20, 20, -0.3920524096890331
72, 10, -0.1585199572967177
30, 19, -0.5541472653946511
79, 7, 0.1367142837142765
5, 21, 0.1987829364793793
85, 3, -1.60237501781459
77, 8, 0.2002124296424823
86, 2, 0.3185658158440124
38, 18, -0.2815571238374966
59, 14, 0.01791531286664968
50, 16, -0.9423608456002388
81, 6, -0.04296502941973566
6, 21, 0.09268830478872984
63, 13, 0.4653545017967492
21, 20, 0.06622292093699902
84, 4, -0.6134235802072974
87, 1, 0.8845639274862225
55, 15, 0.7109765277389689
75, 9, 0.09542322992284935
31, 19, 0.8784532437508128
7, 21, -0.5447297041525049
45, 17, 0.210047504731616
22, 20, -0.2620957002695113
70, 11, 0.9029126843296275
83, 5, -0.3665404121206918
8, 21, -0.3666542132844816
39, 18, 0.147630425784377
67, 12, -1.211160034661563
88, 0, 0.5439639461824478
73, 10, -0.01738338565123149
9, 21, -0.2260206960213072
51, 16, 0.5074301716353647
32, 19, 1.894084945196995
60, 14, -0.1343159008402647
23, 20, 0.2046440240942031
80, 7, 0.03346175609949355
78, 8, -0.8913533379355848
64, 13, 1.125399648214794
56, 15, -1.288051681910761
86, 3, -0.5678784981088051
10, 21, 0.233195795908556
87, 2, -0.5424326870124249
46, 17, 0.7875921996121288
82, 6, 0.06457550661073395
40, 18, -0.1436459667064733
85, 4, -0.6038208376268571
76, 9, 0.5763447840217644
88, 1, -0.8784215701614035
11, 21, -0.3193173369223635
33, 19, -0.2539908971027813
24, 20, -0.2031791778116796
71, 11, -0.2023400125672145
68, 12, 0.4149175118728221
52, 16, -0.2731921249009135
12, 21, 0.08283088353080147
84, 5, -1.169251973663459
61, 14, 0.3270177562050666
74, 10, -0.9973052107069738
89, 0, -2.013840699528836
47, 17, 1.291367726785845
25, 20, 0.5736107116920578
41, 18, -1.096569668977738
57, 15, -0.1216309788295937
34, 19, 0.7688655333478054
13, 21, -0.09346409054946639
65, 13, 1.552837806067606
81, 7, 0.04096182347162395
79, 8, 0.07859950578202245
87, 3, 0.05222006227500856
14, 21, -0.2349609373497179
88, 2, 0.7513492819527361
26, 20, 1.214507321499853
83, 6, 0.2525671502397643
77, 9, -0.3562309410315165
53, 16, 0.4762845853736692
86, 4, 0.01233691146846029
89, 1, -0.0708650785560456
35, 19, -0.4112727366911781
42, 18, 0.06239519480243219
72, 11, 0.04671585503976573
48, 17, -0.1487381162933864
69, 12, 0.05911641737433881
15, 21, 0.09217349986606778
62, 14, -0.4318250904717993
58, 15, -1.508677756259895
27, 20, 1.020428958395114
85, 5, -0.5795771362195309
75, 10, -1.465762357855093
66, 13, 0.8328442266240232
16, 21, -0.9772622757792921
90, 0, 1.315081492108807
-11, 22, 0.9488561106876567
-10, 22, -0.7446409216181684
-9, 22, -0.3044674987749154
-8, 22, -0.7562808164664513
36, 19, 0.6348121207438746
-7, 22, -0.7062721145654567
80, 8, -0.135391422196667
82, 7, 0.109905602958756
43, 18, -0.61350968211847
54, 16, 0.2289045987522422
-6, 22, -0.06191519674770204
17, 21, -1.296398676286737
-5, 22, -1.912528687839493
28, 20, 0.133953228476188
49, 17, -0.8216938018539413
-4, 22, 0.1421618696384604
88, 3, 1.119720128134382
78, 9, -0.07159272075088544
89, 2, -0.1681016247133389
-3, 22, -0.3702034165435668
84, 6, 0.1150567015607909
63, 14, 0.4465583480843607
70, 12, 1.03764263553108
-2, 22, -0.8654586532130559
87, 4, 0.06633032961335521
73, 11, -0.5410012518369309
59, 15, -0.3207338366773897
18, 21, -0.08260305165048759
90, 1, 0.4544915986014335
-1, 22, -0.5942909707633988
37, 19, 0.4012931924683064
29, 20, 0.3198259645104009
0, 22, 0.4449570404856203
67, 13, -0.4991010902958328
76, 10, 0.4210224447259581
44, 18, -0.5440926349381654
86, 5, 0.3957035908765075
1, 22, -1.252440849365968
55, 16, -1.339009027069189
19, 21, 1.226749105610176
50, 17, -0.7427509464555959
2, 22, -0.6857803012138728
91, 0, -1.255193002489663
81, 8, -0.7475773702854592
30, 20, -0.1765180332556599
83, 7, 0.06297157902289896
38, 19, 0.0606976062525376
3, 22, -0.4582904084838425
20, 21, 0.5555519654257458
64, 14, -0.08758653320748691
60, 15, 0.2534951125727503
79, 9, -0.664756626561087
4, 22, -0.6087656440768441
89, 3, -0.2948323333482832
71, 12, 0.3509688736835694
45, 18, -0.07928341618424262
85, 6, -0.3069794931898602
74, 11, -0.7937665999701751
90, 2, 0.8127746495952822
5, 22, 0.8286870722430018
88, 4, 0.04914795060350208
21, 21, -0.07105766616368489
68, 13, -1.697600718689036
51, 17, 0.07388023091049538
31, 20, 1.869315397696017
56, 16, -1.035235888205319
91, 1, 0.7263917076086527
6, 22, -0.34775235643059
77, 10, -1.338865901073967
39, 19, -0.4420606079629975
87, 5, 0.7565609945942842
7, 22, 1.603456359081802
22, 21, 1.267367461300398
46, 18, -0.5445917479981365
61, 15, -1.144020613098306
92, 0, 0.3066472433011081
32, 20, 0.08539989161280231
65, 14, 0.1639316363026367
82, 8, 0.6353172744307455
8, 22, -0.7685215755282612
84, 7, 0.1375896461297085
72, 12, 0.04018377869156174
80, 9, 0.1964008904582035
40, 19, -0.577045167045609
52, 17, 0.5447597331241232
75, 11, -1.584273933334555
9, 22, -1.590067410318998
23, 21, -0.2027195519334841
57, 16, -0.6976713346298252
90, 3, 0.07817991329293741
86, 6, 0.7206852986697375
91, 2, -0.6272491043144641
69, 13, 0.003857415851605912
10, 22, -0.07011027793469443
89, 4, 0.2339608723955018
33, 20, -0.1859410210272607
47, 18, -0.1313482704939493
78, 10, 1.233292838942416
92, 1, 0.03885184377725452
24, 21, -0.1249057676401584
11, 22, 0.4442845583738919
41, 19, -0.7570607037807624
62, 15, 0.4553361446039941
88, 5, -1.947216457637386
66, 14, -0.1304870626756423
53, 17, -0.2487412361103642
12, 22, -0.1947836947471275
34, 20, -0.02810142165769882
83, 8, 1.283878115496899
58, 16, 0.0261389940997701
25, 21, 0.04054506005868156
93, 0, -0.07738625327733406
85, 7, 1.279780188314009
73, 12, -0.6456834894560141
81, 9, 0.2127721497400832
76, 11, 1.025346843818627
48, 18, 0.07854199765933474
70, 13, 0.2898455899097758
13, 22, 0.7715080704705686
42, 19, 0.1086443890005817
87, 6, 0.0901981794254047
91, 3, -0.1886309881349834
92, 2, 0.4760709993721897
26, 21, 0.6548113561814567
35, 20, 1.526480241101986
79, 10, -1.507434312728387
90, 4, 0.283075774371319
14, 22, 0.2703375529554005
63, 15, 0.05941385989613984
54, 17, -1.063297433794082
93, 1, -0.2137469261507262
67, 14, 0.2062728014912935
59, 16, -1.498644975358326
15, 22, -0.9944425965029003
89, 5, -0.3855032007421397
49, 18, -0.373891763855428
27, 21, 0.03037863079241609
43, 19, 0.8928641361381295
74, 12, 0.4468224227276097
84, 8, 0.149297359687654
36, 20, -0.09516785859932612
86, 7, -1.465564496581923
77, 11, 0.1889364655720894
94, 0, 0.8947273191228914
16, 22, 0.3042826264583991
71, 13, -1.31817668022398
82, 9, 0.2452185317157339
-11, 23, -1.036313830191342
-10, 23, -0.4843922927107068
-9, 23, 0.3039464184430931
28, 21, 1.18920532963227
55, 17, 0.2945831664019601
-8, 23, -0.006292304617689683
64, 15, 0.270856531034866
-7, 23, -0.3482398881579306
88, 6, 0.3328994308720438
17, 22, -1.008669063608834
-6, 23, 1.310831625352404
92, 3, -0.218041531039207
80, 10, -0.5151062369721613
93, 2, 0.5768320424930029
-5, 23, -0.5448589803509187
68, 14, -0.6969631726231057
50, 18, -0.9031366227498293
44, 19, 0.1877023439341453
37, 20, 0.1981068649763811
60, 16, 0.5232290816643856
91, 4, -0.2957850269435255
-4, 23, -0.5686557271805773
-3, 23, -0.222699390749806
94, 1, 0.5133827870081542
29, 21, 0.15765363267548
18, 22, -0.08016901625348839
-2, 23, -0.9495607410553349
-1, 23, -0.8404571861496091
75, 12, -0.03018456281202384
90, 5, 0.2983651812594874
85, 8, -0.321585809100057
72, 13, 0.6868954158149921
0, 23, 0.7192196828005084
78, 11, 0.7626809912441861
56, 17, -1.859218227799454
38, 20, -0.4270659989508965
19, 22, -0.521367731935262
87, 7, -0.2453366716429536
83, 9, -0.2665994508356281
45, 19, -0.1908386841187789
1, 23, -0.01529576122668124
95, 0, -0.2937659800248831
65, 15, 1.229592621474858
51, 18, 0.1044222452857309
30, 21, 0.1040249374254258
2, 23, 0.2812075266281188
61, 16, -0.05926904869820225
69, 14, 1.076567265159824
89, 6, -1.369306665872199
20, 22, -0.6516608357886974
81, 10, 0.6116997003027758
3, 23, 0.3954315624690926
93, 3, 0.1542197541826174
94, 2, -0.08001248632766056
39, 20, -0.5956817506450828
4, 23, -0.8097027417758952
92, 4, 0.4716726006111556
31, 21, -0.8694941123472041
46, 19, -0.04922600109337955
21, 22, -0.04468316430659055
57, 17, -0.7641235232540013
5, 23, 0.04324276335854
76, 12, 0.2948387432636123
95, 1, -0.1889619650586626
52, 18, 0.1408948394611971
73, 13, 0.2574665920632706
91, 5, -1.37077363952724
79, 11, 0.717014236241267
6, 23, -0.6286066697598868
66, 15, -0.01610407583355567
86, 8, 0.1158850574163652
62, 16, 0.129047749252977
84, 9, -0.01611871898010129
88, 7, -0.717637412068066
32, 21, 0.6952221884528227
22, 22, 0.1971985803690421
40, 20, 0.2829654016707931
7, 23, 0.3378377943506908
70, 14, -0.7038370266115819
96, 0, 0.08694317472440098
47, 19, 0.6236796274647136
8, 23, 1.225538516134276
82, 10, -0.2082549508911831
90, 6, 0.02669009105176355
58, 17, 0.3346511838057165
23, 22, 0.3210506393072021
94, 3, -0.190961342145467
53, 18, 0.06682398061814585
33, 21, -0.125270245592585
9, 23, -0.952789793273085
95, 2, 0.8188950240200221
93, 4, 0.00148397587619063
77, 12, -0.8236560567884684
41, 20, -0.6067556678331694
74, 13, -0.5218150601437448
67, 15, -0.07415711935218364
10, 23, -0.2878984857783513
96, 1, -0.1601222650124787
63, 16, -0.3268895064998659
24, 22, -0.2637658824846775
80, 11, 0.7512932448221887
92, 5, -1.081977716239192
87, 8, 0.004797429736451119
48, 19, -0.3608074121908635
85, 9, -0.6063280955616532
71, 14, 0.1250446403554349
34, 21, -0.04295363438139848
11, 23, 0.8170140182738912
89, 7, -0.3788236900283106
54, 18, -0.0865581914037499
59, 17, 0.5866113660653786
25, 22, 0.6652743700200912
42, 20, 0.1732960222664184
97, 0, -0.9884343404107659
12, 23, -0.6570897188432357
83, 10, 0.2411793372211934
91, 6, -0.3454531840283347
35, 21, -0.47066704195225
13, 23, 0.5474837989195392
95, 3, 0.4066284898676026
78, 12, 0.1046891455830616
68, 15, 1.44705564012048
49, 19, 1.239782375443691
64, 16, 0.349884278980253
75, 13, -0.991504815459013
96, 2, -0.2463146502726154
26, 22, 0.3540724716633442
94, 4, -0.06250195534298418
81, 11, 0.4307912599374233
43, 20, -0.8269071495172141
14, 23, 0.8525219631759137
97, 1, 0.8829910447380807
55, 18, -1.063105923464776
72, 14, -0.23437075113587
60, 17, -0.6342999392746094
88, 8, -0.6656948454584496
93, 5, -0.2744234185001225
86, 9, -1.247185557658695
36, 21, 0.0374569275466865
27, 22, 1.055193617449282
90, 7, -0.5978013252412194
15, 23, -0.277671820652118
50, 19, 0.4908978330160904
84, 10, 0.9713875591593782
98, 0, -0.1970736218718835
44, 20, 0.2364985460035308
65, 16, 0.1363535774005074
16, 23, 0.1266364464876446
69, 15, -0.1315802819839705
92, 6, -0.2944079837521253
28, 22, 0.3388532367232323
79, 12, -0.04035760204834477
76, 13, -0.1321029963425316
37, 21, 0.04203016923532004
-12, 24, 0.09959598794771383
-11, 24, 1.617976317057951
56, 18, -0.01840797124432862
-10, 24, -0.08033210143887197
96, 3, 0.006450497229958631
-9, 24, -0.1554290193457621
-8, 24, 0.6241206604656031
97, 2, 0.4772156931846032
61, 17, -0.1941898612287709
17, 23, 1.301782006768917
-7, 24, 1.220796792103767
95, 4, -0.1866952689360503
82, 11, -0.8693230843640194
73, 14, 0.882885795690767
-6, 24, 0.01436586151717992
-5, 24, -0.01700232030713888
51, 19, 0.493355874472134
29, 22, 1.130274426900304
-4, 24, 0.154260155591584
98, 1, 0.4993618590588429
89, 8, -0.1780228235944334
45, 20, -2.077706104496284
87, 9, 0.02608701608190392
-3, 24, -0.06534141183354415
94, 5, -1.014512324105258
18, 23, -1.046958562434894
38, 21, -0.5473753948148915
-2, 24, -0.4726425287737598
91, 7, 0.1951717439556697
66, 16, 0.666899637402501
-1, 24, -0.3231339857630824
85, 10, -0.5572152689597903
70, 15, 2.015078570567731
57, 18, 0.1151263882755141
30, 22, 0.7707810538944437
19, 23, -0.07622029197264611
0, 24, 0.1601167098013774
99, 0, 0.5285935549006245
77, 13, -1.066859899396723
80, 12, -0.06479437916930382
62, 17, -1.552705582683265
1, 24, 0.6699262972809088
93, 6, 0.09725045117510168
52, 19, -0.4639860826489184
46, 20, 0.6130980472949025
39, 21, -0.2787800324701188
74, 14, -0.5199537848278252
2, 24, 0.3435757962591336
97, 3, -0.2581246162023382
20, 23, -0.2376314576164988
83, 11, 1.114906951402111
98, 2, 0.6737753108459507
31, 22, -0.004150093938704935
96, 4, -0.06302127647526604
3, 24, -0.004397698542645997
4, 24, -0.2311500428942243
90, 8, -0.3830247768783506
88, 9, -0.6725526086935553
67, 16, 1.074771801275967
58, 18, 1.100550923657854
99, 1, 0.04350947469606486
21, 23, -0.4304267120026135
95, 5, 2.217095625203175
71, 15, -0.1353704737454343
40, 21, -0.3348941714545719
5, 24, 0.4739642338572138
92, 7, 0.2461276844635614
47, 20, -0.3417909499813473
53, 19, 1.063999394854211
63, 17, -0.5279146191357956
86, 10, -0.308963424673677
32, 22, -0.386899977030338
78, 13, 0.7462660681570527
6, 24, -0.06742178564631492
81, 12, 0.03771260733544152
22, 23, -1.115537588978946
100, 0, -0.893845332000484
75, 14, -0.2330648201806262
7, 24, 1.712616845347987
94, 6, 0.1183394213794152
84, 11, 0.9136473768130509
41, 21, 0.3528443496448619
33, 22, -0.04765703902810663
8, 24, 0.7020873632449465
98, 3, -0.09065929011949604
59, 18, 0.2579976624602362
23, 23, 0.3233633025193145
68, 16, -0.681395751059611
48, 20, -0.2136463237667595
99, 2, 1.410428156166472
97, 4, -1.084719652974218
54, 19, 0.05097988349750281
72, 15, 0.04332890880836818
9, 24, 0.04322646084998052
91, 8, 0.8952516455177648
64, 17, -0.9798246469262969
89, 9, -0.002286177164565371
100, 1, 0.8659072818897655
96, 5, -0.3270050089515656
24, 23, 0.03716587515601266
34, 22, -1.194346532084524
10, 24, 0.1206830149567852
93, 7, -0.1363425768546362
87, 10, 0.2262601660097043
79, 13, 0.03665326085863074
42, 21, 0.09936518444436328
82, 12, 0.5415126301162786
76, 14, -0.04963322650769552
11, 24, 0.6272420312567869
49, 20, 0.1346431780065256
60, 18, -0.007348371681556717
25, 23, -0.2708311346982883
101, 0, -0.3139459920637517
95, 6, -0.04972689965239305
55, 19, -0.06799953139399484
85, 11, 1.344602071728611
69, 16, -0.07401525352909342
35, 22, -0.2439281385351574
12, 24, 0.05348137536868626
65, 17, -1.621960367971375
73, 15, 0.382426522746664
43, 21, 0.5135515311531555
99, 3, 0.2725863953770719
26, 23, 0.4507449195355872
100, 2, 0.1084265291764126
98, 4, 0.8328365254792348
13, 24, -0.151896925741663
90, 9, -0.1276098889944562
92, 8, 0.4602143694188218
50, 20, -0.07878655569467408
80, 13, 0.3995499741428815
36, 22, 0.05385462954091256
101, 1, 0.3980131424046039
97, 5, 0.4275231347347597
88, 10, -0.9686990481992325
14, 24, 1.06293852180238
94, 7, 1.189259592822382
61, 18, -0.6450198241216951
83, 12, 0.1649092416116731
56, 19, -0.8590613588074187
77, 14, 0.1270367852379861
27, 23, -0.5969274231668554
44, 21, 0.09224889650174689
70, 16, -0.238208172778396
15, 24, 0.1247253860328943
66, 17, -0.298534438050534
86, 11, 0.9787677507838372
102, 0, 0.0532292094770407
96, 6, 0.1063257880897797
74, 15, 1.34212358245815
37, 22, -1.386600373554377
51, 20, 0.24378222462264
28, 23, -0.5675958160313935
16, 24, 0.2407289425327159
100, 3, -0.1389115502723478
45, 21, 0.08664311625152069
62, 18, 0.3116402302957079
99, 4, -0.3952791227516788
57, 19, 0.02435226382450317
-12, 25, 0.1688557347893166
101, 2, -0.1010440219569414
-11, 25, 0.5919822538393231
-10, 25, 0.1418080451757884
91, 9, 0.918415621813834
93, 8, -1.070400424263225
-9, 25, -0.0874882616724805
81, 13, 0.02848519218236466
17, 24, 0.1678626549438024
-8, 25, -0.4564132741673231
-7, 25, 0.9069606795856643
29, 23, 0.3689120707906131
78, 14, 0.1970686201563716
38, 22, 0.8298503555936587
89, 10, 0.3031322963570036
-6, 25, -1.104781150028527
84, 12, 0.02061349770268959
98, 5, 1.083270624508079
102, 1, -1.029056751579031
95, 7, -0.1666856034861341
-5, 25, -0.2463032566537922
71, 16, 0.3749823137728523
67, 17, 0.07559299380161398
-4, 25, -0.0425642275554771
52, 20, 0.01369824093976556
18, 24, -0.1094733515382724
-3, 25, 0.532956964088994
75, 15, 0.2836495322042669
46, 21, 0.1867906138379413
-2, 25, -1.23977272827036
87, 11, 0.6260829660239549
30, 23, 0.5607296392677144
-1, 25, -0.4814176863456445
97, 6, 0.6173230208834269
58, 19, -0.5871059606612651
39, 22, 0.1885818872824105
103, 0, -0.2526347914080962
19, 24, -0.8296779469539155
63, 18, -0.9027995209111476
0, 25, -2.364111692298843
1, 25, 0.1200484520568818
101, 3, -0.796814094287925
82, 13, -0.7261289068751358
31, 23, -0.312815196392717
92, 9, -0.9164889824551028
53, 20, -1.437775078627936
100, 4, -0.3958173622463705
20, 24, 0.3035320529001432
102, 2, 0.9847859966661434
94, 8, 0.1141341302828573
79, 14, -0.6913331022101167
2, 25, -0.6958473223202672
72, 16, -0.5654503894746423
85, 12, 0.3367298342337575
47, 21, -2.03839043745054
68, 17, -0.5251659136790811
90, 10, 0.2342163251752962
40, 22, 0.485452260560994
3, 25, 0.972803822861662
99, 5, 0.7805207253776605
96, 7, 0.007181175774312745
103, 1, 0.9217939816451305
21, 24, -0.1291636392370657
59, 19, -0.2749033603954701
76, 15, -0.5167341419300494
4, 25, 0.3524138827092096
32, 23, -0.4315686114248307
64, 18, 0.1767593177802189
88, 11, -0.1874833407481627
5, 25, -0.7570598090780306
54, 20, -0.3098147488115393
98, 6, -0.1514677834463931
22, 24, 0.779598330090865
48, 21, -0.0911431408593657
41, 22, 0.5815060099067709
6, 25, 0.5500427473131917
104, 0, 1.478840656206275
83, 13, 0.909981324302066
33, 23, 1.404237591639031
69, 17, 0.3877935402070763
73, 16, 0.239246096474413
7, 25, 0.4683317845647859
80, 14, -0.6946764956908728
102, 3, 0.1976818348596952
93, 9, 0.02768987956580833
95, 8, 0.2080877116850524
23, 24, 0.05431750264416486
86, 12, 0.5932597648139992
101, 4, 0.7936075770262376
60, 19, -1.278212305319692
103, 2, 0.2683799713508507
8, 25, 0.09897157703360455
91, 10, -1.132977323865338
65, 18, 0.9672610751410535
77, 15, -0.6754645429392511
42, 22, 0.726335251464046
97, 7, 0.4059274109039939
100, 5, -0.1303796936919942
55, 20, 0.7697236221587836
49, 21, 0.4703105564700248
9, 25, 1.347375618678424
34, 23, 1.039212311507671
104, 1, 1.018393239252654
24, 24, 0.05948672972132491
89, 11, 1.377406821375672
10, 25, 0.05830036351449627
70, 17, 0.875886928549573
99, 6, -0.02062246821013405
74, 16, -0.03602030594900677
61, 19, 0.199194910042465
25, 24, 0.8209126087400069
84, 13, -0.2886709705608782
11, 25, 0.3194531097472705
43, 22, 0.8342523038626544
35, 23, -0.3018815635551961
105, 0, -0.1271462354690754
81, 14, 0.4563079610714745
50, 21, -1.730535373977178
66, 18, -0.08581933173038339
56, 20, 0.4174836342000328
94, 9, -0.7110731615915158
87, 12, 0.01342114514936685
12, 25, -0.258089788467346
103, 3, 0.3729062192467724
96, 8, -0.255040660792813
78, 15, -0.03795332945461919
102, 4, 0.5541693563138722
92, 10, -0.1584491563733369
104, 2, 0.4021128894867058
26, 24, 0.4046203324617473
36, 23, -0.6243607137490256
13, 25, 0.5308773141541543
98, 7, 0.9149143363801517
101, 5, -1.305052232579995
44, 22, -0.09019279890788011
105, 1, 0.02427562778494454
90, 11, 0.9837025733612532
62, 19, -0.3431827839038444
71, 17, -0.01537484344886243
51, 21, 0.1571043185703506
27, 24, -0.06892635677916994
14, 25, 0.06609149056245145
75, 16, -0.8710145351418646
57, 20, -0.8864367668271531
85, 13, 0.6125822064453749
67, 18, -0.5690721548728617
82, 14, -0.4209606196671865
100, 6, 0.06818581977870325
37, 23, -0.5082114130054649
15, 25, -0.9779060730250813
106, 0, -0.5658221159439208
45, 22, 0.9386252872217583
88, 12, -0.2772206359242835
28, 24, -0.1104619547251559
79, 15, -0.149310724377639
95, 9, 0.5338778000019188
97, 8, 1.163261930950221
93, 10, 1.163765798112029
104, 3, 0.008614909179762856
16, 25, 0.3876047526624259
103, 4, -0.1326970111170966
52, 21, 0.3661951762772884
105, 2, 0.2349873874272721
63, 19, -0.1453985705886821
38, 23, 0.2529024005776586
72, 17, 0.5399633537120863
-13, 26, 2.373248596910833
58, 20, -0.4734548592392672
-12, 26, -0.0209598989995247
99, 7, -0.670913487752982
-11, 26, -0.5183573612196304
29, 24, -0.7001277750189172
-10, 26, 0.07205096067778774
102, 5, 1.021464321494675
91, 11, 0.6764469421186274
17, 25, -0.6118830052421541
-9, 26, -1.322796623734939
76, 16, 0.2644894063040563
-8, 26, -0.4415655271872774
68, 18, -0.9423233574286073
46, 22, 0.03875073172417606
106, 1, -0.05970040446336761
-7, 26, 0.6708153354644332
-6, 26, 1.181632589168899
83, 14, 1.184493901676527
86, 13, 0.2793593330446922
-5, 26, 0.2672262134585927
18, 25, 0.3938551182450679
-4, 26, -0.5715065269959171
39, 23, 0.1060637858384311
30, 24, -0.05820811399612536
101, 6, 0.5322082646679824
53, 21, 0.03430581289665355
-3, 26, -1.771660084846918
80, 15, 1.791698965301623
89, 12, 0.5066602666919542
-2, 26, -0.539191442782039
107, 0, -0.4427033030936331
64, 19, -0.5643116393651908
96, 9, 0.1123939198302733
19, 25, 0.9617663025559234
59, 20, -0.4318869921067088
-1, 26, -0.3322257337395181
47, 22, 0.8305805839314458
98, 8, 0.08265099196871913
94, 10, 0.3413042879433403
73, 17, -0.3476982687743003
0, 26, 1.173583399889533
105, 3, -0.003403445345387607
31, 24, 0.6275299752482486
104, 4, -0.5339412746051738
69, 18, -0.02306315354187055
77, 16, 0.2014588789864047
40, 23, -0.5659932420272508
106, 2, 0.2039700870818604
1, 26, 0.423537838770851
20, 25, 0.01100614001244688
100, 7, 0.1846031260328358
92, 11, 0.1893807972444915
54, 21, -0.08333168584555747
2, 26, -0.3072335210531226
103, 5, -0.9063213555591422
84, 14, -0.3610846771238619
107, 1, -0.1805338099025975
87, 13, 0.5951995416473601
3, 26, 0.5855211869319991
32, 24, -1.527524530760308
48, 22, 0.3899394302419886
21, 25, -0.3360056689145849
65, 19, 0.8806303073366586
60, 20, 0.0898068187093502
81, 15, 0.09964084605591673
4, 26, -0.8404274235694821
41, 23, -1.417452257848638
102, 6, 0.03865787473056272
90, 12, 0.07515098701240239
74, 17, 0.06890909636180353
5, 26, -0.2191174983618859
97, 9, 0.5843896532336202
22, 25, 0.1204193224571812
108, 0, 0.1371063733901964
70, 18, -1.215796608373858
33, 24, 0.04273939414003871
95, 10, 0.5580615899771951
55, 21, -0.7017137612032809
99, 8, 0.393250073311799
78, 16, -0.04864801047195199
6, 26, 0.1253717957122708
106, 3, -1.142604049556962
49, 22, 0.8169962185942367
105, 4, -0.4401399359572933
42, 23, 0.03434361378335932
7, 26, -0.1830900239613401
93, 11, 0.7262924631821052
23, 25, -0.2105704936613521
107, 2, -0.9370914134509329
101, 7, -0.1361206354683475
61, 20, -0.1461099481171528
85, 14, 0.5726589851546607
66, 19, 1.681789647125976
104, 5, -0.4142448173456326
88, 13, -0.1204127127644404
34, 24, 0.4453275982853603
8, 26, -0.8131983822675366
82, 15, -0.5514063726354542
108, 1, 0.6286017366301787
24, 25, 0.4896903107503351
9, 26, 0.6109245305861826
56, 21, 0.5170820148039709
75, 17, 0.3994506821875274
91, 12, 0.7923577875434555
71, 18, 0.8751083862350567
50, 22, 0.5535869587187709
43, 23, 0.8615234663660518
103, 6, 0.6639925734273828
10, 26, 0.01902004405013948
79, 16, 0.1128939727727474
35, 24, -0.9536088229654454
98, 9, -0.04999771151646069
25, 25, -1.041753751672558
96, 10, -0.5378836660811455
109, 0, -0.3047469302122465
62, 20, -0.09931092170456239
100, 8, -0.1220674482873529
67, 19, -0.4614973601456391
11, 26, 0.6400695217415945
107, 3, 0.5483396410313817
94, 11, -0.07514410490681854
106, 4, 0.4089392978512437
86, 14, 0.08646588141333358
44, 23, -1.585452826432671
57, 21, -0.0895177146825834
108, 2, 0.2998083583242959
12, 26, -0.3415295699293532
102, 7, -0.254823350704969
89, 13, -0.3521796420895972
51, 22, -0.2292363236760133
26, 25, -1.198018541748812
36, 24, 0.01020265397330763
83, 15, 0.1235935177570092
105, 5, -2.44786780905277
76, 17, -1.157679758782515
72, 18, 0.6659488471310995
13, 26, 1.099905926127381
109, 1, -1.328983940628895
92, 12, 0.3345621526532746
27, 25, -1.152220640466146
63, 20, 1.19090968739723
80, 16, 0.4408308827774418
37, 24, 0.2343301162533344
104, 6, 0.1868443948872146
14, 26, 0.3978837795308824
68, 19, 0.01378908420112004
45, 23, 1.360020672193707
99, 9, -0.6295140946636917
52, 22, 0.6127260873757738
97, 10, -0.6532760543398151
58, 21, 0.08847558080480622
101, 8, 1.06359719078547
110, 0, 0.7569126863661808
15, 26, -0.919098797508085
28, 25, 0.5683508725722849
87, 14, 0.8351010910467207
95, 11, -2.363420050277266
108, 3, 0.09680082340615173
84, 15, 0.03085894824460603
90, 13, -0.3047412044203537
38, 24, -0.2513177472760818
107, 4, -0.2916833669788231
77, 17, -0.005258654544842018
73, 18, 0.08381355403499571
103, 7, -0.8757459418805059
16, 26, 0.2041737197542514
109, 2, 0.1030107915218095
46, 23, -0.5921427994596623
64, 20, -0.2059474158820103
106, 5, 0.5433949454157267
29, 25, -1.016859502850449
53, 22, -0.949114719054282
81, 16, 0.9911759568709496
69, 19, -0.8869765781730198
-13, 27, 0.4274739302648505
93, 12, -0.0909488592199178
-12, 27, -0.07729820747323161
59, 21, 0.4882169796367802
-11, 27, 0.5801521163811394
17, 26, -1.444402331540569
-10, 27, -1.299123541888659
110, 1, 1.74819677919987
-9, 27, 0.5122284391607359
-8, 27, -0.0691496847559413
39, 24, -0.09058812319523252
-7, 27, 1.185094280480702
105, 6, -0.1016593211137299
-6, 27, 0.007543237565725038
30, 25, -0.9448807909907286
100, 9, 0.376693632314243
47, 23, -0.8419088642768833
-5, 27, 0.5365062514887253
98, 10, 0.1059653618561794
18, 26, -0.3217400395614784
-4, 27, 0.6677718305806709
102, 8, -1.201811117767696
88, 14, -1.199512904822627
74, 18, -0.3495636053511272
111, 0, 0.1202924459840615
-3, 27, 0.07009496390556427
78, 17, 0.5280994317749415
85, 15, 1.594580495064695
65, 20, -1.16803820069175
96, 11, -1.49032238633994
54, 22, 1.061392517999144
91, 13, 0.5627636801141227
-2, 27, 1.088015536056041
19, 26, -0.4222567699180131
40, 24, 0.457959803882422
60, 21, -0.06640238858084428
109, 3, -1.332550900836265
31, 25, -1.30384638682536
70, 19, -0.431230874203584
-1, 27, 0.5407635560010273
108, 4, -0.2146340277561474
104, 7, 1.32521328096849
110, 2, 0.2149253050183733
82, 16, -0.03119376259087282
0, 27, 0.3130118331816244
48, 23, 0.637110188622227
107, 5, -1.628970729891366
94, 12, 0.4815938925542063
20, 26, -0.440236607140124
1, 27, 0.1657866071064844