d = 67, symClass = D
2.539526736398138

1.400662598133629
2.4125635466703
1.107769560923652
1.33652032552037
0.5279912007349704
1.740408037775579
2.514201811928987
1.727593395401411
0.4083601644308783
1.272623752333835
0.8814451314823786
0.4865101223596122
1.705496115623855
2.539574876946214
1.265194239804983
1.347849794824221
1.233316878639866
1.221334765752047
1.505588376376137
1.643914966540601
2.68511704148445
1.349885085556924
1.427575593837532
1.268171930936654
1.06546749946273
1.216087146663956
2.332869307256047
1.66566907439913
0.9953899485674055
2.487342249538004
2.310195848475129
1.450307054887718
2.091072711144932
1.953313774956169
0.992320520617253
1.485548241128064
1.428895477262653
1.90250746028132
0.8298129451561128
1.994086967424539
1.826248592912924
2.459612758102001
1.773432598495219
2.035080965700568
1.509435669455596
0.8168432950767748
1.261831004182618
1.198387591063036
1.77760469987945
1.615800713762372
1.84914344840004
0.7268936779350242
1.558041485253281
1.171190812160765
1.079432544570676
0.8406960268609374
1.493914750108185
1.520517136263863
0.9002869286741105
1.102442946682983
1.788898027751787
1.237400535029685
2.392229112809204
2.373736168057503
2.585260535505799
2.045995368058869
0.5736847161778416
1.884206976908442
1.340122000725843
0.6272370704582519
1.770917922839815
1.520790441271392
0.6566583180262718
1.79235640849803
2.265122442804124
1.854616797696955
0.9259754714553531
2.084012599194302
1.07986187881199
1.590483173574797
0.4201051882578986
1.8082871104922
2.570350028766403
1.119284265296421
1.921363284111419
2.64555095697481
1.569525257078466
0.930413045063007
1.230717767410321
1.761320809310295
0.627820411114776
0.3131929709598575
1.603162402009634
0.5781379528210397
1.402449181160941
1.987724801683614
2.076965050125895
2.266429923588718
1.896230185986641
1.289807758824972
0.7676044232400191
1.732680295592899
1.335362168746593
1.412981245573674
1.921898315952677
1.247901343452647
1.736873905506113
1.415858262799771
2.271355937183667
1.257754458640586
1.758634454861768
1.318768668871977
1.89120470246544
1.814029164711216
1.140214723447976
1.434896952894085
2.439009083244424
1.507845673944221
1.691459344765742
1.108260851343242
1.365603410182902
1.263839536061904
2.356600210916437
1.519687627374345
1.903008530893608
1.807290911345377
1.309058939695447
0.6623899683902139
1.592371878094514
2.384494915384135
1.66232936984969
1.28151011977179
2.846451915877642
1.456753813541432
1.541273384910568
2.295185474692646
1.915948077985095
0.8988243523119127
0.9537630123992885
1.751292390111172
1.417723457796501
1.968130275087462
0.792530387188448
1.172637329163235
1.585300883710525
2.622009257024737
1.642805984834854
0.719737886088654
1.558154557221953
0.8261787201689156
0.8987562944330416
1.927138020769954
1.59247687186664
1.381142825664304
2.299063341945112
0.6606872609003909
1.416029090597027
1.645500817506775
2.740490459422243
1.58180000368214
0.5905236999836962
2.010943934433764
1.205767415124924
2.406491666367257
0.7947644070745792
1.523135495592959
0.826834249908651
1.479732936035851
1.7978947062504
1.295005881087394
1.170271305679949
0.5457291547793173
1.73623266978719
1.245019428171594
2.498854163587462
1.742951866967179
1.526245083937867
1.283897849009512
2.627472089503047
2.039947641687972
1.157239888726101
2.378470633892206
0.7496181391419652
1.078608006968525
2.251836786347382
1.678074691935005
1.459610205693782
2.072945471009351
2.650553832269801
2.111667525313284
1.10980800106184
1.210113421877228
2.268632523226256
2.032494681907192
1.534708601338484
1.626964737925797
2.110652761035828
1.662982404627294
1.374075395332008
1.363035692339612
1.397340804036127
0.4165537580778774
2.100428076765982
1.540455698340689
1.579648376624305
2.428585619311611
0.6544951208594501
1.768278670112996
0.8401148959628397
1.619958098939557
1.033157789874451
1.123647292701731
2.092568415373699
2.286929613707715
1.600750712903414
2.044171237107329
0.4826740271461044
1.631042134879316
2.355075994775289
1.434100015557755
2.090509308060887
2.015493405212306
0.9082894063537821
1.972357864523388
1.232605234816944
1.637259107701213
1.130393219010556
1.082598164558138
1.747046146513045
1.678078569890391
2.226646641682865
1.701270454391323
1.711264766926582
1.362717111257466
1.587874829098912
1.995691030346199
2.182980022526915
1.533880751690013
1.780376791538249
1.21323316194565
0.4287273569783357
1.290082255375335
2.363527604640258
0.7639018934422929
1.496670853044948
0.4289285761037378
1.134989104444401
1.842866824158749
2.526091639538583
1.51072197200991
1.614258238902749
1.182013661956094
2.065456675044189
1.269040932478137
1.334129833463706
1.173422673904946
2.312047844437192
2.722150148848125
1.326051464175058
1.46057247191844
2.703488726509744
1.953262500870571
2.065995440773861
1.309451196188195
0.990860302526394
2.244495164544957
0.940554119456173
1.254119305387229
1.405423269811844
2.022423465008523
2.013875476794877
1.075748658203526
2.165630918776501
1.040382046746261
0.6690480486311233
1.82280278846022
1.19731751336671
1.499640277734875
0.7936999706964697
2.075105048158506
2.127181137438059
1.813599446452333
1.197125637663287
1.047485607350686
1.997454502470933
1.203313085120957
1.305848124434073
2.292263865732981
0.3336071446768896
2.247931409753913
1.130982207439398
1.742266399661194
1.400106552672392
1.129873669705783
2.096631969578173
0.860439607290811
2.176695742135327
1.365508323472693
0.6860232077867002
2.492783929524352
1.384604213862211
1.52441571269658
2.32390382197781
1.529825537286291
1.976615050067553
0.7011986311707831
0.8492177179281674
0.8949919536312453
2.408639834980877
2.60413157838483
0.2481840780021794
1.822143175687222
1.032776750075464
2.005120415723023
1.647490519212654
1.881620271246253
2.285345526060551
2.41334543314805
1.548947231592012
1.502603939330557
2.081619874591524
1.899235244383314
1.941236593833273
1.374892423421808
2.633865659032906
1.01262635244864
1.704201139303551
2.303500471877728
1.80569611045909
1.181659087323815
1.186621130141122
2.315183729087543
1.386351681986342
1.190410790138029
2.065491629321236
0.8672975007541729
1.337805242214096
0.7988082594122795
0.8108377966982806
1.029738330264009
1.289181621934175
1.867591924053811
1.722204397574114
1.126715036334493
2.235173241671638
0.9505485576283649
1.2952857950868
1.623964848440386
2.704075183331149
0.4531255584352242
2.379266433212947
0.570900131205783
2.580141883951301
1.647670131224787
2.215350069081439
2.052279227107989
1.883613254554556
2.231898141591979
1.066630936374083
1.742811063152612
1.717458844687452
1.826648247494965
1.470746553922346
1.831053848338125
1.320569583609997
0.5430102494516961
0.9519505999257712
1.013021437597831
0.7742168196283117
1.49496093318711
1.895419040696637
2.165110041207849
1.81445455776606
1.851249832530061
0.6380870367529567
2.081923747920889
1.847309642384398
0.7010816458578538
1.560529245190276
1.320996781713737
1.741633920464525
0.8812913960508347
2.088261467321704
2.473959613318022
2.38613342239074
2.613141596501763
1.126285910432481
1.827235958164772
1.547101179191309
2.334127573937579
1.650680660666655
1.10493216422808
2.174273905998163
1.589980098113088
1.027163389835455
0.7229123298895327
1.189380456043113
1.170270300073681
0.9496440385510225
2.157029950649222
0.8418877177951164
1.596747503825827
1.74639056117615
1.874482622058142
1.837343945014524
1.83562978401865
0.7538021065135622
0.6468838667752496
0.8261472666864544
1.910426569565588
1.722566730687006
0.6102696882690184
0.5413629611828464
2.483837633715028
0.09247144951497498
2.300979491051114
1.521160619947282
1.498675782036573
1.397400423354733
1.551664334038138
0.469107438224557
1.318200312600085
2.037212162192445
1.315280042629257
1.912559246818303
0.842659189198266
1.451081319430889
1.223263711819932
1.558986055066971
1.202733582786825
1.854471624634622
1.139090279553783
1.03342507677845
2.119610196380338
2.67531193093818
1.222375676510433
1.575765861582104
2.218129672093646
1.923486660642685
2.112224063263699
1.181903300264058
1.15521848811012
2.073369335557893
1.926001235889188
1.861582008743413
1.32244975187913
1.049803354376645
1.06985611505478
1.694921778408824
2.366604035141787
2.088035483354619
1.369811712809282
2.006248677218435
1.500010255040101
1.330586507125083
1.602395780404535
0.8414310856624323
2.005151167996349
1.572513925391389
1.147012171996634
2.830232873800126
2.07599562190904
1.57554881312568
2.547926782282761
0.9536266726473553
0.9094283366048298
0.8004412052862268
1.482324111948144
1.134693303646122
1.617688248843279
1.969023226562183
1.948601467236392
2.521401212785046
1.681734147140772
1.161565597696469
2.458093900623286
1.295735061242307
1.211527396451196
1.218541965363559
2.595671768397537
2.045300161498203
2.031213624731543
0.3357290976546045
2.086591635565233
1.085681989399666
0.3198929185235496
1.471466047387784
1.89309301176399
1.50942075271347
2.171006600108058
2.617785482357315
0.5533121608293384
1.642193204878614
2.033715931718734
0.8031596473606725
0.8892963278112529
0.9479886732284133
1.739145672474102
1.102124896690248
1.199499865378433
2.042254916700044
2.212072659828071
1.043271247520626
0.9989426229531809
1.694315569123686
2.517514364900091
1.885287181287413
0.6018213977508241
2.551522916852058
1.368404202425542
1.500170875802737
1.046186155195195
2.591797953014086
1.424225335614077
1.600796309187227
2.349570498423986
1.294910274067324
2.509868226095131
0.8272850461213188
1.315079844799355
1.83937900956977
1.390111093262038
1.698830443264399
1.229285409004486
1.746918979472589
1.322474173243052
0.4550105405011414
1.337788441716737
2.911996795182965
2.149155061138661
1.746153163638738
2.498290635826145
1.243450254359494
1.205213454859863
0.8466408583819552
1.509331770211495
0.484882770309287
2.301030345886412
1.545355204691764
0.5204486241273302
2.317394744907141
1.450812946375395
1.892637003539453
1.599610717657897
1.42685032346135
1.782272728961937
1.331851018721572
1.563186879860209
2.123124505622186
1.772995268611096
1.191189929900432
0.579486073273246
1.838653190545474
1.642253725374393
1.041406466180943
1.078436239761858
2.073028307175887
1.422379788555998
1.190873068231196
2.387696560172628
1.471693402829638
2.041570901965804
1.075001009334651
0.8795091439166461
1.176066983119441
1.658392014656609
2.056486582289928
1.795710995123267
1.097564164661218
1.70489155122729
1.531707322164214
2.001522308543219
1.556145214046178
1.813986956325918
0.5135620289841053
1.173071876802494
0.9773676685341858
2.126431531209307
1.634246160515362
2.792572432277426
0.907679509235792
1.731130029422131
2.017096961106434
1.696200686770083
1.843933298042218
1.964833512797355
1.542284456323008
2.20916195133546
1.597297516776653
0.7706949955914165
1.310887829070587
1.379779603080826
2.299334638357465
0.887198659147011
1.083464268734791
0.8602676971055351
2.198052492086224
0.692372263881384
0.9218269993309345
1.751937128536497
1.793743044445374
2.260187157841643
0.3851514844970887
2.655726437497191
2.270602540334672
1.568208747133241
1.064347255011037
1.58603538854761
1.601593061162529
1.906897092602234
1.69930381517974
2.272964031945663
1.336381862496378
1.631605648246297
1.84413343620359
2.107148313575205
1.63522114045252
0.5744111637221594
1.755244717493294
1.590718906765412
1.635869502852855
1.719604954788253
1.665591963876367
1.381886960721235
1.763250235288191
2.587157407337994
1.265447932752273
2.077259238960516
1.516025371264968
1.800428108529232
0.7831313266290643
0.9895617898629175
1.851833702376651
0.9357694283871588
