d = 67, symClass = D
5.464633931517042

2.0437709065058
1.917684507719299
1.630462878087124
1.368302598445582
2.23991494991993
1.330905759192277
1.230789459556307
1.862833839463134
0.24649736284288
0.8653180974944844
1.03435367204942
1.595182143708558
1.508465008541071
1.207994128383159
1.68851762493369
1.822275545494714
1.376472026323362
0.7370020640079017
0.7280707839939641
2.487114138514949
1.259109215898831
1.838489769033006
2.181066260382283
2.037049595898429
1.218189093921606
2.158421000114849
0.904781479402446
1.89816979374443
1.312633448064044
1.221576578965227
1.587740473335484
1.325688240192731
1.136569120620102
1.216732071691544
0.907058802037698
2.50542928291546
2.261622282074753
1.289442060830436
0.8867168528892873
0.7909512433568798
1.8182368588093
1.731946809260999
1.836096375144968
1.530701501300453
1.906546345121276
1.32978889542873
1.301967782189237
0.8573025672432477
2.050037115203593
1.893567936478196
1.925156685282176
1.839663024973486
1.196749077402479
2.388162005359924
1.719142417073479
1.780656932495621
0.7407508999060193
0.5494211961573628
1.220678504417996
0.5007623885980923
2.335944647958452
1.714667759675337
0.7791243038529785
1.360316457248721
2.420052134812993
0.8979310147951178
1.839556980115662
1.426527632490892
0.8912232985762336
1.389081581626156
0.8301643515692878
1.548192251993227
1.962487879404725
1.929007125887383
1.065566755509394
0.9398107434571226
2.436490305911321
1.498820647489786
1.777720158989321
2.477638165089496
0.9607260224584869
2.472238542967669
0.8501953269607275
1.667937170796475
1.12764636392648
1.286588240148161
1.591982237586798
1.586960681620656
1.776690624231154
0.8312612556467481
0.9470054654505132
0.5222196182101446
1.501581691207703
2.116165194587625
1.500226351435244
0.7463408576279611
0.8250052431629274
1.665109432762367
2.185592489447808
0.7171920730458038
1.066939786753493
1.622845518725988
1.458778750811025
1.841233623341044
1.37941842084805
2.159271674074968
0.5689637756124329
1.586656218205201
2.40086402122032
1.818177163552613
2.206721441539945
1.440467815924904
1.990235438178706
1.580166756834977
0.9998201792843152
1.457449970451499
1.183678009695944
1.573629576934173
0.4822666640381369
1.011308468591696
0.9744781488591232
1.694409011346188
2.433334203008075
2.337720989410798
2.007292681769749
0.8167475562808292
1.507733252418335
0.923756528540724
1.681084402126342
1.322960329631213
1.776877202839048
1.310106339346834
1.351344366667655
1.664957446251936
2.779270774413658
2.480953145031186
1.905301138822054
1.301950025450414
1.865983582834998
2.375617663047903
0.9791318813132924
1.655283285680833
1.927322704673141
1.368469176039113
1.399380189756931
1.630429604277199
1.136973424680014
0.6931218396348047
1.882604406099089
2.498749960060309
1.252900137980173
1.567137789875271
1.410826217561514
1.349812295619931
1.988764349977255
1.339878709296764
1.848840963427558
2.648218821637453
2.700300629755265
0.9739012506330039
1.495152077371541
2.386252422779342
1.999826188994927
1.308307331044855
2.823468191136152
0.6202671011589105
0.5697416916889277
1.873284154938524
1.139837986418251
2.038153793049622
0.8710662781969924
1.842203652596847
1.315922601370118
1.152368521693025
2.195128394755917
2.062551798953155
1.934640578699941
0.9571407569304136
2.255493511184085
1.068152942647395
0.7083719271782698
1.408537180566184
1.103931406443564
1.825110715971157
0.8223724465476621
1.447210300732078
1.189250388011708
1.308079535828482
1.005193101995806
1.190827834285683
1.942843963553318
2.006044909974472
0.6493434611939133
1.552839162389471
1.985758054828522
1.847837774826452
0.6382642398474805
1.989650371435182
0.3050324005026696
1.23358556126336
1.137517058550176
1.754683070700135
1.195461903234206
2.291303868221842
1.558238274731201
0.9342999453166755
2.202166764961659
2.47991657163945
1.809565713691827
1.70598057445074
2.123995853685344
0.8406612357776
2.235999118923131
1.745719820368249
1.366326766772793
2.11144332997027
0.2650629095064969
1.836100785312945
2.21860249192765
1.587804456497419
1.410408475165647
2.696857199738078
2.242895970185857
0.7129494907958012
1.261624624207296
0.9968252465436362
1.436993006220773
1.63065187894844
1.474694877189901
1.775465961864019
1.65526864128784
2.170437853002053
2.434717167962489
1.151542834575054
0.8315092151111343
2.583168906916161
1.507949245855574
2.282251296596682
1.651126885005307
0.7090985035923614
0.4886393057048278
1.431740166386262
0.2528389436491086
1.033699004139522
1.875342278692301
1.870241315205336
0.9787753571631314
1.266988146389164
1.713407230203938
1.844176847380887
1.790728545702115
2.770798108818519
1.807397160620435
2.141858072856012
1.114447817821738
1.366682950199358
1.124322562483522
2.578034563802823
1.360319622711594
1.79793486914012
1.816822997035724
1.811847569449151
1.516954432189386
1.478783645100038
1.975386537164276
2.122320473240432
1.630291286099079
1.270314073219882
0.8021767588520006
1.257268138653221
1.432916415930356
1.160476597992362
1.488632271118769
0.6246282937974382
0.3672817354491455
0.9164625626010602
0.3605215843349865
2.948892269219571
1.69221654831773
2.157405609938809
2.258563404544129
1.224689369882145
1.762168609859004
0.9169048921260121
0.610883003031759
1.493826413750454
0.8951042217890791
2.726323049733598
1.65863851848562
1.832324373588915
0.5767653869938506
2.291909716806477
1.324158805516104
2.651468115297786
0.9928973859148693
1.108602347129428
2.037226523639768
1.929911621686551
2.133223646958692
2.410764582639643
1.472690297383421
1.640973707309403
2.370237845693548
2.443754707718935
2.083628974338818
0.8009183593497764
1.358728893698322
1.996492144819586
2.070301252959525
1.643114665932933
2.325291968271804
1.330563991929639
1.546799179441935
1.877204965560816
1.214061598605639
2.112851791979859
0.4292706256585926
0.508552793357717
1.810006118475889
1.820796849477628
1.126113971161601
2.423428083978312
0.9014944727266442
1.409026981873482
1.053076092174633
2.295148510738026
1.743469546144692
1.254547415265402
1.112135768648271
1.770995975225028
1.707257386643232
1.228551227003458
0.9916401551360281
1.759447668690061
2.15269772440681
1.120992877824009
1.245548803837514
1.845809344907674
1.199805049856307
2.341730207666296
1.272934592405727
1.484672265638418
2.149023557249263
1.474279792165562
0.7421185334182644
2.135103476508288
1.869278134187531
1.045818138349426
0.9470790531082679
2.302186952881887
1.599582800479558
2.006904233030533
1.738820508084247
2.422371588884138
1.582575644734852
2.383747611569386
2.825428987497093
2.171589652795823
2.166200501707339
1.06956160897578
0.4775295690201609
1.113136459557753
2.244102363443661
0.91220448589065
1.976211076160798
1.328439441087308
1.901652976614697
1.78310267730829
1.021375652929772
2.648544644496979
2.124133050989895
1.523489282440316
2.061788409448362
0.8370884878788444
1.507689380306787
0.4590684895377465
1.298243703395434
2.440310238247586
1.745556603043209
2.266116095573115
1.306320821452802
1.773754080877296
2.084979876877831
1.560715675453861
0.5503224784042073
1.903984452312911
1.655870624710752
1.69594506278869
1.676513512447202
1.947748242018709
2.74630113563128
0.9183981280303155
1.35731434625596
0.8676501181641311
1.43876380060695
0.9583017768761396
1.727754133452881
2.205467710789535
1.175735669866531
1.975263077701845
1.24400579731129
0.497348781452828
2.009111750372709
0.7606971033749884
1.985388211560551
0.8508240193448104
1.660130984155346
1.022569966575289
2.234506610068367
1.792056453574527
2.136792716576895
1.454452178522123
2.221342155566885
1.961364084934509
1.300290057767577
1.277358189774132
1.490082671830241
1.371730152750281
1.993191730688242
2.647537845398678
0.8775237915993996
0.9546556794774693
1.713831334430054
0.4926298783059935
1.16760063197939
1.882901166740224
1.350084965826889
2.355936133489525
1.194365705064284
1.229322796786347
1.233534522959063
1.370898463389694
1.616735760538368
1.19993592033126
1.402347530005823
1.269405478111212
1.32184862814041
0.7302082867287185
1.683199781328223
1.496521459322923
0.9709728925378442
1.437761500036513
0.6808914319393382
1.082158644431034
1.346078646591148
1.738847418741251
1.09623692213175
0.9397803519017278
1.255814782108692
1.590796512207934
2.115656701680857
1.320235648677793
1.362726022984892
1.196211431121618
0.7066847715648875
2.387638788273156
1.284992622579709
1.726251622591086
2.203159527229217
1.490258792921156
1.662046928902145
1.966479786273491
1.871709148416197
2.434742898101752
2.32933827371163
1.278300660673358
0.8912809969425067
1.11433071461036
1.322853136314019
0.5337444649018658
1.89229900971061
0.4255897154746616
2.470941223081223
1.394234510205473
2.308977547139544
2.009458200915353
1.374073337532912
2.399492485270179
1.972121901211517
1.818922294094513
1.587625098988283
1.259498828386226
1.143888501390153
2.097911787466289
2.007222685537113
1.762099193037173
2.123471717806362
0.9783229946025925
0.9396665353846805
1.005172090152742
0.5188114210747307
2.141444019143558
1.344691842764679
2.542899039191636
1.823318584499872
2.683248782975141
1.163002195328449
1.409137081532107
1.608759812847322
0.847042636367889
2.298739696296002
2.210755323541559
1.305603234709444
2.299240429586782
2.680000307155107
1.98298360891666
0.7470956209326144
1.273239993913072
1.473222199152983
1.98451863234911
0.8755013920273433
1.851274175910553
1.452903460525561
1.310359206448824
1.073194801971737
1.897666974658384
1.150228272611702
1.341675924114973
2.474107957707826
1.312120104471521
1.070606387771169
1.11707466537145
1.402099717407713
2.278790138614428
1.590085192808504
1.535223268943497
0.6731487903193316
1.354331516927931
1.159437614679075
1.517934173668482
1.913185254413126
1.548157669169215
1.54195991076072
1.623748589569168
0.7775005613707807
2.226824403702816
1.140986270032534
1.009330258960131
0.7279311691822455
1.78086288600413
1.851678699311838
1.033187298667579
2.180157866995121
2.02894872947471
0.8878392380944404
1.433339001349115
1.644206721640399
1.356310489334577
2.287528460621401
1.544985479927648
1.047913395387702
2.792539364159373
1.299431510299969
1.639173053805492
1.408094612883862
2.084750755122608
1.46803280285891
1.606142928125458
1.038113632415689
1.307361136026088
1.259502224619534
1.415713608499993
1.404968789729205
1.125040788545897
2.261263876954275
1.266284918911931
1.999541807323834
1.897503132117569
1.650346668684796
1.928511021958013
1.867465628279509
2.311626569751703
2.239690041893073
1.260208875814157
2.379789055432722
1.369311558586411
1.407290931916636
1.172522588185064
1.83284429178802
2.713041859151066
1.620628074017516
0.8257170536325037
0.5659277030952026
1.041777464977138
1.265286480776702
2.624464625318229
1.788039265708884
1.891489397511081
1.560105922492959
2.06392841670292
2.431149290627922
1.969846362867522
0.5745052048792835
2.145887608469378
0.3440327395399944
2.011925608905795
1.667312622959759
1.663077383052978
0.55753848833465
2.040459335402584
1.925295546582926
1.086756060354785
1.801276537627068
1.762336344166875
1.738205630276576
2.72911280018563
1.254986217552355
2.68679406066991
1.027504596336938
1.338927349425426
2.02310750401599
2.234032418604063
2.056410839495011
1.300622527950515
0.9970863917645971
1.970657274833685
1.49013482303613
0.6090299241087883
1.217511404982883
0.866623203494187
1.496462776926989
1.423219255680217
2.10506781946914
2.076497358394446
1.126490135683114
0.5184860276846912
1.666397011132004
2.239645810989328
1.649811909826328
0.6344708130351203
2.38874869135647
1.256785664558563
1.2794371790121
1.226552112650681
2.492762948932825
2.216409230359144
1.322981054097066
1.323491918431304
2.371813917501471
0.2840523346629481
1.489554606828679
1.698089125503857
1.230902292757995
1.746002064916444
1.534255319684468
0.6291504154941208
0.744858719972606
1.47522620495841
0.829195619810592
1.1313798059598
1.511190775317045
1.961800189920149
1.400981504357519
2.285773778383251
1.227747670817163
1.139982695182627
2.159698075704089
0.5289723500883872
1.764857464997245
0.8526797551169198
2.652667404438608
1.115375406863888
1.847316009612975
1.177737372576081
1.794279582035015
0.8833686715678348
1.370509149378581
2.192744180489934
1.855609787559975
1.912455768737855
1.462697350648804
1.023346403430907
2.590824482252027
2.477674245102942
2.042150238141055
0.6447760609502933
0.9248029279191144
1.832550264594793
2.015119161403878
0.883057755006907
1.790718305077713
1.476166196000631
1.431197891176039
1.936880222668429
2.085673001276812
1.742321527882428
2.212558585181
0.8749698793975964
2.154211277701474
1.286547865103709
1.382832069642457
2.290745901021831
1.308848615314471
1.546034747852471
2.355015611997747
1.528005658615279
2.504947412398666
1.629993274394761
2.853606735512537
2.134522524416138
1.625717325599906
2.242130468519446
1.608451849059823
1.582973614204001
1.162925598782389
2.046994178458934
