d = 67, symClass = D
7.535451797618999

1.994301668443248
2.317611024959041
1.656725413259875
1.919612986870011
1.3323653009206
1.995122330065874
1.37192326948919
1.535478254950683
2.417728911705437
1.36561572903282
2.427360574175294
1.687584754787415
1.289454088663706
1.659393874323487
2.030656784784036
1.327470857889449
1.56521702248078
1.618366980168908
1.067154291307971
1.483414935196784
1.94626081991674
2.044691856590702
1.422604117653333
1.249854537500846
1.69405546142459
2.62159480919689
1.448963996785007
1.231709207271885
1.481484300959921
1.369887407748765
1.20674913919044
2.519019443070812
1.89444562704729
2.117792652399742
1.467310108649029
1.403605870947817
2.070084961644939
1.354020878282194
1.856862431667999
1.672583244559774
1.64731909614415
1.445809475776029
1.39416137574292
1.010835777564447
1.07597278408999
0.9707971082742546
1.750291720566903
1.702326514664102
1.939083503410219
2.317664392710789
1.547553189492868
1.223583993400325
1.724119274994556
1.698934739238554
0.9021176278197424
1.648438148987508
1.531347878120736
1.354248234088113
1.842529469332283
1.625503498421834
1.727145360270945
1.701538131280713
1.392661827727749
1.884505326672242
1.210484838035752
1.152882476550938
0.7502565891683652
1.88975774640828
1.826179891259734
1.708152051776295
0.8704213131099907
1.879697623049571
1.311777792333108
1.365289960572124
1.384387510877775
1.943953499875592
1.531293756557707
1.564404259915001
1.5190923876409
1.567241307097947
1.23520383737408
2.256921566686294
1.409555957230078
1.912165412092004
2.403840423909628
1.371362600251516
1.591585329818736
1.650939641793469
2.027463090284408
1.339487601231093
1.945273915321901
1.357369990497321
0.9025435105760574
2.222683444260171
0.9769620980799459
1.827641289060398
1.624091302056639
1.316274791540875
1.664172901570786
1.634425053502022
2.280559454391514
1.37602256125892
2.237549694767947
1.857815861315077
1.213256690510362
1.970628261326171
1.409833511418837
1.083856377422219
2.134655512061114
1.578172766620661
1.620644704972239
2.07935128115991
2.245554840157436
1.292566684555462
1.120017420981371
1.646578137227341
1.632156105878533
2.136438817530446
1.182025076238769
1.622401656581148
1.471010869295869
1.733267605784345
1.483427890780346
1.621322548947504
1.814766871057522
1.586693798928096
1.557816137597069
1.55317277847689
1.795895605227139
0.8468317673284858
1.531885929356349
1.551655582127682
1.164156340248505
2.037760623194946
0.4425726113052978
1.476172945227491
1.505010132465681
1.398716299994453
1.596436882551238
2.093122167551404
1.242085128210218
1.215443175205274
1.863496777492912
2.273462321073924
1.445153634778803
1.579037883102069
1.572369684904403
1.638952328904929
2.054992284067548
0.6910528131929282
1.389138253910278
1.628492011949753
1.995378818842791
2.018652017576338
2.200843341701874
1.613292358347896
2.023420807427386
1.536415823667263
1.928916122133172
1.556155940158808
1.409809896710447
1.262871286751384
1.488108763762998
1.490746036347729
2.031728454287148
1.145761682510168
1.779770719413359
2.252755579309106
1.856057446308635
1.814322720505271
2.189805469355402
0.8366433373746823
2.059946301797598
1.388250266559517
2.21660105033994
1.07431505655565
1.828455155280904
2.365857275503669
1.207354698797849
1.455236227753264
0.91825949189381
1.524403409235139
1.373282011683085
1.389741921216996
1.716981288576417
1.474252675945893
2.329517846359095
1.370954770869278
1.587748531188117
1.685713892511387
1.360073065665232
2.071890901367834
2.305817053081977
1.797724775851758
1.677615143540487
0.8347934549266406
1.160830463214607
1.49299605821274
1.094691370328517
1.689429867142156
1.980274517198808
1.175962304977451
1.628788314147035
0.9405667250553618
1.917219372813974
1.595989958772962
1.785489366934859
1.087822419356958
1.464376754400167
1.343443485470525
1.592575216741072
2.260833331516399
1.623638670654605
2.005771397106137
1.072587125149434
1.187959393160697
1.899435065279171
1.871295460466369
1.845815324728497
1.203269474832065
1.60484936710132
2.09663076691007
1.602903899136341
1.773277088304951
1.505977758013736
1.661910300928215
1.416065000724927
2.142194766339404
1.257043712183809
1.71034840423101
1.056786879443213
1.829010846853719
2.267935840340372
1.346578149492412
1.084423259435301
1.179381670149695
1.898047876599038
1.852460039138388
1.732667258413263
1.288202414481542
0.9788221063266238
1.413834897940884
1.737415773549319
1.956986712418186
1.816502649815614
1.800940251883291
1.540966812735426
1.733540375282872
1.577812050835244
1.352382596927358
1.797898446988998
1.448549801183977
1.424815698403328
1.609610099215731
1.501919199673839
1.753747361116653
1.059272124382635
1.706966545393332
1.617812581322905
1.189133815283734
2.249300786378259
1.081476328203008
2.122948829503988
0.9770667176087454
1.3393465726154
1.410650036719606
1.529105266058004
1.21957941432134
1.106340423940957
1.080336356954445
1.707486337548405
1.285894663408753
1.966049632860626
1.643032675669598
1.615570200039008
1.636673510380864
1.37075965170812
1.924115398409639
1.559550592117289
1.529329536840579
1.841373544923136
1.312459290125808
1.210253616458464
1.305769779284028
1.554913828232443
2.184938959337854
1.665142422225083
1.221291099519347
1.694348737449582
1.660101812379281
1.285231671532893
1.737830424906847
1.953661120789735
1.357419298267117
1.049654887466259
1.591754125758567
1.291938870734122
1.553478717161075
1.66503361585032
1.309307499041532
1.596723938509125
1.518867243006996
1.42667708006639
2.22783282943371
1.636464341264653
1.273626479524229
1.337482171305661
1.228062131444231
1.829454955947364
1.259678552669749
1.856590069925626
1.49148124658814
2.096111814113328
1.899068727398422
1.710751463684948
1.182042209527725
1.990703402652089
2.232637810697124
1.58083389853755
1.220334369633417
1.812819105309285
1.62335955615199
1.062795984476032
1.282547325052885
1.861346465436596
1.475193377591701
0.9646527483899324
1.956798032013082
1.342428621942378
1.04276450176994
1.236627593994879
1.258574066707518
2.009931412716736
1.935702947598124
2.092625831408867
1.19081305675828
1.69935373335723
1.813864633598716
1.658779564662595
1.259025426875947
1.686196306217148
1.490172968512534
1.353270212672873
1.093670697009777
1.838626004188666
1.612456507569564
1.113675892539206
1.854835617045668
1.88255877181854
1.696144367962637
0.8837198038982892
1.321053821814802
1.501652347297333
1.239889480009334
1.136676560819077
1.262882255632048
1.470669791107139
1.74926370189153
1.856930092898162
1.517777916456436
1.906983857932465
1.927813501828553
2.193271902520634
1.748454683301042
1.80309664610973
1.824035974466478
1.360854038420217
1.25205865017126
1.960516625113252
2.256119001992339
1.619916796322534
0.9928557180805606
1.14382750054078
1.790735863438796
1.835977402305746
1.609067912432711
1.556446213918326
1.738044599697046
1.373085218250773
1.52565116448892
1.159967044786054
1.100219106428951
1.593569424193138
1.844250166792791
2.12027093013359
2.233708514641452
1.710893138808007
1.443590423918967
1.953243399460286
1.509268668508776
1.896990618527297
1.790309877822545
2.033921913920331
1.98183629853826
2.554163513745568
1.217774170826295
1.259857936477923
1.449414497512338
1.920517427663764
1.714337118048128
1.271764401788143
1.765505209808908
1.874563018126323
1.340323510154975
1.864926580362006
1.737769756142221
1.973951895133301
1.36993030243533
1.315717798546232
1.269421442644728
1.302931533561285
1.727125340994544
1.625381775069141
1.804659246431067
0.9996097731696667
1.137461390364149
0.9877739905477525
1.528597632462707
1.527008252021492
1.937740871592563
1.657040195466548
1.390667992271742
1.541872683045986
1.997746862231088
1.510248035100204
0.8306752877042122
1.611881346175874
1.05107023852319
1.23421698019197
1.448490434516867
2.452239114532899
1.960725838377328
2.06997437958088
1.000120356147688
1.65734638502404
1.589779753515419
1.621121355505148
1.275095533221066
1.393612470706892
1.075527066185596
1.99352288178433
0.9594140346945853
1.511609516823107
1.402856855597698
1.876628434846169
1.729260622794487
2.138463689824313
1.103225125961272
1.592911849545716
2.07186688308862
1.665456827164746
1.749399588502319
1.71930578369015
1.486899829373279
1.840032725079256
1.706642231704748
2.307392486586886
0.8056018644938922
1.905263391788902
1.970747772520932
2.010387508298009
1.63050462717271
1.85999155895861
1.157634569926926
1.865670358544399
1.567466466934079
1.057933497553464
1.662764469361418
1.13543759538933
1.205104845344569
1.207650413211221
1.999487683898984
0.8832218964627365
2.574332643933161
1.939742045831413
1.716815351575862
1.708142747612763
0.9500180623528789
1.458346824716688
0.5312019664625147
1.625830563813809
0.9920314912595133
1.444243583185895
1.350063129861198
1.559553268399183
0.8824615740925902
1.594727156383221
1.593380596464845
1.600494319063342
1.035126710022491
1.012346099079831
1.023043430833434
1.200042960237847
1.834252253470508
1.392512831977736
1.063143279320645
1.413734577974268
1.779964518148826
1.487217344464538
1.24275033178749
1.578742399882474
1.365658781519488
1.349671642130376
1.65019915955301
2.038601840814811
1.619522948974041
1.483447054629305
1.917296232941851
1.585576277515254
1.788392093342297
2.532798784373089
2.091756823640061
1.186087477775897
0.7957570710079315
2.033621800484858
1.967065051043701
1.837325135988205
1.163836526000206
1.4390776682592
1.467118402233059
1.675655346317785
1.565293274473497
1.727345192146458
0.7577403925863545
2.434873306133627
0.6224548328036084
2.006562036617936
1.01381444041186
1.615120511327746
0.9013954962287287
1.333246039803931
1.866030469075056
1.956464051517203
1.350187417071039
0.8553518697779373
1.833934960415096
1.371033805898186
1.621044449841816
1.534351747990576
1.428157474862961
1.335185003756589
1.546647928559686
1.662885034291379
1.032653693618594
1.406117199817326
1.006816209697815
1.900472182589985
1.996732522706809
1.648325436844294
1.795500353637739
1.228602755118221
0.8593773306163329
1.460009012763701
1.866023638866144
1.650665219965754
1.755675568034338
0.9961221373282597
1.441008208189979
1.585685828962528
1.007559127253487
1.021125036062599
1.656717525535095
1.061024023353773
1.55378570899318
0.7199360112524917
1.514594251357803
1.845921984257043
2.308940603159697
1.836475016416634
1.359873784091409
1.770075461786842
1.132904349204261
1.638695061178086
1.916388322128171
1.595814174853948
1.763317533725259
0.4388912075843343
2.457952735991659
1.729528123495913
1.54365773446171
1.203813503723922
1.757336623091804
2.111423199000745
0.7040040392359951
1.296773925926263
1.088207202167072
1.403881051512678
1.300090107191995
1.330117877049032
1.659346834577822
1.614256994313703
1.483998602377856
1.318963162917263
1.400476186451071
1.504081010839837
1.562480284655708
1.460366097391196
1.384993488839929
1.078840241347866
1.417658497518372
1.490508472249295
1.135440336330896
1.343794514655878
1.443307327845108
1.578970826140134
1.065389864193467
1.42575384954968
1.733476546080086
0.6669257374059575
1.846305863117835
1.422247962084344
1.856102638014612
2.244083305920174
1.245132655640981
1.3862181698197
1.547527325546232
1.46225398733407
1.66565597534461
1.182495920576731
0.7277725119226713
1.615879555949177
2.041061469422064
1.888715342413719
2.10395702139694
1.694456624259235
1.840389700587972
1.174771168013916
2.329232726454912
2.66158068313412
1.705998117346145
0.8919686687606719
1.356820614860772
1.02094861419439
1.813559835778842
1.585208422409693
1.443824797074233
1.430755928453262
1.473139193815532
2.20737812144192
0.8605540185243343
1.819741805383043
1.531158487021545
1.932396834716468
1.239969081216104
1.868784935035287
1.268040351451933
1.996587786184162
1.695653105609174
1.638140104871147
1.697420811696289
1.50144682104383
1.441783904975964
1.407736167937439
1.323401125164433
0.8489550273098291
2.223694013678924
1.946731723554066
1.682125498644112
1.197074475458024
1.668809145217929
1.497202630934578
2.13082189025304
1.464948925723884
0.8068179708290755
2.45235013340537
1.540834613439116
1.797409701818312
1.227728252068749
0.891479866075045
1.017841705273085
1.770243496823753
0.3702610917940942
1.7090818808328
1.977710741371963
1.957168182794418
1.347323832974634
1.55951331508501
1.74127243945914
0.8697466776538125
1.750446202712804
2.011973209777919
1.664148534793975
1.01225212139381
1.648997713015285
2.197929845177109
1.060092102857867
2.361646219495625
1.320287315955452
2.202976304775104
1.214317926881827
0.8271107798857039
0.8355906501146899
1.656481017875267
1.5010949907317
1.645263368490848
1.624763273942974
1.584887378047058
2.21204338130439
2.111067677978508
2.434837821011201
1.189684734839144
0.8950578424512131
1.765048879796765
2.059134624993283
1.065742274220392
1.750464780261766
2.068559177479055
2.183589891528917
2.099454054914563
2.338408657350089
1.740791633313165
1.307835037722624
1.754580445004293
1.90684671813744
1.14984965108596
1.374051962464
1.162409291658729
0.8890694209141708
0.9602764461417129
0.4597191081956292
1.674324941719358
1.980050853057386
1.572799149674458
1.113527550811225
1.53613719512438
0.9786403196854745
2.397405944013036
1.795191714351524
1.539879144313636
1.602962624773075
1.927549685122994
1.580410247684505
0.9526663879137758
1.638415460786368
1.011768952591972
2.016751718758747
1.705992163065535
1.206053775244993
1.341258410466378
1.622915167153001
1.280596074735821
1.908023334831418
1.596475322659475
1.599845203595639
1.791526083286536
1.553657215130646
1.490417303859882
1.394856150931371
1.683753324510491
2.100510023738245
1.765324008838858
1.78344366891134
1.93568086606014
1.65525835929542
2.236037224497981
0.8059889578897176
0.9930996423370319
1.767641372384126
1.632681291601195
1.909232678099868
2.048637306114244
1.647884602125081
1.943117141742433
2.15889118466146
1.57528926934097
1.303702746897482
1.780356477408043
1.681453761844633
1.159385428725653
1.927007278798191
1.582328164632528
2.057555527473462
1.810994150935118
0.9989035278455897
1.111133837767948
1.175481804408839
0.6084104071655129
1.269366132161441
1.81796793628412
2.693951781883147
1.138315987364314
1.479536999024958
1.729088952847679
1.503246019336643
0.8199561610541113
1.793199944117342
1.751759741724884
1.827591760037798
1.420962224876219
1.655146434487029
2.269736205838738
1.758866558766684
0.865002663227492
1.669802423155255
0.98275234221076
1.517770047889817
1.526820845437669
1.20880918874729
1.554140464046461
2.23064226597582
