d = 67, symClass = D
9.622345024708645

0.9026047073857584
2.055179440671936
1.535490334497343
1.222779639316695
0.1804913701891796
0.7755428391723297
1.15106967824013
1.344230402571628
0.2661860522664969
1.024546292022209
1.401396546197221
2.20749284974328
1.780122400306306
1.393816430789431
1.422543863008287
1.541085697223649
1.77514290371856
0.6646962590114197
2.253684455758668
1.654808133715842
1.856274423330798
1.236422007170564
1.69966296454344
1.86067750259025
2.089468142755121
0.1312377962546962
1.597872872816523
1.235088686440669
1.746647106784173
2.188168370322408
1.659303931784242
2.271345173631062
0.7201118886171806
1.66890442748225
0.5828844248845265
1.548663097071918
1.882033114691816
1.444356283495497
1.744908741738086
1.931407786070897
2.586412525574991
0.6756379682318182
2.058731159903398
1.01670690666012
2.251422284229324
2.35879204186156
1.117641023237086
1.054952622264776
0.4156682168043841
0.7268075835107762
1.073765201374844
2.540675175533318
1.583496998061776
1.31609062229757
1.446910723331336
1.572423920360969
1.994366541271132
2.014265378029632
1.380553767845853
2.552415009831992
0.816981081279136
2.06758658706623
2.209817926936169
1.382944487923278
0.8473085138215847
0.9440436999669142
1.190368620288937
1.163401466946605
1.114122154769092
1.003116046218655
2.285478743251172
1.226615804908653
1.152161367905916
2.21089985231195
1.642475308920989
2.306423736994985
1.204727144104528
2.832571854411179
1.749228981056045
2.495577150010015
0.8751500759578789
1.729748773478842
0.7947671611910875
2.291904387747509
1.271714104573124
1.444537394462629
1.307526459017424
1.170070913265693
0.877783437978306
1.874727862307076
2.317020644175012
0.9426508221493197
2.716114703144652
1.966691200166902
1.396094934132492
2.676459253835723
1.701790739125442
1.187685667940259
1.024087086600443
1.423889747421956
1.717544401101065
0.5909674937282975
1.97170726189898
2.146748987369892
1.290352870891818
1.919652085474216
2.228565612199679
0.7980871746205913
2.563956819033579
2.423978036920514
1.328003479734554
0.8930792668126571
0.5555089811312699
1.28528402458219
1.818222296291776
1.211877750345996
2.403979839437638
0.8734947971824377
2.433717869527877
1.415578211111196
2.483711722930773
2.536394161068785
0.8815559029942407
0.9135992524890366
1.825698591446217
1.490752605652859
1.258353902425796
1.962798486761292
1.305908399458379
2.147294509287824
1.852704246763558
2.339650866819901
0.9786854212843571
1.599798731976266
1.359682015773831
2.373975231552919
1.677820838385476
1.299889290443816
1.975572306071816
0.7359834821776483
1.308729723828393
1.145662038258839
2.256617464174788
0.4976484340961524
1.018884717766281
1.952180351279952
0.6370407509422999
1.071430877739973
1.176743643742695
1.37743729119526
2.45590863277866
1.575294654475772
0.6541068328092848
0.7720299871817626
2.522963458530611
2.395857480980802
2.008051339197281
0.8409431005817639
1.516194839207555
1.12259992196007
2.154410024959884
1.137350937807016
1.597809278326532
1.140495325006309
1.743682963653405
2.809489291779748
2.402143568557958
0.9322063168639736
1.86609358172839
2.799254181665504
2.140579462260852
1.582076016056565
2.703156105601138
1.523659395776575
1.704903183258648
1.455351039379141
1.384919345752853
0.9255331528612976
2.060802914362625
0.9694049085754509
1.82927107700659
1.388012080817885
0.6319077054865918
1.570049140693476
0.901121909472289
0.9571770206348458
2.063460081989467
1.149920820503668
2.251227444206413
1.762742472725833
2.04728613741345
0.7816706930065702
1.800666078953872
1.613114825017439
1.399667251029158
0.641980010191452
1.982061703163683
0.9043873981171808
2.446805462284633
1.255189618370931
1.434991032905559
1.20701451274874
1.625526923194822
1.892093427726961
2.105129821281945
1.305808663316822
1.316664755664434
1.727833727692422
1.296110899294519
2.404259547846396
1.326863498119551
1.13888195922408
1.969018612693743
1.20414922963698
1.195823562262014
3.080443319147055
0.8984041090994679
1.091153493678554
2.054387615553999
1.237677086770696
1.116578969439493
1.342325389965368
1.271391035644543
1.814233979628071
0.2440660489210847
1.313322918747766
1.142375888012646
1.63930333616934
1.87305537331834
2.19790650784146
2.53037609501141
0.8057152526569673
2.169068408331559
0.9891022276336267
1.610844600146928
1.268790381256314
1.549139233413776
1.590587556264355
1.872761081951234
1.357970671293943
1.186204183555403
2.803576960649443
1.414835076461983
2.32859123213063
1.464540802430349
2.006993581577333
0.7933920095232623
2.171574042434963
1.645749181571901
2.395565374422407
1.606250404790445
1.267218760596784
1.590522602368764
1.930692370596082
0.7320913478523099
2.380864061001328
0.7834802063968452
1.30509605875248
1.389183332535905
1.900304251379456
2.171197827477104
2.70781423645785
1.817449413364484
2.066143128333231
1.741222471399199
1.004520886594334
0.5999193075337887
1.859709496025673
1.541887942095525
2.187996940884576
0.3780436992936932
1.516804433016396
0.2797616381850568
2.182563759674784
1.298950806222204
0.3897797419844162
1.563908044121585
2.229636122816236
1.934950525710726
1.260789714933879
2.364706719798504
0.9917976875089173
2.205480207595869
1.211624622474285
0.7902190497300808
1.743089308894942
1.053344518450876
2.229500595446895
1.165169476995717
2.081421281263457
1.310369036883636
0.9108291727907343
1.501185588753655
1.819008777408448
1.420536164298768
0.9427275251681849
1.551089130246371
0.9797592840153839
2.402489680679492
0.6054597689721574
1.061342808475417
1.721179982169063
2.669968696437268
1.284603693295425
1.546500842949629
1.73079095210255
1.918049844612293
2.390613124769829
1.398379772291452
1.373493178920558
0.8722285146925538
1.713367199410289
1.273635315811649
2.122817384012514
2.152906954031073
1.827772406485966
0.8761299104461185
1.022899519559296
1.193422510483046
0.715038966320207
1.251914054921994
2.230196732172448
2.378293263729363
0.8049332122956235
1.004697506701618
2.163126317795519
2.69901496640115
2.162017942922461
1.019106164481711
1.684677734239172
2.158047580275306
0.6668652261897121
1.982151751277189
0.95719734389419
1.488115221873049
1.33348875177387
2.125714312419701
1.910596889547499
1.887355256509556
0.580335774716251
2.178665363013119
1.124906717916939
0.7198123573467453
1.23500625948952
1.934599862338328
1.070608248335921
1.359934113573154
2.172729194883734
2.229565404525142
1.234753829230423
1.018166795999231
1.999180093240595
1.35553945100314
1.605004185666264
1.46129413507763
2.175168061609275
0.8310445128857225
2.049225889241267
1.858792445097271
2.309115869236441
1.543980397097305
2.526366106464939
1.529980493126247
1.717246595915592
1.387859748708699
2.710435224771851
1.59076672480183
1.081299790107525
1.454959548003359
2.010762662717627
1.189986876822938
1.794138341462334
2.373258639190631
1.552435268540926
1.816021936651447
1.979808637655631
1.114306542182345
1.151137861273416
1.276029284987936
1.294148215557564
1.161669096915737
0.9994540156123309
0.8457689630774069
2.282879960096526
1.654734493180199
1.041958542253893
2.232885910523715
1.974543782414371
1.282874844572552
1.326964271582493
0.6968455638218216
1.30984528640527
1.429786827269745
1.508339581284973
1.304063514852825
1.606650793074534
1.469930990240583
0.5923164872079113
1.83455739528476
1.944967916076412
0.8762126064201257
2.294558451185563
2.091855015095346
2.081900473604945
1.529959051436156
1.02240728823001
2.233038041473234
1.244748748936178
0.9299699122953873
2.043926406300407
2.005965175997535
0.9284823584352458
1.436439591512629
2.111733931131122
0.3477252471662718
1.294524796258932
2.503985498877177
1.394512804510178
2.133505992514816
1.287756992185209
1.146137766070549
2.194338377559757
2.079350983233827
1.284330006362125
2.224874419266114
0.7798372286347384
2.713876669197393
2.072809580227136
2.282954911929447
1.572274390616514
2.468437962096844
1.740754648944954
1.640471521399126
1.791272774497914
1.21792861692182
0.8117496648748816
1.962569299201333
1.398520001724515
1.282030928953781
0.9858710636366759
1.075248019720124
2.426746694658403
1.362781802125781
1.286293351564497
0.9414046550517806
2.281243665631479
0.9338737947505676
0.5234836486116758
1.828070250246823
1.32421169627091
1.599362711584022
0.7907779169895056
1.485006670635422
2.429178405390319
1.379935068167857
0.9424810199703422
2.40444960262308
1.597181835852634
1.878099299995656
1.509335562912212
2.646288520221793
1.834328401063984
2.178561541347892
2.700994224791811
2.261890057718371
0.9574870564254764
0.6967136707878712
1.632630782966278
2.353211787748197
1.071173968541015
1.162808900077331
1.047227689557245
1.594992992221709
0.8161587523975617
1.174343071140642
1.135556698488295
1.840898745460847
0.7563978775954425
1.961342736698067
1.98120246881239
2.907855535703804
1.163492833704045
1.554785700443116
1.293792566641469
0.7935250930961285
1.274560885991067
2.16736425782328
1.509189469948055
0.7733740863553256
1.18234327732191
0.7289415116136387
1.309053724325297
1.097990505615277
1.930374596790882
1.892006255964988
1.287352262123514
1.231705533948184
1.542339841405351
1.814586710653709
2.187210474314448
2.512687716141392
1.175670565315689
2.24054054892816
1.664072613579345
2.167514789855904
0.7118896936295868
2.255575900194546
1.887862184584817
1.230395113049717
2.327104532389153
1.031496400004858
1.099161090400214
1.65718131501809
1.875199344230509
0.7592527296040865
0.4649430754545267
1.595824673274589
1.455028036177015
1.253943909203349
1.54752574599362
1.825661334037462
0.7003647541364439
0.6245300363839976
1.642453430526377
2.122128340979704
1.22539572882404
1.560647052299241
2.402246093816208
0.5223438937181567
1.75729204676716
0.7779968274278667
2.237966244139628
1.113744635485243
1.620749564283767
1.837615474716115
2.237017798971486
1.937145767667617
1.922893264829476
2.126826046440007
0.9843266029118125
1.16437223312989
2.263130762262699
1.678010800829472
1.567206081472208
1.129865397760693
1.554987626785125
1.048982684219165
1.630590658684897
2.076150646462051
1.262542410378348
1.361838938502654
0.5878967452133683
1.038278625250361
2.231535538945876
0.9361210967211204
1.651504026297951
1.255005143922352
1.554304504739938
2.100272347949617
1.340879675826645
1.756468262622718
0.860478563599401
1.921902968991755
1.357264126188584
2.189910677887724
1.664677820389569
2.369830303924516
1.82481076440407
2.285622379575153
0.7147860640914573
0.7868084339940448
1.336567657560368
2.32251931111849
2.037097593793435
1.220571637128171
2.600030611196078
1.900413807768055
1.176208710226955
1.419401358216593
0.3433473454838647
0.5033966100373504
1.191618521697948
1.952416903662281
1.706040884046907
1.872180711566519
1.806150594069929
1.181776565449314
1.904546159754472
1.955840357174496
1.637194167176586
0.8969031738103433
1.924140398369524
2.065395367597759
1.603558164370429
2.185338120303099
0.7731711995767161
1.884288610037884
1.566601611170318
1.003339452886605
1.62092002021455
2.821116583276202
2.094131510626087
2.097314112339474
1.680466453642842
2.374841227796602
2.384462272985974
2.073740981573726
1.816887706074249
2.111015412903906
1.256200643071595
1.935017096151913
1.018393152807278
0.4179228621981291
1.222732073666377
1.071927400128579
1.503008766377407
0.68402251453487
2.297865439795233
1.206093188444551
1.749531509976399
1.326747873852867
1.220652814041301
1.325104600516795
2.74336057828264
1.487644655775094
1.592673007137849
0.8579949694839828
2.022442485864337
0.9082495480527342
2.505948086666457
1.389157181481183
1.364280338862277
2.198656733092976
1.949177751114828
2.823578506680193
1.451565735960791
1.456520562622095
0.5187033263449847
2.077215244139068
1.681335875755173
0.9584638376890906
1.461998993749404
1.583547316886962
0.9494466827858808
1.148507737940255
1.377427527730535
2.603707285337245
1.7748669244728
1.671832359531122
2.612310558180873
1.770404864412884
1.951362307083919
0.9529474594070099
1.545475515681678
2.202781481623141
2.097872453070548
1.016460186201043
1.627390014636572
1.371168997005477
1.256393660341378
1.453804914340799
1.24313695178533
0.271716217826641
1.887084821934692
2.248606194879831
1.400612601120381
2.15847619485145
1.118129074002636
1.377846713570254
1.401646576010146
0.7077124825719713
1.919073137154482
1.631505501630882
1.577025616053215
1.44793617197063
0.7288300063698357
1.500269040299949
1.777449446183167
0.6888513759453588
1.288182982640594
1.134836247433409
2.262436187445239
0.826834342989805
2.928019880315403
1.199570429218714
1.429218046764771
1.397758883944264
1.784364144736973
0.2404973624324769
0.341519408246918
1.76567185871179
1.651102539398333
1.648150263407804
1.818489458239881
1.30274177936565
1.502318767134082
1.91414167257386
1.826973499758261
2.333517242953065
2.305179032857025
1.267015557966038
2.128940522442326
0.7980850550916413
1.01457131496623
1.326048993933841
1.252615473516779
0.4892074024687409
1.339271700416463
2.055491554222243
1.307749054326167
1.171796938549192
1.716333711889997
1.769715111914486
2.010237862696584
1.294759219734095
1.155736341621198
1.885136012071809
0.9259002134857688
2.234464792128908
0.6738374544767818
1.86147627565868
1.958817800207039
0.6099647762027192
1.556844718862772
1.938730076697279
2.70872806043581
0.7588403008551724
2.981346130927951
1.120028952943121
2.225756552765251
2.688663543776868
1.571898151237902
1.605553373920352
1.325296881475426
1.890949976855275
1.667609704458798
0.6978138573662509
0.9070696983718456
1.778826094757311
1.118950961885542
1.022185057108469
1.498071692154777
0.6304391233404951
1.607296269010291
1.929513071451728
1.153082929332934
0.7075090859592534
1.305374177800673
1.748778530792297
1.816300615720107
1.391778514948066
1.93678077196266
1.491470293179746
1.802147364137125
0.8286670739172148
2.121439000482011
1.248551216558868
2.029747754432731
1.761659216798531
1.076174892536795
1.141758841471667
1.474184410580755
1.998602121364009
1.959754542216401
3.047675145003572
2.566834591208357
2.215881520214274
1.69192703784362
1.963419015016073
1.177990843572241
0.7326580527045087
2.245004437375126
0.4823960880365032
1.931034621462485
2.032918944024445
1.523481621114729
1.110826506680314
1.636796314268921
2.066502926128092
1.182356906637928
1.744124534552881
1.769322810636478
0.8433120006163023
1.410840994649538
0.9869633922557111
1.967131705859676
1.410580448204232
1.649664118150823
1.31360454361793
2.627817645274217
1.460533956226612
2.50858221157729
1.308882606625796
2.084926878386643
1.828422966340371
1.485470739136998
2.378450410347278
0.8556492879854374
1.890804149677932
2.417771239237299
1.870516396632312
0.8218170262619078
1.524481157546856
0.7908527911330734
2.147226137697424
2.81771874151925
1.05307363091491
0.7090337622654321
0.4601300495958112
2.064033617147629
1.168382715159588
1.902284460138555
1.848815113346436
2.692139278055135
2.134867109805419
2.445359947070608
0.7104155410643489
0.9922452667458646
0.6296420600402305
1.209736375429033
1.588929323598879
