d = 67, symClass = C
5.23263432586973

0.5465444542579579
2.43496801641031
2.569511826115997
1.587840612264614
1.744079874691948
2.055016523038686
0.7719375234998836
1.419462410085802
1.156304885502404
0.9725982584153683
1.570796326898173
2.454165579160911
1.884679605834666
0.629660019810987
1.999622571394317
1.039434663582097
1.835363124406827
0.7691563048502882
0.7765569247017976
1.675233428735148
1.735580043757049
1.683159670143003
1.213017504019051
1.919165912660015
1.130039842756361
1.100859098189982
0.6348878669456993
1.104578279969468
2.050024285516281
0.9999446732111977
0.9047746153014748
1.250754833003571
1.464398499888367
2.672629199967637
1.760525710506127
1.842818214749205
2.261862487799702
1.464329786401384
1.661683378784642
2.732351157744981
1.563272678969091
0.2359619415398872
1.453573421828878
1.775569180688349
2.648903937086712
1.4986601733623
2.146162541898367
1.208853202057803
0.7760873372042557
1.337064751502527
1.881187073231913
1.45757812170157
2.267380613439177
1.643025529122294
1.231980921187547
1.35945066417591
1.000671445988146
1.606559283684212
1.726853158250532
1.726134263331071
0.9433563779287726
1.323491546590893
2.137634305150125
2.153415785175605
1.6118504626179
0.8959226934727189
1.259059177840026
1.329988509919546
2.264618615260412
1.182498794790042
2.197786347493602
1.416313579046399
2.295258059217657
1.407311888109368
0.8436679753706042
1.934429948723907
1.858198038440183
1.579212415837151
1.799657323600691
1.448040743626021
1.281147880745312
1.271785957145676
1.425316308612609
1.784721079424576
1.71672347593741
1.402760694676368
2.076433902571988
1.026283175587112
1.979813086971183
1.691111278657319
1.850185207472508
0.2638522845691449
1.397847076113496
1.942844646797546
2.71266538468404
0.8911228620786827
1.953473128941964
0.7177372256758499
1.782550556446215
2.651636594692043
2.11153216067681
1.618452063681633
1.40590645057243
1.885768358451133
1.832301202053216
1.194903127298316
1.326845151368153
1.85845946913588
1.570368432459851
0.6353945261467135
2.437641074443806
1.288411647539381
1.791179463166377
1.722223609787982
0.3671374913361205
1.793349175422585
1.278672166641658
1.843376936544775
2.019979662342534
0.6274226138774651
1.14602643753852
1.457650855194283
1.563926989593177
1.43392965896904
0.6049940047173825
1.284281517125484
1.821336429288437
2.636319991566077
2.377484648281912
0.8806637150303956
0.6363367138148479
1.728047096667412
1.318336692816437
1.313787099154836
1.205945875521546
0.9015929005718339
1.270783640817579
2.579262706226733
2.043713242556162
2.232813546103577
2.404066449809428
2.66954947094833
2.199111322012595
0.2144362838742628
1.192422816618744
1.549129244496107
1.612587314174151
1.745398092758468
0.9952873319598092
1.051150501093983
0.3935600983548823
1.212100657427577
0.9138739837252702
1.896605096537413
1.233985356445888
1.409171524514767
1.571348525732133
1.91801952037768
1.310282687839285
1.75962509300039
2.354826185517718
1.038865728711658
1.799143309323725
0.5145262191840808
1.890273759227266
2.260047479799308
2.334200481669521
1.07059197100574
0.7722975039225959
1.108743398919625
2.400267904980656
1.677189344531646
1.878201310570774
1.271982036954953
1.322007375672691
2.250282216963336
1.511594440733807
0.86565951635667
1.309267840545098
2.272876377302353
2.106609310351548
2.256829178805024
0.2771723280688039
1.609604721452314
1.243538210646127
1.325628609294649
1.442171359666544
1.667854015546342
2.010855238856598
2.461377001945691
1.027643647151122
1.983999256515481
2.729632783700752
1.519208991285596
1.734076191757993
0.5780942317500106
1.481053669873118
0.8653506672418165
1.541864225816447
1.815405205823507
1.303673648304394
2.062867767305345
0.7941254435184686
1.163243015038399
1.456458142676418
1.014196750238594
0.8199944989596494
1.138843609637264
1.154017217449981
1.906460974283398
1.26001172559375
1.84891803936465
1.225208905033234
1.229684191427233
2.906680773772442
2.188584548623234
0.954126857907254
0.8199876593397661
1.664695211834706
2.751822798188999
1.659190249092933
0.7728192130970511
2.37786567486047
1.371980430002985
0.7180976906084153
1.582716986904916
1.07247318413297
1.556493243890498
1.331492292845115
2.171725273933244
1.197144287390897
1.653839712695704
1.505027559513001
0.8982549522390968
1.236134850008386
2.183258237923583
1.932421092520771
2.146038445145944
1.641265895562559
2.100212763760732
1.752750386620931
1.78180379672807
1.41538396465697
1.946885031463728
1.311508022937527
1.528550054668981
1.85643362300735
2.469261787662773
1.208261614593864
2.20163043098514
1.242368897059121
0.4783619191704067
2.203157729762864
0.7489809366055302
0.6280397925487969
1.988781478955312
0.6644110386184242
0.9305065358180392
1.94884899195678
1.229536551188149
1.84107882917284
1.272557462704048
0.6473365409408999
1.947726367915205
0.7572635537351372
2.174862394845297
2.119363763840818
0.8271780515240287
1.677766623109253
1.299181671645097
1.401742136717568
1.014090104734693
0.8970938048284185
1.002980806758902
2.48474730729197
2.36844270608564
1.879261119239423
1.739421165305328
1.862039088564455
0.8850658408183834
1.743977514348275
1.320059675409807
1.034052873226428
2.260766161906285
2.289260408149259
0.6059948056406642
0.9657443710291644
1.36159529302654
1.783120686839354
1.60360539330141
1.969152796533595
0.7231397865555554
0.9569343147243339
1.442223963012074
0.2483451119474684
1.051544329827226
0.7906552408622458
1.374037494662145
1.225018081282265
0.4651303364313759
1.158800474575137
0.7740515945760931
2.146249602538306
1.514377800426243
1.501115397487661
0.8909742844897776
1.88185727707852
1.538701453497595
1.344420048390471
1.58290612892395
2.48053960273594
2.394197505763278
2.394787549404387
1.439041497427191
1.994632353828467
2.740161909284571
0.6299922958632531
0.6396480480296167
1.271273783536227
1.863094317263125
2.166741839656967
1.684276894696077
2.241952577662505
2.255935747402883
2.274703130092975
1.326452499860427
0.8376800184598128
1.505454064090711
2.102795814008545
1.716498668999987
2.117059916836297
1.887329775827849
1.355830557148745
2.467745551591567
1.56048587604146
1.474716473972731
1.145103113169886
0.9332909551110798
1.47078638180476
1.723905613675765
0.7684089100923228
1.17360534025279
1.662514411333049
0.6268596301255048
2.16390827722734
2.710078855364366
0.2755229357460829
1.239395901377446
1.567691800564531
1.162128280868223
1.791646366155309
0.7065042172192979
1.38439187778627
1.834183207398091
2.469791416034442
1.528556714899223
1.066608147418674
2.623764415198241
2.112963549848494
0.7199580875731001
1.773937307175622
1.563506437015745
0.768604005765557
1.951029922062725
1.601152842516977
1.460976012888803
1.847960492564401
1.666925930687607
1.849386832987399
1.951737653179485
0.961114523119925
1.753065831123499
1.695893058239392
1.802557749938345
1.778613545269259
1.202155728535557
0.7223500445613803
1.211908468394887
1.920167406543166
2.454772303836256
1.336253938160713
1.603881339118404
1.335382106213082
1.286680131286561
2.118191810427781
1.196787657175658
1.334207558981103
1.655286646805997
2.443476836751064
2.071637000558355
2.415516969468509
2.208052269709304
0.6031790319294195
1.198568064434947
1.632121402824221
1.60243739581493
2.2200646388449
2.346020833523891
1.720205156439881
1.609926334224445
2.492732772270775
2.569486546445766
1.202877520962014
1.350639646604228
1.328056734333919
2.311087590471037
1.315602944408778
0.6656463029284732
0.8587003060547941
1.666990201876797
1.244420902726817
2.29860156264388
1.527231540436239
2.346525165881021
0.3645868812895356
1.92404409091099
0.4588517379466353
1.50174778793059
1.435415052871371
2.463805906301427
1.059102308905912
2.479460510188844
2.598005255754588
1.714318847303014
1.871547065878367
1.924502170509611
1.391870197216837
1.404131798711196
1.175124474544625
1.077240163665938
1.215202789281754
1.94580780394763
1.871487852469142
2.026108517192634
1.793554893319163
0.8662476128640726
2.699939791535049
1.118538206616525
1.521365819715016
1.641588140894709
2.334705689410125
1.606864975958138
0.5531181324789973
0.3866536642265396
1.192614983335182
1.602819052027229
1.826624948797754
1.193517730632497
1.40581761057945
1.441686677925072
2.082864727422987
1.698918084441153
2.073733660807751
0.4440361246978636
2.494227996650126
2.204060487089301
1.848994105700668
0.9075080709258673
2.156502326369136
1.703809748557242
1.695114982678976
1.577213932268594
1.854989345764619
2.52039152155947
1.015938573887272
2.629556474377095
1.833408059808291
1.471598329311623
1.917912937184215
1.405362244012782
0.9051143451149266
0.6956687773602908
0.3202985834567493
2.096358252683233
1.766581582779192
2.189230070867635
2.137141369734737
1.053322522835479
1.736366020929089
1.77924709230332
1.275292203115144
1.627865107825669
1.271689298849702
0.4860301379016894
1.332406214046105
1.056197857274741
0.6161005116613144
1.226349158589174
1.916749351418697
2.206451519543585
1.597647470659654
0.8206338496215376
1.092087021754858
2.393307088090426
1.609500012072467
0.9002840715451509
1.894870787774941
1.237517585782959
0.5724591477014018
1.314200534568373
0.8241568960104503
1.717145635309341
0.5966652361212914
1.68671197987653
1.312996475502558
1.917382717289499
1.941700904953646
2.045429661911546
2.513496520747205
2.992214750043271
2.556081539742972
0.9531559439225934
1.751448641342015
2.009232155430429
1.66519206323063
1.195849729809545
0.7593768114305589
2.019085322279689
2.003006403275161
2.404078443334823
0.9847039400780884
2.491662279846809
1.940145052051641
0.7986016390565196
2.282016602852293
0.9064319433552448
2.573914684478998
1.910717381928415
1.23652689781467
1.432911895686393
1.604974063688897
1.314508731885172
2.56347531552254
1.956920563399252
2.274243244284929
1.414519713315851
0.4152516724482764
1.273910567241452
1.565693336030145
1.053103240681155
2.489886076822898
1.518349187126575
2.263396467970199
0.9457896767213813
0.9335952515948299
1.271456852533867
1.807112411196284
0.9046426392297779
2.263639780294497
1.280637196136044
2.301185789606326
1.353030464551768
1.371914205644361
0.9400397640833952
1.167884921759735
1.837528995217224
2.11353477679254
1.143989689261957
0.2899409413311681
1.239808428711557
0.6720634289469239
2.228988862712906
2.701282991443986
1.814382441781629
1.488728666026009
1.782356304593297
1.805092487051201
0.5918049650199361
2.009158379549776
1.255469529271121
1.222408873889046
1.113832526399941
1.245002913907053
1.537139364986246
1.13978026801258
0.6728985578183511
2.027986277387936
0.5560347038820154
1.716686506059836
1.442243433752912
0.8168428091793302
2.090759337621508
0.5763855764388504
1.950705828766563
2.408881875582057
0.9096642555404846
2.105522964910229
1.622554345391048
1.524282248289058
2.712958065167494
1.855487572332823
1.384033160654873
1.459947792469033
0.8432931449750418
1.421826056392298
1.01120066489793
2.14847990446113
2.659473882901536
0.5993317486595139
1.760593092683909
2.376281211252156
1.318086334640615
1.695727616192059
1.410132613222929
1.355572696925985
2.472744103563562
0.5461397996639885
1.441240626472964
1.319444768600556
1.87575074974391
1.302822474782129
1.049618398826722
2.023063334568256
1.57112454845445
2.108921651992686
1.776947113459556
1.974730991563283
0.9979137754092315
1.938853239411496
2.5832391903235
1.933072074617968
1.267717459063436
1.242486561782508
0.3929610913625198
1.194167218053353
1.773264129811047
1.368981176517423
0.8591728584068145
0.8132152562643186
1.301092395628794
1.661947648853894
1.457310320629067
1.193065950365972
1.267412477381697
1.469344343674821
1.655682079059055
1.222607950127077
0.4809482560343376
1.789161578113017
0.02644286921152299
1.843718076614998
2.174428619361878
1.454695365601758
1.559515966829678
0.6761376146054744
0.7986033084743749
1.65670279893493
1.823182698645012
2.183917932478929
2.657701065222609
0.7189884722255286
1.274944586734573
2.541759312051921
2.131188637343075
0.7738134364918793
1.860881048968865
2.35864014199145
0.7928998418089929
1.776721575004254
1.394073109119564
1.629467154013902
1.377472261326613
0.878942881110484
1.091843224684326
1.174312438733849
1.160235886025289
2.160970047488969
1.214297503416632
1.139040624966193
2.714356169598903
2.583097605839248
2.256338745103362
1.593773306341489
1.781003498956053
1.271898366143661
0.3698975422376872
1.930110784752611
2.018091741969664
1.680317570377938
0.3464495547421693
1.82204615308394
1.772884813297193
0.7749351207538899
1.250431172605741
1.326845479939261
1.538908127705285
1.224102913056596
1.649353840068798
1.656913169393063
1.790613694430691
1.307254543032552
1.747533601287485
0.6530211744113845
1.416898516336767
2.11567628684634
