d = 67, symClass = C
6.426726401605489

2.20091525248044
1.85742437366948
1.977971191250548
1.448989773363252
1.637234576909324
1.483548518453849
1.496731401142733
1.401103390072494
2.544808686636939
1.416376865830711
1.570796326258743
2.052945106598731
1.962454845960256
1.854534739350585
1.381015151097563
1.228517801967999
1.567936553969966
1.135423652786404
1.20589768042311
1.522845376152465
1.019380407479422
1.433100217543833
1.853399452826322
1.563831322759094
1.044740644843152
1.856322620510438
0.9432315914941518
1.076564822546218
1.414944859924727
1.307263769520263
1.731270124052939
1.364018025479187
1.351787180009964
1.440218050434859
1.192718705944759
1.505360175573123
1.515761244919274
1.772999101759365
2.207909055460508
1.671238530914238
2.348367803296923
2.156156803168336
1.653002135598559
1.147528741672676
1.552292113578271
1.478407821893977
1.692204095656607
1.618670385672371
1.501686543040886
2.088820664126228
2.284845705921683
1.209065067562815
1.730328821722946
1.183595624037191
0.9919768414831427
1.765872060745991
2.162906383515852
1.257662161473644
1.864828086350534
1.22244232244454
1.70069042540445
1.829495210905422
1.865522295939634
1.667567976019824
1.457004236459267
1.360145824328098
2.196064100591687
1.34642019777396
1.539872960442885
1.982314101606647
1.412792309994585
1.408464390293179
2.073749073168814
1.521661241681275
1.37633964706619
1.969815823532577
1.506067631052322
1.910560214397787
0.6909524302614276
1.467067421105082
1.654475059191259
2.131918717046045
1.474421863910673
1.555675602198426
1.543957911873588
1.411354243706415
1.231266645040043
1.822448891967525
1.446167400323172
1.31991669668162
0.9880401244717325
2.672287035306348
2.005039197160663
0.7775869316710631
2.31515127588971
1.898317318399177
1.096292811463698
1.212735843408472
1.697109605893331
1.239819970334104
1.327012641890792
1.824085640737328
1.82696478177589
1.802570425829333
1.780517865056759
1.751230883544688
2.06866740811771
1.584993397918133
2.001594448065502
1.723267795373586
1.082768648158698
2.234399421075604
1.537375917733248
1.938555702780443
1.54556628709068
1.751717999184393
1.42233981111435
1.040938893145561
1.788396328346679
1.664740923957166
1.20473300716836
1.374359818680786
1.87874744299287
1.10071207755332
1.919745735879837
1.031903620228093
1.898578934059805
1.530092335166786
1.670603002990413
1.653927246691909
1.56712594139186
1.86249227874272
1.403804364355794
1.508900405154326
0.9635660514631952
1.536096872787972
1.224359031153252
1.492076989222421
1.255442906466352
1.261244047674102
0.7862534834797341
1.440200152638408
1.771461150402169
2.126743037340924
1.52739813648885
1.399586916722258
0.7364763562758683
1.302099875546547
1.454820380808393
1.289500837118442
0.9564685728699623
1.402979471278374
1.508048773083114
2.192839580064523
1.393601975833154
1.394494852071626
1.737964491548429
1.091015043011657
1.827446356534172
1.082096116159869
1.698732665757477
1.341989234044696
2.159625885754169
1.577081763648557
1.810480556528165
1.420388073569649
2.093771292978957
1.488228996175522
1.079995676391933
1.695526841915796
1.811490495504941
1.319565656861118
1.91170697646629
1.093871741241732
1.439146761619842
1.904898610856253
2.576032246730806
0.7900350773096062
1.189863910508441
2.006778554874053
0.5762103908349709
1.798661812785696
1.683543504034163
1.614735614855154
1.378647695810428
1.785921598019537
1.600844990672903
1.308424997541918
1.346508375181101
1.940405154002541
2.234522445244417
0.9785179408305972
0.9393195313236988
1.405156828715641
1.744601798188999
1.136247930115007
1.059542704568855
1.876100066649679
1.588594631055865
2.139736731611826
1.152493568111285
2.00266206443104
1.484779181763387
1.635939006175406
0.9255888004676575
1.117503187275259
1.336100575922761
1.738886080187203
1.999771669111551
1.337463336999007
1.675058789849693
1.313348035554827
1.549418480539138
1.768408703208763
1.491496440677206
1.601116612930569
1.456174294999107
1.453781977518984
1.643609702936253
1.502380930687952
1.711543178407688
1.564263822117753
1.140020149235121
1.272520224266255
1.569944965260348
1.583068421053118
1.872251077094892
1.101886106248321
1.940495025293919
1.426483878393416
0.8147023204565895
1.644289843997197
1.432716299507207
1.40973401372126
1.968180872908304
2.151302983777933
1.18052959035626
1.401337866561899
1.766574130706479
1.150002836324922
1.398110975475072
1.552948337150019
1.619423126691933
2.013743342596605
1.554849518258334
1.02405420392005
2.174761094692687
1.623753727964296
2.16336940226729
1.537495429789641
1.331298370160618
1.386829127379528
1.613097352765805
1.695887976672806
2.030227301047809
2.067873435822057
1.948094902035967
2.371054802313951
1.524246576444339
1.566515798205889
1.349351901207287
1.176117622983449
1.605732025673317
1.344939159168957
1.828723939964155
1.713912252209892
1.981432241621155
1.857099523169807
1.103374367086175
1.32274437605998
2.033126277797618
1.460806993845294
1.386252141933136
1.312044397810836
2.060478211749458
1.514263352818275
1.584600801669689
2.03808466553886
1.763849561781676
1.518685296520388
1.529775229179825
0.8282560103365249
0.5267319650471056
1.917166017037024
1.523182431716622
1.551061383207531
1.174371735931904
1.248247220285919
2.152064365967509
1.528094066191622
1.554382760169232
2.052214547455535
1.896114194165812
1.939816336176604
1.799052855923946
1.194852942774716
1.486861085656568
1.800279397546355
1.393382064752923
1.150354175184243
1.735027435858626
1.942245044473572
2.289036433933222
1.854344257559325
1.152717178024563
1.340878083529012
1.094470207105938
1.786997427725268
2.023954159072887
1.438969003129985
1.72256899054452
1.36039055876164
1.207772580846876
2.088934010043686
2.319273884250938
1.040848810349394
1.303461448538088
1.111506332427399
1.53291584910506
1.318455196236221
2.634475497977885
1.00841797518743
1.418188239238568
1.674044533978262
1.645090621336826
1.473092308540036
1.128765192221342
1.573981968685002
1.742507455601069
1.340407816307956
1.767251988138214
1.957352786718935
1.566944837752292
1.472264598047809
1.738335188829764
1.464596960796896
1.426727682246866
1.378144116512579
1.345435185707327
1.495716403864834
1.548539448901541
1.115496145238223
1.775616583808422
1.414920650901271
0.5545604959861301
1.496086948166716
1.472123470300971
1.033540066122239
1.925902591447269
2.146185450046716
2.555287949110284
1.675716284982077
1.781658811936799
0.9704705018121703
2.30153559724807
0.6776752170216901
1.674453333432627
1.126771673775234
1.291410725295278
1.970672147451012
1.545352533252139
0.8035261886062025
1.804503061972777
2.013807963953835
1.635438467013598
1.731964815870241
1.530310959244585
1.75419713942198
1.521413310519233
1.485680585088394
1.621329752823416
1.224964292581334
1.089151646316058
1.877794305928922
1.726044004921571
1.992202865383707
1.31133643287871
1.295202198003754
1.426506009698904
1.818426675566026
1.689521680558481
1.613128871936607
1.185552056419461
1.600415702860971
1.205585066510557
1.261803787228246
1.693627738244994
1.951018815138521
1.171766145964205
1.610345585682287
2.453786984672617
1.659105835159359
1.721522304905521
1.723056767185059
1.117556481175291
1.39987730912941
0.8459376661951232
1.950137547839935
1.132423261379298
1.515473052066613
1.694564331026319
1.247114650140623
2.231023366265531
1.16924550825133
0.4069557138232623
1.226580143852124
1.338195186347521
1.646955175128708
1.888613873089708
1.131239993916406
1.010877550141591
1.065710392803851
1.657885183343607
1.823603433891738
2.245441857447993
1.232362365558254
2.138942214425627
1.850913633001486
2.052758870573876
1.634498375033403
1.660453949088358
1.352604907143428
1.703638421816381
1.152537608935144
1.461085817206596
1.882063425730255
1.65522042278111
1.999207044421349
1.529390857860144
1.990937570257113
1.580702413409385
1.219947974163754
1.128646560973316
1.972736511696169
1.649962384783681
1.360764750980237
2.108347891973394
1.287568890209633
1.8766770150153
1.558110715749839
1.590524596696959
1.898803899153747
1.083994155841215
0.8974509291741772
1.020628979148288
1.716852707491642
1.572857313584123
1.862333207753218
2.02747707292656
2.197344156825845
1.285549153004549
1.510190864847128
1.713979720131322
1.618107290585615
1.575390600897519
1.292316121900016
1.537546662007916
1.166417839498535
1.540886760796627
2.142860789653637
2.239217975498471
1.40464893428715
1.255362647171921
1.782335879984353
1.236804911201846
2.182558734969438
1.281741259139314
1.86836165401832
1.332165253104745
1.276123315189651
1.840246548969294
1.583132431248159
1.398376116904188
0.9508850908725573
2.076212246232932
1.647363406925167
1.2391230293567
1.589269675891524
2.025693042720627
1.175923815082077
1.297421803332799
0.4979164199157552
1.646215348885816
2.631322549661502
1.70473487890468
2.495111359148087
1.238842459799901
1.426502000382577
1.899165775485639
1.138218050899836
1.634829303881526
1.350299926285304
1.855950351755797
1.709395218803247
1.835644535424573
1.669223156174343
1.482316640587714
1.599084946626266
1.699348060519145
1.213759323190802
2.112909221258987
1.770921058623037
1.981554356305953
1.38300221517202
1.653335873474154
1.066025344491903
1.469155664228909
1.697181621533529
1.88799780659846
1.290529530944325
1.778513883038258
1.706458603230865
2.102807794139208
1.753381136451733
1.796749837521908
1.687285887289125
1.140835784080323
1.302308337121432
1.600777283237035
2.085045663544133
1.047618204306083
2.22983883284312
1.873596160533291
1.063605505568049
1.77627934277202
1.332943085514736
1.313029255220728
1.413647092480027
1.214008765894893
1.064775617617839
2.291431708208322
1.695325389038378
1.886620872849994
1.919792086519242
1.212755138088764
1.68719659588938
2.242379569363456
1.517917896516433
1.951410759392294
0.7700923532013429
1.025902663583494
1.390402947098281
1.805308336715595
2.12414172474764
2.213188837519474
1.192742525064132
1.519798679766108
1.870995698017183
1.658881725090408
1.606499280752875
1.70716821782212
1.669977363233405
1.68730287189704
1.628938558538831
1.421404978915694
1.549255980383664
1.787016827371714
1.39212129134678
1.405454397899618
1.181092139272767
1.198645727346771
1.037663345378257
1.184646403018793
1.661057438590086
1.555990112558573
1.093854503803365
1.403102493252456
1.397686563011393
1.313513488304078
1.697653519316435
1.385722976786971
2.352290051324542
1.959278110749273
1.215555715738227
1.826084967458001
1.349628600087305
1.454869694479624
1.639345046013988
1.857583370958632
2.10556529453163
1.319499947361253
1.640983273107961
1.303748902841931
2.050594326448902
1.072513535970722
0.9308762702434393
1.127147150893336
1.915461087450197
1.631032515579482
1.127304738842451
1.724370424308233
1.487731605228291
2.584650418413372
0.9995478673557801
0.8547893390505137
1.663837590082359
0.9152216078079367
1.208752455133456
1.239838455489855
2.357683975476883
1.757936478584881
1.3968452154956
1.737658766589707
1.559795495805185
1.120729882436821
0.7747114625816753
1.722699896162029
1.522644628054847
1.688868542473428
1.64100051436165
1.14094151530909
1.316053539362828
0.8994865143311527
0.9991022623181027
1.346240535121981
1.108327250778716
1.362988844143849
2.171512893885935
0.9591947291383626
1.452059802361182
2.258370802444858
0.9238048146056077
1.205674462756928
1.042763219616768
2.160720459074934
1.3183980526525
1.061725433336388
1.627758082573218
1.349032970663377
1.837108456564871
1.768807282871535
1.640121936088081
1.426193059034828
1.182747558525507
1.639874676848424
1.535080253753149
0.9703946329380357
1.539049486824185
1.858799940111178
1.941986635252732
1.454379844189923
1.275553381860116
1.53111819442344
0.9155253262411053
1.583633736264741
1.803729934390131
1.82273259640955
1.873239980247326
2.269064692611499
1.636052419621706
1.419623753554532
1.4725359082324
1.286092606929115
1.318699010072175
0.807518310861435
1.537271690115223
1.605540599027707
1.928771419515848
1.847109754984247
1.899189362123537
1.689990247449037
0.9340928982717046
1.031795471026678
1.990885008035985
1.290276453797031
1.656526059628143
1.279098138909822
0.7750333235443384
1.942338933140561
0.9623747847439091
1.876498875537676
1.836863139705913
1.864173390099609
1.377237466092741
1.593650176203631
1.672630988222247
1.625575939002692
1.671416941091636
1.128725527360488
1.136701970676282
1.465178973613194
0.7079187210647724
1.556741740529501
1.840954157426528
1.85310156432691
1.489771907248763
1.457702426412327
1.599326439157838
2.120625748327961
1.639251688705195
2.358904590353853
1.17538822862788
1.447188926565586
1.840743207945094
1.008724936132636
1.651121375491779
1.265333443815118
0.869615050001837
1.487783086399322
1.519524666204823
1.005036920924218
1.732811355262636
1.475537886547867
1.51776781889539
2.015264706278947
1.664373793379081
1.770115407624931
1.409867814010688
1.814935307335027
1.304665480241817
1.527402409079171
2.181011331741753
1.182966769494742
1.545381992733114
1.24301141828434
0.9448297732726212
1.484383536832725
1.803740326517401
2.248281461597818
1.160003424604618
1.122300377653081
2.109728762035309
1.352475356568275
1.768966141072313
1.237632344599447
1.193504976699268
1.046164012313758
0.9026250337035828
1.352087968174238
2.022251422259664
0.9215476807761283
1.623465397689248
1.450936215370633
1.714854892112174
2.021576455796113
1.214657361545012
1.901266841998492
1.215985638658817
1.634104588207605
1.604727462081742
2.434466333519436
1.23639962566808
1.959291422705671
2.002801403521902
2.279600979442654
1.555442157345814
0.7911349385804832
1.504487371072212
2.237278942678635
0.9959539040387013
1.621924410927395
1.398836645181432
1.49849965921933
1.764317084066655
2.051689626825568
1.883156826015046
1.82757519534836
1.739307775521034
0.8941066571793789
1.339653512882556
1.508379990825626
1.029859892795465
2.162150152801788
1.588978358921713
1.401568467688813
2.250413496459927
1.484649164527089
2.00029220605995
1.335448127355611
1.496893549602006
2.066968379251093
1.01561654366634
1.247700065572259
2.057585895021436
1.267327077309739
