d = 163, symClass = C, D = 4.195312, Y = 0.06416852430943558
[4.699181943087158, 4.69920625607169], 4.699194621241639
1, 0, 1
2, 0, -4.155122249206944
3, 0, -0.7878508228673906
4, 0, -0.2162752821119723
5, 0, -1.160229523048492
6, 0, -0.09334941061339366
0, 1, -0.0220393360059849
1, 1, 0.896181951114793
2, 1, 0.4311330140054586
7, 0, -1.936550873214839
3, 1, -1.02559509528823
4, 1, -0.537256102742165
8, 0, -4.823833519146167
5, 1, -1.98592383932176
9, 0, -1.47151510282723
6, 1, 0.1920234723877562
7, 1, -2.207318009360291
10, 0, -3.525295819039998
8, 1, -1.031977103636294
11, 0, -2.537982081482832
9, 1, -0.189103246293917
12, 0, -1.717530812455546
10, 1, -1.462813219160264
-1, 2, 0.02483811022776151
0, 2, 3.263519495031429
1, 2, -0.3434894506667213
13, 0, -2.168279761993698
2, 2, 1.052433330924226
11, 1, 1.574396309461905
3, 2, 0.5710910632925874
4, 2, 0.6010461334733027
14, 0, -0.9135834770501546
12, 1, 1.540413955605917
5, 2, -0.3844201223958514
6, 2, 1.048347227367675
13, 1, -0.0742330527258722
15, 0, -0.4685025100010323
7, 2, 0.7420223494143816
8, 2, 2.18239686942324
14, 1, 1.285348082091171
16, 0, -2.028180005167918
9, 2, 2.483488583512727
15, 1, 0.2561132328330673
10, 2, -0.3109660672828938
17, 0, -0.8284982891304538
11, 2, -0.2472413652272857
16, 1, 2.169139679621058
18, 0, 2.51471672385225
12, 2, 4.173230115837019
17, 1, -1.427799920541264
13, 2, 0.4752033921718624
19, 0, -2.460830983043791
-1, 3, 1.713192809250597
0, 3, 1.17688402956639
1, 3, 1.266134649798905
2, 3, -0.5373194951962093
18, 1, -1.138683201480236
3, 3, 0.3789155725189136
14, 2, -1.340283782091454
4, 3, 1.101967579872337
20, 0, -1.169118273313567
5, 3, 0.7983723994924524
15, 2, 1.35811138017973
19, 1, -0.7984491279451051
6, 3, -0.3297687988132381
7, 3, -1.448104848821928
21, 0, -0.07885633702676165
16, 2, 2.474034593427074
8, 3, 0.6902286342225812
20, 1, -0.4304987938873389
9, 3, -0.03190140549701947
22, 0, -2.81806456093238
17, 2, -0.2349883978058316
10, 3, 1.660460482446083
21, 1, 1.184746171250473
11, 3, -2.454279618015415
18, 2, -1.949985036069407
23, 0, -2.654440373720097
22, 1, -0.5544556715286789
12, 3, 0.7496863144976859
19, 2, 0.4326781391300793
24, 0, -0.53006110697328
13, 3, -0.7445566941506665
23, 1, 1.679822570510976
20, 2, 2.54024228679423
14, 3, -1.622019335211423
25, 0, -1.302745014675262
15, 3, -0.136166318437263
24, 1, -0.5912845822115791
21, 2, 0.8542142850582963
-2, 4, -0.01643837897042939
-1, 4, -1.55899474279741
0, 4, 0.9815849194440143
1, 4, -2.742591670868803
2, 4, -1.389113018344002
16, 3, -0.1610110314898895
26, 0, -1.625555258048162
3, 4, -0.05800653064194534
4, 4, 2.022095767375493
25, 1, 1.892413482723879
22, 2, 0.7932969148192448
5, 4, -1.570329705088185
17, 3, 1.357524706855966
6, 4, -4.360994184470835
27, 0, 0.9319091876623204
7, 4, -0.6782302699302045
23, 2, 0.1444961342698871
26, 1, 0.7979575019829868
18, 3, 0.7191836073439798
8, 4, -0.5266618356136546
9, 4, 0.4212528688020298
28, 0, -2.837081943180732
19, 3, -0.2143812148977723
24, 2, 0.09409842125079555
10, 4, -2.758194581355442
27, 1, 0.8968696353591824
11, 4, -0.49852552661389
20, 3, 0.4200606904691202
25, 2, -1.293388594675593
29, 0, -1.776900643283674
12, 4, -2.110325179996388
28, 1, 0.6884902297976211
21, 3, 0.5502082853300692
13, 4, -0.8157480970122348
26, 2, 0.5234395489064416
30, 0, -0.5866381010416781
14, 4, -1.88761597205065
29, 1, -0.513171058469071
22, 3, 0.02549071299139391
15, 4, -0.1923906719543325
27, 2, 2.195176109993101
31, 0, -0.2734057475963868
23, 3, 1.656635189972908
30, 1, 0.7069251282001343
16, 4, -1.187567352842761
28, 2, 3.213005880445695
17, 4, 0.6434295194138689
24, 3, -0.07982095653663447
-2, 5, 1.793307539815479
-1, 5, 0.168895472187209
32, 0, -2.367479868029161
0, 5, -0.1416152929496809
1, 5, 0.3897440567649603
31, 1, 2.536867524173348
2, 5, -1.645658358239862
3, 5, 0.2580256277281618
18, 4, 1.323141056191034
4, 5, -2.200877768071527
29, 2, -1.719902909285322
25, 3, -1.024202537573425
5, 5, -0.1309025698962425
33, 0, -0.7312137964158169
6, 5, -1.104357500786083
19, 4, -1.28564642075436
32, 1, 0.9387157906935873
7, 5, 1.07384087148247
26, 3, 2.824682901385674
30, 2, -2.922427307192301
8, 5, 2.249954905367477
20, 4, -5.149866366623114
9, 5, 0.3062825667472208
34, 0, -3.883635038258791
33, 1, 1.95342717713623
10, 5, -0.349162296921188
27, 3, 4.696210026268646
21, 4, -2.338440871063764
31, 2, 2.255192749749662
11, 5, 4.695720099318858
35, 0, -5.398190358086898
22, 4, -4.876091491678436
12, 5, -1.931525206108712
34, 1, 7.050962747130719
28, 3, 3.630049675910012
32, 2, -0.8002879026759282
13, 5, -1.953957997819057
23, 4, 0.9700610097585637
14, 5, 3.248561074265643
36, 0, 3.379310660488487
29, 3, 2.931204804964817
35, 1, 2.369320434919364
33, 2, 2.645738911104994
15, 5, -1.719845859587006
24, 4, 0.947837576098984
30, 3, 0.07008704886209806
16, 5, -1.184933212128554
37, 0, -1.715661246106158
36, 1, 1.090203193544748
25, 4, 0.6237904620307998
34, 2, -2.034787370539774
17, 5, -1.081278273568318
31, 3, 3.815991267959208
26, 4, -1.488440074791915
18, 5, 0.4803807208710839
38, 0, -3.392491730094356
37, 1, 2.734737750608253
35, 2, 1.188479657789233
-3, 6, 0.04299918215286753
-2, 6, 0.4508438207171728
-1, 6, 1.572047186284688
0, 6, -0.6965916948017294
19, 5, 1.049269538780724
1, 6, 2.179976503724653
32, 3, 1.58155369993464
2, 6, -0.5070341362214189
27, 4, -1.091432671456497
3, 6, -0.6583305192951689
4, 6, 2.023559800442106
39, 0, -1.291606494049578
38, 1, -0.4116916581320504
20, 5, -0.03117161818446799
5, 6, 0.3792982868841324
36, 2, -2.323139634241727
6, 6, 0.3857224403762365
28, 4, -3.902446237502106
33, 3, 0.7299338577671739
7, 6, -0.5354148132285987
21, 5, -0.2815873310766355
8, 6, 1.958853856752931
40, 0, -3.050591826379014
39, 1, 0.4722470910659645
37, 2, 0.8627053284998758
9, 6, -0.09685243129343921
29, 4, 0.7610407974496801
22, 5, 0.851204485813717
34, 3, 1.212642415504954
10, 6, 2.714892394197491
11, 6, 0.9638024411580345
23, 5, -1.070971806773772
30, 4, -0.835162269829956
41, 0, -0.9394369397098785
40, 1, 0.5038359116878728
38, 2, -2.465737981225794
12, 6, 0.131170965988374
35, 3, 0.7824313843974416
24, 5, -0.2965878669451749
13, 6, 1.594318856940661
31, 4, 0.6022330031486095
14, 6, -3.543515516600564
41, 1, -0.7149688317384163
39, 2, 1.648777868209819
42, 0, -0.6579646449048616
36, 3, 0.1271630028336747
25, 5, -0.4599338865194867
15, 6, -0.9236672062508912
32, 4, -1.652977736421676
16, 6, 0.05927485845161352
26, 5, -0.4930500027362568
40, 2, -2.652998032842868
42, 1, 0.5954872978746294
43, 0, -0.09678746994307644
37, 3, 0.4218069069319071
17, 6, 1.803063639039846
33, 4, -0.277135336165909
27, 5, -1.063681486917214
18, 6, 0.06057243614537264
41, 2, 0.3054726356556686
38, 3, 0.7779917251139613
43, 1, -0.5750631458057824
44, 0, -4.357109041441819
34, 4, 2.235668378227388
28, 5, -0.9831770989971236
19, 6, -1.96032340571308
20, 6, 3.311462148204138
-3, 7, -1.015508638271228
-2, 7, 1.314129876220526
-1, 7, 1.591042691208037
39, 3, 0.09970340863316016
0, 7, 1.788143079202025
29, 5, -1.450777057523557
42, 2, 4.337454626650603
1, 7, -0.1457502838216238
44, 1, 0.432882135598874
35, 4, -1.211248683242278
45, 0, 1.22106168343204
2, 7, 0.866385240955623
3, 7, 0.02925350156480217
21, 6, -0.4029401474087558
4, 7, -0.6824329142084032
5, 7, -0.4600805294070188
30, 5, 1.143422777059002
6, 7, 0.4775873545379001
40, 3, 1.571667906143522
22, 6, -1.801267299003406
36, 4, -2.152789175991585
43, 2, -1.437730197655104
7, 7, 0.7280374487635958
45, 1, 0.5099957827118757
46, 0, 0.04398143225878313
8, 7, 2.192878081797519
31, 5, -0.6492873503599855
23, 6, -0.1809381494621952
9, 7, 0.3633647626427435
41, 3, 1.143909145530044
37, 4, -0.9641389778325696
10, 7, 1.654314807919959
44, 2, -2.362668028030758
24, 6, -0.0006388981675940524
46, 1, -1.146299698465928
11, 7, 1.484177361720905
47, 0, 0.02414129862245644
32, 5, -0.370800220991296
12, 7, -0.3509786686152441
25, 6, 2.00442569929671
38, 4, -4.511394398964186
42, 3, -0.4091455932297408
13, 7, 0.7434473441622035
45, 2, 0.0851178747444644
33, 5, -0.2927405193950973
47, 1, -0.7627754833506707
14, 7, 0.4734364136908837
48, 0, -2.045735694940043
26, 6, 1.590327195262587
39, 4, 1.631998670944993
15, 7, -0.01320315873213691
43, 3, 0.478370711332413
34, 5, -3.505286630956102
27, 6, -0.4359655816941081
46, 2, -0.1311326799678085
16, 7, 1.171550884856103
48, 1, 1.8150819396413
49, 0, -0.9998814619073476
40, 4, -2.835639935368905
17, 7, 2.969403278555971
35, 5, -1.64361888162241
28, 6, -3.069408299307167
44, 3, 0.9516786983469905
18, 7, -0.04033624643712123
47, 2, 1.65776866798869
49, 1, 0.2959616206911849
29, 6, 0.2047556455586932
50, 0, 0.4708304276828328
41, 4, -0.1622175161003661
36, 5, -0.6812687218452887
19, 7, 2.836602864213166
45, 3, 0.06671512372814406
20, 7, -1.050851278212159
30, 6, -0.8725452349155347
48, 2, -3.254926291575177
37, 5, 0.6153038894394623
42, 4, -2.526276011391654
50, 1, 0.900408263308821
21, 7, -0.1787996230707093
51, 0, -0.314787964917705
-4, 8, -0.07139096735015854
-3, 8, -0.1023968526508235
-2, 8, -2.782281327807908
-1, 8, 1.354084151791644
46, 3, -0.7190608966814297
31, 6, 1.084331012094612
0, 8, 3.823031517072224
1, 8, -1.824295090833085
2, 8, -2.168557898442742
22, 7, 0.205924356749894
3, 8, -0.8908604372410861
38, 5, -1.605503703787299
49, 2, 0.645529035313845
4, 8, 0.302536773088857
43, 4, -1.247909508961321
5, 8, -0.01902322145202689
32, 6, -1.038187432167978
51, 1, -1.06100009189756
23, 7, -0.9389008886824899
52, 0, -3.808441789816476
6, 8, -0.5066915202723667
47, 3, 1.141554921298128
7, 8, 0.2153006926626697
39, 5, -0.1789001046150463
8, 8, 2.130105136527374
24, 7, -0.8805499014311748
33, 6, -0.381862041077288
50, 2, 3.390633751902072
44, 4, 3.708928592578957
9, 8, 0.792657869014913
52, 1, 1.37890708217513
10, 8, -0.7523328072499718
53, 0, 0.1857882446667411
25, 7, -0.2621050001068549
48, 3, 0.05055822714593889
40, 5, -0.5256500231289425
11, 8, -0.505228904628512
34, 6, 3.013889889208099
45, 4, 0.5029228326454125
12, 8, -0.416621601051771
51, 2, 0.4833430834262179
26, 7, 0.1816931031463689
13, 8, 2.65906972346089
53, 1, 1.744873605268008
41, 5, 0.6489432447873164
35, 6, -1.694522337636381
54, 0, 0.1161294395326035
49, 3, 0.09672385474457154
27, 7, -0.6506407337121065
14, 8, 3.046802658762583
46, 4, 2.30786751695147
15, 8, 0.0840004148419336
52, 2, 2.123621680069691
36, 6, 0.3697618758152642
28, 7, 1.186311223596881
42, 5, -1.417600198239533
16, 8, 0.2722318943926459
54, 1, -0.2931590743408495
50, 3, 1.738938216464095
55, 0, -1.404135105182233
17, 8, -0.414074191164774
47, 4, 0.9118045710030629
29, 7, -0.1538367711447105
37, 6, -1.556085624105594
53, 2, 1.315436803638585
43, 5, 0.1753193910101583
18, 8, 1.069429346917169
30, 7, -0.6830116777822293
55, 1, 0.6096971095434462
51, 3, -0.2833950764394866
56, 0, -2.902533631348946
19, 8, 0.02858657048199685
38, 6, -1.566787059689428
48, 4, 1.040337722738965
44, 5, -0.8835743289832347
20, 8, -0.8662650053125381
31, 7, -1.530325020066293
54, 2, 0.8079723416599961
52, 3, -0.243519462939916
39, 6, -0.7332193722220128
56, 1, 1.047001439137883
21, 8, -1.02112348431623
57, 0, -0.6312771603497237
49, 4, -0.732023990063844
32, 7, -1.341053878640337
45, 5, -0.5649711120964628
22, 8, -1.065292264492856
55, 2, 1.112204876251985
-4, 9, -1.64693540321099
-3, 9, 0.2134568053415412
-2, 9, 0.4788151560168442
-1, 9, 0.6690348102834758
40, 6, 1.158730633065646
0, 9, -0.1185723238606579
33, 7, -0.3456218404998914
1, 9, -0.433385843985609
53, 3, 0.1412660522017663
23, 8, -0.1740302281786737
2, 9, -2.748461879096668
57, 1, -1.027640712702462
50, 4, 0.6136467431826956
3, 9, 0.2947080443084286
58, 0, 1.2350842677921
46, 5, 0.8719194947532675
4, 9, -0.5587240788526822
5, 9, 1.46904408424335
24, 8, -0.004223129691835083
41, 6, -0.7682598234740866
34, 7, 0.7690179834722053
6, 9, 0.8304026516123935
56, 2, 1.074119790207456
7, 9, -1.262934610680915
54, 3, -0.2383966707549734
25, 8, 0.3355944646424778
8, 9, 0.8145091644216316
51, 4, 0.5729587787510529
58, 1, 0.1358053877834209
47, 5, -0.7441076645093052
35, 7, -1.252940812396954
59, 0, -0.6124956648954294
9, 9, -0.446997147310463
42, 6, -0.1319021118186421
26, 8, 5.127757395584167
10, 9, -2.525060880050005
57, 2, 0.4331857072741393
11, 9, -1.600177575627655
36, 7, -1.287193235166397
55, 3, -1.162130410213891
52, 4, -0.6698602676149115
48, 5, -1.370579610763262
27, 8, 1.329244283407348
12, 9, 0.1067080002324278
59, 1, 2.341134669122428
43, 6, 1.681680737349672
60, 0, -0.4387848640369686
13, 9, -2.341621910533299
28, 8, 0.7785036305329358
37, 7, -1.41019927156081
14, 9, 0.7630283821868554
58, 2, -1.181672821525354
49, 5, 0.888839207495346
56, 3, 0.3439627351202533
44, 6, 2.520015812469217
53, 4, -0.5046838006527371
15, 9, -0.224983727493523
29, 8, 1.618007291581759
60, 1, -0.882758519489832
38, 7, 0.2893200711905408
16, 9, -0.5286256688621197
61, 0, 0.693098285531196
17, 9, -0.1281602924096611
59, 2, 1.099408008012032
30, 8, 2.346957527748948
45, 6, 0.1518092399515118
50, 5, -0.2963981683109779
54, 4, -2.864029511923153
57, 3, -0.4018771489512574
39, 7, 0.2852114147261046
18, 9, -0.5688805194370566
61, 1, 0.4890948383346952
31, 8, -0.1439062181117714
62, 0, -0.1680047948298534
19, 9, -1.054046372628363
46, 6, -2.816212514229099
51, 5, 1.049387548789679
60, 2, -1.641240464932786
40, 7, -0.6793208378863764
20, 9, -0.06654896613829578
55, 4, 0.07473055899583389
32, 8, 2.161360597008313
58, 3, 1.757095629889631
62, 1, 0.7730939049538013
21, 9, -0.5139308967769245
47, 6, -1.435015832337986
63, 0, 1.44358261316839
33, 8, -1.661957250175096
41, 7, 2.001795990798001
52, 5, 0.2901074056682947
22, 9, -1.064958114290697
61, 2, 1.777722093732549
56, 4, 2.282390977971087
59, 3, -1.421993048911755
34, 8, 0.07661702726773098
23, 9, -0.6695476407944319
42, 7, 1.784080962093953
48, 6, -1.47709421919127
63, 1, 0.3110322982284937
-5, 10, 0.00883282980312034
-4, 10, 3.02053161302134
-3, 10, 0.4920046479588877
-2, 10, -3.180994035809489
-1, 10, -0.1347777356251094
64, 0, -5.158015688339247
53, 5, -0.1186607488698991
0, 10, 2.001537231426515
1, 10, -1.012405514551139
24, 9, 0.05616072957568059
2, 10, 0.4268965084125334
35, 8, -0.2230606900770616
62, 2, -1.613504912066363
57, 4, 1.220515633652883
3, 10, 0.08459583698398782
60, 3, -0.1360850129159397
4, 10, -2.140144143819652
43, 7, -0.7799968781171952
49, 6, 1.063000545872398
25, 9, -1.190804463959258
5, 10, 0.07280455040062798
6, 10, 0.304634684531167
64, 1, 0.5142548392877121
36, 8, 4.74285951548434
54, 5, -0.5643692578832814
7, 10, -0.900457434984831
65, 0, -1.669809390344475
26, 9, 0.2334071859035236
8, 10, -0.6809306851972829
58, 4, 1.135636871121737
44, 7, 0.6189976668194109
63, 2, 1.824797265054715
9, 10, 0.8070934803744509
61, 3, 0.8258865770504272
50, 6, -3.433323145076379
37, 8, 1.012868866184666
27, 9, 0.384478908064682
10, 10, 1.362800005041981
55, 5, 0.3807794311218295
11, 10, -0.6680708190169004
65, 1, 0.8117111132783588
45, 7, -1.600642339484958
66, 0, -2.177481132844534
28, 9, 0.168506333149077
12, 10, -1.377902747766719
38, 8, 2.36695465623783
59, 4, 1.198162807230415
51, 6, 0.5874827877015998
64, 2, 1.61559281078585
13, 10, -0.6555360560343395
62, 3, 0.3725001315596554
29, 9, 1.067701897824673
14, 10, 2.479088954270123
56, 5, -2.161416496289777
46, 7, 0.426859983756011
39, 8, -0.4549564497264401
66, 1, 1.113404827198945
15, 10, -0.1193700078898225
67, 0, -1.594958537569111
30, 9, 0.09677270193291879
52, 6, -0.2269054834774896
60, 4, -2.037641919516719
16, 10, -2.193519878103321
65, 2, 1.755563421369623
63, 3, 0.5753012348559224
40, 8, -0.6106302560785654
47, 7, -1.185957776758689
17, 10, -0.570271400973336
57, 5, 0.02428781681610677
31, 9, 0.0289959638215022
67, 1, -1.636096432900814
53, 6, 1.058617561215986
18, 10, -2.910317651208343
61, 4, 1.049928382383825
68, 0, -4.478325028170333
41, 8, 0.72411905891513
32, 9, 0.03299668806364033
48, 7, 1.621302382776764
19, 10, -0.8860130805722332
66, 2, 1.59360945912168
64, 3, 1.282005997209667
58, 5, -0.8409469888044733
20, 10, -0.03687085978551866
33, 9, 0.4450251497056614
54, 6, -0.3307052576382373
42, 8, 3.544999738945181
68, 1, -1.383630097418582
62, 4, 2.46874981365041
21, 10, -1.153474895206366
49, 7, -1.244930519637688
69, 0, -0.3435541948414575
34, 9, -0.6238034597210088
67, 2, -0.7983663610396255
65, 3, 0.2370356496193703
59, 5, -2.146574777115741
22, 10, 1.248232565022127
43, 8, 0.3694662365656365
55, 6, -0.3069650216680346
23, 10, 0.5191151213598183
50, 7, -1.372290972507335
35, 9, -1.580091612586772
69, 1, 0.288109558075469
63, 4, 1.519880889100917
70, 0, -1.682967599019774
44, 8, -0.9094742566315226
24, 10, 0.9652355367947559
66, 3, 0.001116522879374659
68, 2, -2.429977829475617
60, 5, -0.1074897818731576
-5, 11, 1.257132190735413
-4, 11, -0.1679966595558974
-3, 11, 1.156101542938124
36, 9, 0.6158776172128608
-2, 11, 0.3483914535597221
56, 6, 2.202851973191255
-1, 11, -1.378831617225235
0, 11, 2.358137790990577
51, 7, -1.01602575517353
1, 11, 0.267273321701421
25, 10, -0.6515896531494935
2, 11, -0.3310132255820275
3, 11, -1.863260696274903
64, 4, 2.848875887353944
45, 8, -0.7798438793851272
70, 1, 1.31726090266162
4, 11, -1.802771811863864
37, 9, 0.9591427203963409
26, 10, 5.239391799174784
71, 0, -0.1589182364929345
5, 11, -1.505453833256745
61, 5, -1.467553861344063
67, 3, -1.919646632298708
69, 2, 0.7382131747337488
6, 11, -0.8463614039773365
57, 6, -1.092640011940836
52, 7, 0.7912777832080571
7, 11, 0.3816944240039726
27, 10, 0.8479823214660935
38, 9, 0.8574634909053512
46, 8, 1.257196138193024
8, 11, -2.029941246198111
65, 4, 0.2473976322974638
9, 11, -0.3774088855562428
71, 1, 0.001758924981582358
28, 10, 3.291184327177821
10, 11, 0.7563484312749865
62, 5, -2.552794396290745
72, 0, 3.833416529072247
58, 6, -4.516641240472122
53, 7, -1.213985985782635
39, 9, 1.087798356076174
68, 3, -1.619471513826268
11, 11, 0.6981216770130979
70, 2, -2.627506281437791
47, 8, 0.321427905993882
29, 10, 0.2222920992026938
12, 11, 0.2425368727480262
13, 11, -0.6383912826710945
66, 4, 0.7007149116981648
40, 9, -2.839078891280697
72, 1, 0.2270575345519858
30, 10, 0.1346115171431479
54, 7, -0.6958441934227202
63, 5, 1.248593048899607
59, 6, -0.2118014149031656
14, 11, 0.4447225817396653
48, 8, 4.418902616214887
73, 0, -1.658109567417921
69, 3, -0.2692559690867702
71, 2, 2.233438678739453
15, 11, -0.8494285329489089
41, 9, 1.864421904194489
31, 10, -0.7931769038976521
16, 11, 0.1818474876408809
67, 4, -0.3856265072509726
49, 8, -1.114963445100364
55, 7, 0.5071775675348964
60, 6, -0.747861638803793
17, 11, 0.09610991223424423
64, 5, -0.8594404622205495
73, 1, -1.314386503133596
32, 10, -1.802067821664236
42, 9, 0.424104868801613
74, 0, -2.237453313869612
70, 3, -1.041252329826873
18, 11, 0.04579796948770696
72, 2, -4.041840869609236
33, 10, 1.978091338910708
50, 8, 0.09857392697771608
19, 11, 0.3982129199051968
56, 7, 0.9931264386445061
68, 4, -5.147193355358787
43, 9, 0.8082232858163171
61, 6, -0.7313877329361845
65, 5, -0.49152144256671
20, 11, -2.998159238792405
74, 1, 1.371142699547475
34, 10, 0.3328680259767572
71, 3, 1.001108219594781
75, 0, 0.1631377676218654
21, 11, -1.619243942337889
51, 8, 0.6052097130699914
73, 2, -0.5095812526086577
44, 9, -0.2968117504452112
57, 7, -0.3585997458296172
35, 10, 0.4912147124773525
22, 11, 0.0692121285636961
62, 6, -0.488406678309762
69, 4, -0.6326531717911242
66, 5, 0.4614132231008867
75, 1, 0.1226226991052836
23, 11, 0.3933178501668694
52, 8, 1.132574792295124
45, 9, 1.651491157312135
36, 10, 1.777219369385708
72, 3, -0.5679671787821443
76, 0, -5.110286896525778
58, 7, -1.772342095950799
74, 2, 1.531372753103351
24, 11, 0.6772696497014088
63, 6, -0.4210673281025417
70, 4, -1.19597020186368
37, 10, -1.060024493148049
67, 5, -0.232180666292199
46, 9, -0.930192684990646
53, 8, 1.043644518384688
25, 11, 0.006943358135641888
-6, 12, -0.07329953996824069
-5, 12, -0.7943637739293168
-4, 12, 3.461805539969091
-3, 12, -0.7816092913295096
-2, 12, 0.1940296617096136
76, 1, 1.45795211896623
-1, 12, -1.685704865156669
59, 7, -1.559267706502107
0, 12, 1.248929776309846
73, 3, 0.1277689059522377
1, 12, -0.6571799072225499
26, 11, -0.1994634840252996
38, 10, 3.105200349596334
77, 0, -1.234478972689505
2, 12, -0.4047293880522215
75, 2, 1.50092802164579
3, 12, -0.7422689093295299
47, 9, -2.303026872110086
64, 6, -1.712737606732238
4, 12, 2.636618316745829
54, 8, -1.213463626430517
71, 4, -0.0899315649143736
27, 11, -0.6840862687620672
68, 5, 0.5292923428758524
5, 12, -1.479411817051396
39, 10, -1.377368975660553
6, 12, -0.432708259502634
60, 7, -0.9703778094604327
7, 12, -1.987792500720548
77, 1, 1.778295219779887
28, 11, -1.203003314855854
48, 9, -0.2469703597387285
8, 12, -1.112344544422118
74, 3, -2.616900292240718
78, 0, -1.519849902277015
55, 8, 0.6955071748793281
65, 6, -1.040412794059044
76, 2, -0.7854110957105028
9, 12, 0.2572431641392052
40, 10, 1.777903020235143
29, 11, -0.6855784420251179
10, 12, -0.9862397776483393
72, 4, -3.552807618556883
69, 5, -1.108102238247162
61, 7, 0.3898919819578391
11, 12, -0.1055635126147139
49, 9, -0.1578048620801893
41, 10, 0.8996578003342989
30, 11, -1.164873921996686
12, 12, -0.5164981590694206
78, 1, -1.437440758308782
56, 8, -1.66004475111107
75, 3, 0.4186550194299225
66, 6, 0.558579203924066
13, 12, -0.1372944340459188
79, 0, -1.170518136395581
77, 2, 0.8329215557900167
31, 11, 0.733967569189126
14, 12, -1.380662389595261
50, 9, 1.961690541710336
70, 5, -0.3725201716415325
73, 4, 1.969922796993193
42, 10, 2.04959427662066
62, 7, -1.29970021635524
15, 12, 0.542179922086987
57, 8, -0.4757500546916894
32, 11, -0.1242974990729002
16, 12, 1.649867745299921
79, 1, 1.181922840895083
67, 6, -0.4520847154694079
76, 3, -0.8797852679858771
43, 10, 1.835105222632214
51, 9, 0.301030351047861
17, 12, -0.04147259095451323
80, 0, -4.044977237230483
78, 2, 2.052345086118566
33, 11, -0.9927715946533259
63, 7, -0.785505470457448
71, 5, 1.753806660558945
74, 4, 4.339931234300674
18, 12, 1.343504454617689
58, 8, 1.338202018358687
44, 10, -2.339807130145839
34, 11, 0.7630077244807631
52, 9, -0.2374694842600606
19, 12, 0.6767401738167481
68, 6, -1.210375133642432
80, 1, 0.9819928537056969
77, 3, 0.9763522911198405
20, 12, 0.8420156620893009
64, 7, -1.813842794479453
81, 0, -0.1321698293030356
79, 2, 0.6314250368857734
72, 5, 1.391452093447274
35, 11, -0.4645312163401374
45, 10, 1.282268114234292
59, 8, -0.6004398389869381
75, 4, 0.8879498894417435
21, 12, 1.283430174465041
53, 9, -1.931617754401886
69, 6, 0.9990963149003464
22, 12, 1.565966780100315
36, 11, -0.6951264059030821
46, 10, 1.099682584172816
81, 1, 1.323607910241882
78, 3, 0.08431494420318261
65, 7, -1.692177833922038
60, 8, 1.11604074305639
23, 12, -0.5892811554274023
73, 5, -0.9502729673139797
54, 9, 0.3175762168813042
82, 0, -4.334529980526779
80, 2, 1.175869821950862
76, 4, -3.192625705565623
37, 11, -1.49255984501325
24, 12, -0.1207974993349856
47, 10, 0.9532293056449271
70, 6, -4.654932078468313
38, 11, -2.148812604748974
66, 7, -0.3552079730778278
25, 12, -0.110873874800982
61, 8, -0.9078300252608326
55, 9, -0.1422337711098072
82, 1, -0.7196037728966788
79, 3, -0.09048822907139847
74, 5, -0.9094622086996902
48, 10, -1.462576109521448
81, 2, 0.9929321966341625
-6, 13, -0.8674750395720474
83, 0, 0.8447030069732128
-5, 13, 0.2290151104525775
26, 12, -3.970357988687677
77, 4, 1.960204887359599
-4, 13, -0.7628457514587189
-3, 13, -1.526886822319212
-2, 13, 1.273073071060958
39, 11, 0.6820367163229887
-1, 13, -2.37087989021594
0, 13, 3.468899209263981
71, 6, -0.654307244595173
1, 13, 0.3284963432676432
27, 12, -0.4652785031539217
2, 13, 0.05972774905815501
56, 9, -1.048931077978833
62, 8, 3.762959237148206
67, 7, -1.393802383412645
3, 13, 0.8985061434210073
49, 10, 0.2763756121615157
4, 13, 0.5797889074590694
40, 11, -0.8424298145270289
80, 3, -1.313958222400967
83, 1, -1.107569701560707
5, 13, 1.206717875819648
28, 12, -3.728650932454435
75, 5, -0.8432501629848204
6, 13, -2.64400256345251
82, 2, -2.496047344930991
78, 4, 1.360406743521158
84, 0, 0.4687777092189203
7, 13, 1.140870635599806
57, 9, -0.01815913918002594
72, 6, -0.005764253353022433
41, 11, -1.780488559975566
29, 12, 0.8983178901347642
63, 8, -0.3976742392209965
8, 13, -0.4430366073389906
50, 10, -0.3766514044666709
68, 7, -1.935151337111659
9, 13, -0.8533904791917937
10, 13, 0.11975943047905
30, 12, -1.235753533249746
81, 3, 0.619846686382801
84, 1, 0.2669619814465478
76, 5, 0.7173702384583884
42, 11, 1.170920213483984
11, 13, -2.127781236417872
58, 9, -1.238715969076776
51, 10, -0.2293823643141754
79, 4, 1.008152006335327
83, 2, 1.247585703516484
85, 0, -1.985205215175422
12, 13, 2.021568376185997
64, 8, 0.9615587948415275
31, 12, -1.704426354013434
73, 6, -1.383751238809549
69, 7, 0.2370239974072101
13, 13, 0.7911514418604656
43, 11, -1.181208713668829
14, 13, 1.141087175629093
32, 12, 0.8981745631243042
52, 10, -1.744756831396112
59, 9, -1.354413354469896
82, 3, 1.098292603816055
77, 5, -1.166032303090948
15, 13, 0.05854719482263197
85, 1, 1.252779292240004
65, 8, -1.370608605264846
80, 4, -2.007390017617433
44, 11, 1.590826510989367
84, 2, -1.742733831541906
33, 12, -0.6684565155567928
16, 13, 1.170459306800087
86, 0, -0.4095308562069064
74, 6, -2.39753831789897
70, 7, 1.325639013301604
53, 10, 0.6685039948549838
17, 13, -0.1763369900572542
60, 9, -0.08732966586416196
34, 12, -1.080028518895539
45, 11, 0.761281759804304
18, 13, 2.000650333399448
78, 5, 0.2582004584544505
83, 3, 0.9926273346427155
66, 8, 1.595153225313825
86, 1, 2.706915539412875
19, 13, 0.491190857279745
81, 4, 3.167364317058068
71, 7, 1.890443601187933
35, 12, -0.1659384035736815
75, 6, 0.1244324478888963
54, 10, -1.43888552262523
85, 2, -0.2390116633837811
87, 0, -0.1363141765454004
46, 11, 0.9027890765505771
20, 13, -0.4154896443567991
61, 9, -1.190381964482287
36, 12, 1.338474286944092
21, 13, -0.9096266256673573
67, 8, -1.520537079005688
79, 5, -0.1418706069990995
55, 10, -0.7372649686006132
84, 3, 0.3421580350395792
47, 11, 2.808404489364364
87, 1, 1.529751780932907
72, 7, -1.395526011122365
22, 13, -0.7225148230354854
82, 4, 0.0285977343925564
76, 6, 0.1764151929537454
37, 12, 0.2553137248550267
62, 9, 1.211380100032883
86, 2, -0.7438010925297877
88, 0, -4.797842735214914
23, 13, 2.47811234515374
68, 8, -0.4079004584868885
48, 11, -0.6995972258975802
56, 10, 0.8792190837230254
38, 12, -2.795918989259444
24, 13, 0.207842402292799
80, 5, 0.9058550530117366
85, 3, 0.2027104256279932
73, 7, -0.5128490262468332
63, 9, 1.718833194048309
77, 6, 0.2714377960768415
88, 1, -0.7467488870993548
83, 4, 1.888362916943906
25, 13, -1.140482199355955
39, 12, 1.111836335394077
49, 11, -0.2506467563906205
87, 2, 1.045541440233099
57, 10, 1.495351768187476
89, 0, 1.127632316676866
69, 8, 1.707990585758659
26, 13, 0.4004847414155831
40, 12, 3.334020170797343
-7, 14, 0.04372518713222823
-6, 14, -2.583598760112684
81, 5, 0.1123106760050698
-5, 14, 0.3530221758977546
64, 9, -0.6364700008381048
-4, 14, -1.28047708855115
74, 7, 1.560771955802013
-3, 14, -0.6085252117804132
27, 13, 1.089350804362993
50, 11, 0.5323254937840621
-2, 14, 0.8254651366757794
86, 3, 0.07307555621313865
-1, 14, 1.062577245858814
78, 6, -0.2915450235710917
0, 14, 2.392205409847334
58, 10, 1.083037401450644
84, 4, 2.585243058222022
89, 1, 0.979883926364425
1, 14, 0.9060572705975913
2, 14, -0.849576203793686
41, 12, -1.228997101756592
28, 13, 0.7807395849540606
88, 2, 0.04295419239402155
70, 8, -0.06050230165472324
3, 14, -0.08633805655977624
90, 0, 2.457921447117108
4, 14, 2.289496049295956
51, 11, -1.699208243437505
65, 9, 0.7944601411685732
5, 14, -0.5905384584093801
29, 13, -0.587935299416759
6, 14, 4.110771491512294
82, 5, 0.3817062534105983
75, 7, -1.031419941856928
59, 10, 1.038046796450183
42, 12, 0.3378084173093328
7, 14, -0.2235890836799605
79, 6, 0.3049931706276254
87, 3, -0.08670790379380677
8, 14, 3.334627971599786
30, 13, -0.1747724248058131
85, 4, 2.312382141877869
90, 1, 0.05985820857408633
71, 8, 3.056006076954193
52, 11, -0.8014286560405193
9, 14, 0.2164646220445312
89, 2, 2.957001398671804
43, 12, -0.845325590103385
66, 9, 0.01459429272239294
10, 14, -3.720202781972823
91, 0, -0.891323024894613
31, 13, 0.4739852182918522
60, 10, 3.092418772587689
11, 14, 0.61993146877196
76, 7, 2.14730095721732
83, 5, 1.545435285834525
12, 14, -0.960090725676542
53, 11, 1.790665609208539
80, 6, -0.7010813980018968
44, 12, -7.65351496293783
32, 13, 0.3543022144644522
88, 3, -0.158317985764745
72, 8, -2.29770611367087
13, 14, 0.7343429975827658
86, 4, 0.3170798210449704
91, 1, 0.2651229601588534
67, 9, 0.9181223753703593
14, 14, 1.32274608740939
61, 10, 1.761364102051676
90, 2, 0.2271736514930674
33, 13, 1.217946515259906
92, 0, -5.984568419843654
45, 12, -0.3672093450949425
54, 11, 0.6260223430968821
15, 14, 0.2538688787128555
77, 7, 0.02790558736416954
84, 5, 0.7128782348438252
16, 14, -1.051144925052317
81, 6, -0.614341560171716
34, 13, -0.1124045223224134
73, 8, 1.260883475914364
89, 3, 0.8574852479832717
68, 9, -1.022199657622173
17, 14, 2.414082678241178
62, 10, 1.242501107465421
46, 12, -2.293304085328558
87, 4, 1.169339852976302
55, 11, -1.430840423832946
92, 1, 2.784459780974835
35, 13, 0.2820376648640514
18, 14, -1.135404944401786
91, 2, 2.46803591920566
78, 7, -1.384224556452731
93, 0, -0.4034557783571759
19, 14, -1.975026032328035
85, 5, -2.918899977357127
47, 12, 0.5515058604615836
82, 6, -0.743304426502153
74, 8, -0.5181328050081171
36, 13, -2.581713435887703
63, 10, -1.832609177277674
69, 9, 0.06219304497767158
56, 11, -1.236054682614162
20, 14, -0.6896778070062732
90, 3, 0.2815949955980945
88, 4, -2.753862567280719
21, 14, -0.4010201522393751
37, 13, 0.998972021472094
93, 1, 0.2804709906473091
48, 12, 0.9974383330912592
79, 7, 0.8648578818279956
92, 2, -1.017074833362538
22, 14, -0.175901181211137
94, 0, -1.192820698553802
64, 10, -2.663983624568509
57, 11, -0.3671441051093667
75, 8, -1.258273042860592
86, 5, 0.6973733254357898
70, 9, 0.7944904971787224
83, 6, -0.4418782467332065
38, 13, 1.285094908610266
23, 14, 0.4658714598628862
49, 12, -1.230676668823348
91, 3, 0.1751674303309988
89, 4, 1.158011807450882
24, 14, -0.09351591022988794
39, 13, -0.7994022087726202
58, 11, 0.3665395980957286
80, 7, -1.016983665395542
94, 1, 2.425740606268578
65, 10, 0.198982678129642
93, 2, 3.217785470009697
71, 9, -1.899835241798555
50, 12, 0.02914563130736254
76, 8, -0.4659222366622832
25, 14, 1.554844350269953
95, 0, -2.320789866796154
87, 5, 1.061173874523595
84, 6, 0.8242757315601049
40, 13, -0.7141793379082287
26, 14, -1.01809617062981
59, 11, 0.5910790069204432
92, 3, 0.003612855672205849
90, 4, 0.6240546263807512
66, 10, 0.3352911158426006
51, 12, 0.5293579394565339
81, 7, -1.163545324663896
41, 13, -0.7951771246519391
27, 14, 0.7853030347287012
72, 9, 0.7256301004685205
95, 1, -0.6554969533376188
77, 8, -0.5213051273231992
-7, 15, 0.1662996746523422
-6, 15, -0.3645108142834018
-5, 15, 0.8986829729972333
-4, 15, 1.32580710255814
94, 2, 0.2838122510031711
-3, 15, -0.9130316997223115
-2, 15, 1.426036686112326
88, 5, 0.8229330582316985
85, 6, 1.891082931917944
-1, 15, 1.855464112618441
28, 14, -1.371843187158934
96, 0, -1.523708295648144
60, 11, 2.825998836875309
0, 15, 0.1002621355743788
52, 12, 0.03988095293775182
42, 13, -0.08247924700555356
1, 15, 2.036299191284152
67, 10, 1.069714873378472
2, 15, -0.8062801085549735
3, 15, 0.1620090218344461
29, 14, -2.025674398221387
93, 3, -0.3813524202482629
91, 4, -0.3178948519926484
4, 15, -2.587323306039598
82, 7, -0.4832068227126987
73, 9, -1.243485878165004
5, 15, 1.029238295955068
78, 8, -0.2879316324025205
43, 13, -2.401981211511832
53, 12, -1.077674416393547
6, 15, 0.01091975382251608
61, 11, 0.1763963427075257
96, 1, -0.4523663501639732
30, 14, -0.6732274805103738
95, 2, 1.270405236760956
7, 15, 1.55393276037648
86, 6, 0.5056517281312434
89, 5, -1.719707525050089
68, 10, -1.237171610872137
97, 0, -1.345818383341378
8, 15, -0.8269380842715963
31, 14, -1.004354088637577
44, 13, -0.08061126558904148
9, 15, 1.190424031034325
74, 9, -1.220316117676451
54, 12, 0.396695022627307
10, 15, -0.03469714653736824
83, 7, -0.7362432714787774
94, 3, -1.867019566273087
62, 11, 1.311707003305219
92, 4, 2.593317343086114
79, 8, 2.206497525169701
32, 14, 0.3709281452438334
11, 15, 1.248776164905346
45, 13, -0.8133392293912244
97, 1, 0.7721726200606663
12, 15, 0.6262708170813609
69, 10, -0.2921052842418422
87, 6, 1.01199656534494
96, 2, 2.054270705509879
90, 5, -0.8689842633072088
33, 14, -1.968470136295784
55, 12, -0.5848934000945215
13, 15, 0.04413310459935883
98, 0, -0.5953323035062206
75, 9, -0.1272587214089182
63, 11, 2.551726033045631
14, 15, -1.358784611231217
46, 13, 0.2392096028619814
84, 7, 0.919968888525628
80, 8, 2.041043668985621
34, 14, 2.286513827536568
15, 15, -0.3997533605512193
93, 4, -0.8000531087329029
95, 3, -0.01467075847622136
70, 10, -0.2508949523220266
56, 12, -2.671249796110788
16, 15, 2.328278301771455
98, 1, -0.8325048599947165
88, 6, -3.641885290241701
47, 13, 1.013594322763853
35, 14, -0.5611501890963264
64, 11, 0.8022834122956913
91, 5, 0.653685712979275
97, 2, -0.5485066976346743
17, 15, 0.4747979274871469
76, 9, 0.04859988121786676
99, 0, 3.526275108920411
18, 15, -0.3603583761920589
85, 7, 0.8526219639596349
81, 8, 2.489604818435826
36, 14, -4.413389958045209
57, 12, 0.07948249418881945
71, 10, 1.387897795201965
48, 13, -3.041364994724613
94, 4, -1.1297446415972
19, 15, 0.5352120892124415
96, 3, 0.2067283736157379
65, 11, 1.175100053681686
37, 14, -0.8898747833266458
20, 15, -0.06598716199310367
89, 6, -2.681073188405049
99, 1, -0.360080019284153
77, 9, 0.3247538659436084
92, 5, 1.441674065377869
98, 2, -1.556881127317821
58, 12, 0.02520757545393652
49, 13, 1.753621966785044
21, 15, -0.4579602045748196
100, 0, -2.108669500530288
82, 8, -2.17070398986669
72, 10, 2.55304722882368
86, 7, -0.3896042106238389
38, 14, 0.3853066656925105
22, 15, -2.334034831443106
66, 11, 1.978456204130138
95, 4, -0.679159865536047
97, 3, -0.05596665314929867
50, 13, 0.5275296456355246
59, 12, 0.3287616972024168
23, 15, -1.283447875710575
39, 14, -1.244071491461256
78, 9, -0.254412111496291
90, 6, -0.1094992297552802
93, 5, 0.5316244474573387
100, 1, -0.6607358642176235
73, 10, -1.57467790545993
24, 15, -0.6097063656164909
99, 2, 3.973627487026577
83, 8, -0.08404160466491808
87, 7, -0.1676768824749943
67, 11, 1.07135137196331
51, 13, -1.296635439814694
40, 14, 1.034752889171418
101, 0, -0.3075348360626656
60, 12, 0.8939412495692747
25, 15, 0.3962468548808876
96, 4, -0.9634461625523388
98, 3, -0.8111285797394439
79, 9, -0.2973843969823518
41, 14, -2.224175039782876
26, 15, 2.00189254189718
91, 6, -1.008618685894072
52, 13, 0.8502695168576409
74, 10, 3.384009934705012
94, 5, -0.7575037884288972
68, 11, 1.245371994897888
101, 1, 1.303467813675831
84, 8, 0.3264670456276975
61, 12, 0.4873869434891314
27, 15, -0.6904038631660295
100, 2, 1.555964293821658
88, 7, 0.001668665083933447
42, 14, -2.350259491813385
102, 0, -1.039433903065032
53, 13, -1.895565380955032
28, 15, 2.71401234412051
-8, 16, 0.1791886377575833
-7, 16, -2.64528338170843
-6, 16, 1.850960306487395
-5, 16, 1.066350539125279
80, 9, -0.08013343742277178
-4, 16, -4.75830383659453
97, 4, -0.5390843073296225
-3, 16, -3.397932712153159
99, 3, 0.4008880840785652
-2, 16, -0.5265028530088174
75, 10, 0.1823427087775611
69, 11, 1.399872090034323
-1, 16, -1.416067633899954
43, 14, 0.3540593821288247
92, 6, -1.368826794793817
62, 12, 0.6297489857685052
0, 16, 3.085758583680241
29, 15, 0.9853367783343151
1, 16, 3.960624573500543
95, 5, -0.9632155777771438
85, 8, -0.1695980848812911
2, 16, -0.284103455236584
102, 1, -0.6023990142910446
54, 13, 0.92953705228355
89, 7, -0.7100459102214574
3, 16, -0.9254969263335917
101, 2, 1.000553107254464
30, 15, 0.1290622109635223
4, 16, -3.536678792655287
44, 14, -3.0502161086344
5, 16, -0.3528537359369796
103, 0, -2.438118508317919
81, 9, 2.356478148407363
6, 16, -1.70142423509505
63, 12, -0.144010747113002
70, 11, -0.1879199790927004
76, 10, 4.729205148987586
31, 15, -1.005090006502801
98, 4, 2.465592912378922
7, 16, -1.258643944422543
100, 3, 0.3051979734190001
55, 13, 0.6339312927947515
93, 6, 0.7611761424301349
8, 16, -1.860476284282921
45, 14, 1.332307840534081
86, 8, -1.027426427971681
9, 16, 1.935589799117343
96, 5, 0.2761628828166276
32, 15, -1.388759016196407
90, 7, 0.01762894589365031
103, 1, 1.248145340324848
10, 16, 1.742506831368641
64, 12, -1.620024402136502
102, 2, 0.2626541833052466
82, 9, -0.6706195194425828
71, 11, 2.31897912881545
11, 16, 1.212932797270033
56, 13, -0.4491759448887572
46, 14, 1.551720744552062
77, 10, -0.7636071838152353
33, 15, 0.04674455157827839
104, 0, -1.661719960776014
12, 16, 1.7452899322639
99, 4, -1.820792930958414
13, 16, 0.5392694427571004
101, 3, -0.4209764339975661
94, 6, 3.535822959418098
87, 8, 0.5689783565825948
34, 15, 0.8421224656842097
47, 14, -1.298595554867145
65, 12, 0.7397604273632259
14, 16, -1.405063026571146
97, 5, -2.807875431933179
57, 13, 1.196557599946144
91, 7, 1.254245850282291
72, 11, 3.304685532305808
83, 9, 2.844183521827552
15, 16, -0.2097533834459617
104, 1, 1.036097530950448
78, 10, 4.846164364057558
35, 15, -1.723114976743079
103, 2, 0.9598872949514854
16, 16, 2.34642306022908
48, 14, -0.5240726145299393
105, 0, -0.7793637778979046
58, 13, -1.290899462761421
66, 12, 0.9683130940696101
100, 4, 3.486819565287074
17, 16, 2.357217170607305
36, 15, -0.406785997323495
95, 6, 2.275974074679818
88, 8, 1.524066711937532
102, 3, -0.9411080087015087
73, 11, 1.87198278052114
18, 16, -2.007417958601358
92, 7, 0.6003418465940198
98, 5, 4.333388867675758
49, 14, -0.3204854068409186
79, 10, -0.8843001721695862
84, 9, -0.7292929600748728
37, 15, 0.2838260009158628
19, 16, 1.171715116255304
105, 1, -0.369799922153126
59, 13, 0.653157023974724
104, 2, -2.437454269406846
67, 12, 0.525235724264529
20, 16, -4.382322975564161
106, 0, -0.6434268010353813
50, 14, -2.46613768956255
38, 15, 0.9763143189861408
74, 11, -0.9058378226342346
89, 8, -2.432950622006722
101, 4, 0.7863759210645122
96, 6, 1.841588916791729
21, 16, -0.332332042334659
103, 3, 0.4757888863309623
80, 10, -0.7563851471184466
93, 7, -2.409029084937426
60, 13, 0.4999317405577728
85, 9, 0.7798058864577742
99, 5, 1.159287378350018
39, 15, -0.4524382044757238
22, 16, -0.5476251960060861
68, 12, 3.397167935562381
51, 14, 2.753163205130136
106, 1, -0.1586738261907348
23, 16, 0.07771470075874215
105, 2, 2.016767319059929
75, 11, -1.477939746807507
40, 15, -0.4296002642636677
61, 13, 0.8109127761342547
90, 8, -2.220301023284792
107, 0, 0.4097058314982059
24, 16, -3.06913611941378
97, 6, -0.2946461816464898
102, 4, -0.849307035902323
52, 14, 0.5735420500100873
81, 10, 1.072620977802303
86, 9, 1.175343171428162
69, 12, 0.1481410603450199
104, 3, 1.114958760467868
94, 7, -1.45378102338434
41, 15, 0.4731198416710299
25, 16, -2.692571589187695
100, 5, -1.709182458371739
76, 11, 1.469912455226505
62, 13, 0.5003394811569485
53, 14, 0.744688691760397
26, 16, -1.080618496081172
107, 1, 0.9475129676382411
106, 2, -1.817853475726934
42, 15, 1.062583999863904
91, 8, -0.3663728651545232
82, 10, -0.8813964316734064
70, 12, 1.639813526029241
27, 16, 1.660555741618248
108, 0, 1.286705745055285
98, 6, -1.370600259416142
87, 9, 0.5954296426395395
103, 4, 0.2749939933518465
95, 7, 0.9839773396338987
54, 14, -0.7614886449369858
105, 3, -0.4512062750057594
63, 13, -0.6285611640091984
43, 15, 1.539962292516961
28, 16, -1.045305222721053
101, 5, 1.453573273154716
77, 11, -3.396973163326342
-8, 17, 1.414737099203297
-7, 17, -1.976276204317062
-6, 17, -2.637321258999719
-5, 17, -2.096705018837699
-4, 17, 0.3264340380674198
71, 12, 0.01737197326213352
29, 16, -2.311996766760703
-3, 17, -1.450596180936097
108, 1, -0.8459028088215284
-2, 17, 1.695120082807594
83, 10, 1.875281451018781
44, 15, 2.816563297107076
92, 8, 1.557691753862361
107, 2, 1.15636830718442
55, 14, -1.782198037783591
-1, 17, 2.251826108556801
0, 17, 1.761290243389509
88, 9, -1.56110172892457
64, 13, -0.3426726650733564
1, 17, -0.3329484088834804
99, 6, -1.135920167514623
30, 16, 1.566583601683385
109, 0, -2.073431147309257
2, 17, -2.202776543017514
104, 4, 1.871854206845352
96, 7, 0.399144803506231
78, 11, 0.7134015656887501
3, 17, 0.1384180639883693
106, 3, -2.978539585617069
45, 15, -0.2201312807801997
4, 17, 0.4793936267514388
102, 5, -0.349093716965215
72, 12, 1.502719240105065
31, 16, -1.325979670981037
56, 14, -0.1163636393907491
5, 17, -0.5979717497107044
6, 17, 1.429797139395595
84, 10, -0.5467640387600293
65, 13, -0.8374582039891857
7, 17, 0.1950663832238838
93, 8, 0.6247370532631648
109, 1, -0.1031429969182458
46, 15, 0.7180179042787493
32, 16, -0.3953872010741982
89, 9, -0.8937800579697649
108, 2, -0.938626701741297
8, 17, -0.9458305907415261
79, 11, -0.06014908656029799
100, 6, 0.7365854069783641
9, 17, -0.6526152717628436
57, 14, 0.7466783103424798
97, 7, -2.480302141328096
110, 0, -5.08503484060393
105, 4, -2.046555943427725
73, 12, -0.9309668470617837
33, 16, 2.35113950576958
10, 17, 0.7390320436445789
107, 3, 1.187039483887603
47, 15, -0.3209678795656964
66, 13, -1.915254217807913
103, 5, 0.2980973898446616
11, 17, -0.2397026874468726
85, 10, -0.1358677862089281
34, 16, -0.4020373702495075
12, 17, -3.077712050525785
94, 8, 0.004859772192660012
58, 14, -0.5753800126690752
90, 9, 0.1988266483204675
13, 17, 0.9119122114255275
80, 11, -1.938169481897937
48, 15, 1.055660514427607
110, 1, 1.099849665186058
109, 2, -1.13269316661747
74, 12, -3.380851580613947
35, 16, 1.226275297473911
14, 17, 1.69474397267886
101, 6, -1.553196992051825
67, 13, 2.254850510955792
98, 7, 2.361923617952612
106, 4, -0.6981128479075425
111, 0, 1.201431814871682
15, 17, -1.369279543871307
59, 14, 0.7974151774436423
86, 10, 2.402967591092951
108, 3, 0.2550193011353153
104, 5, -2.093962625321993
49, 15, -2.09348545109204
36, 16, -1.130991197008204
16, 17, 2.320995608992678
95, 8, -1.170168581311281
81, 11, -0.2787268818773735
91, 9, -0.1246307964712031
17, 17, 1.507474116098983
75, 12, -0.5310459907760312
68, 13, 0.99180848101746
37, 16, 1.023213232294268
111, 1, -1.335732590769598
50, 15, 1.561588468336957
60, 14, -2.39496773922568
18, 17, -1.338129507519808
110, 2, 1.736092707842272
102, 6, 0.164749696585399
99, 7, -3.953104556176902
107, 4, 0.7796307871196213
19, 17, 0.002809569901882113
87, 10, 0.8222250184061013
112, 0, -2.816676263142187
38, 16, -0.5001152716394243
105, 5, 4.218133364999717
109, 3, -1.656786494551887
82, 11, 4.106018503517631
69, 13, -1.907745185548346
20, 17, 0.7964458016325839
51, 15, 0.2151505606873864
76, 12, 1.762945873507193
96, 8, -0.9993727545552911
61, 14, 1.643075514199851
92, 9, -2.408011471038852
39, 16, 0.9950775604569312
21, 17, -0.3737754621630189
112, 1, -2.618181376107236
103, 6, -0.9835160107849474
22, 17, -0.181814775587312
111, 2, -1.089476976546279
100, 7, 0.8078989120539913
52, 15, 1.07858962533647
88, 10, 0.9673743319974026
40, 16, -2.432587515797282
70, 13, -1.675877970482486
62, 14, -1.524112312087086
108, 4, 0.1645365017054859
77, 12, -0.6582261504552144
83, 11, -1.070891332757605
23, 17, 2.10975760248718
113, 0, 0.4366717318048013
106, 5, -2.309377195167073
110, 3, -0.6195242298706897
93, 9, -0.09464010339145311
97, 8, -0.4389579342532401
53, 15, 0.4621509424836484
24, 17, -0.06873072978318588
41, 16, -0.3218951376887467
63, 14, 0.6727389131196719
71, 13, -1.39021930441723
25, 17, -0.463304887006954
89, 10, 1.352961464623545
104, 6, -2.042398379407042
101, 7, -1.274445416990872
113, 1, -0.1251391037349822
78, 12, 0.5017637370824609
112, 2, 1.126009715201799
42, 16, -1.206090926645587
84, 11, -1.317802298369965
54, 15, 0.09038231498278304
26, 17, -0.356931294839869
109, 4, 1.368401487955805
114, 0, -1.36116018200583
94, 9, -1.042959983348234
107, 5, -2.163474368836387
98, 8, -0.7341531084277609
111, 3, -1.356650385430237
64, 14, 0.8546209007552539
43, 16, -0.6940395778677784
27, 17, 0.9622753887012122
72, 13, 1.149757470623389
55, 15, -3.254138351400978
79, 12, 0.3840059392533349
90, 10, -1.597802466419479
28, 17, 0.5454291844407513
85, 11, -1.012995817717919
102, 7, -2.687487753465257
105, 6, -1.283689151044839
44, 16, -2.171852949617488
114, 1, 0.6106550905485294
113, 2, -2.216565129134391
65, 14, 0.4695304096786511
29, 17, -1.123578489376613
110, 4, -1.600294581558648
95, 9, 0.9630289097888054
56, 15, -0.4225520615736901
-9, 18, 0.02993499287233682
-8, 18, 1.452503045414432
73, 13, 0.1898581045350222
-7, 18, -0.5092522436008557
-6, 18, 1.558219407762502
99, 8, 0.04678410563901975
-5, 18, 0.2527864942388959
115, 0, -4.13451571961709
-4, 18, 0.2517962542882071
108, 5, -0.5261759157149195
-3, 18, -0.8120058312742959
45, 16, 0.2828193155899222
112, 3, -0.3100989997981922
-2, 18, -2.43549106620126
30, 17, 2.225166127853831
80, 12, 1.509584546382406
-1, 18, -0.8767438990540436
0, 18, -2.640899622381544
91, 10, -0.9492403474741326
86, 11, 0.6931890720735373
1, 18, 1.84402622855194
66, 14, -3.656287783132688
2, 18, -1.613411490783349
57, 15, 1.496066193540618
31, 17, 2.217353959056944
103, 7, -2.26179148438842
3, 18, -2.230682678079861
106, 6, -0.4235385591154004
46, 16, 0.1955018659250515
74, 13, 2.498402367465705
4, 18, -3.348038366523341
115, 1, -0.2329454153082737
114, 2, -2.670674713518701
5, 18, 0.3027887110761863
96, 9, -0.7586686072094048
32, 17, -0.939867630509301
111, 4, -0.3965110368565429
100, 8, -0.498072980791849
6, 18, 1.237546954354338
81, 12, -0.5830831683723214
109, 5, -0.467345958086518
116, 0, -0.5750603120065908
47, 16, -0.3822099081922042
58, 15, -1.004151971735974
7, 18, -0.4894053702304614
67, 14, -3.673350480397978
113, 3, 2.897402799707709
92, 10, 2.71363696283033
87, 11, 2.288064677242682
8, 18, -1.563108739487124
33, 17, 1.640106556224332
9, 18, 1.056402516118067
75, 13, 1.071188015132524
104, 7, -1.87756514999975
10, 18, 0.7940696172681416
107, 6, 2.039274994154201
48, 16, 0.6621973785786529
34, 17, 1.091805356249671
59, 15, 2.149263059785488
11, 18, 0.3741184913344401
97, 9, 1.03886151293665
82, 12, -4.520601692878811
68, 14, 5.50508708008365
116, 1, 1.237083592226448
115, 2, -1.254287932783647
101, 8, -1.531580176980075
12, 18, 1.411109967434211
112, 4, -1.479555312028187
35, 17, 0.8431151978546508
88, 11, 1.190095936368694
110, 5, -0.6803304019266433
93, 10, -2.485847223474689
49, 16, -0.4026587066954721
13, 18, -1.711769609480325
117, 0, 6.53035346437623
76, 13, -1.91929006800004
114, 3, 0.6110362251481292
60, 15, 0.1496028452692506
14, 18, -1.881364342223954
36, 17, -1.014522304265469
69, 14, 0.02040440449272282
105, 7, -0.98588305459837
15, 18, -0.42380751789536
108, 6, -1.378204395270703
83, 12, 1.783000311442197
50, 16, -1.437850868207744
98, 9, -0.1263624238994467
16, 18, -1.148359454929243
102, 8, -0.7059527189975341
37, 17, -0.8789030104338189
117, 1, -3.805960060125103
116, 2, -0.3573172768057495
77, 13, -0.9447585064197629
89, 11, -1.728728803953022
61, 15, 1.846125712671459
94, 10, 4.053774223542641
113, 4, 1.159995354865142
17, 18, 1.921299811467392
111, 5, -2.116962825202379
51, 16, 0.1617302917651738
70, 14, -3.472349704548587
118, 0, 0.9272983767285278
18, 18, -1.181659731770317
38, 17, 0.1618301548887487
115, 3, 1.453311938805022
84, 12, 0.3058034043468912
106, 7, 0.8615230593206126
19, 18, -0.07427803932705694
62, 15, 1.171274203738601
109, 6, 1.739031262553867
99, 9, -1.161285558163201
78, 13, 1.989007362017367
52, 16, -3.207248243665665
39, 17, 0.4465693385614647
20, 18, 0.4425071742698831
90, 11, 1.27370608131044
103, 8, -3.188627475482328
71, 14, -0.5358340230867854
95, 10, -2.04656103662423
118, 1, -1.171470755393862
117, 2, -0.8893383969046315
21, 18, -0.89183872122994
114, 4, -5.533254854416069
112, 5, -1.736216764367926
40, 17, 0.9808090892797832
63, 15, -0.651360706776888
85, 12, -2.130599948810631
53, 16, -2.620647322401993
119, 0, -1.300349277965756
22, 18, -3.018623384602201
116, 3, -0.4838029370941571
79, 13, 1.109687966109867
107, 7, -0.475062921426607
100, 9, -0.2536669163957128
41, 17, 2.018644145837232
23, 18, -1.000093830325288
72, 14, 2.949074492634637
110, 6, -0.6612132906542809
91, 11, 1.09925541645123
104, 8, 0.6204387708101147
96, 10, 1.280283034902673
54, 16, 2.526780694738731
64, 15, -0.4018424515027874
24, 18, -0.4740299194565453
119, 1, 2.939759205338843
118, 2, -0.162323960779072
42, 17, -1.675326606085192
86, 12, 5.798276349684159
115, 4, 2.794495811683396
25, 18, -1.761672010363014
113, 5, -0.06566518823107759
80, 13, 0.6647562496731714
73, 14, 0.8259898873161433
120, 0, -2.501379183973131
55, 16, -1.739150704341905
117, 3, -0.9131597584796403
65, 15, 2.307133736774647
26, 18, -2.3750400047274
108, 7, 1.283004558633728
43, 17, 0.7664967072940447
101, 9, -1.596954800432587
92, 11, 0.2131704256274561
111, 6, 0.5161212002467648
97, 10, -1.902379174309125
105, 8, -0.8636840063720576
27, 18, 1.074555574815929
87, 12, 0.7218067573451983
56, 16, 0.08282795853434821
44, 17, 0.00280839656960696
81, 13, -0.0187339820031769
74, 14, -0.5625557753944418
120, 1, -1.16152765968225
119, 2, 0.6393972411232799
66, 15, -1.18387444929328
28, 18, 2.142773205378197
116, 4, -1.718280594052501
114, 5, 3.711230737206561
93, 11, 1.155362433661964
45, 17, 0.02358853193765762
121, 0, -4.382117241525306
102, 9, -0.5946989692920956
29, 18, 0.08199777555206045
118, 3, -0.3193528043453482
109, 7, -1.24561011557377
57, 16, -0.7966270495277237
98, 10, -1.235788134994613
112, 6, -2.659520527256208
88, 12, 1.789693879793407
106, 8, -4.910301939696976
-9, 19, 1.932204788598356
75, 14, 0.5728420242381879
-8, 19, 2.692130167050033
-7, 19, 0.3735990190340562
82, 13, 1.905899707769447
67, 15, 0.8607088152001849
-6, 19, 0.4947316483947011
30, 18, -0.5984308555883474
-5, 19, 3.120443431739169
-4, 19, -0.7253997108515436
46, 17, -0.3198850933877926
-3, 19, -2.917802039788202
-2, 19, -0.9366555904828872
-1, 19, -2.527389565603619
58, 16, 4.971558784681601
0, 19, 1.426213162523432
31, 18, -1.250027759368334
121, 1, -1.67958644177497
120, 2, -0.2953480978708075
117, 4, -2.96885469265734
1, 19, -1.775376741172062
115, 5, -0.8162801076320527
94, 11, -2.997924925818555
2, 19, 6.25101656253302
47, 17, 0.0422595150398417
103, 9, 0.143726644796544
3, 19, 0.01309447800816619
68, 15, 0.6359978495470181
76, 14, -3.224711513619142
110, 7, -3.345987990113793
32, 18, -1.858087416256443
122, 0, -0.2370397461621235
119, 3, -1.895192302256526
99, 10, -1.674026924736184
89, 12, 0.5127589947649677
4, 19, 0.1966805609857375
83, 13, 1.836337985768856
5, 19, 0.1734651102644202
59, 16, 1.514201886892507
113, 6, 0.657548964725663
107, 8, -2.422130092146485
6, 19, -1.563910163364172
33, 18, 0.08146785960277396
48, 17, 2.511762520293908
7, 19, -2.698150869665845
8, 19, -0.7367701438510617
69, 15, -0.1203484962212436
95, 11, -1.517680837226489
77, 14, -3.458159076309166
122, 1, -2.618735665577133
121, 2, 3.029104346045858
34, 18, 1.687260919558109
118, 4, -2.462182797747069
9, 19, -1.090038844772532
60, 16, 0.1725943159910648
116, 5, 0.6172463022557133
104, 9, 0.9701981834328733
84, 13, -2.234500654182134
49, 17, 0.845036876775211
90, 12, 0.9235592608572503
10, 19, -2.047377668948618
100, 10, -0.3986491744171297
111, 7, -1.32904069152291
123, 0, -2.643565547359368
120, 3, -0.6791012150399635
11, 19, 1.513326963632799
35, 18, 1.143219834626774
108, 8, 2.201991886651123
114, 6, -0.75750304632183
12, 19, -0.3637468781481182
70, 15, 0.9616879737752166
61, 16, 2.558363599970888
50, 17, 1.256174817787819
78, 14, 2.626803508990772
13, 19, -1.428950871899471
36, 18, 0.9181731277804648
96, 11, -1.72912240453655
85, 13, 1.188516686095239
14, 19, 2.286305846663547
91, 12, -0.08053316840267505
105, 9, 0.5029393820150364
122, 2, -1.351462524202675
123, 1, 0.1541681120969735
119, 4, 0.5277211557586484
117, 5, -2.226634067440714
15, 19, 1.116612150891308
101, 10, -0.3343957800481177
51, 17, -1.746359007204135
37, 18, 1.22818973860268
71, 15, 3.002910992548084
62, 16, -9.828113872162888
112, 7, 0.05732765270217507
16, 19, -1.204483187697293
121, 3, 2.460348049781353
124, 0, -0.263410857995593
109, 8, -2.995123883297302
79, 14, -3.852744342176274
115, 6, -0.8792789724763342
38, 18, 4.884830797356699
17, 19, -3.713359772874968
97, 11, -0.2213608620240568
52, 17, 0.05438223397745595
86, 13, -2.269975183808151
18, 19, -1.665510090895433
92, 12, 1.511726691481896
63, 16, -1.035991094253165
72, 15, -0.5859833588164763
39, 18, 0.3893681677081998
106, 9, -2.793262504648609
19, 19, 0.762654850063893
102, 10, 2.071089546861059
120, 4, -2.316707805161902
123, 2, 2.665227480504599
118, 5, -0.6915111975174388
124, 1, -2.217142337007312
80, 14, 2.389946103872946
53, 17, 0.6632468422725983
113, 7, -0.8658538103329687
20, 19, 1.9691623914611
40, 18, 1.707499975048216
110, 8, 0.9034103587694877
64, 16, -1.107842156544892
122, 3, 3.205071221222529
125, 0, -1.960009447476207
116, 6, -0.2291079166465896
87, 13, -1.899739288418987
21, 19, 2.122292179823338
98, 11, 1.73873674431741
73, 15, -5.123200979370663
93, 12, 1.024195472772768
54, 17, 0.5310857615642297
41, 18, 1.000206323807214
22, 19, -2.502852264767359
81, 14, -1.33501552309619
107, 9, 1.703262127600029
103, 10, -0.3856133453601209
65, 16, -2.386957018221973
23, 19, 3.345057130886578
121, 4, -1.561854727455178
119, 5, -2.497648565222616
124, 2, -1.869224326586723
125, 1, 2.070264806405017
114, 7, -2.211572562113434
42, 18, -2.971468226593426
55, 17, 1.18502976481969
74, 15, -1.03680049649128
88, 13, 1.06813306706005
24, 19, 3.402031521793625
111, 8, 3.905869210711598
99, 11, -5.124825855821706
123, 3, -1.817484446368985
117, 6, -0.7888991379151492
94, 12, -0.912777269488983
126, 0, 2.779657234493178
25, 19, -1.766764626974549
43, 18, 3.402509136600467
66, 16, -0.8896351092324037
82, 14, -1.039054199357174
56, 17, -0.1085129959229803
104, 10, 1.010076337021149
108, 9, -0.7915214402205719
26, 19, 0.2975085051845406
75, 15, -2.051144074508963
89, 13, -3.589516431019815
44, 18, -0.6113361854041963
120, 5, -0.7743261704945621
122, 4, 0.3731055033730306
125, 2, 0.8638175327258678
115, 7, -1.09555699291028
27, 19, -0.08545776302656886
126, 1, 0.2749370336173103
67, 16, 0.3094184555138409
100, 11, -1.041008515164059
112, 8, 5.043300788771763
57, 17, 1.014534457548117
95, 12, -2.297158178981957
83, 14, 4.516114451556748
118, 6, 3.83145792978411
28, 19, 4.515780545743472
124, 3, -4.955062778777956
45, 18, 2.172847326145242
127, 0, 0.333670608103904
76, 15, 1.507451194768077
105, 10, -0.5500915926336016
109, 9, -0.6886706235388089
29, 19, -2.574790717308727
90, 13, 0.2116827691789895
58, 17, -1.394040256262943
68, 16, 1.118153060006594
46, 18, 5.007276678434261
84, 14, 2.24415289292003
30, 19, 0.9442614242112843
121, 5, -3.005434978774523
96, 12, -3.149420718229173
101, 11, 4.611279125797402
123, 4, -1.437275030239062
116, 7, 0.7796447287666417
126, 2, 3.756261768386804
127, 1, -0.3618318118414836
113, 8, -2.058174925390974
-10, 20, 0.2247212829820339
-9, 20, 2.379553627432219
-8, 20, 1.645130779820513
-7, 20, 0.2101625277035208
77, 15, -1.432280249024918
-6, 20, 0.4029000641403584
-5, 20, -3.199043502946755
59, 17, -1.185748734820454
-4, 20, -1.503978331669755
47, 18, 0.1961742402046958
-3, 20, -1.656273273010512
31, 19, 1.918393800100209
119, 6, 0.5463342858499586
69, 16, -2.80206983716849
-2, 20, 5.571289756914794
125, 3, 2.771355445087198
-1, 20, 3.947995054800805
128, 0, 3.882815260038069
91, 13, -0.9168253882629385
106, 10, 5.457004249872175
0, 20, -0.67227764285467
110, 9, -2.039496424951189
1, 20, -1.255139926069668
32, 19, -1.869751285310568
2, 20, -3.22363309154481
85, 14, -0.02793432065711493
48, 18, -2.336955304024408
60, 17, -1.616104679789923
3, 20, -2.941714788102151
97, 12, 1.608319001982515
78, 15, 0.6218856334238339
102, 11, 3.382306405784364
4, 20, 1.479985177006391
70, 16, -2.478698791609229
33, 19, -3.423823183014747
117, 7, 0.3312961673841231
122, 5, 1.977387667486713
5, 20, -4.867739325121503
124, 4, 3.362509613357421
114, 8, -2.69046768250279
127, 2, 2.05290405261987
128, 1, -1.820322173244376
6, 20, 2.511358141196216
49, 18, -2.497998470389777
7, 20, 0.008633142337177191
92, 13, -1.174440807477444
120, 6, 3.489719623032625
34, 19, 2.680674130813986
61, 17, -3.083008594790108
107, 10, 3.565111471630533
126, 3, -1.338950022158261
8, 20, -0.7528542006025511
86, 14, -1.591407278684539
129, 0, 2.921543036561324
111, 9, -1.472143193191961
79, 15, -1.651223373144031
9, 20, 2.933907407877722
71, 16, -2.35155209889794
98, 12, -1.105703537986124
50, 18, -0.7608196375052962
35, 19, 1.955671646364889
10, 20, -1.22727397880328
103, 11, -4.036803314855673
11, 20, -2.458380402420432
62, 17, 2.595157449068983
118, 7, -2.53296377279788
123, 5, 1.736372976789713
115, 8, -2.939280513899129
36, 19, -0.5795560324654775
125, 4, 2.173299498043163
12, 20, -1.360722156617525
93, 13, 1.787498923312184
51, 18, 0.1491192465641255
128, 2, 5.0859647495968
129, 1, -3.190149478121471
87, 14, -1.359603260806008
80, 15, 0.5392112238072024
13, 20, 2.152528897818902
72, 16, 2.007445101623992
121, 6, -0.6159392013404482
108, 10, -5.229123667579787
37, 19, -0.9455878651054411
112, 9, -0.7890132012814206
14, 20, -3.94472039390701
127, 3, -2.160821481951167
63, 17, 2.383920264238312
99, 12, 0.3845576510787632
130, 0, -2.551160534055234
104, 11, -2.030704502538391
52, 18, -1.260599211166373
15, 20, 4.149500421756841
38, 19, -2.341395158254836
16, 20, -3.529697304153661
94, 13, 0.01278712554810004
73, 16, 0.9053390624296009
81, 15, 0.2113064787911493
119, 7, -3.128670570196186
116, 8, -2.757803972845095
88, 14, 3.715936571869037
124, 5, -1.543098531184592
17, 20, 2.590238284413453
64, 17, 0.483108182682437
126, 4, -3.760687273672148
53, 18, -0.7611701461039253
39, 19, 0.6655504632665387
129, 2, 1.795850451011568
130, 1, 1.102346560018804
109, 10, 1.601124288542979
18, 20, -0.1989425881529718
122, 6, 1.92477562327808
100, 12, -3.209087800679326
113, 9, 1.221879497930721
128, 3, -0.2351549798760159
19, 20, -3.960403902288375
105, 11, -1.566707254125676
74, 16, 0.4793319304371629
131, 0, -3.958093191776248
40, 19, -0.1903971933172609
54, 18, -1.416104939928279
82, 15, -3.506180851270723
65, 17, -1.747721796797713
95, 13, 0.1701446717260147
20, 20, 4.0607865250258
89, 14, -0.003326206618895889
120, 7, 0.7954029900499081
117, 8, 3.518699906924594
41, 19, 4.292565425128388
21, 20, 2.346939916160345
125, 5, -0.4242369107923109
127, 4, -1.074736665821456
55, 18, 0.3925138838000784
110, 10, -0.756773504338926
101, 12, -3.519836459210984
75, 16, -2.279934334138062
22, 20, -0.3341093536314546
130, 2, -2.379778052648355
66, 17, -1.542571698525063
131, 1, 0.2409690340264318
123, 6, -1.694179175888115
114, 9, -1.233065656981023
83, 15, -0.07930042354898259
42, 19, 3.638351193839169
106, 11, -0.8160118167327871
23, 20, -5.758579525661102
96, 13, 4.207838934126177
90, 14, -1.875666642623508
129, 3, -0.9068752959097988
132, 0, -2.991513439204495
56, 18, 2.4275035255943
24, 20, -6.122861984374905
43, 19, -2.440870114044669
67, 17, 0.8048970332825803
76, 16, -4.310206452959578
118, 8, -2.676196074132974
121, 7, -6.085338487051405
25, 20, -3.681445636977365
126, 5, -1.625901905386818
111, 10, -2.619336851541628
102, 12, 0.05077284454198107
84, 15, 2.891187399812904
128, 4, 2.558635242588353
57, 18, -1.734617697948715
44, 19, 0.7724366815132425
115, 9, -1.12733400121619
131, 2, -2.197597001688312
107, 11, -0.8985364479540179
91, 14, -3.857010028067874
26, 20, 2.655096639459898
124, 6, -1.876281523232991
132, 1, 1.552729313241071
97, 13, -5.114782024049215
68, 17, 1.979524488786503
77, 16, 0.03240433711162153
130, 3, -0.3155628206711004
27, 20, 1.11601816217791
45, 19, -3.434531457030027
133, 0, 0.7732189756573444
58, 18, 4.028881118002023
85, 15, 1.504785284800048
119, 8, 1.0714233985814
28, 20, -0.02373023998470322
122, 7, 3.921218780395868
103, 12, 3.485133991801481
112, 10, 1.161651632409508
69, 17, -1.120288995116895
92, 14, -2.505567037135889
127, 5, -0.1188721097600434
46, 19, 3.620191827143913
98, 13, 0.05521506922585419
129, 4, 0.3363036044858358
108, 11, 1.083297197589279
29, 20, -0.6557652114610076
116, 9, 1.115928746613967
59, 18, -3.222093649474812
78, 16, -2.455360808003488
125, 6, -0.9943623610888026
132, 2, 0.9468222739301875
133, 1, 1.26372500824787
30, 20, -3.760991598089775
47, 19, -1.870734028649218
86, 15, -6.779985012883398
131, 3, 5.338170934783832
70, 17, 5.196566542261816
134, 0, 1.627876719152641
60, 18, 1.417103369658328
104, 12, 7.01809020511322
-10, 21, -3.040586584776565
-9, 21, 1.197687785734567
-8, 21, -3.098519795878277
31, 20, 2.588574274358439
-7, 21, -0.6371963981511385
120, 8, -2.645852226782174
93, 14, -4.123371590774413
-6, 21, 2.558634919436858
123, 7, -2.365106287266214
113, 10, -0.8200055407538406
79, 16, -4.33450670580414
-5, 21, 0.03820486958643959
-4, 21, -2.795041758242881
48, 19, 0.4973702874169522
99, 13, 0.009049778114745216
-3, 21, 0.4670973350478009
109, 11, -0.6984902936913225
-2, 21, 1.672402756793669
128, 5, 0.5126615125185591
-1, 21, 0.7094780123162048
117, 9, 0.4150236278237381
32, 20, 2.51974128126978
130, 4, -2.754004659034729
0, 21, -1.143031994609407
71, 17, -2.774414403972902
87, 15, 0.575960671432474
61, 18, 3.002120289178017
1, 21, -1.473236435317565
126, 6, 0.4001807364956408
133, 2, 0.1759015179843996
2, 21, 2.825777089517374
134, 1, -0.4077173498029794
49, 19, -0.7214682538862472
33, 20, 0.2975489121358862
3, 21, -0.2996832292987336
80, 16, -1.514028288006952
4, 21, -1.403042461913326
94, 14, 3.619784804287841
132, 3, 3.560519601376765
105, 12, -4.812781900762187
5, 21, 7.252367226830902
135, 0, 1.510367020423631
100, 13, -1.217261827068162
121, 8, 3.834424229769535
34, 20, 3.805430849755325
114, 10, 0.949512026258074
6, 21, -1.394757657802831
62, 18, 1.266633859325723
50, 19, 0.4461302747703654
124, 7, -2.094089587784904
72, 17, 2.918991140000597
110, 11, 2.29749040579631
7, 21, 1.199515798363256
88, 15, 2.342107185939079
118, 9, 3.121794728810711
129, 5, 4.974491775581831
8, 21, 5.524235377720927
35, 20, -0.2254018115832062
131, 4, 1.62487707497274
9, 21, 0.6442396826356126
81, 16, -4.708003248472858
127, 6, 1.087302061022978
51, 19, 0.921382350524285
63, 18, -3.512681076395708
134, 2, -2.40376492909591
95, 14, -1.914104097774241
10, 21, 1.514143513850539
135, 1, -4.897745368988129
106, 12, 5.372195095482984
36, 20, -4.456994136104284
73, 17, -0.5294561377641261
11, 21, 1.274653059823726
101, 13, 4.358505355426852
133, 3, 1.882882504331182
115, 10, -1.663567954338868
12, 21, -2.154452942246609
89, 15, 2.17473786877292
122, 8, 0.636109179501869
52, 19, 5.813071937350478
136, 0, -8.92017897716797
111, 11, 0.3059320870676842
37, 20, 0.6717050160824269
125, 7, 1.65575271124761
13, 21, -1.002000050050345
82, 16, -4.534274439463012
64, 18, 4.045765706589562
119, 9, 1.949671757337544
14, 21, -3.225342256146717
130, 5, -4.091115641801044
74, 17, -4.737274744361165
96, 14, 4.772708461714336
38, 20, -8.320510713540013
132, 4, 4.877915148695819
53, 19, 0.179163958184495
15, 21, 0.8232289645299643
128, 6, 5.656450646183569
107, 12, -1.081631257413325
135, 2, -0.6853015887496072
102, 13, 0.8533160422218652
136, 1, 0.3317508232501651
16, 21, 6.353407316489013
90, 15, -2.90589134358099
65, 18, -6.828404486049618
39, 20, 1.663032951363689
83, 16, -5.301405398067091
116, 10, 7.683988992797939
134, 3, -0.3753516588230632
17, 21, -0.7676819099220249
123, 8, -1.946793958624925
112, 11, -0.9109683510956282
54, 19, -2.493129694145244
75, 17, -2.9129601850131
126, 7, -0.5374831233657333
137, 0, 2.562017201072213
18, 21, 0.2725116052835919
40, 20, 1.235797285735775
120, 9, -0.3948624367987152
97, 14, -3.791237182984755
66, 18, -1.150225221509028
131, 5, 1.868115578222088
19, 21, 1.724091154970291
108, 12, 1.839300008063399
55, 19, -4.597558205913092
91, 15, -0.7304218818291305
133, 4, -0.9165162006141214
103, 13, -2.567607891698381
129, 6, 2.092399633102097
84, 16, 3.727254124530025
41, 20, 1.884732405779291
20, 21, -1.571680511723452
76, 17, -2.122954443904018
136, 2, -4.127288152687893
137, 1, 1.905143612401465
117, 10, -3.409869118552233
21, 21, 4.350816284294634
113, 11, 0.4788269674290661
67, 18, 0.0399669311936498
124, 8, 2.285918363040064
135, 3, 1.00036954438862
56, 19, -0.6124923816590769
42, 20, 0.01759118123672119
98, 14, -10.58276261625449
127, 7, -0.02730887212544833
22, 21, 0.9518891162944113
138, 0, 0.8669318892365124
121, 9, 1.768008270980575
92, 15, 1.179206510392434
85, 16, 5.230999699748684
77, 17, 5.232432141365056
109, 12, -3.977090246548224
23, 21, -0.780370349874851
104, 13, 5.983943660484186
43, 20, 1.438754137693708
132, 5, -0.9216432550155824
68, 18, 0.5503911803603416
57, 19, 3.383455252813319
134, 4, -3.093871383734732
130, 6, 1.978779555778831
24, 21, -2.011291106474447
118, 10, 8.036055759484016
137, 2, 4.18988242197589
114, 11, 5.267713836581387
44, 20, 6.314585989006538
138, 1, 1.18818798319537
99, 14, 5.374391148336018
25, 21, -3.790736378821304
125, 8, 2.482852338274829
78, 17, -4.695048706639714
58, 19, -1.276673965227134
86, 16, -10.85441220583679
93, 15, -3.074531169932573
136, 3, -1.701702885065125
69, 18, 2.038459934982126
128, 7, 0.8258782492177645
122, 9, -7.385001516623917
26, 21, 6.679856806648066
105, 13, -1.538715021742366
139, 0, 0.1106526316744473
110, 12, -0.4065645165639545
45, 20, -1.13581984595901
27, 21, 2.792649471632906
133, 5, -4.254048593212297
59, 19, 4.135829079350742
135, 4, 2.350620040973929
131, 6, -3.543476944507505
79, 17, 5.287352787801955
46, 20, -5.031050677368524
100, 14, -0.7909845239071029
70, 18, -4.278184748792423
119, 10, -5.270231588377945
115, 11, -2.160329224353475
28, 21, 1.871707547474939
87, 16, 0.6962277846053943
94, 15, 7.296985237509845
138, 2, -2.254144628170206
139, 1, -3.75451723876451
126, 8, -4.474105917053416
29, 21, 3.64975545189206
60, 19, 0.5302298521597358
106, 13, -1.578097001323621
47, 20, -2.709659575233435
137, 3, -7.714400019000775
129, 7, -1.141688790955024
123, 9, 0.08062495534275402
111, 12, 1.633659100527337
140, 0, 4.302295045673166
71, 18, 1.477536042686668
80, 17, -1.320751520067722
30, 21, -1.421530275323327
88, 16, -5.189305343790387
134, 5, -3.414298367784836
101, 14, 3.141565936531448
48, 20, -1.183812764797138
95, 15, 1.911369970416363
61, 19, -0.4182374162287406
132, 6, -0.8549785645274252
116, 11, 3.23815401568815
31, 21, -0.0944289899502106
136, 4, 2.99096400979066
120, 10, 0.03089758407278717
-11, 22, -0.109404254225277
-10, 22, -4.840297886135309
-9, 22, 0.954436314751438
-8, 22, -0.2491322369679657
-7, 22, 0.8629910646928337
-6, 22, 2.739141921343111
-5, 22, 2.890368284921782
139, 2, 4.815028637211128
72, 18, -9.034150947174394
127, 8, -3.024457298826641
107, 13, -1.48082535356403
-4, 22, -0.2256541910268718
32, 21, -0.09018026775924076
49, 20, 1.818722335880455
140, 1, 1.009608120487445
81, 17, -0.4442834286883048
-3, 22, 0.6250963423687438
112, 12, -0.05116599064197915
-2, 22, -1.457405434007467
124, 9, 2.677288752890379
130, 7, 2.822728262921859
62, 19, 2.0652728517894
-1, 22, 0.1407687826209394
138, 3, -1.714988506084359
89, 16, -0.2349457347772247
0, 22, -4.71084494109008
33, 21, 3.752921793339211
1, 22, 5.009653644974152
102, 14, -0.01789174394329707
141, 0, -0.8174739601698301
96, 15, -0.09362185421589522
2, 22, -4.036913093826207
50, 20, 4.204814593366645
3, 22, 0.07095155762317491
135, 5, 3.421832630368783
73, 18, 0.1147400191298186
117, 11, -6.900334912327735
4, 22, 9.48495996350891
121, 10, -7.681026783830086
34, 21, 2.07828116534805
133, 6, 1.834891263933759
82, 17, -1.214741065927931
63, 19, -5.222178260104918
137, 4, -0.5075276855879026
5, 22, 2.130864318849461
108, 13, -0.6814486140253799
6, 22, -2.079770292364475
51, 20, -6.422945992340711
113, 12, -1.606341895115503
128, 8, 7.087790404515866
90, 16, -5.151007201263631
35, 21, 2.703595892594183
140, 2, 0.8683122944557398
7, 22, 2.746633017897698
141, 1, 0.8490698755217643
125, 9, 0.6023686886114977
8, 22, -1.610779233800289
131, 7, -0.6373438122583764
103, 14, -0.3335730852057499
97, 15, 0.1144494518465058
74, 18, 1.846505537018263
139, 3, 3.315584981563526
64, 19, 3.016091770510721
9, 22, -3.025966727834687
36, 21, -1.957821989999253
52, 20, 4.490346803428473
83, 17, -6.60150689230956
142, 0, -0.5116098957424576
10, 22, -3.652293953277011
118, 11, -0.1463018008768006
136, 5, 1.672649520507987
122, 10, 5.780581791878074
11, 22, -1.666747762651608
109, 13, 3.477386986216311
37, 21, 5.211334342125443
91, 16, -2.103222696890183
134, 6, 2.60309081919292
138, 4, -8.961254722175799
12, 22, 0.09309443840222205
75, 18, 3.651281005292209
65, 19, 0.4707984858438645
114, 12, -1.060173855600109
53, 20, -3.667880440375144
129, 8, -2.731594064269702
13, 22, 0.8672938334882144
98, 15, 0.11842258863643
104, 14, 1.547668365082946
38, 21, -5.060259688438929
141, 2, -1.014912753829032
126, 9, 2.495957826756721
84, 17, 1.48062316373484
142, 1, -0.2455044369096858
14, 22, 2.167954306723352
132, 7, -7.557128770068374
140, 3, 1.384371352198041
54, 20, 4.557962096510662
15, 22, -4.022160233086575
66, 19, -3.028757209084575
39, 21, 5.211741394696957
76, 18, 4.128496482492396
119, 11, 7.972948393040731
92, 16, 1.53843509796548