d = 163, symClass = C, D = 3.773438, Y = 0.06481068745306375
[4.885441560299621, 4.885464061648408], 4.885454899296686
1, 0, 1
2, 0, -4.771036447928029
3, 0, 10.7668890938325
4, 0, 0.6412633596209858
5, 0, 13.59188759941003
6, 0, 10.06223566934241
0, 1, -1.970047711836498
1, 1, -2.770952483525078
2, 1, 4.083299323520448
7, 0, 11.46566071310279
3, 1, 6.84797152352208
4, 1, -5.41614541226102
8, 0, 1.385717042361127
5, 1, -3.865419973834903
9, 0, 6.968661168912027
6, 1, -7.569668020506229
7, 1, -4.472404552267654
10, 0, 3.262376575357017
8, 1, -3.083130988224112
11, 0, -2.631286348579692
9, 1, -1.292489780501817
12, 0, -6.607577835351118
10, 1, -5.696876893713704
-1, 2, 0.1065429317570415
0, 2, 2.114742484953013
1, 2, -5.989547540455604
13, 0, 6.899109646057014
2, 2, -1.866506662582839
11, 1, 2.842985495360802
3, 2, -0.8256807634950666
4, 2, -1.483047808421615
14, 0, 3.125821986342675
12, 1, -5.177698530799084
5, 2, 1.28165885714825
6, 2, 6.413219909760147
13, 1, -1.920326719318306
15, 0, 9.832492763345069
7, 2, 0.5594041009794087
8, 2, 1.377030840609457
14, 1, 3.83000098387325
16, 0, 7.381373401394427
9, 2, 4.652546306115063
15, 1, -1.461942423215708
10, 2, 2.050898195104901
17, 0, 6.665929318030277
11, 2, -3.713697426637385
16, 1, -3.868212661506241
18, 0, 3.840269667530387
12, 2, -3.983448953062954
17, 1, 3.922650826041379
13, 2, -0.950200502510578
19, 0, 3.107283552577141
-1, 3, 1.16290295427749
0, 3, 5.747857173957403
1, 3, 4.696106809843587
2, 3, 0.4669329706463782
18, 1, -6.248821677170483
3, 3, 2.31964672230689
14, 2, -4.160069735175151
4, 3, 7.07769756043318
20, 0, -3.746432315518183
5, 3, -0.1392565635706993
15, 2, -1.670502937393136
19, 1, -5.923130809818235
6, 3, 5.12465438504154
7, 3, 7.655484227147691
21, 0, 9.466550838091896
16, 2, 0.8785924587913145
8, 3, 2.231351303395402
20, 1, -3.326663252233153
9, 3, 7.42753781429959
22, 0, -1.469869855134926
17, 2, -1.006030971638041
10, 3, 3.538481304433232
21, 1, -8.337840464665886
11, 3, 0.667218490295228
18, 2, 2.676928816545383
23, 0, 7.96874446700406
22, 1, -4.37149270685764
12, 3, -3.662433740436875
19, 2, 7.201821916311296
24, 0, -4.585013568710719
13, 3, -6.770590547515027
23, 1, -2.713382553702779
20, 2, -2.868965290780737
14, 3, -7.588511630222698
25, 0, 12.08146053301948
15, 3, 0.4181581769678207
24, 1, -5.309850185803747
21, 2, 4.252752224251246
-2, 4, 0.04872047896527478
-1, 4, -3.998633752135078
0, 4, -3.82399665408432
1, 4, 2.566819456840721
2, 4, -3.951814150717445
16, 3, -0.09486284810005317
26, 0, 4.029772905912506
3, 4, 2.051476048373591
4, 4, -1.329850464486166
25, 1, -3.716966361262984
22, 2, 3.168934592726216
5, 4, -9.238709618717051
17, 3, -0.6148221981048342
6, 4, -3.520186513039746
27, 0, 11.49021174994416
7, 4, -6.276237653539648
23, 2, -3.286703988370025
26, 1, 1.342304749279581
18, 3, -7.942547496065551
8, 4, -0.2148902942369499
9, 4, -1.173696171107571
28, 0, 0.7372726479572818
19, 3, 5.417665408588259
24, 2, -2.481574440724878
10, 4, -2.998814851686837
27, 1, -6.543296812081817
11, 4, 0.3823649597612239
20, 3, 5.44868615870112
25, 2, 6.212135870975397
29, 0, 8.747346058665588
12, 4, -5.387774244339364
28, 1, 0.2450616544725561
21, 3, 2.306606470810801
13, 4, -4.129136725423077
26, 2, -5.005992792451941
30, 0, 2.243398483510322
14, 4, -2.303207042848474
29, 1, 0.5985080981348624
22, 3, 2.015337458866568
15, 4, 4.630438804670915
27, 2, -1.110544405987098
31, 0, 11.13643204420332
23, 3, 0.4197561957029195
30, 1, 0.7618218544374439
16, 4, -0.4779624497716484
28, 2, -0.07373936802654826
17, 4, -5.272667160032048
24, 3, 6.532646654889443
-2, 5, -0.2164752395729127
-1, 5, -6.200771920712595
32, 0, 0.7951938065648616
0, 5, -2.371643224309138
1, 5, -1.444099720771066
31, 1, -0.7280556071984469
2, 5, -0.0965149518659832
3, 5, -5.797251596023503
18, 4, 3.632124790196367
4, 5, -2.656937320752224
29, 2, 2.64529505308872
25, 3, 7.658244076660383
5, 5, 0.948952091351981
33, 0, -2.480051575715765
6, 5, -0.422294064521549
19, 4, 7.133341926563346
32, 1, 0.9764893204843138
7, 5, -1.328489940070348
26, 3, 4.267496371294319
30, 2, 0.5579671174527142
8, 5, -3.979560666062079
20, 4, -3.755677531935808
9, 5, 1.199935107383957
34, 0, -0.6875433268266686
33, 1, -3.624467070291651
10, 5, 10.50207963980262
27, 3, -0.5790821968611869
21, 4, 1.077125657069297
31, 2, 2.545899631108997
11, 5, -2.699293534648693
35, 0, 16.14965169283133
22, 4, -6.878745361046028
12, 5, -2.814518273494866
34, 1, 2.297509096997209
28, 3, 7.622110318950422
32, 2, 1.629081896023697
13, 5, -5.467745163010707
23, 4, 3.019496997219688
14, 5, 16.78903040236996
36, 0, 12.86238354672551
29, 3, 8.34757655570812
35, 1, 7.109384146462159
33, 2, -13.40573348692835
15, 5, -2.130197989182195
24, 4, 3.136498150782964
30, 3, 6.657266551003403
16, 5, 17.03740249751265
37, 0, -9.567261945401697
36, 1, 5.867564381175887
25, 4, -7.403739715946816
34, 2, 8.533213577100925
17, 5, -3.546069573498499
31, 3, 0.6079536929570689
26, 4, 5.502759015852488
18, 5, 9.76646946730974
38, 0, 4.929914488958452
37, 1, 8.148206886617185
35, 2, 0.1759972428422562
-3, 6, -1.291145993611972
-2, 6, 0.9648556488468091
-1, 6, -1.818467631757065
0, 6, -3.365153804312392
19, 5, 3.472255609896373
1, 6, 11.31330369947542
32, 3, 5.95779132511895
2, 6, -4.313796276087924
27, 4, -0.4783709406586152
3, 6, -3.788998199320795
4, 6, 3.859610584703825
39, 0, 14.23669954162986
38, 1, -5.370528349607149
20, 5, -7.100867426674495
5, 6, 6.457673603484063
36, 2, -0.5374153501909559
6, 6, 5.855699459852305
28, 4, -3.072058808755267
33, 3, 1.853684134236363
7, 6, 1.797332818332746
21, 5, -3.206043988166464
8, 6, 0.9672766468856596
40, 0, -6.776283103600546
39, 1, -8.980205697491966
37, 2, -0.01171961138139218
9, 6, -4.419314990100592
29, 4, -4.149676857395898
22, 5, 1.013762389919994
34, 3, 5.71018878885644
10, 6, 1.201176828454831
11, 6, -0.3796583930825238
23, 5, -6.244422820044309
30, 4, 1.058904005209818
41, 0, 1.821968966010036
40, 1, -0.9383598042350139
38, 2, -1.040923630567494
12, 6, -0.7575518047685119
35, 3, -8.593360038043862
24, 5, 5.899982715554994
13, 6, -3.574374529466473
31, 4, -2.273115149817853
14, 6, 0.2043767846955974
41, 1, -1.139645794886892
39, 2, -1.527336353166919
42, 0, -1.803741193473975
36, 3, -10.59491945709448
25, 5, -0.6265640459937806
15, 6, 4.57010565386017
32, 4, -6.573853370523786
16, 6, 1.052634347899331
26, 5, 4.406122168909627
40, 2, -4.862806883391298
42, 1, -4.715754495251401
43, 0, 1.88645617687024
37, 3, 4.574168313989303
17, 6, -0.4111052700495551
33, 4, -2.056903475418059
27, 5, -0.7721142975436243
18, 6, -2.873049286046464
41, 2, -1.174492047168995
38, 3, 1.253996457019487
43, 1, 3.827960667817814
44, 0, 1.101074434400075
34, 4, -5.166128544201052
28, 5, 1.033369295566066
19, 6, 2.651313192893835
20, 6, -1.618863931594981
-3, 7, -3.000067501093291
-2, 7, 6.073356027127856
-1, 7, 2.145348963607574
39, 3, 6.613438246093987
0, 7, -0.3941572973935323
29, 5, -1.575852581111896
42, 2, -6.255976153413366
1, 7, 9.273468822365821
44, 1, -2.593762683966965
35, 4, 0.1655652848489465
45, 0, 17.69108352720319
2, 7, 1.366293444843545
3, 7, 0.914405599237444
21, 6, -2.958472446600343
4, 7, 2.065119389486151
5, 7, 9.088387246369695
30, 5, -7.295234481814237
6, 7, 3.499088388025274
40, 3, -1.179470282671192
22, 6, 1.645207933126901
36, 4, -0.7914207746505867
43, 2, -1.794911409442173
7, 7, -1.346112714516086
45, 1, 1.807733152035177
46, 0, 6.339282698584241
8, 7, 5.871714979395861
31, 5, 2.537957401429886
23, 6, -2.607751671452847
9, 7, 4.175171187505192
41, 3, 3.672078454489046
37, 4, -0.9890120503889372
10, 7, 4.4825239812483
44, 2, -4.171946399711383
24, 6, -0.847545012715063
46, 1, -2.702491822223068
11, 7, -0.6397328386738361
47, 0, 8.290357364444123
32, 5, -1.242708374490901
12, 7, -3.8297437748041
25, 6, -9.41729129045614
38, 4, 1.614142827288611
42, 3, 9.241243887803334
13, 7, 5.739818612054235
45, 2, -2.361244281534848
33, 5, 0.6481933608761782
47, 1, -2.520940935557708
14, 7, 9.078883695426017
48, 0, -0.5660003238158825
26, 6, -2.291694568456085
39, 4, 1.361163686515594
15, 7, -0.2792051980735169
43, 3, 5.069530248016767
34, 5, 2.318887478780776
27, 6, -2.70990978361032
46, 2, -3.896445143869245
16, 7, -3.736511326203015
48, 1, 0.8419829388368586
49, 0, 9.887810425234836
40, 4, -0.6246240269525216
17, 7, 4.831090465196584
35, 5, -0.529225307605633
28, 6, -3.183528916814845
44, 3, 0.1783625154981892
18, 7, -1.813718895045883
47, 2, 6.308920622555927
49, 1, 2.004731790092561
29, 6, -5.392928574188882
50, 0, 5.574781467858654
41, 4, -0.0976645249876385
36, 5, 0.6957745539657234
19, 7, -0.9775414007193227
45, 3, 8.981413160524317
20, 7, -3.684212414572545
30, 6, -1.21791950570394
48, 2, -2.44095909114788
37, 5, 6.654520417310392
42, 4, 4.414342050245379
50, 1, -7.91981506124017
21, 7, 4.506562404624201
51, 0, 6.472093578717489
-4, 8, -0.1051584411557896
-3, 8, -1.635660602783203
-2, 8, 1.722561007683378
-1, 8, 4.096212354806004
46, 3, 3.221706398310324
31, 6, -3.889555294904519
0, 8, -0.5424864394128358
1, 8, -8.290041106037179
2, 8, 2.643563743866724
22, 7, 2.832021928180197
3, 8, 4.977554769123806
38, 5, 2.84922189479285
49, 2, 1.697312145159299
4, 8, 2.343959431371707
43, 4, -3.7320635651502
5, 8, -5.373997712874705
32, 6, -0.2948015769741203
51, 1, 1.167928961248342
23, 7, -4.636444247368731
52, 0, -0.7322458405432581
6, 8, -0.97318134504548
47, 3, 0.5609690763668699
7, 8, -1.361848110831053
39, 5, 1.602954183271438
8, 8, 1.296821501126135
24, 7, -3.157174779506416
33, 6, 4.931014501275938
50, 2, -2.785641039278217
44, 4, -2.954692381242895
9, 8, 0.1209339407483519
52, 1, 0.6768461851776891
10, 8, 0.3530813966792924
53, 0, 9.220146152074426
25, 7, -3.956686835388187
48, 3, 5.832583031229714
40, 5, 0.1228238787589336
11, 8, -5.310499410053539
34, 6, 2.266258312956757
45, 4, 0.2716063879436926
12, 8, 6.376703078699628
51, 2, -4.642450180667141
26, 7, 4.492111652998972
13, 8, -0.1083379680414688
53, 1, 0.864487250787436
41, 5, 1.988094247135066
35, 6, -3.247491243478234
54, 0, 5.312707290959933
49, 3, 3.85628472076629
27, 7, -3.816587660277103
14, 8, -4.404395611542149
46, 4, -0.6009509376683437
15, 8, 9.16389043628735
52, 2, -2.667767128823134
36, 6, -3.665429621198482
28, 7, -5.495941235324135
42, 5, -0.2229159874499194
16, 8, -3.585797300690282
54, 1, 2.135729436072446
50, 3, -0.1715955186290336
55, 0, -3.457772293572512
17, 8, -3.554480067536628
47, 4, -0.5938883464837008
29, 7, 3.157807159408252
37, 6, -3.873833024656019
53, 2, 0.2240182292537318
43, 5, -2.074579850039352
18, 8, 2.778058428259783
30, 7, 0.245450165136153
55, 1, -7.827552787521921
51, 3, 8.95824838327996
56, 0, -6.366410717840122
19, 8, 0.1152375979872509
38, 6, 3.525001184103798
48, 4, 7.302372906756646
44, 5, -1.447930741567534
20, 8, -4.326002671741938
31, 7, 4.826198852642848
54, 2, -4.398893457973177
52, 3, 8.340229656055149
39, 6, 11.20100623424135
56, 1, -4.827972701458098
21, 8, 3.879679549192584
57, 0, 17.25124124109991
49, 4, 2.339822182703341
32, 7, -1.897440083537562
45, 5, -8.426637715773966
22, 8, 1.534929060472881
55, 2, -6.786171229725412
-4, 9, -6.620029319626054
-3, 9, 8.309356265772307
-2, 9, 2.23918448178962
-1, 9, 0.4524713747891232
40, 6, -1.662265615683892
0, 9, 3.596117966801754
33, 7, 4.796344507185758
1, 9, -6.344357946614212
53, 3, -2.273294620217801
23, 8, 0.7758512059743824
2, 9, 2.47726580351865
57, 1, -2.013584636379859
50, 4, 2.879245355165092
3, 9, -3.288454885247454
58, 0, 4.109627211059942
46, 5, 0.9204650835891313
4, 9, -8.788732376086831
5, 9, -3.543737374868984
24, 8, -2.251063601936682
41, 6, -1.109167914999393
34, 7, -2.241904697926698
6, 9, -4.743744534100974
56, 2, 4.295620749079876
7, 9, -0.2822958502980109
54, 3, 1.415993057126717
25, 8, 1.690851164704312
8, 9, -5.903886858255271
51, 4, -1.277538363079607
58, 1, -6.479270192139246
47, 5, -4.159353214327155
35, 7, -2.17429322293379
59, 0, 3.2411376043618
9, 9, -5.640006908508409
42, 6, 3.699015515664533
26, 8, 1.549452272158718
10, 9, -4.837118507881335
57, 2, -4.492324904240685
11, 9, -3.716815936273954
36, 7, 8.24382791287338
55, 3, -0.754983105754263
52, 4, -3.019455891715848
48, 5, 3.895259367924479
27, 8, -0.4054820572129519
12, 9, 11.08456694780416
59, 1, -2.150768539337803
43, 6, -6.911905268397784
60, 0, -12.43837967188994
13, 9, -6.457222553479277
28, 8, 4.99666458395942
37, 7, -1.874974498516751
14, 9, -3.288966223001554
58, 2, 0.1412129492076458
49, 5, -3.412366436857087
56, 3, -0.5048471000887901
44, 6, 1.145432646734375
53, 4, -0.6822087448308891
15, 9, -2.736982696736296
29, 8, -3.294729215607806
60, 1, -0.4302566992307645
38, 7, -5.191553015009277
16, 9, -5.980337056008228
61, 0, 7.531256210625236
17, 9, -2.909635080280126
59, 2, 3.34567012188119
30, 8, 5.418558696333306
45, 6, 1.443495697904212
50, 5, 3.684221749501891
54, 4, 3.010480500108998
57, 3, -0.04952934334279852
39, 7, -2.038451746012137
18, 9, 6.75595073668383
61, 1, -2.02901491061915
31, 8, 2.319732962033966
62, 0, 4.133596224961355
19, 9, 1.129192935303496
46, 6, -1.420927827641886
51, 5, -1.902559511854605
60, 2, -0.07728182998331327
40, 7, 5.039118864313918
20, 9, 6.0007749088005
55, 4, -4.731766352064507
32, 8, 5.03400190343677
58, 3, 1.061127197579367
62, 1, 1.307178798199032
21, 9, 1.038934661142571
47, 6, -4.50474195812397
63, 0, 18.48667051214995
33, 8, -0.9315302605996649
41, 7, 1.317194934964105
52, 5, -1.041282071129459
22, 9, 4.866033340235006
61, 2, 2.304478088980898
56, 4, -4.368114923230607
59, 3, -4.179720804594432
34, 8, -1.652604052384518
23, 9, 1.722755709460258
42, 7, -7.81064240313
48, 6, 1.051210820465894
63, 1, 2.736721398535784
-5, 10, -0.1937164621471755
-4, 10, 2.611412208803965
-3, 10, -2.89186685824323
-2, 10, 0.9404006089559666
-1, 10, 0.116080801221682
64, 0, -6.186948452843459
53, 5, -2.655638402053919
0, 10, 3.216860720871534
1, 10, 1.546486440444914
24, 9, -0.1612827235759743
2, 10, -0.4469911880031484
35, 8, 0.1922987825357359
62, 2, -3.207287900400022
57, 4, -1.274194476344824
3, 10, 0.6986452539833279
60, 3, 4.585840842825315
4, 10, -0.6261457789334939
43, 7, 0.9584449906287074
49, 6, -2.039251673129003
25, 9, 1.349833574162017
5, 10, -3.479789204980059
6, 10, -4.625225258900614
64, 1, -3.636060332594519
36, 8, 1.503519632729102
54, 5, -2.432609720022862
7, 10, -3.84054598085028
65, 0, 5.812336083932316
26, 9, 4.573916275154271
8, 10, 1.859118699520418
58, 4, 1.320758558259577
44, 7, -4.279179285026469
63, 2, 1.403130411539839
9, 10, 1.216247924806315
61, 3, 0.5649509711125785
50, 6, 3.703496531646046
37, 8, -3.268823756365923
27, 9, 14.61855041824031
10, 10, -1.176839718341125
55, 5, 1.257165360924742
11, 10, 1.541653650121611
65, 1, -0.1151344231351289
45, 7, -6.479731504256077
66, 0, -1.455026812642181
28, 9, 0.8654636712006329
12, 10, -0.4064206748501497
38, 8, 5.780685610620526
59, 4, -1.002906620920224
51, 6, 3.47015944216936
64, 2, -1.904611502406331
13, 10, 5.404465945588941
62, 3, -5.360783766843666
29, 9, -1.661372631284507
14, 10, -0.3764961146762663
56, 5, 0.7538594105088187
46, 7, -4.495012116711632
39, 8, 8.820230338771868
66, 1, 0.009001810158148958
15, 10, -2.618007630290663
67, 0, -2.753375707476883
30, 9, 6.369046061150102
52, 6, 3.27100454160682
60, 4, -1.500512005562165
16, 10, 0.6422657170992822
65, 2, -3.401426945077929
63, 3, -0.1185248809911661
40, 8, 0.8019329882140094
47, 7, -3.977554055185125
17, 10, 3.032112024611678
57, 5, -2.593455004358467
31, 9, -1.580237518091625
67, 1, -2.565950247585966
53, 6, -2.276607960631445
18, 10, 1.820163227129024
61, 4, 1.226891344787832
68, 0, -1.582510212251279
41, 8, 3.666579271545154
32, 9, 1.07857497111074
48, 7, 0.8718647784804584
19, 10, 0.2379606443456813
66, 2, -4.24135231332033
64, 3, -0.9240323096625841
58, 5, 0.8914583470639812
20, 10, -2.880182408346899
33, 9, 4.404612020320717
54, 6, -3.001457877532426
42, 8, 3.647644453447545
68, 1, 1.621850520613292
62, 4, 4.520953755897848
21, 10, -1.725541619744532
49, 7, -1.360548145389786
69, 0, 9.518684436475159
34, 9, -2.923354383962325
67, 2, 1.168314096410694
65, 3, -4.765277552361326
59, 5, 1.44530466593684
22, 10, -0.6993607719600472
43, 8, -5.010187561893664
55, 6, 1.543975789375301
23, 10, -1.142799817815757
50, 7, -2.653687330128691
35, 9, 0.1093899726273019
69, 1, -0.1512993638093579
63, 4, 2.811228250967729
70, 0, -0.877025557188791
44, 8, -0.701528506125447
24, 10, -1.145792540931605
66, 3, 4.058453340976508
68, 2, -1.001631116536338
60, 5, -7.335298781202424
-5, 11, 4.566034363822411
-4, 11, -4.392149259755055
-3, 11, -2.683507925875131
36, 9, -7.247387418996602
-2, 11, -0.02966170852936881
56, 6, 1.679004818095132
-1, 11, -3.877159536480741
0, 11, -2.990150745138613
51, 7, 2.135610523398823
1, 11, -0.8190135043978118
25, 10, 1.085459220478114
2, 11, 0.3636715623668359
3, 11, -1.753809725207281
64, 4, -1.691629307824138
45, 8, -4.881050780316774
70, 1, -3.006491907073861
4, 11, -4.016778247422413
37, 9, -3.74176312958786
26, 10, 2.791047867692335
71, 0, 4.031104773961261
5, 11, -3.848130031663527
61, 5, 0.7027942323800649
67, 3, 7.03940949394739
69, 2, 3.683040145196048
6, 11, -4.080193083809434
57, 6, 5.949331239105744
52, 7, -3.049891780619329
7, 11, -0.9859117388167467
27, 10, 3.127063047640731
38, 9, -1.98410306834735
46, 8, 2.062260795465952
8, 11, -3.128860621742422
65, 4, 2.075853607985735
9, 11, -1.82063875773676
71, 1, -1.877111950168293
28, 10, 0.8881768912501302
10, 11, 1.906930692663716
62, 5, 4.326041430639581
72, 0, -0.7203603422899749
58, 6, 0.1262363363355686
53, 7, -2.94448963642516
39, 9, -1.550051764618134
68, 3, -0.6688474828211383
11, 11, 0.3236643398295164
70, 2, -5.099341942525995
47, 8, 9.241894573503398
29, 10, 0.6328045988217861
12, 11, 3.982509485664928
13, 11, 0.3156935588049741
66, 4, -0.3506510238239029
40, 9, -0.9264425929804163
72, 1, -2.657314146292565
30, 10, 3.42843219483922
54, 7, -7.112016656803348
63, 5, 3.281168861966869
59, 6, -2.821515657406633
14, 11, -1.154319124608911
48, 8, 2.588585179565932
73, 0, -1.977837031072103
69, 3, 6.025816928820828
71, 2, -3.240602595561171
15, 11, -3.404910560510605
41, 9, 1.299445622016581
31, 10, -0.9239438149845318
16, 11, 2.47941390511732
67, 4, 0.9646717373570338
49, 8, 0.3113932142199629
55, 7, 1.22259783575446
60, 6, 3.743573868100288
17, 11, -9.673737875622331
64, 5, 3.15760520021313
73, 1, -0.2718831059857392
32, 10, 0.1400698706246296
42, 9, -2.82541186874718
74, 0, 1.924660614320688
70, 3, -3.071061093221596
18, 11, -1.398741903731002
72, 2, -2.336072702331026
33, 10, -2.932581842315685
50, 8, -1.652807117763613
19, 11, -1.105218532319384
56, 7, 1.790317706382418
68, 4, -2.651022630885373
43, 9, -4.771213672716426
61, 6, -5.626786814430632
65, 5, 4.030102271715417
20, 11, -1.161422190640909
74, 1, 0.7542370610814723
34, 10, 1.151284247354846
71, 3, -1.617798638691714
75, 0, 19.44735180046209
21, 11, -5.91108336302046
51, 8, 1.232566651868533
73, 2, 0.07616109724032341
44, 9, 0.8492041953668533
57, 7, -2.14187843997535
35, 10, -0.9684749847128949
22, 11, 0.2563965062302853
62, 6, -3.243319223092387
69, 4, 3.120368124034839
66, 5, -2.573919197212609
75, 1, 2.735819199825292
23, 11, -0.6059182218861747
52, 8, -2.620907418026024
45, 9, 2.271696951595159
36, 10, 0.5148116296543921
72, 3, -1.372755971676671
76, 0, -2.856751078733818
58, 7, -0.9874516365422622
74, 2, -2.71822408447835
24, 11, -3.275204788367968
63, 6, 5.182490581536019
70, 4, 0.7698530418090475
37, 10, 0.9489458124835798
67, 5, 2.448889710291232
46, 9, 1.110369371402161
53, 8, -1.504229638696878
25, 11, -2.102487201360941
-6, 12, 0.1144191314853208
-5, 12, 6.749228831842523
-4, 12, -5.15038233464308
-3, 12, -5.756730886951219
-2, 12, 3.24124963455175
76, 1, -2.018384062758218
-1, 12, -0.844690596781864
59, 7, 4.33177914696831
0, 12, -0.6243005895038671
73, 3, 0.5298565423418717
1, 12, -1.46636409873855
26, 11, -7.066363215536883
38, 10, 3.484790720181188
77, 0, -0.858806007600414
2, 12, 1.637788629293711
75, 2, 1.080167371656362
3, 12, 8.561433751133162
47, 9, -0.583025650881921
64, 6, -1.342142784131815
4, 12, 5.365345866095759
54, 8, 0.4817604341247566
71, 4, 5.864699378474078
27, 11, 5.268508339151116
68, 5, 3.904300850233747
5, 12, -2.511706528751975
39, 10, 3.99305472531619
6, 12, 2.40429475410577
60, 7, -3.931883032657614
7, 12, 4.940574973434932
77, 1, 0.6891082927511051
28, 11, 2.947859943303844
48, 9, -2.312628998987516
8, 12, 1.611509825620042
74, 3, 1.171837390032903
78, 0, 2.633591845460236
55, 8, -1.910205452226088
65, 6, -2.613229689834683
76, 2, -4.71304975827962
9, 12, 5.573688144115994
40, 10, 0.6656450482061036
29, 11, -3.218602753208695
10, 12, 0.9405856779924917
72, 4, -1.191721710126676
69, 5, 1.459636198052494
61, 7, 0.960872244445218
11, 12, 7.480876128523225
49, 9, -6.256468643893962
41, 10, -0.7960238943076523
30, 11, -2.397163312710787
12, 12, 0.7637942483089201
78, 1, -7.071595652353337
56, 8, 5.907078586998668
75, 3, 0.5464109723061013
66, 6, -0.8743751277818191
13, 12, 1.298957943240449
79, 0, 1.772163458258025
77, 2, 0.4333173793214167
31, 11, -1.518511732254689
14, 12, -0.1376302989732512
50, 9, -2.442487974182767
70, 5, 13.17201567114715
73, 4, -4.707349742727715
42, 10, 0.8811197586462617
62, 7, -4.467214221346215
15, 12, -2.580682310839858
57, 8, 3.267811339958097
32, 11, 0.238908315927342
16, 12, -0.3352341510308581
79, 1, 0.769183854992081
67, 6, -5.937893691678654
76, 3, 2.299299300733126
43, 10, 3.883735930312198
51, 9, -1.14371474787537
17, 12, 0.8383875557229215
80, 0, 0.6707909531204664
78, 2, -4.335665570083276
33, 11, -7.431703539921733
63, 7, -7.874905679256405
71, 5, -4.706600977234674
74, 4, -0.06245950020736066
18, 12, 2.035283794546779
58, 8, -0.2967213923423334
44, 10, -0.2247527466231288
34, 11, -5.985387980109316
52, 9, -3.180336924825354
19, 12, 5.542465101783239
68, 6, -0.978625370285056
80, 1, 2.908554748657456
77, 3, -4.130625371001786
20, 12, 0.3416757394154092
64, 7, 0.1978876429808142
81, 0, 11.8451041277254
79, 2, -0.7449879645314968
72, 5, -1.068367008016845
35, 11, 1.421560909306375
45, 10, 2.83234247750591
59, 8, 0.2362803751399793
75, 4, 1.342895355104906
21, 12, -1.583727403048495
53, 9, 0.1645615832238359
69, 6, -4.57082710929973
22, 12, -1.99405599411997
36, 11, 3.373178585316343
46, 10, -0.7677315555727364
81, 1, 2.814915294135958
78, 3, 11.32039967694832
65, 7, -1.360287776053711
60, 8, -3.601258230257496
23, 12, -1.641739364594916
73, 5, -4.821473680672725
54, 9, -7.688693376614999
82, 0, 0.06866644153133228
80, 2, -1.967339965410897
76, 4, 2.629024478680758
37, 11, 4.0575971625742
24, 12, -5.217018284778866
47, 10, 4.877353928807105
70, 6, -8.764919394851891
38, 11, -1.080944356351352
66, 7, -1.627829549178913
25, 12, -4.968539744610804
61, 8, -3.71055826452577
55, 9, -0.9553447334415699
82, 1, -3.821242460142504
79, 3, -1.027007175618872
74, 5, -6.425655929709405
48, 10, 2.849298164884241
81, 2, 2.061911208533961
-6, 13, 1.107707400015659
83, 0, 4.788845683547926
-5, 13, 0.9147491177988361
26, 12, -3.471718265849926
77, 4, 1.926801467148617
-4, 13, 0.757023412967383
-3, 13, -1.697676323740393
-2, 13, 6.14289646962648
39, 11, 8.59901786465899
-1, 13, 9.796880061697097
0, 13, 1.679657496562984
71, 6, -7.426849243353617
1, 13, 2.915913654429152
27, 12, -5.759820523004457
2, 13, -0.450719012823334
56, 9, 0.857892060132081
62, 8, -0.4931131515266068
67, 7, 2.790381377650128
3, 13, 6.711169633624526
49, 10, 4.786376820658699
4, 13, -1.061490964641566
40, 11, -1.803152905579291
80, 3, -3.841438360167874
83, 1, -3.795814769574678
5, 13, -4.368058729136217
28, 12, 1.832163534416652
75, 5, 6.862233697828594
6, 13, 3.390360801123483
82, 2, -3.704318990251815
78, 4, -0.6400967364418274
84, 0, -9.547277354429678
7, 13, 5.731591995203863
57, 9, 5.997756895030856
72, 6, -6.148677084295811
41, 11, -0.008731164609337027
29, 12, -2.139723763890747
63, 8, 2.584394179208904
8, 13, -2.481586406538876
50, 10, 1.699268291248291
68, 7, 1.462173348423483
9, 13, 6.09537090563115
10, 13, -1.677618254687915
30, 12, 0.413900014141529
81, 3, -4.087778777131795
84, 1, 1.188399636562825
76, 5, 5.254286379823727
42, 11, -2.256979923983199
11, 13, 3.124730318953136
58, 9, 0.3645654896680258
51, 10, 3.61831701025762
79, 4, 6.942139467246135
83, 2, -7.815382794339437
85, 0, 9.531812302191241
12, 13, -0.8557351668859404
64, 8, -1.14635123078373
31, 12, 2.473619306228428
73, 6, -7.005711392316725
69, 7, 4.862079363850114
13, 13, -3.998949565851446
43, 11, -0.3675051838040772
14, 13, 1.246545520831559
32, 12, -1.519615048876527
52, 10, -0.4661254912768917
59, 9, 2.291599058149678
82, 3, 0.9296095571106582
77, 5, 2.88179919554229
15, 13, 2.213764210472644
85, 1, 2.25541064799137
65, 8, -3.874247310512986
80, 4, 3.225191035269743
44, 11, 3.673477417723611
84, 2, -7.195108546193842
33, 12, 3.644785921359102
16, 13, 2.624907308300508
86, 0, 2.799210534229467
74, 6, 2.037423508093058
70, 7, 6.22358232299646
53, 10, 3.496347509181545
17, 13, -0.5841417046039424
60, 9, 10.03272683018845
34, 12, -3.662875461258198
45, 11, 0.4917604382239011
18, 13, -0.4921661102291603
78, 5, 3.249581703043306
83, 3, 2.954695489241002
66, 8, 3.8033947317413
86, 1, 3.927997480253643
19, 13, 4.91806633368484
81, 4, 1.133727156640329
71, 7, 4.553255866825072
35, 12, 4.702047123037623
75, 6, 0.7585265708857949
54, 10, -3.891611290897264
85, 2, -8.485441432738522
87, 0, 8.318398823118839
46, 11, -1.931611947064748
20, 13, -1.520997974843696
61, 9, -4.262793080104845
36, 12, -6.254688971048045
21, 13, -4.027270577816964
67, 8, -2.203155383329664
79, 5, 2.543995527754489
55, 10, 7.32056232143571
84, 3, -1.994491931858898
47, 11, -1.945987182730803
87, 1, -0.3914073879132022
72, 7, -4.20694210572224
22, 13, -1.853072671914411
82, 4, 3.31787818029665
76, 6, 0.04467445301110382
37, 12, -1.999340488830566
62, 9, 2.405366453569436
86, 2, -1.052962037207523
88, 0, -0.8754978285086528
23, 13, -1.983122419767221
68, 8, 1.335574080235695
48, 11, 5.860824048268539
56, 10, 2.109148059038723
38, 12, -3.014841706344517
24, 13, -0.5917720885331563
80, 5, 1.29798145991284
85, 3, -2.488903950523055
73, 7, 2.722437141495476
63, 9, -7.462655845961843
77, 6, 0.3954652516272485
88, 1, 3.474940376420973
83, 4, 0.6763743735426018
25, 13, -2.790817384924457
39, 12, -7.71725365190472
49, 11, 0.4732268984086013
87, 2, -3.811912336473078
57, 10, -0.8295174854850966
89, 0, 10.27142039850221
69, 8, -0.8845512339041036
26, 13, 5.996745723242652
40, 12, -3.772365405428098
-7, 14, 0.06983020690514365
-6, 14, -0.576969311756319
81, 5, 6.344151258966019
-5, 14, 6.099491954226085
64, 9, 3.644097084449423
-4, 14, 1.974343578818512
74, 7, 4.748096954439151
-3, 14, -4.887977051307498
27, 13, -0.1474962415108434
50, 11, -1.407520550038265
-2, 14, -0.464631621059627
86, 3, 1.928788511519512
-1, 14, -0.5394160899201016
78, 6, -0.6241452634540622
0, 14, 2.591418463021677
58, 10, 1.148022236826223
84, 4, 0.7291838411088469
89, 1, 4.808806205766299
1, 14, 2.607479551278714
2, 14, 2.010569431346316
41, 12, -2.862217358860058
28, 13, 2.799261755199936
88, 2, 0.01392499784137586
70, 8, -5.111674753724682
3, 14, -3.228419009823134
90, 0, 7.94281324956623
4, 14, 6.82640296219273
51, 11, 4.67124172616737
65, 9, -0.8059179412360213
5, 14, -0.90443075815459
29, 13, -9.684021287550564
6, 14, 1.503698569653845
82, 5, 0.08710955172716188
75, 7, -0.05769262475401488
59, 10, 1.76535438096516
42, 12, 4.033391313832669
7, 14, -1.851649631176706
79, 6, -7.350970862242392
87, 3, 5.193921442231229
8, 14, 0.5308719770227052
30, 13, -1.176665144007211
85, 4, 2.97726799910359
90, 1, -0.03886195574124554
71, 8, 2.193672092081112
52, 11, 1.86154601320128
9, 14, -0.5278945553778162
89, 2, 0.5368192561643902
43, 12, -2.298669785629272
66, 9, -1.088477788467375
10, 14, 4.706582366744651
91, 0, 9.35940124393435
31, 13, -1.409213676888176
60, 10, -3.427688729114651
11, 14, -3.048896400660892
76, 7, 6.939488778965401
83, 5, -0.7292355095487798
12, 14, 3.117914175266011
53, 11, 5.918789913365313
80, 6, -4.662180886359259
44, 12, -2.496759822109575
32, 13, -3.868724141248844
88, 3, -0.4768791908344552
72, 8, 3.039830199880187
13, 14, 2.98216944760921
86, 4, 6.195948723979035
91, 1, -1.68376210743369
67, 9, 0.4957696208857059
14, 14, 2.856408573373576
61, 10, -2.093658935963761
90, 2, 3.127155846681228
33, 13, -3.475788037872033
92, 0, -2.374879039919037
45, 12, -3.09943792591302
54, 11, 4.369256631217901
15, 14, 0.1109010816551492
77, 7, 1.49434859893383
84, 5, 3.615715758610674
16, 14, -1.987895732685348
81, 6, -6.110182727952227
34, 13, 4.175734339266291
73, 8, -0.6806881586189536
89, 3, 1.167160483255517
68, 9, -0.5885836236546611
17, 14, -0.9902026720277856
62, 10, 1.833189059557225
46, 12, -4.964911118915562
87, 4, -2.575820633102213
55, 11, -1.439817588976373
92, 1, -1.818601245904417
35, 13, 2.840593831795907
18, 14, 0.1438192541426508
91, 2, -8.649955022929177
78, 7, -3.306693024930131
93, 0, 6.222742455963065
19, 14, 3.282673552492112
85, 5, 8.48626058928166
47, 12, -2.842193287368597
82, 6, -1.484962323748193
74, 8, 0.5077168031373781
36, 13, 2.019687361625337
63, 10, -5.593492720745944
69, 9, -13.27721956995969
56, 11, 2.714928525165518
20, 14, -1.760085697070847
90, 3, 3.087740809748656
88, 4, 2.901533697238546
21, 14, -0.2471827042141364
37, 13, 1.920958632847982
93, 1, -1.315245382861815
48, 12, 6.683217143582898
79, 7, 4.86826910671442
92, 2, -2.01054877204133
22, 14, -4.881910462312027
94, 0, -1.597035896747045
64, 10, 0.7212675693083387
57, 11, 4.445943964623569
75, 8, -4.594043351952835
86, 5, -4.051766042027794
70, 9, 2.374052518513543
83, 6, -1.507989364516334
38, 13, 4.457073425028466
23, 14, 3.039878177932236
49, 12, 1.259033755386715
91, 3, 1.224526318225922
89, 4, 2.112849032608904
24, 14, -4.594554605571679
39, 13, 2.576536776364881
58, 11, -3.493611080824369
80, 7, 0.4823989705176526
94, 1, -6.922031591190146
65, 10, 11.35080223520582
93, 2, -7.666929224444988
71, 9, -3.222154275289945
50, 12, -7.995585780886097
76, 8, 2.750048569104989
25, 14, 5.545374464140461
95, 0, 16.1777367321357
87, 5, -0.7813398539516047
84, 6, -0.4169477959502047
40, 13, -8.465189327846085
26, 14, 1.556452216574325
59, 11, 0.538702709724876
92, 3, -0.1715305917928074
90, 4, 1.43438993836029
66, 10, 0.9154496549160831
51, 12, 2.0009545502372
81, 7, 6.422007627220805
41, 13, -2.307152872507759
27, 14, 0.4492416044339071
72, 9, 4.486422888262354
95, 1, -2.844389022787964
77, 8, 1.414901715955602
-7, 15, -3.482377399594017
-6, 15, -0.6489205187880895
-5, 15, 5.976202888643861
-4, 15, -7.009320989688178
94, 2, -1.013159266567414
-3, 15, -8.579160216876216
-2, 15, -3.524781538708951
88, 5, -0.03316581411940548
85, 6, -6.31183093726149
-1, 15, -1.273486356687753
28, 14, -3.382591843749311
96, 0, -0.2884811981517496
60, 11, 1.310892007323864
0, 15, 4.776136709319934
52, 12, -0.2225816650510598
42, 13, -11.1675969351382
1, 15, -4.849037379151786
67, 10, -7.955034931683775
2, 15, 0.611902081460954
3, 15, 3.383303328783404
29, 14, -1.83973077498937
93, 3, 4.194662184653952
91, 4, 0.6055017562644721
4, 15, -0.992696114837247
82, 7, -1.55955575995136
73, 9, -0.959914672780474
5, 15, -2.170303925787938
78, 8, 2.233407316128685
43, 13, -2.923931043146085
53, 12, 4.30363394219386
6, 15, -6.919744892128768
61, 11, -6.455526842894157
96, 1, 3.107438445088364
30, 14, 3.073564766280827
95, 2, -1.404388435871584
7, 15, 2.209578962730659
86, 6, -0.1826003170197523
89, 5, -2.044976122322126
68, 10, 4.869728718465936
97, 0, -1.791050932966275
8, 15, -2.318155075945868
31, 14, -0.6210014648091149
44, 13, -2.580243759986629
9, 15, -5.254792519247387
74, 9, 2.215145519247069
54, 12, -6.437969691594328
10, 15, -0.834426088224158
83, 7, -0.4684503874919332
94, 3, -2.708575450636378
62, 11, 6.812011373401457
92, 4, -1.040546659800148
79, 8, -3.39443491911436
32, 14, 0.02094166558427049
11, 15, -4.893881661219512
45, 13, 1.583727774594521
97, 1, 1.464340490878573
12, 15, -3.652738169465666
69, 10, -8.755739429921434
87, 6, -4.224870456246745
96, 2, 4.150564155876125
90, 5, -0.9478755350131335
33, 14, -3.244187004898372
55, 12, -0.06449880262002144
13, 15, 0.7804912258790079
98, 0, 0.6486092118667612
75, 9, 1.49069514372724
63, 11, -3.203654335420003
14, 15, 8.482971788106344
46, 13, 6.541880105857588
84, 7, -9.225887873425215
80, 8, 6.729371582454261
34, 14, 0.08342313273530542
15, 15, -5.907866374365418
93, 4, -0.2596269558150358
95, 3, -1.162218990058392
70, 10, 6.488235678307372
56, 12, 3.256620132173897
16, 15, -0.2277400395492508
98, 1, -7.843755900175106
88, 6, -3.185665445107709
47, 13, -2.545898815244847
35, 14, 0.9087915728982636
64, 11, 4.34067164997939
91, 5, 0.03297317256508699
97, 2, -2.143930745208327
17, 15, 4.017495577524838
76, 9, 5.911571844663992
99, 0, -7.247425205437142
18, 15, -1.791933296696847
85, 7, -0.6626777739342197
81, 8, 2.361852440019654
36, 14, -0.9879836379116606
57, 12, -1.413464379292666
71, 10, 2.173504739905462
48, 13, 1.390851227929695
94, 4, 3.499356166850084
19, 15, 4.643676511229542
96, 3, 5.969501404495218
65, 11, -2.549320769821368
37, 14, 2.529752881909145
20, 15, 11.28017952212908
89, 6, -2.389407934921106
99, 1, 3.247593332481753
77, 9, 0.6583934713125945
92, 5, -2.090878954101155
98, 2, -2.969157815252616
58, 12, -3.042296515744143
49, 13, -1.674236778165096
21, 15, -14.44475670629985
100, 0, -11.69860739186359
82, 8, -2.350643100872228
72, 10, 2.775147941670602
86, 7, -2.49659443218704
38, 14, -3.264568538117198
22, 15, -5.312668192110086
66, 11, -0.4228712534042742
95, 4, -0.5994100472588825
97, 3, -1.056523496003863
50, 13, -0.9460831004117176
59, 12, 1.088738148931959
23, 15, -1.132260682835925
39, 14, -0.6531741461236227
78, 9, 1.848459918958369
90, 6, 6.39141816902829
93, 5, 5.95181130865614
100, 1, -0.5224697455023939
73, 10, 2.720579213848314
24, 15, 3.980898883215265
99, 2, -0.6655542390773602
83, 8, 5.443658034492724
87, 7, 2.925474689581754
67, 11, -3.472499268754868
51, 13, 1.827027887849337
40, 14, 1.05288513994605
101, 0, -0.4626897170649262
60, 12, 3.869581973101351
25, 15, 3.826548824881183
96, 4, 0.2731990514729911
98, 3, -3.44870127278911
79, 9, -0.2598702118382636
41, 14, -1.486983088861121
26, 15, 1.313268794310048
91, 6, 1.772918979505924
52, 13, -8.628091525813192
74, 10, -1.08982779341519
94, 5, 2.959603863504439
68, 11, -8.723511722484567
101, 1, 1.78443866902744
84, 8, 1.431910014990507
61, 12, 10.39996577476626
27, 15, 6.539421216876389
100, 2, -5.10939259615338
88, 7, -0.9141456444611139
42, 14, 2.967021273484771
102, 0, 0.005455636943060061
53, 13, -0.5336734958831471
28, 15, 5.758928530075388
-8, 16, 0.02064110251203565
-7, 16, 1.919743975076774
-6, 16, 3.133727210245332
-5, 16, -7.28820383709512
80, 9, -7.662662322848334
-4, 16, 0.9965761065627434
97, 4, 6.080197839985454
-3, 16, 2.616507256758358
99, 3, -7.759714564444602
-2, 16, 4.215531968783626
75, 10, 1.794143157185687
69, 11, 5.423564654367816
-1, 16, -9.362353697050896
43, 14, -4.86503672644322
92, 6, -2.459658706264184
62, 12, 0.913687110117967
0, 16, -4.828683565975024
29, 15, 6.31895469368729
1, 16, 1.659578588875589
95, 5, 4.165143090197422
85, 8, -6.383222099470772
2, 16, 1.241211044861345
102, 1, 1.35031981306365
54, 13, 2.172054637373402
89, 7, 1.042310158316613
3, 16, -0.4146786595861917
101, 2, 3.190225651209035
30, 15, 10.92894969559428
4, 16, -8.75860758609547
44, 14, -0.3286155371181687
5, 16, -6.224132476680185
103, 0, 2.930249662988563
81, 9, -7.043810350626667
6, 16, 5.054918933978819
63, 12, -8.837812432367194
70, 11, 3.870829980831669
76, 10, 1.16897539954359
31, 15, -7.556124777045007
98, 4, -0.5128952280230732
7, 16, -0.5221337470860797
100, 3, -0.7663955034625684
55, 13, -1.724103199159176
93, 6, -1.69926109579063
8, 16, 3.009804102758827
45, 14, -3.37178347582372
86, 8, -1.048419680399673
9, 16, 2.446676888060875
96, 5, 1.218661254711872
32, 15, -0.7067158311137322
90, 7, -6.348002107448441
103, 1, 0.7838694950385057
10, 16, -3.5612908532642
64, 12, 0.6901667619593747
102, 2, -2.846783221977322
82, 9, -1.369822773073597
71, 11, -0.4968099938588469
11, 16, 0.1867653280662745
56, 13, -4.345309216383124
46, 14, -2.765556505413109
77, 10, -5.850297702685713
33, 15, -2.791202544717759
104, 0, -4.839060041511724
12, 16, -4.254022913989441
99, 4, 1.173926326995479
13, 16, 4.397920880280808
101, 3, 3.679060138541943
94, 6, 0.2608910634269385
87, 8, -3.634296546794686
34, 15, 9.434881680046734
47, 14, 3.580588374454384
65, 12, 1.958268008544671
14, 16, -1.665665627559541
97, 5, 1.471119054478319
57, 13, -0.1932145062222699
91, 7, 7.438907242565836
72, 11, 2.72311472940243
83, 9, -1.951478977943505
15, 16, 0.739644868062849
104, 1, -1.686742979687878
78, 10, -3.219343118655708
35, 15, 8.155123841014126
103, 2, -5.544041067946856
16, 16, -4.037549647919117
48, 14, -5.065950704880811
105, 0, 32.16104631726763
58, 13, -2.600048156332564
66, 12, 0.1839252992296935
100, 4, 2.625799180170548
17, 16, 0.490212437970419
36, 15, -10.66228683681562
95, 6, -0.4365395175681208
88, 8, 0.3242170829179132
102, 3, 9.138238211954393
73, 11, 0.2112798797088678
18, 16, 0.4308646505059372
92, 7, 0.0590239858205808
98, 5, -1.356870004954181
49, 14, -0.07233302788657395
79, 10, -7.873595502682806
84, 9, -1.113359224997513
37, 15, 1.917606251842736
19, 16, -2.171347216680086
105, 1, 2.955717920515245
59, 13, -0.5177961016016882
104, 2, -3.187325888506775
67, 12, 7.124035418518246
20, 16, 7.957960100947609
106, 0, 2.260475099670151
50, 14, 0.2320060078501436
38, 15, 2.612470186327335
74, 11, 6.523510624502494
89, 8, -1.11326942610788
101, 4, -3.260747589450367
96, 6, 4.349713223528012
21, 16, 3.601343231217192
103, 3, -4.432117537078113
80, 10, 5.63738731260646
93, 7, 4.148423527762061
60, 13, -4.510473149115188
85, 9, -2.319351617535433
99, 5, -2.936879687440615
39, 15, -11.86038826721094
22, 16, -1.710114574077964
68, 12, 0.8518631713552705
51, 14, 5.880307184187192
106, 1, 4.354534451020838
23, 16, 0.3645398105655614
105, 2, 3.168552451270144
75, 11, 0.7036727080355588
40, 15, 0.4243804817760101
61, 13, -0.0626210501878252
90, 8, -2.633583501586377
107, 0, 1.192996027626627
24, 16, 5.11127359392643
97, 6, -2.416968674962829
102, 4, 2.715344090922549
52, 14, -1.227984365619678
81, 10, 7.157494870847691
86, 9, -7.816894098523263
69, 12, -8.240213847249327
104, 3, -1.667556231101686
94, 7, -1.084706588073935
41, 15, 6.404691815599729
25, 16, -0.686905011124083
100, 5, 0.4600545692464476
76, 11, -0.1579320519279762
62, 13, 7.049268395689467
53, 14, -4.287353053322152
26, 16, -4.959694198184109
107, 1, -2.853596962514186
106, 2, -3.196162217735529
42, 15, -2.825163535957838
91, 8, -4.077957015108813
82, 10, -4.415651725689152
70, 12, 4.982532677332623
27, 16, 6.322699644439019
108, 0, 1.824981985939135
98, 6, -2.575587084423941
87, 9, 6.912592543325369
103, 4, 1.867347863453048
95, 7, 0.3950139413127752
54, 14, 0.7494985035222542
105, 3, 5.037752919045144
63, 13, 7.172537060413871
43, 15, 1.734094974730415
28, 16, 0.8850863086365992
101, 5, 5.189893116128973
77, 11, -3.798491540520457
-8, 17, -5.78158820793916
-7, 17, 5.058508697402219
-6, 17, -1.463366434809947
-5, 17, -2.501993188860104
-4, 17, -3.221488571554563
71, 12, 6.822594205155863
29, 16, -7.609567029292521
-3, 17, 4.60054501004904
108, 1, 1.739141614990754
-2, 17, -0.2444557069304142
83, 10, 5.507507346371129
44, 15, -2.461603059521427
92, 8, 4.251332789908691
107, 2, -0.8704624918404589
55, 14, -3.224236903658477
-1, 17, 2.089246073127019
0, 17, -1.743491112129236
88, 9, -2.13752642168016
64, 13, 1.394122224605878
1, 17, -4.910162783811657
99, 6, -8.095882238347061
30, 16, -0.7925886087420428
109, 0, 4.023567261413493
2, 17, 6.206582235775878
104, 4, -4.052834382802065
96, 7, 2.350610067556895
78, 11, -0.03995176718044426
3, 17, -0.7985055833674485
106, 3, 1.985002087183689
45, 15, 16.46274508892534
4, 17, -5.534380621367675
102, 5, -4.000235114465553
72, 12, 9.248933589472953
31, 16, -3.823407256152143
56, 14, -0.5831732660773236
5, 17, -0.06685683464428543
6, 17, -3.229488619447229
84, 10, 0.1650270003388353
65, 13, 3.313912488630735
7, 17, 4.090322143030111
93, 8, 8.065770738142072
109, 1, -0.9734191862397416
46, 15, 5.655065390872845
32, 16, 0.9675840983929604
89, 9, 2.891471096487343
108, 2, -4.256083760445265
8, 17, 1.573472441560742
79, 11, 0.9292532156585642
100, 6, -2.345971899556307
9, 17, -2.900827087532817
57, 14, -4.826186133640894
97, 7, -6.251225310619778
110, 0, -4.427993828784668
105, 4, 4.507488572619361
73, 12, -0.592751819713815
33, 16, 3.242236207952542
10, 17, 2.141883189398188
107, 3, -3.925823332994816
47, 15, 4.470378994177877
66, 13, 1.025102617542808
103, 5, -4.76686502243467
11, 17, -5.461262860890257
85, 10, 3.298387590172351
34, 16, -1.634900404950698
12, 17, -1.920308642798053
94, 8, -0.3568975465313081
58, 14, 0.8350563669362818
90, 9, -3.159558361083599
13, 17, -8.626588921261336
80, 11, -1.304391586852896
48, 15, -5.641801417820409
110, 1, 3.988006777203667
109, 2, -1.231306107208836
74, 12, -1.209527045103968
35, 16, -5.153234529122532
14, 17, -1.081543640686259
101, 6, 2.536098161622063
67, 13, -1.268501553382675
98, 7, 9.43522395753933
106, 4, 6.64244893418398
111, 0, -3.70083788611189
15, 17, -0.9836305413202602
59, 14, -1.139220799691967
86, 10, -2.299291512474867
108, 3, 3.805919504975397
104, 5, 6.152935704283147
49, 15, -1.428717475341406
36, 16, 2.241706488537204
16, 17, 0.8895182405225007
95, 8, -3.939614878573985
81, 11, -1.950550869680676
91, 9, -10.24015745616635
17, 17, 0.9542751758902484
75, 12, -2.762323000149169
68, 13, 3.307443451692134
37, 16, 0.08415878481791156
111, 1, 7.727394260232191
50, 15, 4.88714751412098
60, 14, -0.5132748251524671
18, 17, 2.687390462954795
110, 2, -1.340595721515203
102, 6, 8.728414293260512
99, 7, -5.403810321269154
107, 4, 4.791494437635908
19, 17, -0.4422026546543776
87, 10, -2.249586069856313
112, 0, -5.946270356559612
38, 16, -4.845569315575777
105, 5, 0.9357332494893305
109, 3, -7.095684503942332
82, 11, 7.525376966599083
69, 13, -4.932357550921787
20, 17, 3.299267152910287
51, 15, -7.854419877791873
76, 12, -2.321337555929919
96, 8, 3.259902040498081
61, 14, -2.1814752897515
92, 9, -3.546105073406311
39, 16, -2.655676814570953
21, 17, 3.16939814144872
112, 1, 0.2334193796051063
103, 6, -2.276769626858163
22, 17, 5.137781639646819
111, 2, 0.6355752353472518
100, 7, -1.926040568143632
52, 15, 2.511323322175418
88, 10, -2.656544136116979
40, 16, -2.374355079494675
70, 13, 4.442476995798826
62, 14, 4.601269638496805
108, 4, 4.07437055371786
77, 12, 4.042211919906902
83, 11, -7.450197474233946
23, 17, 1.346898863671868
113, 0, -0.7028345382487907
106, 5, 1.540657709433171
110, 3, 5.345705385710458
93, 9, -4.173099807418359
97, 8, 6.728022278367778
53, 15, 4.240668149253435
24, 17, -5.062358892620067
41, 16, -1.678053686361756
63, 14, -1.297340844607987
71, 13, -3.708661761290744
25, 17, 1.016803974770561
89, 10, 0.5754346516865083
104, 6, -2.963808206824634
101, 7, -5.69748139606577
113, 1, -6.267480169395902
78, 12, 10.08902576632541
112, 2, 1.026387742412983
42, 16, 1.939272570197534
84, 11, 2.714274780258387
54, 15, 8.269810686046046
26, 17, 4.412737660493541
109, 4, -3.136129806128515
114, 0, -3.56510022953547
94, 9, 4.43964971798913
107, 5, -5.891229190331889
98, 8, -0.5953965749617564
111, 3, -0.8239985583201841
64, 14, 5.266930823158197
43, 16, 6.127601281426011
27, 17, 0.99350458553981
72, 13, -2.654870953456234
55, 15, -0.2339080166547929
79, 12, -4.274863253321518
90, 10, 4.135124244401389
28, 17, 5.301668913986642
85, 11, -1.943820490522073
102, 7, -6.614304383451186
105, 6, -4.659489582524599
44, 16, 1.438294064252129
114, 1, -3.645224612797251
113, 2, -2.336410408371658
65, 14, -9.018768747679372
29, 17, 5.11455608612108
110, 4, -2.365006440484009
95, 9, -10.21727194636592
56, 15, 3.901507947643834
-9, 18, -1.085105151908934
-8, 18, -3.433558640094098
73, 13, -3.769387811497995
-7, 18, -2.429602729021064
-6, 18, 2.351227153529268
99, 8, -3.976275149844721
-5, 18, -0.154966166944156
115, 0, 18.62609722834625
-4, 18, 5.175684444461717
108, 5, 3.84475612725634
-3, 18, 1.322666646023832
45, 16, -2.636098811157934
112, 3, -7.441879050544901
-2, 18, -0.1161644504514624
30, 17, -0.7311172203281219
80, 12, -1.326257027129076
-1, 18, -2.098047968682702
0, 18, -2.922741213069878
91, 10, -9.280134801812418
86, 11, 6.395724594501015
1, 18, 6.931024518762386
66, 14, -4.145679609274217
2, 18, -4.352954197736127
57, 15, 1.627673468950617
31, 17, -2.445710603107913
103, 7, 1.129293582773975
3, 18, -0.7610164455100723
106, 6, 3.826346834971392
46, 16, -4.501296226181327
74, 13, 6.308666066648448
4, 18, 3.817800367712668
115, 1, 4.145009368473238
114, 2, -3.775140363923827
5, 18, -0.4644550787082522
96, 9, -7.217292163548234
32, 17, 2.88623703761991
111, 4, 6.864566806955986
100, 8, 6.874572711897806
6, 18, 2.578248603990536
81, 12, -10.36178740242336
109, 5, 3.638707995187247
116, 0, -0.9613322250630505
47, 16, -0.429218341767233
58, 15, 0.9929767632123978
7, 18, -4.428413254729882
67, 14, -0.4691798676706758
113, 3, -3.002945987681682
92, 10, 6.417859210198813
87, 11, -2.295424506328938
8, 18, -5.977869519751555
33, 17, 10.99730039524411
9, 18, -13.89789396774401
75, 13, 6.03065105414614
104, 7, 1.041476383265048
10, 18, -2.536229772800447
107, 6, -0.09888079458136126
48, 16, 3.362371058661386
34, 17, 1.768490130180553
59, 15, 7.234735348869124
11, 18, -2.8241156028744
97, 9, -1.354746329814556
82, 12, -0.2904831938622806
68, 14, 2.161562527587649
116, 1, -0.1414440296091229
115, 2, -3.748322166460816
101, 8, 0.42641401033184
12, 18, 0.5888203089725439
112, 4, -7.050864653753048
35, 17, 2.069615801373569
88, 11, -4.322249922562104
110, 5, 3.585972390802574
93, 10, 8.115656896563685
49, 16, -0.6009685101131955
13, 18, -3.476726595984524
117, 0, 17.55943305358447
76, 13, -4.805428540309004
114, 3, -0.3878150768715511
60, 15, -11.29026462743451
14, 18, -2.281654806322567
36, 17, 5.182455591817852
69, 14, -5.066449238371241
105, 7, 7.087439966114494
15, 18, 1.471596585488676
108, 6, 0.4334253985419714
83, 12, 0.7365153555710429
50, 16, 1.037635086109867
98, 9, -2.91836047465506
16, 18, -2.601923454631962
102, 8, -0.03052373393164091
37, 17, 2.239180950776545
117, 1, -2.398641930889389
116, 2, -3.008471344207334
77, 13, 3.33454754793097
89, 11, 6.487010265878322
61, 15, -5.795041548347302
94, 10, 0.06486148308387031
113, 4, -0.05958675770609985
17, 18, 0.7330913248220163
111, 5, -0.2068879025442278
51, 16, 3.259509733613174
70, 14, -3.041107302735909
118, 0, 0.7857997211250946
18, 18, -3.589698860508547
38, 17, -4.678992603150862
115, 3, -0.7429516919618349
84, 12, 2.307189065674445
106, 7, -5.763891825684031
19, 18, -0.04425949892870638
62, 15, -3.682856288694003
109, 6, 0.3927842174552067
99, 9, 0.9168529311185355
78, 13, -9.18412793097281
52, 16, -2.434071576110377
39, 17, 8.27091139649243
20, 18, -5.097884488115772
90, 11, -1.043452106175096
103, 8, -2.572959478587749
71, 14, -6.699569509087318
95, 10, 8.026189507319849
118, 1, -2.428664810815555
117, 2, -7.048949472492443
21, 18, -7.61683374987881
114, 4, -0.5950953188873624
112, 5, 3.43119586953463
40, 17, -2.912990327902141
63, 15, -3.829767463110245
85, 12, 11.45428819582958
53, 16, -3.070793408728581
119, 0, 3.268470178440094
22, 18, -3.987366932665243
116, 3, 4.40330123349134
79, 13, 3.831890700162819
107, 7, -4.74500444966775
100, 9, 13.52484817183357
41, 17, 5.481151314323577
23, 18, -5.676118246194505
72, 14, 0.2485595959524476
110, 6, -1.25234104205087
91, 11, 1.970851863795292
104, 8, 1.132934668508024
96, 10, 1.683115428866422
54, 16, 2.553698319816751
64, 15, 0.5348578504437
24, 18, 8.678575887379615
119, 1, 3.531343081804897
118, 2, -1.396610921049964
42, 17, -6.539644570572771
86, 12, -0.842656396611435
115, 4, 9.542680350274948
25, 18, -0.6365502659527629
113, 5, 3.975785228535614
80, 13, 11.0806109732231
73, 14, 4.191338259857956
120, 0, -5.402267379630446
55, 16, -2.310422026865968
117, 3, 3.883329422571688
65, 15, -0.509396818092076
26, 18, -2.86883714438077
108, 7, -2.681265569625557
43, 17, 9.132908156451681
101, 9, 0.88012960389891
92, 11, 5.334794252011937
111, 6, -2.997770996116224
97, 10, -4.386217142850439
105, 8, 6.607827953376709
27, 18, -6.18840396305329
87, 12, -5.40811968811068
56, 16, 3.154613207159169
44, 17, -5.094941845644152
81, 13, 5.084131134068083
74, 14, 0.2973151688390349
120, 1, -8.763872019748026
119, 2, -2.36204600869196
66, 15, -2.281015226582634
28, 18, -7.667779663348073
116, 4, -3.517605166330955
114, 5, 0.9532374205777511
93, 11, 13.14607186151844
45, 17, 1.121320062789343
121, 0, 1.739301577277004
102, 9, -1.373167088629574
29, 18, -4.001725892074198
118, 3, -1.392169236198653
109, 7, 4.654317844779519
57, 16, -8.100010411381827
98, 10, -3.235205272565595
112, 6, -2.53915585843842
88, 12, -3.751333629695101
106, 8, 7.230474858717438
-9, 19, 3.443843546687748
75, 14, -4.883784148696084
-8, 19, -4.602025764013136
-7, 19, 3.448338175411762
82, 13, -1.783251384024392
67, 15, 2.048895910983677
-6, 19, 4.735845441711096
30, 18, -2.227521554297726
-5, 19, 0.5469268387125331
-4, 19, 2.962393270810492
46, 17, -1.936950604604005
-3, 19, 3.012731068412693
-2, 19, -4.432098019718828
-1, 19, 4.270439669489162
58, 16, 2.369187509483977
0, 19, -2.910996410409295
31, 18, -8.728790511724339
121, 1, -1.558806105935199
120, 2, -0.9987756272043332
117, 4, 5.716086477606418
1, 19, 2.112872190002108
115, 5, 7.12663798489373
94, 11, -8.007437159448424
2, 19, 2.777086474788454
47, 17, -1.204156593628406
103, 9, 0.1291062255599726
3, 19, -10.51143105398106
68, 15, -11.62398846661115
76, 14, -6.214775680689933
110, 7, -2.472287984543884
32, 18, -8.212575379636929
122, 0, -6.010143048700342
119, 3, 4.105274488874718
99, 10, -4.479681003008774
89, 12, 10.22559432277303
4, 19, 16.90599488202354
83, 13, -6.239139411048564
5, 19, -3.164531098388638
59, 16, -4.909006182292934
113, 6, 5.523998385102735
107, 8, 5.59334226867843
6, 19, -10.15003833388329
33, 18, -9.069602847958766
48, 17, 5.932641104504131
7, 19, -8.504634263533319
8, 19, 2.253816524195351
69, 15, 2.057769431586055
95, 11, 1.846015814918455
77, 14, 7.693068410847678
122, 1, 4.258664816798457
121, 2, 0.6270287458621678
34, 18, 6.488931343163328
118, 4, -8.925474386296891
9, 19, -1.83855758771988
60, 16, -10.86088392962568
116, 5, 4.985097405872756
104, 9, -4.429485458839554
84, 13, 3.968895698311171
49, 17, 2.026547720630224
90, 12, 2.101305068162845
10, 19, 1.180382484957031
100, 10, -0.7652675669101755
111, 7, -0.516342282365572
123, 0, -3.356323544339519
120, 3, 9.389369116164955
11, 19, 0.9006889953382913
35, 18, 0.5753960161633611
108, 8, -9.543991535763618
114, 6, -0.9708841501537276
12, 19, -7.513547620135629
70, 15, 7.050706465086005
61, 16, -4.055463187864664
50, 17, 5.235439346091163
78, 14, 3.286668822779876
13, 19, 7.09525026045292
36, 18, 5.79538141953577
96, 11, 2.903263988635822
85, 13, 0.7596927471178353
14, 19, 5.493067171944383
91, 12, -5.48681430305376
105, 9, -2.362250233804481
122, 2, 5.856713546384661
123, 1, -3.158871750464026
119, 4, 0.660487013056586
117, 5, 5.522926074821934
15, 19, -4.244239592200449
101, 10, -1.833707770289696
51, 17, -6.607197934256721
37, 18, 0.4982267605431057
71, 15, -9.012474965683804
62, 16, -1.537468817735621
112, 7, -6.884292316735617
16, 19, 1.611896823950453
121, 3, 9.504884172813131
124, 0, -9.109314313411383
109, 8, -1.243324119715099
79, 14, -2.81726361764723
115, 6, 2.528607056859174
38, 18, 4.659551825254562
17, 19, -0.2769442027601087
97, 11, -4.754774366453534
52, 17, -0.7277356582452822
86, 13, -6.572897456906408
18, 19, 2.311975697996133
92, 12, 5.64495844077535
63, 16, 3.278327282545613
72, 15, 8.206963107578888
39, 18, -14.75902015285325
106, 9, -3.970502483368596
19, 19, -1.229507343444816
102, 10, 3.178099726971121
120, 4, 0.3201496038523384
123, 2, 3.423149188872809
118, 5, -4.297604280702433
124, 1, 2.501169419158523
80, 14, 8.099666750454979
53, 17, -4.17643778683701
113, 7, -9.195327604928563
20, 19, -12.36692317901371
40, 18, 4.696190153141059
110, 8, -1.633976615073432
64, 16, 1.575631857765621
122, 3, 1.624289096313351
125, 0, 4.29304914878234
116, 6, -10.77008384465415
87, 13, -1.344295434490664
21, 19, 5.390304051001864
98, 11, 1.85479357222047
73, 15, -0.09206099478765728
93, 12, -5.034334259859754
54, 17, 3.766261431762765
41, 18, -1.336288604501455
22, 19, -5.633531357301295
81, 14, -5.721726678478573
107, 9, 10.26001164036835
103, 10, -7.799386761677533
65, 16, -2.71136753338812
23, 19, -3.76730563882698
121, 4, 9.022219469354035
119, 5, -1.667192325818956
124, 2, -4.537180535137221
125, 1, 15.29869802063997
114, 7, -0.4950728874652038
42, 18, -8.245910597593708
55, 17, -6.474657232594312
74, 15, 7.535543331603114
88, 13, 1.051933352764577
24, 19, 6.331595650719933
111, 8, 2.639208320470139
99, 11, -2.982752030782665
123, 3, -11.88898332889441
117, 6, 11.65746572849043
94, 12, -1.666938146761864
126, 0, 10.45391370264991
25, 19, -4.976502468583761
43, 18, 8.116620490611622
66, 16, 4.275436022294825
82, 14, -2.224342063367781
56, 17, 7.214813341257072
104, 10, 1.653272645364022
108, 9, -14.36479072691914
26, 19, 7.616536283002827
75, 15, -6.757464839035286
89, 13, -0.9036367316631343
44, 18, 7.784631610614849
120, 5, -0.9069563210906005
122, 4, 3.751864875721612
125, 2, -6.535571342424397
115, 7, 0.502293644615363
27, 19, -6.39824882784371
126, 1, 0.7272108719724398
67, 16, 0.7168202467694861
100, 11, 4.380980469468364
112, 8, 7.728618801948514
57, 17, 4.793301699089682
95, 12, 0.8161882237016869
83, 14, 8.519359842265866
118, 6, -2.647872379211695
28, 19, 2.944810434424709
124, 3, 3.153674869754444
45, 18, -11.6828469071989
127, 0, 4.009483422113885
76, 15, 7.391580815936938
105, 10, 7.480841361879773
109, 9, -17.20106961384298
29, 19, -7.396317668675226
90, 13, 0.0348721333328505
58, 17, -1.126756172948311
68, 16, -11.54067471037253
46, 18, 13.16091900744208
84, 14, -12.09069029041807
30, 19, -5.048693089031176
121, 5, 8.330878572989601
96, 12, -0.3781019661637471
101, 11, -1.824046354665909
123, 4, 5.096994951727741
116, 7, -0.6665162338366712
126, 2, 2.898264064955243
127, 1, 1.398201345731789
113, 8, -6.198226765553947
-10, 20, 1.301497636784259
-9, 20, -5.315560371872475
-8, 20, 4.775408385091126
-7, 20, 3.98099183996194
77, 15, 7.503691470870065
-6, 20, -3.232910025728882
-5, 20, -8.273664816498176
59, 17, 4.604932098021336
-4, 20, 0.4529681091315289
47, 18, -9.091460169271668
-3, 20, 0.4146515270123206
31, 19, 11.02827490756561
119, 6, 16.48630289415603
69, 16, -1.936785921282278
-2, 20, 0.7078622646773186
125, 3, -8.887823459792516
-1, 20, 3.677508883189978
128, 0, -9.726551436092697
91, 13, -6.95952438251063
106, 10, 1.276182659250644
0, 20, -6.696202729963503
110, 9, -8.423980316895399
1, 20, 6.033896014735721
32, 19, -0.9349515200398049
2, 20, 1.160833892542152
85, 14, 5.848322928829821
48, 18, -4.684740036731858
60, 17, -6.268457247472362
3, 20, 1.125364902396447
97, 12, 6.3288656523865
78, 15, -4.30295742706134
102, 11, -4.960442832268816
4, 20, 7.283891900548934
70, 16, -3.53909139106047
33, 19, -0.2497973840170781
117, 7, -2.357644723122799
122, 5, 11.3145752028011
5, 20, 9.779988680895512
124, 4, 9.653303687631583
114, 8, -2.115378067428119
127, 2, -14.29789630832513
128, 1, 2.866750437990178
6, 20, -7.888035502087533
49, 18, -5.695094953974629
7, 20, 0.6322769322012359
92, 13, 3.208677786534872
120, 6, 10.82035477252398
34, 19, -0.9417177619134124
61, 17, 6.391272760877881
107, 10, 11.04869124722477
126, 3, -12.49157973800635
8, 20, 3.516896294325928
86, 14, -0.3581009438226962
129, 0, 0.8729307551373225
111, 9, -3.023147663625781
79, 15, -5.952749620346348
9, 20, 3.621416106174571
71, 16, -5.36834649339277
98, 12, 0.09835414344258728
50, 18, 2.76631034734207
35, 19, 3.467762689047203
10, 20, -5.67670581431172
103, 11, 1.681422279874678
11, 20, -0.4573073799640306
62, 17, -7.762569920503254
118, 7, -2.9485743830969
123, 5, 5.005497866830492
115, 8, -1.83815002177054
36, 19, -15.37614884526821
125, 4, 1.045371103170879
12, 20, 7.570450428424768
93, 13, -10.54367778661973
51, 18, -5.705892162571937
128, 2, 0.9125155765345973
129, 1, -0.05131329030173365
87, 14, -8.646704056586758
80, 15, -0.4350079817612552
13, 20, 4.327806617336588
72, 16, 10.92317346581313
121, 6, -6.65463661855079
108, 10, -2.383897485994213
37, 19, -4.153632876975571
112, 9, 0.9492383837063509
14, 20, -1.215122258345648
127, 3, -0.4237206132801377
63, 17, -8.601499003914997
99, 12, -5.56132974356168
130, 0, -0.06651934373858877
104, 11, -1.652764340547505
52, 18, 2.737153057625823
15, 20, -0.3016300022244318
38, 19, 9.46703888123958
16, 20, 5.003640691653113
94, 13, 10.15408646171436
73, 16, 6.969420929088183
81, 15, 1.546531628719816
119, 7, 13.92790192879909
116, 8, -4.286142071820218
88, 14, 6.225272077940366
124, 5, 5.080241816853245
17, 20, -1.939305809324903
64, 17, 6.289400460682534
126, 4, -4.412787241080648
53, 18, 10.26623820880459
39, 19, -10.91885223650775
129, 2, -0.6253359126910586
130, 1, -6.899230400306983
109, 10, 4.513871674486242
18, 20, -4.083641444873343
122, 6, -9.963603411607194
100, 12, -7.112731099157034
113, 9, 4.647697983940657
128, 3, 2.554176079426037
19, 20, -0.7532523686285921
105, 11, 2.16547820740314
74, 16, -3.440063649421952
131, 0, 5.821881851766044
40, 19, -9.604940663184736
54, 18, 0.1867176190419924
82, 15, -1.218510138080722
65, 17, -3.155960167072426
95, 13, -6.972798254399904
20, 20, 0.5939058504334321
89, 14, -11.94747132737166
120, 7, 1.384775176418194
117, 8, -0.2257837033832474
41, 19, 1.495877886736845
21, 20, 2.487586085601303
125, 5, -4.154272891736797
127, 4, -1.989226382171319
55, 18, -8.687392737032562
110, 10, -4.0850853056275
101, 12, -10.52667679985837
75, 16, 4.197794651618836
22, 20, 2.028690990299324
130, 2, -1.853767869998639
66, 17, 7.122668037495358
131, 1, -1.575175798007969
123, 6, -13.392587303252
114, 9, 4.131049407914836
83, 15, -2.632003123152325
42, 19, 4.145848196654982
106, 11, -12.26371159272214
23, 20, 3.25666795615284
96, 13, 2.701827431936554
90, 14, 4.910094364032376
129, 3, 10.14833769375531
132, 0, -10.63786590369931
56, 18, -3.268297878307503
24, 20, -4.329498291114517
43, 19, -1.960184421358314
67, 17, 3.507228859130139
76, 16, -3.113404205617338
118, 8, 3.262776341137869
121, 7, -14.81724563444682
25, 20, -11.32398629759963
126, 5, -5.958092638878098
111, 10, 0.5807720281670566
102, 12, 13.32702416044699
84, 15, 11.77535374167944
128, 4, -2.210981147781511
57, 18, 6.096872176628368
44, 19, 2.047922271814995
115, 9, -11.89965391817756
131, 2, -6.635782467184015
107, 11, -3.10939045559723
91, 14, 12.26072381135712
26, 20, 4.060798082070382
124, 6, 1.145706385446903
132, 1, -3.217317466793405
97, 13, -8.322699931454732
68, 17, 3.231727545532629
77, 16, -2.291746726837417
130, 3, -8.350134574497366
27, 20, 4.791025918547086
45, 19, 5.137376770840064
133, 0, 15.71574734459349
58, 18, -9.2863345920863
85, 15, 5.697359884023936
119, 8, -0.5334011207022945
28, 20, -1.419816917477215
122, 7, -11.48259112758858
103, 12, -1.262406350483646
112, 10, 0.3944150049961087
69, 17, -7.048528041544069
92, 14, -12.43074930204693
127, 5, 13.04248768601229
46, 19, 0.5624791070847286
98, 13, -3.1082015908041
129, 4, 3.546498121214763
108, 11, 0.1974685936730197
29, 20, -11.90672630810065
116, 9, -6.764633495727727
59, 18, -4.240900724118824
78, 16, 4.885334197118126
125, 6, -2.299128883451956
132, 2, -2.763254364145779
133, 1, 5.176971806820616
30, 20, 5.150966779362833
47, 19, -1.19652144344884
86, 15, -0.7475190939809871
131, 3, -17.49183100943293
70, 17, 6.568216455454034
134, 0, 4.377860343748747
60, 18, 8.608187571679215
104, 12, -0.3474162640891621
-10, 21, 6.565650174201388
-9, 21, -18.22314518628803
-8, 21, -0.3891402989742182
31, 20, 2.393260579857934
-7, 21, 1.812704107043553
120, 8, 3.35433973179767
93, 14, -2.283197605896494
-6, 21, -6.67528403944908
123, 7, -4.804256340884471
113, 10, -6.591202014152639
79, 16, -20.44260312763894
-5, 21, -3.12232209817657
-4, 21, 7.280991314685555
48, 19, 7.059453516810085
99, 13, 3.371939720405032
-3, 21, 23.88250432397917
109, 11, -1.722875674808239
-2, 21, -6.720203663547971
128, 5, 0.1796960482219915
-1, 21, 0.4062051467558973
117, 9, -7.103258452575688
32, 20, -0.9950070887906367
130, 4, -3.433930171338837
0, 21, -5.620311723507975
71, 17, -1.0097272815293
87, 15, 10.88541313197801
61, 18, 5.062076943523281
1, 21, 2.880398025369167
126, 6, 14.26393375539685
133, 2, -7.46512204715714
2, 21, -6.134173593663339
134, 1, 4.278064004104434
49, 19, 2.630342952833533
33, 20, 1.936719941738759
3, 21, -9.118903886294019
80, 16, 3.35538341685479
4, 21, -7.576657724528197
94, 14, 3.143261866114194
132, 3, 19.4010706748422
105, 12, -8.007190351926004
5, 21, -1.64596117265294
135, 0, 20.31600607225808
100, 13, -12.00367708253288
121, 8, -12.4428024676025
34, 20, 0.6931458464678801
114, 10, 8.479129545897555
6, 21, 3.893722809308275
62, 18, -5.361340795301519
50, 19, 0.05219753646343607
124, 7, -6.733445834693977
72, 17, -5.947259753414712
110, 11, 0.5193805249462797
7, 21, -0.1233895198558319
88, 15, 19.62760614985771
118, 9, 19.75179195319794
129, 5, 3.911340816026949
8, 21, 20.36670466961312
35, 20, 0.1945218846383579
131, 4, 12.00701608869004
9, 21, 3.973488708186322
81, 16, -12.10069877939332
127, 6, 7.859438567925068
51, 19, 1.914764610109946
63, 18, -10.13506600908072
134, 2, 4.286210218716151
95, 14, 13.93814957242626
10, 21, 18.81917868088884
135, 1, 3.32801901785981
106, 12, -1.59159145479253
36, 20, -9.367260982617946
73, 17, -6.423667090026595
11, 21, 6.09991690416
101, 13, 9.182169851305499
133, 3, -6.086515360812696
115, 10, 13.20563736933692
12, 21, 7.173911638966652
89, 15, -4.237761401143369
122, 8, 11.61695143368995
52, 19, 9.032707975018795
136, 0, 2.131760452719087
111, 11, 16.32931691459349
37, 20, 7.78690803212475
125, 7, 3.552568742763278
13, 21, -11.26063913629423
82, 16, 4.680902381799241
64, 18, 15.44770077261058