d = 163, symClass = C, D = 3.773438, Y = nan
[5.014177872953903, 5.014199230990415], 5.014177872953903
1, 0, 1
2, 0, -0.4516170657582523
3, 0, 0.2326282686802051
4, 0, -0.996091425282681
5, 0, 0.8395917260006671
6, 0, -0.07465928034044525
0, 1, 0.1215411700412996
1, 1, -0.1411399776622826
2, 1, 0.1955397794901634
7, 0, -0.9456026389002061
3, 1, 0.4274701964397742
4, 1, -0.3215776675665225
8, 0, 0.6970714436579992
5, 1, -0.2372911520245891
9, 0, -0.8587563799846595
6, 1, -0.2237745716105961
7, 1, -0.1513191730838041
10, 0, -0.3817071051444203
8, 1, -0.4489199927615952
11, 0, -1.043861549744225
9, 1, -0.4476217921569698
12, 0, 0.09310282150865348
10, 1, -0.2704182473851834
-1, 2, 0.01822784607609746
0, 2, 0.1079018669020031
1, 2, -1.036642779757723
13, 0, -1.986075366122255
2, 2, 0.1406621300275345
11, 1, -0.7072361518960736
3, 2, 0.5978629109098583
4, 2, -0.1084089374390418
14, 0, 0.594396734435935
12, 1, 0.3607743679659322
5, 2, 0.3343427952640427
6, 2, -0.3202880557767445
13, 1, 0.5554213584173603
15, 0, 0.4241650185999689
7, 2, -0.2160440863716797
8, 2, 0.1194526672756525
14, 1, -0.1163254633773445
16, 0, 0.1159474211561527
9, 2, 0.5639804609416378
15, 1, 0.6986081933016206
10, 2, 0.1040074793030063
17, 0, 0.9595768511512129
11, 2, 1.031015554558825
16, 1, 0.4571119535062972
18, 0, -0.1427125936435792
12, 2, 0.6356089405022232
17, 1, 0.2891520411033265
13, 2, 1.416990674645122
19, 0, -0.9626804933749591
-1, 3, -0.8332349036638264
0, 3, -0.1943361856093397
1, 3, -1.067377580735758
2, 3, -0.4223463151206205
18, 1, 0.9721277369740052
3, 3, 0.3952909308175205
14, 2, -0.4258498594805958
4, 3, 0.783583492758972
20, 0, -0.8792502566767975
5, 3, 0.101399442999026
15, 2, 0.8868932045769541
19, 1, 0.4966787923180935
6, 3, 0.3557382371326441
7, 3, 1.541156587473551
21, 0, 0.3172959964486157
16, 2, 0.1817560910867254
8, 3, 0.8098040659861925
20, 1, -0.3141436126366149
9, 3, -0.2200004295280614
22, 0, 0.4167345681770159
17, 2, 0.9554649740596336
10, 3, -0.5480269860259693
21, 1, 0.4229932512197568
11, 3, 0.004071026676021361
18, 2, -0.02410395734792476
23, 0, 0.3046946146375569
22, 1, -0.2245898327666382
12, 3, 0.2245364134097666
19, 2, 0.6151106285664403
24, 0, -0.1339777238751154
13, 3, 1.053730743346307
23, 1, -0.6752304739044929
20, 2, -0.008871058073695759
14, 3, -0.1159352373647109
25, 0, 0.1660892734663625
15, 3, -0.5049141435294957
24, 1, 0.5680409130364784
21, 2, -0.1609031481629548
-2, 4, 0.01220788583122491
-1, 4, -0.9621384169833795
0, 4, 0.08709844411886579
1, 4, -0.07042424376007372
2, 4, 0.412779770029981
16, 3, -0.6682861635980055
26, 0, 0.6168982197907782
3, 4, 0.6571824923555974
4, 4, 0.1881698137506187
25, 1, -0.3862295104154317
22, 2, 0.2709160763000153
5, 4, -1.000940042471546
17, 3, -0.09986104224017898
6, 4, -0.4145915995394612
27, 0, 0.2978015991129403
7, 4, 0.634995987875582
23, 2, 0.6103913346685906
26, 1, 0.6909042931074921
18, 3, -0.05246433065970806
8, 4, -0.07156643322234103
9, 4, -0.6107911141237943
28, 0, 0.2934805256380748
19, 3, -0.96411514681116
24, 2, -0.05803996804141687
10, 4, 0.05580910977567179
27, 1, 0.9939324263035541
11, 4, -0.7747756967933456
20, 3, -0.2142426392450886
25, 2, 0.2786641352558648
29, 0, -0.6424418595698538
12, 4, -0.4478582777447195
28, 1, 0.2591518278764045
21, 3, -0.1048697517335106
13, 4, -0.9739531259582451
26, 2, -0.3995944398314742
30, 0, 0.1704744578841942
14, 4, 0.08186443548068222
29, 1, 0.5204737721835698
22, 3, 0.1624183864312478
15, 4, -0.7647957579485263
27, 2, 0.5062418011884412
31, 0, 1.453640149866553
23, 3, 1.190788777677336
30, 1, 0.7811611593509526
16, 4, 0.1695485329123263
28, 2, 0.3779535261132845
17, 4, -0.3996212447305157
24, 3, -0.2172531972841966
-2, 5, -0.4975548538391363
-1, 5, -1.19001878866513
32, 0, -0.3439273728185814
0, 5, -0.2536919447593821
1, 5, -0.2981671200890897
31, 1, 0.7906607747137868
2, 5, -0.1202606515891139
3, 5, 0.1927572526776558
18, 4, -0.4265780804477571
4, 5, -0.2157881256771711
29, 2, 0.6075825377215169
25, 3, 0.1534886827856381
5, 5, -0.185852548790108
33, 0, 0.2252809889068584
6, 5, -0.7242772616301688
19, 4, -0.3008551822606239
32, 1, -0.1991018401167885
7, 5, -1.375116526458899
26, 3, 0.07787802072663549
30, 2, -0.5448295425672718
8, 5, -1.031043087332351
20, 4, 0.5062157578737273
9, 5, -0.453948825628463
34, 0, -1.196564388766469
33, 1, 0.4646710786541221
10, 5, 0.5545167630283242
27, 3, -0.1653693262139699
21, 4, 0.2452780573840875
31, 2, -0.3689359352744643
11, 5, -0.3700358153594993
35, 0, -1.152669157409401
22, 4, 0.4277190468785543
12, 5, 0.2803869165780195
34, 1, 0.7169258381330799
28, 3, 0.7361485042369025
32, 2, 0.001855869326666625
13, 5, -0.1132790093125477
23, 4, -1.276928905480102
14, 5, -1.496296456396735
36, 0, -2.0257098781116
29, 3, -0.6207684925498683
35, 1, -1.184123942076432
33, 2, 0.5269232355360078
15, 5, -0.1442334071355815
24, 4, 1.654406036308083
30, 3, 0.4752431762362577
16, 5, -0.8388486087612345
37, 0, -0.2647315283447073
36, 1, -0.1090258875232765
25, 4, -0.4183830474384185
34, 2, -0.3159504586042754
17, 5, -0.6491034377538945
31, 3, -0.1655203084822841
26, 4, -0.5640402333299527
18, 5, 0.9155541305350952
38, 0, -0.3236216950536764
37, 1, 0.1221425588492829
35, 2, 0.8626644377945886
-3, 6, 0.01727620944035867
-2, 6, 0.2518188807339703
-1, 6, -0.03380522563778494
0, 6, 0.1818715686762952
19, 5, 1.212592038583702
1, 6, 0.0186148763987103
32, 3, 0.3375708499024523
2, 6, 0.6309592442126785
27, 4, -1.201066553792579
3, 6, -0.07866314313718215
4, 6, 0.1624832329288838
39, 0, -0.01810457464388628
38, 1, -1.326860564198602
20, 5, -0.711772222674015
5, 6, -0.849086956427734
36, 2, -0.7719277032030729
6, 6, 0.2286372232230596
28, 4, 0.2288185585953384
33, 3, -0.0460991649894917
7, 6, -1.465471512707272
21, 5, -0.6131990975324854
8, 6, -0.1689411578523907
40, 0, 0.8954083562506943
39, 1, 1.075313263908499
37, 2, 0.7028143479857074
9, 6, -0.1409696094965103
29, 4, 0.01230294936478096
22, 5, -0.2095818180347073
34, 3, -0.632332396410571
10, 6, 0.01003542186742459
11, 6, 0.957025176539792
23, 5, -0.5010383460207836
30, 4, -0.1940043704295888
41, 0, -0.3498170673086681
40, 1, 0.2451295235676203
38, 2, -0.6239874735942347
12, 6, 0.3081584135334789
35, 3, 0.01056780785483699
24, 5, -0.5497008419581469
13, 6, 0.06333548590365211
31, 4, -0.4390377635227495
14, 6, -1.078036773845571
41, 1, -0.05558571483496326
39, 2, 0.4102671605452621
42, 0, -0.3969014955461762
36, 3, 0.1811271103945876
25, 5, -0.3274356106530054
15, 6, 0.07261382320141271
32, 4, 0.1822826377354615
16, 6, -0.3398588639619488
26, 5, -1.487869802307649
40, 2, -0.05017736935631802
42, 1, 1.531630987615805
43, 0, 0.547714106948929
37, 3, 0.3395544706124862
17, 6, 0.04722285487546363
33, 4, -0.6027555908435732
27, 5, 0.1019364567941844
18, 6, 0.1044585501971072
41, 2, 0.5105913952022586
38, 3, 0.9171091651902212
43, 1, 1.385595714983666
44, 0, 0.6970243766270162
34, 4, -0.6070969150865397
28, 5, 0.6217613093171065
19, 6, 0.2129795114925266
20, 6, 0.258170030855757
-3, 7, 0.2840135261908794
-2, 7, 1.026839134126623
-1, 7, 0.3227991693810813
39, 3, -0.02083047892803069
0, 7, -0.4155331092051306
29, 5, 0.513589547011948
42, 2, -0.1380793535702217
1, 7, -0.03770158136503927
44, 1, -0.02219130849460465
35, 4, -0.4748321103470976
45, 0, -0.2224393930271204
2, 7, 0.8866088221668861
3, 7, 0.8091464176955282
21, 6, -0.3546599355367376
4, 7, -0.1480319541130449
5, 7, 0.7062569789429933
30, 5, -0.7033024821945706
6, 7, 0.04680730499978564
40, 3, 0.1490979602523705
22, 6, -0.001527963454054138
36, 4, 0.2663327804311549
43, 2, 0.08014644881811413
7, 7, 1.126170693185045
45, 1, 1.119343022180334
46, 0, -0.0008370505542588955
8, 7, 0.1027122215930354
31, 5, -0.6457924447526699
23, 6, -0.002821501028892642
9, 7, 0.3480989832182674
41, 3, 0.4878698681966814
37, 4, -0.001071393871058238
10, 7, 0.7198573941133912
44, 2, 0.1721598553089394
24, 6, -0.3559919525583835
46, 1, 0.5060482488704487
11, 7, 0.1292061041867947
47, 0, -0.6715235580572552
32, 5, 0.1264218240386047
12, 7, 0.6436999962767594
25, 6, -0.03708768698572119
38, 4, -0.2829734885712982
42, 3, 0.3434248316929574
13, 7, -0.1907987328537417
45, 2, -0.3226587105469518
33, 5, 0.4220241341736478
47, 1, 0.1113233149919329
14, 7, 0.3836874618848142
48, 0, 0.1908962254436702
26, 6, -0.5755742983623702
39, 4, -0.2691122231774584
15, 7, -0.8054772307937945
43, 3, -0.1561234722836416
34, 5, 1.058376498866472
27, 6, 0.1907830082645197
46, 2, 0.7122580081065888
16, 7, -0.4117955853635292
48, 1, 0.2142240668762802
49, 0, 0.8627844847814626
40, 4, 0.118728640557886
17, 7, 0.6343137708690563
35, 5, 0.009707244655655195
28, 6, 0.1468317858996018
44, 3, -0.1382341179382992
18, 7, 0.4625304703411244
47, 2, -0.4041543985742866
49, 1, -0.5990651668449364
29, 6, -0.1600713005092564
50, 0, 0.298402271191948
41, 4, -0.4587161746290423
36, 5, 0.090634449600402
19, 7, 0.5350433253727218
45, 3, -0.03530196625152367
20, 7, -0.2683400749126216
30, 6, 0.2615444525120107
48, 2, -0.5674261159838818
37, 5, 0.08275157804706636
42, 4, 0.1952234302840788
50, 1, 0.01349854642137544
21, 7, -0.8896432177563484
51, 0, 0.5028629071534203
-4, 8, -0.00817373633037039
-3, 8, 1.378062431220207
-2, 8, 0.6003471547125415
-1, 8, 0.5533328016625111
46, 3, 0.678235977219005
31, 6, -0.7151579682031309
0, 8, 0.392918001271621
1, 8, -0.1236671184934075
2, 8, -0.111690537049337
22, 7, -0.6077376804677977
3, 8, 0.9932003783068108
38, 5, 0.4991100489486459
49, 2, 0.1275570318914127
4, 8, 0.8938706848335478
43, 4, -0.4779170298555082
5, 8, -0.0175000245542276
32, 6, 0.467659642468637
51, 1, -0.03437778547257796
23, 7, 0.4935231896260442
52, 0, 1.025079402750815
6, 8, -0.5038897579436215
47, 3, 0.8433336241368268
7, 8, 0.1993795464335403
39, 5, -0.1291783337389526
8, 8, -0.1919204129725788
24, 7, -0.217287729970809
33, 6, 0.06182941474355898
50, 2, 0.2816364952316743
44, 4, 0.6082007716243416
9, 8, 0.5043972876105444
52, 1, 0.9983524276908872
10, 8, 0.3773258971853395
53, 0, -0.04403170035600692
25, 7, 0.4263783296986883
48, 3, 0.223710659054102
40, 5, -0.21359901915885
11, 8, 0.3532751493403427
34, 6, 0.1781419747086066
45, 4, -0.1345474430865262
12, 8, -0.4793798333744447
51, 2, 0.681312932684542
26, 7, -0.01257122282643155
13, 8, -0.03292350660370338
53, 1, 0.8188067456234331
41, 5, -0.2775574588032169
35, 6, -1.112459585973316
54, 0, -0.4338004939708658
49, 3, 1.144606557913142
27, 7, -0.1809270241548478
14, 8, -0.1945562912148124
46, 4, -0.1254582882357211
15, 8, 1.078138790609384
52, 2, -0.4333156162258616
36, 6, 0.2154423969979108
28, 7, 1.064094526408488
42, 5, -0.5487824265245463
16, 8, -0.4677952706950361
54, 1, 0.5808315020449376
50, 3, -0.1303261589258797
55, 0, -0.8237836976992645
17, 8, 0.2209625090553453
47, 4, -0.1995901695728874
29, 7, 0.5949938602208564
37, 6, -0.2498200845717047
53, 2, 0.3173353102684204
43, 5, -1.031997123024896
18, 8, 0.4039935664137551
30, 7, 1.362005846339185
55, 1, -0.4633927014228648
51, 3, -0.3626355079418759
56, 0, -1.0984622481863
19, 8, 1.172530376647159
38, 6, 0.506687726884509
48, 4, -0.2133795160947685
44, 5, 0.1057698822567991
20, 8, 0.1225220741850753
31, 7, -0.790908472813491
54, 2, -0.3723837999192557
52, 3, -0.4266930647347175
39, 6, 0.00566520872144515
56, 1, -0.2711218092041333
21, 8, 0.4765560354490145
57, 0, 0.5027605858714135
49, 4, -0.6263209961494887
32, 7, -0.42305504142829
45, 5, -0.1688187242415383
22, 8, 0.2185427401335008
55, 2, 1.200944760294602
-4, 9, -0.3919917911897505
-3, 9, 0.04689101416073078
-2, 9, 0.06069186419335535
-1, 9, -0.3323289418445798
40, 6, 0.1419508572611921
0, 9, -0.3363504431601613
33, 7, 0.7247049220805449
1, 9, -0.7410071190354547
53, 3, 0.4611803157506549
23, 8, 1.159867400517996
2, 9, 0.2584298082891506
57, 1, 1.1414509519081
50, 4, -0.1262988501253331
3, 9, 0.0119529079783163
58, 0, 0.1504043656538951
46, 5, -0.8927619341306985
4, 9, 0.1079818981543225
5, 9, -0.7802688894421976
24, 8, 0.3498941818695499
41, 6, -0.6535625779720976
34, 7, -0.5265776547145878
6, 9, -0.3033892948677154
56, 2, -0.2302467739987884
7, 9, -0.662410008160689
54, 3, -0.1713958776973694
25, 8, -0.5945687145444848
8, 9, 0.08526594433056635
51, 4, -0.37743482678415
58, 1, -0.6792992954084834
47, 5, 0.1736473600551855
35, 7, -0.4930238807325626
59, 0, 0.9463926510194822
9, 9, 0.8235075975896414
42, 6, 0.04362047969876151
26, 8, 0.4101434909070996
10, 9, 0.3758065670193397
57, 2, -0.8379441991134279
11, 9, 0.7479401532846301
36, 7, -0.2140720566580528
55, 3, -0.2077794036041613
52, 4, -0.2486951271696874
48, 5, 0.2876212891179054
27, 8, -0.02481326640292616
12, 9, -0.2991744054056038
59, 1, -0.5109850915489594
43, 6, 0.9710703853731355
60, 0, 0.2504058342893829
13, 9, 0.3242312965361948
28, 8, 0.2387347276113688
37, 7, 0.6749533172321732
14, 9, -0.3572415875595165
58, 2, -0.2640659050250692
49, 5, 0.2795837535073014
56, 3, -0.4930976905430663
44, 6, -0.3118094238981605
53, 4, -0.565937863452706
15, 9, -0.05173664221370639
29, 8, -0.4424636121589901
60, 1, -0.223591074506689
38, 7, 0.4125104914704317
16, 9, 0.2343519446558881
61, 0, 0.6376506185513421
17, 9, 0.4900192998809507
59, 2, 0.5585736823216589
30, 8, 0.4886647343439725
45, 6, 0.2346686346717786
50, 5, -0.5135738177083033
54, 4, -0.1610671496464873
57, 3, -0.0883605853755022
39, 7, -0.7222085455328752
18, 9, 0.2815767378073663
61, 1, 0.6081817724133796
31, 8, -0.1688469980049719
62, 0, -0.53218960966074
19, 9, 0.4978223482178207
46, 6, -0.811443406690888
51, 5, -0.7439342871529777
60, 2, -0.3142034307984084
40, 7, -0.1479252139118977
20, 9, 0.700319916571863
55, 4, 0.681811932566061
32, 8, -0.4811836337837041
58, 3, -0.8716120750777226
62, 1, -1.495673245103961
21, 9, -0.05063663053211747
47, 6, -0.5256151574036321
63, 0, 1.532956249269512
33, 8, 0.4004364544320203
41, 7, 0.6263639603255714
52, 5, -1.020025611149648
22, 9, 0.1270629117806649
61, 2, 1.708489846241951
56, 4, 0.2748106043551958
59, 3, -0.6344516545396761
34, 8, 0.3795154438812922
23, 9, 0.9517891264530226
42, 7, 0.6879102557751715
48, 6, -0.1014401274914438
63, 1, 0.2859504067878239
-5, 10, -0.007497924995661429
-4, 10, 0.2173869271431864
-3, 10, 0.114929281438977
-2, 10, 0.4041970609735677
-1, 10, -0.5142626329380616
64, 0, 0.2015913134973794
53, 5, -0.1031399550926887
0, 10, 0.002072826652356765
1, 10, -1.087379006274122
24, 9, 0.3403787520207812
2, 10, 0.01687240491243213
35, 8, -0.1289582538898501
62, 2, 0.02658591583655304
57, 4, -0.08806008730862842
3, 10, 0.9759744325182726
60, 3, 0.09821108794687533
4, 10, -0.2671007784390084
43, 7, -0.2432695260565265
49, 6, -0.4292838970836462
25, 9, 0.1762104537411516
5, 10, -1.04797046652025
6, 10, -0.4867182469404105
64, 1, 0.2940274849542877
36, 8, -0.5075679838412289
54, 5, -0.4509289163134284
7, 10, -0.6637456041126961
65, 0, -1.865191489117857
26, 9, 0.3722490435074409
8, 10, 0.03797697728005373
58, 4, -0.1760850965801135
44, 7, -0.554844772503424
63, 2, -0.4899559163507031
9, 10, -0.416634450547016
61, 3, -0.2999153779507761
50, 6, -0.06756890915001385
37, 8, 0.2817320148675666
27, 9, -0.4080412749843402
10, 10, 0.05966720267758384
55, 5, -0.456731784217326
11, 10, 0.1324111417111825
65, 1, -0.8129560475012251
45, 7, 0.4053273044875395
66, 0, -0.01880478720068159
28, 9, 0.7022028577781049
12, 10, 0.2927888297974968
38, 8, -0.2121663550564184
59, 4, -0.7251519085272888
51, 6, 0.1667133671915819
64, 2, -0.08537031152164193
13, 10, 0.7988180859202374
62, 3, 0.2298541312002263
29, 9, 0.4032979309514446
14, 10, 0.5133621281385691
56, 5, 0.1184864770207182
46, 7, -0.9988052373964947
39, 8, 0.707043594564606
66, 1, 0.8144445931613222
15, 10, 0.5673233374644049
67, 0, 0.2724700941358574
30, 9, 0.0441572884296275
52, 6, 0.2182536659278503
60, 4, -0.73677626317283
16, 10, 0.3001148870686353
65, 2, 0.3903146067029191
63, 3, -0.04766621860539374
40, 8, -0.2109262626162332
47, 7, -0.9695225625415083
17, 10, -0.3549169517814869
57, 5, -0.8545576324478051
31, 9, 0.4777048455480157
67, 1, -0.3407912932723419
53, 6, -0.01123052581975364
18, 10, 0.4928094273069113
61, 4, 0.3977965369517354
68, 0, -1.120453481471365
41, 8, 0.6998318028766934
32, 9, 0.8791958037683718
48, 7, -1.587950263814005
19, 10, -0.1223544327902266
66, 2, -0.07479920734280184
64, 3, 0.1468457654513108
58, 5, 0.5328207294091659
20, 10, -0.2172133896918478
33, 9, -0.2216067184991601
54, 6, 0.2462972795260044
42, 8, 0.09928124131284884
68, 1, 1.222041072740169
62, 4, -0.03226046805334814
21, 10, 0.4400794614249063
49, 7, -0.5276102309085755
69, 0, 0.7415737547411793
34, 9, -1.144929432975607
67, 2, 1.11765952060191
65, 3, -0.8117170322309245
59, 5, -0.5995557738032979
22, 10, 0.09242018358339685
43, 8, 0.2123524529486303
55, 6, 0.4666468299786953
23, 10, -0.2538671781286235
50, 7, -0.02486744382321242
35, 9, -0.1813374453773255
69, 1, 0.2330564045334308
63, 4, 0.7917439821375439
70, 0, 0.7155659856253664
44, 8, -0.8822015381027561
24, 10, -0.3698959927510491
66, 3, 0.1217281931566116
68, 2, -0.371453494627617
60, 5, 0.1305346663391149
-5, 11, 0.558789302243596
-4, 11, 0.4225072833565722
-3, 11, 1.098446497377095
36, 9, 0.5320017705587934
-2, 11, 1.022602188988887
56, 6, -0.01887630674586564
-1, 11, -0.2118792763469211
0, 11, -0.3070048779623703
51, 7, -0.2912859773974156
1, 11, 0.1529484955011897
25, 10, 0.7228435925075037
2, 11, 0.005759231878726118
3, 11, 0.06122147924187796
64, 4, -0.4514716089897336
45, 8, 1.014137196183828
70, 1, 0.1007843637510789
4, 11, 0.5308957046288155
37, 9, 0.3870027282865121
26, 10, 0.2596211080674015
71, 0, -0.5326122084648371
5, 11, -0.3195810867390426
61, 5, -0.5618450615504403
67, 3, -0.7457958686191616
69, 2, 0.07317189362143386
6, 11, -0.5143393506679308
57, 6, -0.02827514066218288
52, 7, -0.309074845958579
7, 11, 0.3839616616657063
27, 10, 0.6380303835178511
38, 9, -0.2685049224191399
46, 8, 0.1010583323304091
8, 11, -0.1216450875151122
65, 4, -0.3448358294608467
9, 11, -0.5373532286655901
71, 1, -0.06594910296565459
28, 10, 0.2371270153085876
10, 11, 0.7609742279738678
62, 5, -0.04217208869840908
72, 0, -0.7564486644013748
58, 6, 0.01782558164829484
53, 7, -0.7337778953272328
39, 9, 0.2667198495977279
68, 3, -0.9098122318986701
11, 11, 0.6484557751580328
70, 2, 0.07638157416087189
47, 8, 0.7575639460895215
29, 10, 0.411647304768781
12, 11, -0.4946635616340191
13, 11, -1.194140546768731
66, 4, -0.1044055120507689
40, 9, -0.7243558815511126
72, 1, 0.4722750858810276
30, 10, -0.2890064762435189
54, 7, 0.09381911133295494
63, 5, -0.5359152342131115
59, 6, -1.068828772868534
14, 11, -0.9418265915095533
48, 8, -0.3117952920051939
73, 0, 0.3297435029970854
69, 3, -0.1687788918171559
71, 2, 0.1014872494028183
15, 11, 0.5680284386079069
41, 9, 0.2785347905647491
31, 10, 0.5605073811822948
16, 11, -0.6446157943874646
67, 4, 0.006567507425051042
49, 8, 0.9710991463706801
55, 7, -0.3727574689221441
60, 6, 0.3268974904924989
17, 11, -0.5542091938375074
64, 5, -0.3401050919214906
73, 1, 0.1093135638680136
32, 10, 0.3996908780608255
42, 9, 0.1572012118087725
74, 0, -0.2601509900674049
70, 3, 0.3070059958728042
18, 11, -0.541278816263261
72, 2, -0.6683816653697777
33, 10, -0.3747997391441223
50, 8, 0.3497255416804722
19, 11, -0.1343757480586866
56, 7, 0.4623515671200668
68, 4, -0.1870343111141221
43, 9, -1.218749687443348
61, 6, -1.313063433695707
65, 5, 0.5828503563328984
20, 11, 0.4397371657821316
74, 1, -0.4210116344902568
34, 10, 0.1280030528674743
71, 3, 0.09890152401686816
75, 0, 0.3966251497477506
21, 11, -0.3278405505809787
51, 8, -0.09249216481457219
73, 2, 1.635755881340211
44, 9, -1.252854041363391
57, 7, 0.2582114463856583
35, 10, -0.3717214212913795
22, 11, 0.08429104572161446
62, 6, -0.1256023270057217
69, 4, 1.175069055691606
66, 5, -0.1121718029881719
75, 1, 0.4246420610643472
23, 11, -1.348582195176308
52, 8, -1.003109627168925
45, 9, -0.1447024303459034
36, 10, -0.34446156267323
72, 3, -0.405206763166075
76, 0, 0.1678265120566727
58, 7, 0.2038695975328155
74, 2, -0.009178053402559241
24, 11, -0.001028163022715795
63, 6, -0.2824076433770961
70, 4, -0.4736261541334698
37, 10, 0.2885887337425884
67, 5, -0.6184691563640162
46, 9, -0.3448965370615432
53, 8, 0.06603580754712218
25, 11, -1.174864783425513
-6, 12, -0.02056610606828076
-5, 12, 0.4442993098347917
-4, 12, 0.5549073237887824
-3, 12, 0.3824766264349059
-2, 12, 0.137703628255269
76, 1, -0.6115059317630486
-1, 12, -1.170546195741689
59, 7, -0.2978890224935191
0, 12, 0.3904191870963109
73, 3, 0.1137585478388221
1, 12, 0.5190673239293944
26, 11, -0.97369730294245
38, 10, -0.3784266209287837
77, 0, 1.436113187041655
2, 12, 0.4206535400449806
75, 2, -0.4735138344008459
3, 12, 0.2170091500365412
47, 9, -0.184130740349135
64, 6, 0.06354808250613687
4, 12, 0.6124395875123896
54, 8, 0.1774429496337623
71, 4, 0.7800733285534508
27, 11, 0.2047326081358216
68, 5, -0.8339650446891284
5, 12, -0.4035138380136861
39, 10, 0.9844125004225721
6, 12, 0.08939897608994901
60, 7, -0.9561197207619768
7, 12, -0.4572136967889616
77, 1, -0.5439656946704453
28, 11, 0.7693083848030541
48, 9, 0.3764985583298018
8, 12, 0.1465611165663266
74, 3, 0.1635226262866973
78, 0, -0.1816417372895547
55, 8, 0.7389994743817678
65, 6, -0.0171285589399365
76, 2, 0.9147387531773636
9, 12, -0.122294905762766
40, 10, 0.1664462169048521
29, 11, 0.9170131548647841
10, 12, 0.1048406118092973
72, 4, -0.6623885071899809
69, 5, -1.008229017480406
61, 7, -0.3998730324823629
11, 12, -0.295786303610606
49, 9, -0.4451919048250143
41, 10, 0.3592160294699154
30, 11, -0.2282178254801199
12, 12, -0.1797583976074381
78, 1, -0.1924685818705752
56, 8, 0.03882164826869826
75, 3, 0.1597382198583886
66, 6, 0.05598491700125728
13, 12, 0.400004795973177
79, 0, -0.7262357291000525
77, 2, 0.2193242526356084
31, 11, 0.5169134507446079
14, 12, 0.6208177965355857
50, 9, 0.3586257541701565
70, 5, -0.4826670249112568
73, 4, 1.202248107298953
42, 10, 0.4702948437759488
62, 7, -0.5727482582280223
15, 12, -0.1356615247907675
57, 8, 0.2558091298378294
32, 11, -0.8117553519237047
16, 12, -0.4943874284596961
79, 1, -0.2297797867055908
67, 6, 0.194300604147985
76, 3, -0.1116597340661565
43, 10, 0.3312319278742801
51, 9, -0.1827658826537129
17, 12, -0.5593279524903444
80, 0, 0.7378723439905366
78, 2, -0.2434914942544258
33, 11, -0.8084972123226111
63, 7, 0.4534052223045884
71, 5, -0.2118388466577483
74, 4, -0.1713446713857096
18, 12, -0.1270248874077852
58, 8, -0.01509765154834633
44, 10, 0.2048298620065818
34, 11, 0.08205108497393024
52, 9, -0.2884872381278404
19, 12, 0.3608788544006467
68, 6, 0.551424514690911
80, 1, 0.1913525238843275
77, 3, -0.3414566984998734
20, 12, -0.3729534994052949
64, 7, -0.2133273468963021
81, 0, 0.7637092492113895
79, 2, 1.119841144148892
72, 5, 0.3957293774709322
35, 11, 0.1559245755488471
45, 10, 0.4264002117596513
59, 8, 0.936175776766732
75, 4, 0.9233173694914608
21, 12, -0.130883376667915
53, 9, -0.5575702290202176
69, 6, 0.1716439049702437
22, 12, -0.4095965750254638
36, 11, -0.4943798919182216
46, 10, 0.06211146401891544
81, 1, 1.04331272728254
78, 3, 0.1363002912614073
65, 7, -0.6631819607265401
60, 8, -0.5004011904938835
23, 12, -0.001537414368731509
73, 5, 0.9187401444834349
54, 9, 0.4369926524746464
82, 0, -0.04502356650066537
80, 2, 0.09897759281373943
76, 4, -0.7786978030574596
37, 11, 0.4954041222519211
24, 12, -0.3777415216779335
47, 10, 0.7272125205391216
70, 6, 0.2474211150753082
38, 11, 0.1589766515224718
66, 7, -0.3731081956702184
25, 12, -0.8507737831312931
61, 8, 1.210043096043482
55, 9, 0.29201990657751
82, 1, 0.06365741855448971
79, 3, 0.03886880912152511
74, 5, -0.9784658689076872
48, 10, 0.1257000613200593
81, 2, 0.9568494470597573
-6, 13, -0.4836607560616397
83, 0, -0.5267642777516497
-5, 13, 0.1671577119468193
26, 12, -0.1477264102567046
77, 4, 0.4055779258123898
-4, 13, 0.0470154248350617
-3, 13, 0.5414767326470141
-2, 13, 0.01998453891303827
39, 11, 0.1248911139832538
-1, 13, -0.5982278608029822
0, 13, -0.2814833870294986
71, 6, -0.1677643277876437
1, 13, -0.1435442784725355
27, 12, -0.13613889729836
2, 13, 0.03277058340772698
56, 9, -0.813117615968884
62, 8, 0.1477766602398148
67, 7, 0.7609800878721098
3, 13, 1.190567584599433
49, 10, 0.7382312020702839
4, 13, 0.27351694900466
40, 11, -0.6500288371941702
80, 3, -0.2744096326498045
83, 1, -0.4998138134981961
5, 13, 0.06930301594178627
28, 12, -1.075875880047308
75, 5, 0.3783285124731052
6, 13, -1.265552356251185
82, 2, -0.04031632239838309
78, 4, 0.05246229171956448
84, 0, -0.8798459112110885
7, 13, -0.07749265337982451
57, 9, 0.1102487529536247
72, 6, 0.1944240520557031
41, 11, -0.6828158110949927
29, 12, -0.5331340760977292
63, 8, -0.4400663762481319
8, 13, 0.04890533534978117
50, 10, 0.2263380401760285
68, 7, -0.235078611318027
9, 13, -0.7157828660933674
10, 13, 0.124945704196859
30, 12, 0.1603684825242956
81, 3, 0.3325256159275303
84, 1, 0.5232822623610338
76, 5, -0.6653087816423189
42, 11, 0.1770331755665268
11, 13, 0.1090772841335797
58, 9, -0.2772005279906545
51, 10, -0.6319543429362471
79, 4, 0.5547673011297714
83, 2, 0.3628974528204843
85, 0, 1.495184161977894
12, 13, 0.2041754022554439
64, 8, -0.2803577706103181
31, 12, 1.243813934091363
73, 6, -0.01563550769096532
69, 7, 0.4220014585053195
13, 13, 0.5125058881046194
43, 11, -0.2464265598588007
14, 13, 0.5365757144005088
32, 12, -0.3203782911648639
52, 10, 0.4363641454236584
59, 9, -0.08495729457057422
82, 3, -0.8944098634884413
77, 5, -0.3448486478499421
15, 13, -0.563411891109086
85, 1, 0.1880326876613432
65, 8, -0.116323311752541
80, 4, -0.0224060156759385
44, 11, 0.6603839926744022
84, 2, -1.022116666896669
33, 12, -0.2381121169645454
16, 13, 0.486456733906605
86, 0, -0.2057942549898204
74, 6, -0.3165263351653884
70, 7, 0.1103631903201363
53, 10, 0.3118664316228889
17, 13, 0.01354845297695811
60, 9, 0.2796951079638779
34, 12, 0.1611228041914624
45, 11, 0.2590385764289332
18, 13, -0.0897772239517802
78, 5, -1.18093410336904
83, 3, -1.27571015071438
66, 8, 0.613167764145552
86, 1, 0.216855650100613
19, 13, -0.3955853935049899
81, 4, 0.1972664744243255
71, 7, -0.3267545568607866
35, 12, -0.3118220035104908
75, 6, 0.01614058828166434
54, 10, 0.07726816019005978
85, 2, 0.3153325286878109
87, 0, 0.5197445318983084
46, 11, 0.6149318486755816
20, 13, -0.9329051827347126
61, 9, -0.02908610908725346
36, 12, -0.05475140229767056
21, 13, -0.7955332846894743
67, 8, 0.3012046543606005
79, 5, -1.286636084416545
55, 10, 0.4071667315459027
84, 3, -0.2793423769071491
47, 11, 0.8246006422613367
87, 1, -0.06751105304917514
72, 7, 0.5838212246209237
22, 13, -1.049498238589667
82, 4, -0.2364838146209925
76, 6, -0.6316010782595508
37, 12, -0.1772160538174846
62, 9, 0.09828013425677491
86, 2, -0.5335533697883051
88, 0, -0.7255490558675407
23, 13, -0.09462802546391803
68, 8, -0.9698494421040456
48, 11, 0.08388849873832009
56, 10, -0.2435403326328072
38, 12, -0.6054755188977951
24, 13, 0.1228651495488935
80, 5, 0.5672424540202131
85, 3, 0.1105958876937536
73, 7, -0.3337313382772375
63, 9, -0.3610657406745136
77, 6, -0.3274830272594089
88, 1, -0.01946950298242321
83, 4, -0.6660077214607275
25, 13, -0.7456290378581333
39, 12, -0.3190072598992371
49, 11, 0.6927991156717721
87, 2, -0.04667025523627617
57, 10, 0.7614737022761213
89, 0, -0.007848138005910518
69, 8, 0.1414037997674283
26, 13, -0.07671229300673471
40, 12, 0.5381821632636382
-7, 14, 0.04528620002963826
-6, 14, -0.4947853932816722
81, 5, 0.4266378440324546
-5, 14, 0.1702217143003611
64, 9, -0.299036394106273
-4, 14, -0.6031717020506477
74, 7, -0.0537993210627969
-3, 14, -0.2476629826140423
27, 13, 0.7606504092539946
50, 11, -0.5949803307537901
-2, 14, -0.0857145089556384
86, 3, 1.261464363842743
-1, 14, -1.13281798015709
78, 6, 0.3260020652818392
0, 14, 0.7180499566341042
58, 10, -0.2362798785854674
84, 4, -0.6957896712866758
89, 1, 0.6293616869603358
1, 14, -0.6143932619238828
2, 14, -0.03500518033351267
41, 12, -0.2307395466147485
28, 13, -0.7430512854573036
88, 2, -0.1315030549356991
70, 8, 0.3587110308770918
3, 14, -0.1119641071743001
90, 0, 0.5566099136358694
4, 14, -0.2405468509147619
51, 11, -0.2497587509427891
65, 9, 0.5779979009322473
5, 14, 0.8114684155113575
29, 13, -0.926624387777004
6, 14, -0.2371813475329409
82, 5, -0.6510988277185189
75, 7, -0.8171444850346833
59, 10, 0.3838003625839518
42, 12, 0.08510316582932309
7, 14, 1.102868277963093
79, 6, -0.6923862602455336
87, 3, 0.4567311934209835
8, 14, -0.05551497097823786
30, 13, 0.2524949340989021
85, 4, 0.7743507158847734
90, 1, 0.3407735540205989
71, 8, 0.2945602955586913
52, 11, -0.2231368534917454
9, 14, -0.1437190121626684
89, 2, 0.6219408349677288
43, 12, 0.9355931613065488
66, 9, -0.3857051253750969
10, 14, -0.4568662734493344
91, 0, 1.840108100442545
31, 13, 0.2612985927174858
60, 10, 0.4345745867162766
11, 14, -0.5516428554611555
76, 7, -0.2605691276909884
83, 5, 0.52822512366272
12, 14, 0.03668677590264557
53, 11, 0.687451921741369
80, 6, -0.09800480764277866
44, 12, -0.1861237685600238
32, 13, -1.028312849689938
88, 3, -0.0265202980420793
72, 8, -0.3143579696774577
13, 14, -0.2849266276025497
86, 4, -0.486106959891743
91, 1, 0.5995849897577181
67, 9, 0.7872034518429208
14, 14, -0.3254537961715768
61, 10, 1.05008038175349
90, 2, -0.5143893134009219
33, 13, 0.2134510888155899
92, 0, -0.6021559692489014
45, 12, 0.1715149411801777
54, 11, 0.3674370169079279
15, 14, -0.07248559060694389
77, 7, 0.8871777272933996
84, 5, 1.076954546756121
16, 14, 0.1333570029571431
81, 6, -0.1776641555007197
34, 13, -0.4223503234995667
73, 8, -0.2116825231616163
89, 3, -0.2472410854256284
68, 9, 0.5225482074195686
17, 14, 0.6799410089103211
62, 10, 0.1856821022503982
46, 12, -0.03035479370862209
87, 4, 1.163830583763267
55, 11, -0.1661947294838255
92, 1, -0.3157613872714878
35, 13, 0.3684520461614544
18, 14, 0.05592854552777874
91, 2, 0.888591313286112
78, 7, -0.7326520233124887
93, 0, 0.6042271811319845
19, 14, 0.07697348306432253
85, 5, 0.1704906491502306
47, 12, 0.4229475966252766
82, 6, -0.3151785878045114
74, 8, 0.1432687958903534
36, 13, -0.06630833748044285
63, 10, -0.07179439823946369
69, 9, -0.0467617582822447
56, 11, 1.176421462621438
20, 14, -0.1466315854016824
90, 3, -0.1002061747214435
88, 4, 0.1470403998533244
21, 14, -0.5726273000661993
37, 13, -0.9417113139914146
93, 1, -0.7959672199206512
48, 12, -0.7447638965164293
79, 7, 0.02296543320957525
92, 2, -0.255056499946917
22, 14, 0.1866338467547328
94, 0, 0.3908803345069151
64, 10, -0.1097183479139875
57, 11, 0.7644978256864656
75, 8, 0.174189747744945
86, 5, -0.5246130454801539
70, 9, 0.6458428664947993
83, 6, -0.7888705961062544
38, 13, -0.1147574273925838
23, 14, 0.9793893984502648
49, 12, 0.5412200360960253
91, 3, -0.8068908607264139
89, 4, 0.6939548784078455
24, 14, -0.2798743911504206
39, 13, -0.7762525979652082
58, 11, -1.091738933274059
80, 7, -0.05754285322535198
94, 1, 0.5432345947199074
65, 10, 1.004766012584732
93, 2, 0.8599719819734777
71, 9, -0.6184894679540462
50, 12, 0.225708716701934
76, 8, -0.4359161902597088
25, 14, 0.3865626980565303
95, 0, -0.4639624419018701
87, 5, -0.01871716620642064
84, 6, -0.07911210687819267
40, 13, -1.30921602629898
26, 14, 0.1257533584679079
59, 11, -0.3886609404917745
92, 3, -0.02289273162553399
90, 4, 0.1767102187334582
66, 10, -0.2530007536678261
51, 12, 0.1135921030043197
81, 7, -1.08434019692248
41, 13, -0.3407302290315268
27, 14, -0.3511834302306296
72, 9, -0.2727577349249868
95, 1, 0.06398691499129459
77, 8, 0.09682258801463069
-7, 15, 0.86040096561955
-6, 15, -0.2636077653877448
-5, 15, -0.204969108813032
-4, 15, -0.0859912225432318
94, 2, 0.0281464063649635
-3, 15, 0.3050914814128605
-2, 15, 0.5106837830251283
88, 5, -0.06451365208085125
85, 6, -0.07876729500639612
-1, 15, -0.4641078396658396
28, 14, -0.1370900623168142
96, 0, -0.1633283554444258
60, 11, -0.4699394738484434
0, 15, -0.5069892339474837
52, 12, -0.5534263587378156
42, 13, 0.4531286136710642
1, 15, -0.7591949250288568
67, 10, 0.8815603109606667
2, 15, 0.2538283631767008
3, 15, -0.215780961832239
29, 14, -0.3928692075613524
93, 3, 0.1572267663425035
91, 4, 0.2150387200857949
4, 15, -0.7342641069801615
82, 7, 0.8421617660731749
73, 9, 0.09872145774842943
5, 15, -0.4511042529613556
78, 8, 0.1563945409184734
43, 13, 0.6667667600949173
53, 12, 0.6260113100940071
6, 15, -0.1294746203900006
61, 11, 1.096982870816558
96, 1, 0.9138455321105595
30, 14, 0.5213005601994741
95, 2, 1.508664034968707
7, 15, -1.104837245177098
86, 6, 0.2120401835675122
89, 5, 0.8615390928420454
68, 10, -1.031207248049474
97, 0, -0.3269944488427001
8, 15, -0.3565722954446278
31, 14, -0.2003476812411131
44, 13, -0.3112977147196602
9, 15, -0.131538008816315
74, 9, 0.1467891082436556
54, 12, 0.05750220926245256
10, 15, -0.5365627371102236
83, 7, 0.3228295626450311
94, 3, 0.5379587160696129
62, 11, 0.1249431804192869
92, 4, 1.182597867960016
79, 8, 1.034587401942145
32, 14, 0.3416573256703092
11, 15, -1.132775546104248
45, 13, -0.3980994176039081
97, 1, 0.8399504519387083
12, 15, -0.09454562495242418
69, 10, -1.015252611127032
87, 6, 0.4009478405060302
96, 2, 0.09700325399487326
90, 5, 0.8692262953814207
33, 14, -0.8101383846867417
55, 12, -0.08828228954797603
13, 15, 0.329106528234392
98, 0, -0.1376298911110793
75, 9, 0.3338656633558621
63, 11, -0.5822785254104148
14, 15, -0.3105432944697268
46, 13, -0.1128289656768743
84, 7, 0.1042016229789795
80, 8, -0.6271458494359567
34, 14, -0.3743407280897391
15, 15, 0.5960435831346175
93, 4, 0.2041874843292721
95, 3, 0.01109758114244919
70, 10, -0.5919363888992843
56, 12, -0.1922949623157694
16, 15, 0.5437674367733529
98, 1, -0.1663705230120417
88, 6, 0.271252755266034
47, 13, 0.2186252807033603
35, 14, -0.2190599354596295
64, 11, 0.02191344215844418
91, 5, -0.3227690944902496
97, 2, 1.448122484412169
17, 15, -1.044657497182517
76, 9, 0.08267439714745772
99, 0, 1.042712991299016
18, 15, -0.245315010258278
85, 7, -0.02225279351421207
81, 8, 0.914306519161047
36, 14, -0.7792359333988067
57, 12, -0.04539660925043655
71, 10, 0.6146093255750441
48, 13, -0.07552548256089153
94, 4, 0.3633829103676972
19, 15, -1.110961575933007
96, 3, -0.1701691751093125
65, 11, -0.0947284251986709
37, 14, 0.7095605547833532
20, 15, 0.4287561671316077
89, 6, 0.4141625517406109
99, 1, 1.12038126665643
77, 9, 0.5119348338231944
92, 5, 0.04219629889181074
98, 2, 0.848700307114079
58, 12, -0.1105683275035762
49, 13, 0.4193206669470262
21, 15, -0.01948415035988616
100, 0, 0.002347975586140795
82, 8, -0.2788398024531812
72, 10, 0.07218439462330298
86, 7, -0.367034667652011
38, 14, -0.3659350280406399
22, 15, 0.4024177851186224
66, 11, 0.7738259409320789
95, 4, 0.3754553024471434
97, 3, -0.2040126263007526
50, 13, 0.239712749606408
59, 12, 0.5005090672601753
23, 15, 0.2466078166661173
39, 14, -0.3557057485959453
78, 9, -0.07528331294448473
90, 6, 0.1153714037610324
93, 5, 0.6846141102206821
100, 1, 0.775288951569902
73, 10, -1.162810953876049
24, 15, -0.3475895221424656
99, 2, 0.1857864742114445
83, 8, 0.9174686166194868
87, 7, 0.7635178434557863
67, 11, -0.492331949852962
51, 13, 0.2352837136648668
40, 14, 0.153037792227731
101, 0, -0.7336380455188241
60, 12, 0.1476778960137422
25, 15, -0.2789261282117717
96, 4, -0.6583770665758844
98, 3, 0.03039992251068773
79, 9, -0.3511172186479759
41, 14, -0.4305969348643274
26, 15, 0.1670474897751926
91, 6, -0.2484187743726571
52, 13, 0.3400166096796897
74, 10, -0.1097147422221491
94, 5, -0.6955350428331475
68, 11, 0.6037859396440023
101, 1, -0.3902843329029407
84, 8, 0.2807373656004115
61, 12, 0.5276660118720556
27, 15, 0.0968310494579544
100, 2, 0.234637070019247
88, 7, 0.5235596808838165
42, 14, 0.6977393627763026
102, 0, -0.06531750714706512
53, 13, -0.09178441371376213
28, 15, -0.2465764717479866
-8, 16, 0.004036342406025227
-7, 16, 0.377829605227503
-6, 16, -0.7133051190103
-5, 16, -0.412377450266829
80, 9, 0.3768658258597246
-4, 16, 0.2765160556290022
97, 4, -0.854641940947513
-3, 16, 0.5834343525805668
99, 3, 0.1081692882355876
-2, 16, -0.2585521092777063
75, 10, 0.8373124433647066
69, 11, 0.570387603755221
-1, 16, 0.4053054954330314
43, 14, -0.3706240880898166
92, 6, -0.03326501034140485
62, 12, -0.004660965810610334
0, 16, 0.2968460980129441
29, 15, 0.3135947865236346
1, 16, 0.9188273207415545
95, 5, 0.3542910003227176
85, 8, -0.07652308674331698
2, 16, 0.2896114421577858
102, 1, 0.6857918115945285
54, 13, 0.2564056895842834
89, 7, 0.438877718035021
3, 16, 0.738127654540778
101, 2, -0.6941359601658713
30, 15, 0.3077066996390444
4, 16, -0.5352021945399273
44, 14, 0.2688399586648795
5, 16, -0.6114521958096751
103, 0, -0.7892615695134491
81, 9, 0.2604335664286759
6, 16, -0.4687005013399866
63, 12, 0.420328245948114
70, 11, -0.2462426566472603
76, 10, -0.4737753604288704
31, 15, 0.1829965196732077
98, 4, -0.2635816855977378
7, 16, 0.01174721955100997
100, 3, -0.755340159784081
55, 13, -0.2880679848680768
93, 6, -0.6969260356908606
8, 16, -0.7580822341483212
45, 14, -0.4629975863880082
86, 8, 0.2923613739065097
9, 16, 0.3344636438407788
96, 5, 0.7096269105683676
32, 15, 0.3153416193328759
90, 7, 0.3757578773459359
103, 1, 0.06891391841842009
10, 16, -0.284523394988045
64, 12, 0.4426192488230324
102, 2, 0.09905942222733632
82, 9, 0.09459661237828658
71, 11, 1.087018607869934
11, 16, -0.64589272158047
56, 13, 0.4038199030810946
46, 14, 0.1374313549536074
77, 10, 1.512733438263223
33, 15, 0.1333107900533218
104, 0, -1.39400357529267
12, 16, -0.5545613709440096
99, 4, -0.09653886426329533
13, 16, -0.2643649698666495
101, 3, 0.4235663121647075
94, 6, -0.2699051051871368
87, 8, 0.07421840708206175
34, 15, -0.06934305033306955
47, 14, -0.4882149072366493
65, 12, 0.3357070951763532
14, 16, -0.6658797499599591
97, 5, -0.2743470248814423
57, 13, -0.338388764671293
91, 7, -0.5165002190807012
72, 11, 0.7120362957195859
83, 9, 0.7021080621969328
15, 16, 0.9567138642088298
104, 1, -0.877925336043891
78, 10, -0.1849164160185275
35, 15, 1.272719975021314
103, 2, 0.9432112389582786
16, 16, 0.4841572551453479
48, 14, -0.1489163712549557
105, 0, 1.042542395376726
58, 13, 0.9081374060399096
66, 12, 0.04221556351431181
100, 4, -0.02773149909171376
17, 16, -0.01255188808980063
36, 15, -0.2378532668947095
95, 6, -0.6508380358725017
88, 8, -0.5796488495882375
102, 3, 0.2103376201646022
73, 11, -0.6246114081120016
18, 16, -0.2146941181014268
92, 7, -0.455537876854804
98, 5, -0.6396388734302521
49, 14, -0.5727352430344904
79, 10, 0.3554584534053355
84, 9, 0.4053952286783908
37, 15, -0.1542337896770042
19, 16, 0.133230893716342
105, 1, -0.1960731941329398
59, 13, 0.7818803904603331
104, 2, -0.7047000803739929
67, 12, -0.01685083457391098
20, 16, -0.08342722353265862
106, 0, -0.5760303928825327
50, 14, -0.02668829798468796
38, 15, -0.8550045673724794
74, 11, -0.3759305049745357
89, 8, 0.2806087180900478
101, 4, 0.9790812526023179
96, 6, 0.06893235851865638
21, 16, -0.1793841826875225
103, 3, -0.7479166989057111
80, 10, 0.194365923544111
93, 7, 0.221170611378486
60, 13, -0.2550205853017709
85, 9, -0.3845170123224663
99, 5, 0.1645976692652828
39, 15, -0.293014194727194
22, 16, -0.2047939949995196
68, 12, 0.7097197352300104
51, 14, 1.249054849614608
106, 1, -0.3188421274342064
23, 16, 0.02163888107048628
105, 2, 0.239114698025958
75, 11, 1.022963613904134
40, 15, 0.8602568619521679
61, 13, 0.09518604659647766
90, 8, 0.06458294791093147
107, 0, 0.9321567594695136
24, 16, 0.5686909740736984
97, 6, -0.9099109449754612
102, 4, -0.1958860950905398
52, 14, 0.3792870208836175
81, 10, -0.7490816590513034
86, 9, -0.8679291809252305
69, 12, -0.4088449840805042
104, 3, -0.6685961435334661
94, 7, -0.7876648884569658
41, 15, 0.5355730488945907
25, 16, 0.02854474596448658
100, 5, 0.0340455961705688
76, 11, 1.674736849874253
62, 13, 0.3960525871524045
53, 14, -0.3233168675445822
26, 16, 0.3422636460853618
107, 1, -0.2527734120339282
106, 2, -0.4968194478679098
42, 15, 0.2815963863230139
91, 8, -0.2183232231524679
82, 10, 0.8381006567428299
70, 12, 0.2680746338084343
27, 16, -0.3004526742156811
108, 0, -1.081776751643288
98, 6, -0.4246115045998442
87, 9, 0.7618145317105516
103, 4, 0.6614121087306726
95, 7, 0.6983338150913715
54, 14, -0.2750651244737964
105, 3, -0.1420908996496864
63, 13, -0.8777076264322782
43, 15, 0.5525953036008882
28, 16, 0.08575967420901207
101, 5, -1.587229634872845
77, 11, 0.02865434116743485
-8, 17, 0.4915369176073598
-7, 17, -0.2043127995621427
-6, 17, 0.09013893796070223
-5, 17, -0.2165996710484805
-4, 17, 0.2481983843688833
71, 12, 0.9375204877072869
29, 16, 0.3343867561838991
-3, 17, 0.2934011392736902
108, 1, -1.104208338327745
-2, 17, 0.08920879223777264
83, 10, 0.1591637628851512
44, 15, -0.2493985396042363
92, 8, -0.3479245086632467
107, 2, 0.3525948792380664
55, 14, -0.1641738420691203
-1, 17, -0.2850021773603122
0, 17, -0.3200723440491601
88, 9, 0.001149263408491052
64, 13, -0.03574139184263381
1, 17, -0.7949402302208309
99, 6, -0.1247221605858115
30, 16, -0.4330898989520915
109, 0, -0.6756251828002621
2, 17, -0.4607975020266448
104, 4, -0.1754486222850816
96, 7, -0.2885032753702266
78, 11, 0.5916581871771633
3, 17, 1.100721033075698
106, 3, -0.3878255995886722
45, 15, 0.005585143389618838
4, 17, 0.4649655738325787
102, 5, -0.2744397350074338
72, 12, 0.1796844646939011
31, 16, -0.993915985979176
56, 14, -0.5160906273352781
5, 17, -0.01545502059312807
6, 17, -0.2133531213448015
84, 10, -0.05417914397906431
65, 13, 0.530122235787343
7, 17, 0.3466619959016313
93, 8, -0.2300310905246127
109, 1, -0.08732898844064456
46, 15, -0.8242288030376209
32, 16, 0.2706988559192833
89, 9, -1.769769583391261
108, 2, -0.08781298925322886
8, 17, -0.9421709408531321
79, 11, 0.5990261719980582
100, 6, -0.3256359273571715
9, 17, 0.4560253001905574
57, 14, -0.1546214423666027
97, 7, 0.9662270614471908
110, 0, 0.5289208820619846
105, 4, -0.8701805136548879
73, 12, -0.008570724240166772
33, 16, 0.2935060534117964
10, 17, 0.218972558900823
107, 3, -0.2234235771427853
47, 15, -0.2090342069763747
66, 13, -0.05350222743514913
103, 5, -0.9115143303747452
11, 17, 0.1855521255223489
85, 10, 1.105973330850623
34, 16, 0.288892265550233
12, 17, -0.3730899362138516
94, 8, 0.1906549093957128
58, 14, -0.4130343336549561
90, 9, 0.1269526400561355
13, 17, 0.1560279594045833
80, 11, -0.2712967996114584
48, 15, -0.101499653566756
110, 1, 0.2251151746025049
109, 2, -0.078389468689523
74, 12, 0.02569082537382737
35, 16, -0.2851006949644623
14, 17, 0.7691639401583017
101, 6, -0.4958138450235023
67, 13, 0.5178290737094734
98, 7, 0.8107905928760736
106, 4, -0.03178893834221505
111, 0, 1.173563458192395
15, 17, 0.8086936989879776
59, 14, -1.016570916092836
86, 10, 0.6921215325788922
108, 3, -0.1222266754800896
104, 5, -0.2839678054872367
49, 15, -1.454997825870456
36, 16, 0.6917541251238718
16, 17, -0.5788441687183347
95, 8, 0.9598915036369764
81, 11, 1.185946941098163
91, 9, -0.8046193031793623
17, 17, -0.05218662404058963
75, 12, -0.07849701872082777
68, 13, -1.209630499847541
37, 16, -0.07456511928479638
111, 1, 0.02289045142585588
50, 15, -0.2681591041061895
60, 14, -0.3543015384660209
18, 17, -0.7664962797937125
110, 2, 0.09822594769043905
102, 6, 0.08165177961989914
99, 7, -0.5795240129931613
107, 4, 0.3713673150089894
19, 17, 0.2821222423359132
87, 10, -0.2973759484031653
112, 0, 0.5191414043395828
38, 16, -0.5841323847038999
105, 5, 0.3992226577801583
109, 3, -0.4969290706620223
82, 11, 0.07133800759071335
69, 13, 0.1601752272688224
20, 17, -0.3977958175729454
51, 15, -0.1156525574562398
76, 12, 0.6653492686685311
96, 8, -0.6698413734665253
61, 14, 0.3821696007791066
92, 9, 0.3304573017835447
39, 16, 0.1797065935769126
21, 17, -0.4646709808471625
112, 1, 0.82676193770496
103, 6, -0.2772184662765798
22, 17, -0.1828689147320515
111, 2, -0.4533751047779039
100, 7, -0.8875061442087141
52, 15, -0.3153895600053426
88, 10, -0.02905968332554153
40, 16, 0.7528269974872364
70, 13, 0.455713764179989
62, 14, 0.6304056494849701
108, 4, -0.9052676663881561
77, 12, 0.4529770464305853
83, 11, 0.6525543465919907
23, 17, 0.7475558484047958
113, 0, -1.511880077762946
106, 5, 0.9425482439757581
110, 3, -0.138709950622671
93, 9, -0.1883352575978459
97, 8, -0.4065734870454401
53, 15, -0.3214531249772236
24, 17, 0.3420109038563598
41, 16, 0.143598983469141
63, 14, -0.2058143726056418
71, 13, 0.7344025790814155
25, 17, -0.2370490016014671
89, 10, 0.9796521565240901
104, 6, 0.002812454065074308
101, 7, -0.9768361763062582
113, 1, 0.2788585154865071
78, 12, -0.3171118384780888
112, 2, 0.05656710501193412
42, 16, -0.2982948197860935
84, 11, -0.8585872811640226
54, 15, -0.5807062873233174
26, 17, 0.5098924045288089
109, 4, 0.6912845619803185
114, 0, 0.6007394394151563
94, 9, -1.569571559425545
107, 5, 0.09255791187132416
98, 8, 0.3063998845685936
111, 3, -0.4474227370207626
64, 14, -0.05768446629137677
43, 16, -0.6432072015835468
27, 17, -0.1896852911532744
72, 13, 0.2349873981856114
55, 15, 0.04021962063945693
79, 12, -0.7183895231074944
90, 10, -0.01060636917377873
28, 17, 0.6420728885022451
85, 11, -1.165359727966915
102, 7, -0.6162749798786752
105, 6, -0.3494176047329843
44, 16, 0.5356135440025854
114, 1, 0.06261508379612571
113, 2, 0.4913406790941757
65, 14, 0.6475386503165562
29, 17, -1.027425725369678
110, 4, -0.4758841649703746
95, 9, -0.8383257294694968
56, 15, 0.6920593504860514
-9, 18, -0.1892865270486196
-8, 18, -0.2462010157229162
73, 13, -0.4502258114009705
-7, 18, -0.6875286319795008
-6, 18, -0.1876065780207295
99, 8, -0.2526029057190164
-5, 18, -0.3520030688256297
115, 0, 0.5914634418957022
-4, 18, -0.6307285596220702
108, 5, -0.395524540718573
-3, 18, 0.3129971773122832
45, 16, -0.4444054023972271
112, 3, -0.1478854048380704
-2, 18, 0.1012956348824522
30, 17, 0.7356239384886608
80, 12, 0.2702303242324741
-1, 18, 0.03476006497276639
0, 18, 0.1068005481512537
91, 10, -0.7323421266356627
86, 11, -0.4335250122288275
1, 18, -0.892854361240225
66, 14, -0.03765324255749308
2, 18, 1.11393756140149
57, 15, -0.3311142779916949
31, 17, -0.4241809382538096
103, 7, 0.1862192576764878
3, 18, 0.08142573951458522
106, 6, 0.0255351759358717
46, 16, -1.174045414216517
74, 13, 1.479946159850694
4, 18, 0.6809543062465736
115, 1, -0.2206415486737855
114, 2, -0.3524787627320305
5, 18, -0.1632097739833987
96, 9, -0.05745783965589153
32, 17, 0.4547755236808668
111, 4, 1.05962096663927
100, 8, 0.05793156157159556
6, 18, -0.07520203207479703
81, 12, -0.03850125140077553
109, 5, -1.042645278639897
116, 0, -0.006805990186961461
47, 16, -0.3976247369159474
58, 15, -0.5407913509739554
7, 18, -0.1468581840043796
67, 14, 0.2993974994108722
113, 3, -0.2446749377876702
92, 10, 0.1630170666085127
87, 11, 0.9191658471489681
8, 18, 0.09346230159690372
33, 17, -0.118745205268428
9, 18, 0.3280348732950415
75, 13, 1.434981380919676
104, 7, -0.8742328927453648
10, 18, 0.03335031956272248
107, 6, -0.3822331677052569
48, 16, -0.6418852993941982
34, 17, 0.1444491310653568
59, 15, 0.1169559029729745
11, 18, -0.05387327770751883
97, 9, -0.2983412620614139
82, 12, 0.3656565919307769
68, 14, 0.4843692124617919
116, 1, 0.958150771390915
115, 2, 1.195504953823178
101, 8, -0.1331300668245328
12, 18, -0.005376105869348284
112, 4, -0.3930298740534598
35, 17, -0.2460708444833143
88, 11, 0.2149349456461715
110, 5, -1.240574425609528
93, 10, -0.9828321863579996
49, 16, 0.1379547557285966
13, 18, -0.02988265298679008
117, 0, 0.9689976161115188
76, 13, 0.2842593560316123
114, 3, 0.6259150512425807
60, 15, 0.329425798722172
14, 18, 0.2089821514909624
36, 17, 0.8260564258275729
69, 14, 1.97317988506769
105, 7, -1.227418118070106
15, 18, 0.04942494130897315
108, 6, 0.8158885132095992
83, 12, -0.5879343361643178
50, 16, 0.3532749452258305
98, 9, 0.04537554168547236
16, 18, -0.480140463402769
102, 8, 0.3724593287934567
37, 17, 0.8898262353929475
117, 1, -0.3842907916632444
116, 2, 0.5412164876682672
77, 13, 0.2773368505657868
89, 11, 0.4562767543691519
61, 15, -0.2160824404144123
94, 10, -0.3520561570215681
113, 4, 1.749302182474602
17, 18, -0.2592936003935942
111, 5, 0.9851957432300018
51, 16, 0.5624059125665706
70, 14, -0.4586542547737351
118, 0, -0.141250551097094
18, 18, 0.3660312385297247
38, 17, 0.04391406028599575
115, 3, -1.09218989857642
84, 12, -0.406627918213616
106, 7, -0.6349948237436924
19, 18, 0.4499299642577727
62, 15, -0.1716633007683838
109, 6, 0.02046436975145491
99, 9, 1.22744634568465
78, 13, 1.553463150466635
52, 16, 1.342430024528386
39, 17, -0.08158276695399751
20, 18, -0.1014553209183815
90, 11, 0.2014685228369034
103, 8, -0.9964191841310834
71, 14, 0.7846291783337447
95, 10, 0.10202833081295
118, 1, -1.031770682461578
117, 2, 0.8734463001711544
21, 18, -0.06231313556003359
114, 4, 0.393538643568877
112, 5, -1.249084285571052
40, 17, -0.9416151021122704
63, 15, 0.02191685354421286
85, 12, -0.7186917465806341
53, 16, -1.172974173579188
119, 0, -0.9123726683636966
22, 18, -0.1181754598901134
116, 3, -0.6156667819151671
79, 13, -0.05991959703131564
107, 7, 0.3241601051228578
100, 9, -1.086931084699332
41, 17, 0.7742456275989152
23, 18, 0.350016407370089
72, 14, -0.08192111797917134
110, 6, 0.06112812851146082
91, 11, 0.09841003453950405
104, 8, 0.1695296845222181
96, 10, -0.1658289571231381
54, 16, -0.1614841919144349
64, 15, 0.5195287952614056
24, 18, -0.3066494472630121
119, 1, -0.4298743283015709
118, 2, 0.5568111281908386
42, 17, 0.104211443614048
86, 12, -0.8400805352635512
115, 4, -0.08661817673030356
25, 18, 1.376623161295744
113, 5, -0.5806322347116635
80, 13, 0.08072785695963172
73, 14, -0.2593750385796966
120, 0, 0.5452155594755763
55, 16, -0.3075795797796441
117, 3, 0.1971481102710603
65, 15, 0.9949334753415391
26, 18, -0.4706902051716654
108, 7, 0.09596208713116695
43, 17, -0.05392165788270518
101, 9, 0.4434255940214969
92, 11, 0.03791687635178423
111, 6, -0.03907424467946275
97, 10, 0.1660944200092391
105, 8, 1.146566431122647
27, 18, -1.011096808375761
87, 12, 0.7983234577449568
56, 16, -0.1358178444093138
44, 17, -0.2109519137158729
81, 13, 0.2745798878653377
74, 14, -0.2402991778237606
120, 1, -1.675128082563191
119, 2, 0.576805253060474
66, 15, -0.0265557934970407
28, 18, 0.5643158204595113
116, 4, -0.7614613270895095
114, 5, 1.200971949891732
93, 11, -0.8197408663206293
45, 17, 0.9505913811863056
121, 0, -0.3220069444857491
102, 9, -0.1377036915275689
29, 18, 0.0865498830214045
118, 3, 0.0136210898395966
109, 7, -0.416710332833906
57, 16, -0.0682328206029075
98, 10, 0.4077218536896272
112, 6, 0.613590889230421
88, 12, -0.5367490159862942
106, 8, 0.02247671201218256
-9, 19, 0.412586259020813
75, 14, -0.3484264199594093
-8, 19, 0.6955333464291346
-7, 19, -0.4356793400075404
82, 13, -0.136670920433186
67, 15, -0.4524328796737505
-6, 19, -0.2801965817237266
30, 18, -0.4569160087596922
-5, 19, 0.8085034674831437
-4, 19, 0.6185772662976853
46, 17, -0.1341205886135221
-3, 19, 1.350808526792769
-2, 19, 0.825721018768908
-1, 19, 0.03837152970782997
58, 16, 0.1976616793460144
0, 19, -0.9638966510704152
31, 18, 0.6957825723412006
121, 1, -0.4110809673525138
120, 2, 0.3401253969118584
117, 4, 0.04221465125845759
1, 19, -0.5545831210184641
115, 5, -0.3191153775081811
94, 11, -0.7774448874779001
2, 19, -0.03771595289939153
47, 17, -0.6367794881329596
103, 9, -0.5362799110630287
3, 19, 1.044102615812897
68, 15, -0.8139768394112477
76, 14, 0.4508837697173254
110, 7, 0.6197864180970377
32, 18, -0.2021301946797567
122, 0, -0.01509203136955769
119, 3, -0.001868121011407328
99, 10, -0.07942939634823984
89, 12, 0.5860531170059449
4, 19, 0.8094881071511763
83, 13, -0.4334699590979974
5, 19, 0.4433350268855133
59, 16, -1.365406226948877
113, 6, -0.1663210317900481
107, 8, -0.5782122746166807
6, 19, 0.1601298806405245
33, 18, -0.3100217904703205
48, 17, 1.007562170633548
7, 19, 0.8066884077966731
8, 19, 0.9651933335528572
69, 15, -0.3073138259245147
95, 11, 0.245919923768156
77, 14, -1.404964835080302
122, 1, 0.2776145529170512
121, 2, -0.1116395156577134
34, 18, -0.2442844893614499
118, 4, 0.1755087535109743
9, 19, -0.5852499783441508
60, 16, 1.056265943179791
116, 5, -0.9269555640228815
104, 9, -0.7129080475001628
84, 13, -1.258337574669271
49, 17, 1.598915273007258
90, 12, -0.1453170687682044
10, 19, -0.9128658181507151
100, 10, -0.7122963392569231
111, 7, -0.5416112471348719
123, 0, 0.7072716895643536
120, 3, -0.4376653804781478
11, 19, 0.4374320676506955
35, 18, -0.3777875624551263
108, 8, -0.1484223111617197
114, 6, 0.6311190722277805
12, 19, -0.3835539817024974
70, 15, -1.086843922833383
61, 16, -0.7970603486133663
50, 17, 0.8416160191519488
78, 14, 1.136265008010137
13, 19, -0.7231034779441902
36, 18, 0.1535892555907628
96, 11, -0.5029059364693579
85, 13, 0.1394868279317822
14, 19, 1.175973541417427
91, 12, -0.268198695764281
105, 9, -0.3766872642368067
122, 2, -0.6169461268799609
123, 1, 0.9102986217667125
119, 4, 0.5323819631750505
117, 5, -0.180517574875514
15, 19, 0.4133680963453426
101, 10, 0.1514677765236982
51, 17, 0.5259251056436675
37, 18, -0.9120265790927892
71, 15, 0.7952159000987126
62, 16, 0.2124402688938647
112, 7, -0.03699629808774593
16, 19, 1.231868651531008
121, 3, -1.112453526032677
124, 0, -1.148975879106061
109, 8, -0.6589884623933255
79, 14, -0.7239917274984636
115, 6, -0.4729738068946321
38, 18, -1.048817766574498
17, 19, -0.8433532539658701
97, 11, 0.1816955197931539
52, 17, 0.230151799877627
86, 13, 0.1274667810000246
18, 19, 0.001326608281931618
92, 12, -1.098544201854568
63, 16, -0.7067163081304962
72, 15, -0.01143909727007698
39, 18, -0.1660211693734665
106, 9, -0.6941681088760717
19, 19, 1.502720697248622
102, 10, -0.3511142897810116
120, 4, -0.4032736825690785
123, 2, -0.5373855103034393
118, 5, -0.2879401870860841
124, 1, 0.2655269440176547
80, 14, 0.1333908281273683
53, 17, 0.4371752781083246
113, 7, 1.406904550510464
20, 19, 0.1848193830485275
40, 18, -0.9061459227610614
110, 8, -0.4848593526759599
64, 16, -0.5340318946340276
122, 3, -0.8966119028294561
125, 0, 0.3641351468689564
116, 6, 0.03220397611099479
87, 13, 0.05962464572007799
21, 19, 0.3054809040218601
98, 11, -1.093240241051618
73, 15, 0.6497925249339402
93, 12, -0.2175299777365566
54, 17, -0.2137671556428183
41, 18, 0.3039898006075215
22, 19, -0.1121025044211221
81, 14, -1.00973503290825
107, 9, 0.7506794607030077
103, 10, 0.6478484275104934
65, 16, -0.6923158031936435
23, 19, -0.2978452937431909
121, 4, 1.289189413180006
119, 5, -0.5495814018890778
124, 2, 0.6512971187304969
125, 1, 0.6713510672077351
114, 7, -0.681958212841951
42, 18, -0.3038605423606503
55, 17, 0.5001523921341553
74, 15, -1.427435696563941
88, 13, -0.1191881578631592
24, 19, 0.7982323228588259
111, 8, -0.7436337409360132
99, 11, 1.227677412383605
123, 3, 0.4117106515885425
117, 6, -0.07135691919458585
94, 12, -0.3656243723013748
126, 0, -0.7133285547563026
25, 19, 0.7796980458453099
43, 18, -0.122747916333692
66, 16, -0.07315862254532585
82, 14, -0.3951462393678772
56, 17, -0.7680709462039128
104, 10, 0.09490312509006332
108, 9, -0.2136440132379393
26, 19, 0.6092046264461658
75, 15, -0.7721301599162479
89, 13, -0.3684439857216126
44, 18, 0.8548592221445581
120, 5, -0.1706545334606557
122, 4, -1.605591538991183
125, 2, 0.7762050885832376
115, 7, 0.3341720846668395
27, 19, -0.279215422283056
126, 1, 0.4444559847138704
67, 16, -1.01737125569251
100, 11, -0.2641925308601418
112, 8, -0.08720415115087703
57, 17, 0.8439128586136931
95, 12, 1.423693600809375
83, 14, 0.3290251123168018
118, 6, 0.1479852773805302
28, 19, 0.4411826010327957
124, 3, 1.005798320826505
45, 18, 1.255345173627816
127, 0, -1.346687275899858
76, 15, -0.3803951221164265
105, 10, 0.02071182159616034
109, 9, -0.4998516162956019
29, 19, 0.6584955393419007
90, 13, -0.9517849461524007
58, 17, 0.5714837055092706
68, 16, 0.8566441820363911
46, 18, -0.2632817734124984
84, 14, 0.3391354296920336
30, 19, -0.4286873281519377
121, 5, 0.676525838107402
96, 12, 0.4631030878235391
101, 11, 0.2752912397787354
123, 4, 1.227024599829614
116, 7, 0.8399570876017238
126, 2, -0.6019866229717066
127, 1, 0.2766095679964248
113, 8, 0.8151097592921415
-10, 20, -0.177222252143851
-9, 20, -1.677289761011047
-8, 20, 0.9888223084541919
-7, 20, 0.1254078687219948
77, 15, -0.6635965525603248
-6, 20, -0.6250828991445321
-5, 20, -1.406250614663138
59, 17, 1.625288163489858
-4, 20, 1.027813929843143
47, 18, -0.7421992993603505
-3, 20, 0.3857760948539606
31, 19, 0.3357238934977685
119, 6, 0.2600937170971041
69, 16, -1.204267204021085
-2, 20, 0.1549668793835347
125, 3, -1.153054075800737
-1, 20, -0.5173716838541761
128, 0, 1.482651419221294
91, 13, -0.1332909444745691
106, 10, -0.3864646577055882
0, 20, 0.7978990997390735
110, 9, 0.9058315645194314
1, 20, -1.188276145417673
32, 19, 0.5475075776646807
2, 20, 0.8881808846772
85, 14, -0.7387659362051689
48, 18, 0.03212620209324485
60, 17, -0.2389749567530593
3, 20, 0.7057877070033579
97, 12, -0.05184948147666711
78, 15, 0.395467364826929
102, 11, 0.8931148572153337
4, 20, -0.1482303142315218
70, 16, 0.3106526320337536
33, 19, -0.5342615893171704
117, 7, -0.4614000850680962
122, 5, 0.4986695656708238
5, 20, -0.1801224332207156
124, 4, -0.8238640843807167
114, 8, -0.2072734619932088
127, 2, 0.6351970079687026
128, 1, -0.2439209466140088
6, 20, -0.6199893668554204
49, 18, -0.08083960591188401
7, 20, 0.08417322148671495
92, 13, -0.2926288069794014
120, 6, -0.2116413041334775
34, 19, 0.5995790949991466
61, 17, -0.4067388105662448
107, 10, -0.678871274565791
126, 3, -0.2203380610681582
8, 20, 0.6018829997175811
86, 14, 0.4200990693123539
129, 0, 0.8500221924147228
111, 9, -0.5735676848635745
79, 15, 0.2296753332061778
9, 20, 0.4098364708469712
71, 16, 0.1104265869494397
98, 12, -0.7188845575786126
50, 18, 0.4649222402165812
35, 19, 0.305648332609047
10, 20, 0.02205151895080131
103, 11, 0.6150699876885292
11, 20, -0.1868497249039507
62, 17, 1.106387208537418
118, 7, -1.49554654352167
123, 5, -0.6488236323188851
115, 8, -0.4672210086408589
36, 19, -1.338287666195449
125, 4, 0.6868059544485207
12, 20, 0.3114832214392341
93, 13, 1.652023754610179
51, 18, -0.3648588910121271
128, 2, 0.6733011161477553
129, 1, 1.014032047611379
87, 14, 1.366832396536741
80, 15, -0.1094089188897081
13, 20, -1.39087384724778
72, 16, -0.4678763427699127
121, 6, 0.5662358513023944
108, 10, -0.1071732969635225
37, 19, 0.04344073587317526
112, 9, 0.2512114205056218
14, 20, 1.125191605340071
127, 3, -0.2990782675185499
63, 17, -0.2079484529671452
99, 12, 0.1313306193132875
130, 0, 1.140032213830917
104, 11, -0.0005174439571480145
52, 18, 0.6392056950093655
15, 20, 0.5296619541429078
38, 19, 0.4471292562637889
16, 20, 0.4602909940117052
94, 13, -0.8847097858371664
73, 16, -1.491398020466831
81, 15, 0.07393832076417749
119, 7, -1.285216170751917
116, 8, -0.8099578819750194
88, 14, 0.1112698457683468
124, 5, -0.5657689857706348
17, 20, -0.733158444560738
64, 17, -0.6379222329762746
126, 4, -0.3676080035123031
53, 18, -1.412909088560196
39, 19, 0.6061278711525558
129, 2, -0.5942286821989067
130, 1, -0.9544414455130029
109, 10, -0.5019609435790141
18, 20, 0.6697866054610483
122, 6, 0.1816919687950533
100, 12, 0.1082910535630911
113, 9, -1.02307516408969
128, 3, 1.644569024659492
19, 20, -0.232334087295961
105, 11, -0.1078980852620259
74, 16, 1.324107071502326
131, 0, -0.3448598936264929
40, 19, -1.342601752922143
54, 18, 1.072907797727169
82, 15, -0.3142812055645656
65, 17, -0.8540361336565339
95, 13, 0.7775773974728089
20, 20, -0.4443249084113184
89, 14, 1.183240343992447
120, 7, 0.1443100837042641
117, 8, -1.066899226877575
41, 19, 0.6917298393337896
21, 20, 0.1355565770524084
125, 5, 1.847439405145551
127, 4, -0.01504902417785452
55, 18, 0.3244346550445273
110, 10, 0.4266077322088908
101, 12, 0.4737489681109899
75, 16, -1.762414141478412
22, 20, 1.074884796423157
130, 2, 0.5366393386819951
66, 17, -1.061841902595452
131, 1, -0.9329245640637976
123, 6, -0.2776887267865628
114, 9, -0.1101894557904543
83, 15, 0.7159587826987328
42, 19, -0.05292718522460056
106, 11, 0.6378356143048397
23, 20, -1.000567938052934
96, 13, -1.224324019371088
90, 14, -1.467075639922019
129, 3, -0.381661576030671
132, 0, 0.757888182172222
56, 18, 0.04800596431376464
24, 20, 0.8200246177005344
43, 19, 0.07589101627527427
67, 17, 0.2507028858808568
76, 16, -0.4636200161817705
118, 8, 0.5829940875306127
121, 7, 0.9104242564126532
25, 20, -1.437039614847299
126, 5, 0.2507795559329871
111, 10, -0.6350063654287365
102, 12, 0.1803608569229591
84, 15, -0.3229039455205052
128, 4, 0.04366542179082811
57, 18, -0.9791639550420266
44, 19, 1.285136652619718
115, 9, 0.605438886610409
131, 2, 0.6979106816099495
107, 11, 0.09162241049591927
91, 14, -0.8855218560857225
26, 20, -0.7637002373086295
124, 6, -0.5480760752520127
132, 1, -0.9060649253737165
97, 13, 1.309261060131831
68, 17, -1.438539523642805
77, 16, -0.2965261147459766
130, 3, -0.6897353293286625
27, 20, 0.2062656734332974
45, 19, 0.4456026171083441
133, 0, 0.7745423993679041
58, 18, -0.3258029138869754
85, 15, -1.187377168961851
119, 8, -1.624801628134988
28, 20, 1.509581200949442
122, 7, -0.534736576603799
103, 12, -0.7709705981452489
112, 10, 0.3979173768822886
69, 17, -0.5709328335385999
92, 14, 1.404675434001138
127, 5, -1.278278643173308
46, 19, 1.580539661038796
98, 13, -0.5488671026884978
129, 4, 0.239405883513555
108, 11, -0.3378732510425893
29, 20, 0.05937534623725374
116, 9, -1.113586984543449
59, 18, 1.246814026689518
78, 16, -1.320675855293679
125, 6, 0.5654963240708781
132, 2, -0.8078495033033112
133, 1, 0.2741353782164366
30, 20, -0.712943115475976
47, 19, 1.12035772733437
86, 15, 1.752062494947195
131, 3, -0.3337437670850446
70, 17, 0.06968362435577813
134, 0, -1.131200055015131
60, 18, -0.2626112174051216
104, 12, 0.1403503390982464
-10, 21, 0.8676938043809542
-9, 21, -0.8018830192672738
-8, 21, 0.8796743178428205
31, 20, -0.8372926726003355
-7, 21, 1.361882522537826
120, 8, -0.1491238827246206
93, 14, 0.7701813578968904
-6, 21, 0.6789030854407112
123, 7, 1.247905591088758
113, 10, -0.7450254614044887
79, 16, 0.9044782710372865
-5, 21, 0.04210460631439104
-4, 21, -0.6686312929254963
48, 19, -0.8255130736578546
99, 13, 0.04559461990168635
-3, 21, -1.204288129695102
109, 11, 0.2655398930080148
-2, 21, -1.386477809637339
128, 5, 0.07807342855678694
-1, 21, 0.9956773635421049
117, 9, 0.01817662174939214
32, 20, 0.09398563198488517
130, 4, 0.7282903576377244
0, 21, 0.1742136939692643
71, 17, 0.05167918418122268
87, 15, -0.7796856763558283
61, 18, -0.1929559542233983
1, 21, 0.5332959334007127
126, 6, -0.05817706285683488
133, 2, 1.054485881449239
2, 21, -0.2319535277338821
134, 1, -0.6811004537527137
49, 19, -0.556022031007037
33, 20, 0.6317145570823379
3, 21, -0.1988268382486109
80, 16, -1.598002652527396
4, 21, 1.39964738929851
94, 14, 0.2101625832140363
132, 3, 0.2856887996743245
105, 12, -0.8269921071717921
5, 21, -0.7508818111523181
135, 0, 0.9728847851961775
100, 13, -0.9983081395542417
121, 8, -0.3820057792625129
34, 20, -0.04175340455641803
114, 10, 1.046026177847091
6, 21, -0.01820345365180487
62, 18, 0.1403967638053953
50, 19, 0.2186498105447196
124, 7, 0.1256678817478499
72, 17, -0.3725334993862847
110, 11, 0.4773681676580533
7, 21, 1.057113930754591
88, 15, 1.068295813022924
118, 9, 0.07703005432423586
129, 5, -0.02125144707364691
8, 21, 0.1935332102788944
35, 20, 0.2832955564033559
131, 4, 0.4434449708471238
9, 21, 0.2524958610154228
81, 16, -0.4780972897173457
127, 6, 0.1586807031144695
51, 19, -0.05399729863177184
63, 18, 0.8421423377108467
134, 2, -0.9584238069178919
95, 14, -0.2721738887411118
10, 21, 0.06415867537587715
135, 1, -0.8429099008134805
106, 12, -0.0386391193568659
36, 20, 1.101195476555482
73, 17, -1.598720925662836
11, 21, -0.1834668199345184
101, 13, -0.7356875767200421
133, 3, 0.2975283364116343
115, 10, -0.1284091099951788
12, 21, 0.8743682707011559
89, 15, 1.075195866106514
122, 8, 0.3299037688057374
52, 19, 0.3022632946740907
136, 0, 2.635096111811187
111, 11, -0.2887017022360661
37, 20, -0.1596134686370664
125, 7, -0.6514427389937227
13, 21, -1.516261935590311
82, 16, -0.363103379756639
64, 18, -1.637068963369528
119, 9, 0.4785023083581645
14, 21, 0.94419594249661
130, 5, -0.227745993588484
74, 17, -1.040676202701411
96, 14, 0.7138056054352534
38, 20, 0.8694795619736937
132, 4, -1.1691549227002
53, 19, 1.116443093969533
15, 21, 0.3895404988237017
128, 6, 0.4677511394488272
107, 12, -0.2344037855046797
135, 2, -0.1822403799001839
102, 13, -0.3124754947695058
136, 1, 0.9785325967888054
16, 21, 0.9951357784817181
90, 15, 0.1559433165643596
65, 18, -0.2326565161767766
39, 20, 1.709561287566382
83, 16, -0.9752614575104473
116, 10, -2.697248636463853
134, 3, -0.9321984918872894
17, 21, 0.1171271619152708
123, 8, -1.180265053012976
112, 11, -0.5072120223083488
54, 19, -0.04502832019322348
75, 17, -1.36865395026477
126, 7, -0.5208409591028422
137, 0, -0.8925563568238247
18, 21, -0.8199921624611916
40, 20, -0.8294613735775913
120, 9, 0.2898334412906392
97, 14, 0.5614650939529061
66, 18, 0.1757841926415981
131, 5, 0.9762277285465064
19, 21, 0.2822830889516642
108, 12, -0.8786588844927822
55, 19, -0.7184083426856533
91, 15, -0.1160225367990606
133, 4, 0.1120551565918473
103, 13, -0.11911958125166
129, 6, -0.4676998541741661
84, 16, 0.08184097472859496
41, 20, -0.5185920954997798
20, 21, 1.267040736098721
76, 17, 1.522563035074365
136, 2, 0.5965819027477662
137, 1, 0.7325140293247904
117, 10, 0.1101075294125133
21, 21, 1.121152920799673
113, 11, 0.3924879071353569
67, 18, -0.8548843168979995