d = 43, symClass = D, D = 12.242188, Y = 0.07953619101051806
[10.27825546770588, 10.27829144660548], 10.27828039990437
1, 0, 1
2, 0, 0.7052959938439346
3, 0, 0.7069623492171766
0, 1, -0.2968424822593371
1, 1, -0.5020964580315852
4, 0, -0.1090714223883746
2, 1, 1.098188047797477
3, 1, 0.2183769581552697
5, 0, 0.5065120984239886
4, 1, -0.583377536533469
6, 0, 0.3064043455974375
5, 1, -0.4382983416053537
-1, 2, -1.180557148135934
0, 2, -1.179814105868751
1, 2, -0.04370888509861147
7, 0, 0.06914673639899241
2, 2, -0.1455655820512831
6, 1, -0.2394365237334437
3, 2, 0.1368449819746695
8, 0, -1.214429753342011
7, 1, 0.5263715165517465
4, 2, -0.007873908145031035
5, 2, 0.6149891047702665
9, 0, 0.2558464147592109
8, 1, -0.1765420458209249
6, 2, -0.5810410694770531
-1, 3, -0.7274429277417473
0, 3, -0.7127200463253969
10, 0, -0.6871440683018076
9, 1, 0.8432517029116721
1, 3, -0.137314244438732
7, 2, 0.9787042239647459
2, 3, 0.08627603874195079
3, 3, -0.9711713962347893
11, 0, 0.8547490900517543
10, 1, -0.1243281724556167
8, 2, -0.4428274957596143
4, 3, 0.126422665526553
5, 3, -0.572563122818631
11, 1, 0.3681811953006571
9, 2, 0.05789877885130626
12, 0, -0.8393394366414195
6, 3, 0.1112264753121543
10, 2, -0.7263497299284968
12, 1, 0.2036961014176314
13, 0, 1.026043794392412
7, 3, 0.9185078994114371
-2, 4, -0.7685475127034966
-1, 4, 0.4082866336074845
0, 4, 0.7408565867587927
1, 4, -0.4379579961912063
11, 2, -0.7585250675427304
8, 3, -0.9783036174637485
2, 4, -0.6151600827019688
13, 1, 0.02056651508161168
14, 0, 0.9913108003565315
3, 4, -0.07281462102613707
9, 3, -0.2932048963284554
4, 4, 0.2302719151971822
12, 2, -0.1842268196002573
14, 1, -0.50944660589101
5, 4, -0.6138169596044339
15, 0, -0.1558984826449833
10, 3, -0.396725123307572
6, 4, -0.2604740630063084
13, 2, 0.7349816782693555
15, 1, -2.798440722642489
11, 3, 2.09915301719598
7, 4, 3.383010655276246
16, 0, -2.357073301688156
14, 2, 0.4274839713062407
-2, 5, -1.076103045983453
-1, 5, 0.6580532830225232
8, 4, 0.7772263097146882
0, 5, 0.6530754830839059
12, 3, -1.802928396285981
1, 5, -0.0248388787835072
16, 1, -0.818313828318178
17, 0, 0.2646714284215419
2, 5, -0.3984356046419141
9, 4, 0.0008261230802965306
15, 2, 0.4991743561234298
3, 5, 1.539887068542452
13, 3, -0.02153134324115627
4, 5, -0.7057804019415673
10, 4, -0.05498200722462993
17, 1, 0.02147655649467963
18, 0, 0.05618512562758928
5, 5, -0.7196299799314803
16, 2, -0.1560846193099879
14, 3, -0.2528026695525752
11, 4, 0.4278760133731923
6, 5, 0.7790672334706138
18, 1, 0.451964453680781
7, 5, 0.7193935607454877
19, 0, 0.9074798375943977
17, 2, -0.3168866720782955
12, 4, 0.1591424386530304
15, 3, -0.1421244891779663
8, 5, -0.1425689680063043
-3, 6, -1.118673348774325
-2, 6, -0.2695646829049776
-1, 6, -0.6472002549969292
19, 1, -0.2908949992029675
0, 6, -1.090640539768163
13, 4, 1.123756073823959
20, 0, 0.4209697271250611
9, 5, -0.9691823040988958
1, 6, 0.5752030124787877
16, 3, 1.122865422888295
18, 2, 0.7999602234008424
2, 6, -0.05850658347470535
3, 6, 0.4522304421680651
10, 5, 0.2651249370126003
14, 4, 1.209658907467927
20, 1, -0.0058934292657772
4, 6, -0.1833094461063645
17, 3, -1.343890032613531
21, 0, 0.1450730106345546
19, 2, -0.8154492150250114
11, 5, 1.116621582922326
5, 6, 1.639096726351521
15, 4, 1.089501445990296
6, 6, -2.739284089687933
21, 1, 4.168384735108668
18, 3, -3.04291026261903
12, 5, -6.920291293735996
22, 0, 18.99271117693447
20, 2, 9.123420306838884
7, 6, 4.041463270078288
16, 4, 0.2434733502730175
8, 6, -1.060665451448873
13, 5, 1.985035098621129
22, 1, 0.792890820900175
19, 3, 1.385059935281651
21, 2, -0.08163621029416435
-3, 7, 0.3288197608655198
23, 0, 0.2423980272364847
-2, 7, -0.01766110403445539
9, 6, -0.1842361675997856
17, 4, 0.1848749975809316
-1, 7, 0.3414836916359612
0, 7, 0.9104863853215056
14, 5, -0.03482023865761028
1, 7, 1.059013398889102
10, 6, 0.9071252525016954
2, 7, -0.08657630310730337
20, 3, 1.131497480336059
23, 1, 0.007621663232366132
3, 7, -0.4838460514206009
22, 2, 0.8119433198012072
18, 4, 0.2455588611756738
15, 5, 0.1367596897778429
24, 0, 0.05721517870857113
11, 6, -0.1745191764432116
4, 7, 0.1879089655596517
5, 7, 0.3184178582069697
21, 3, 0.838419359975506
24, 1, 0.1023043385167929
16, 5, 0.7628001426801592
12, 6, -0.107617637602643
19, 4, 0.5309761068492719
6, 7, -0.07495660388392991
23, 2, 0.1553687249400109
25, 0, 0.1689843930853589
7, 7, -2.016185095363442
13, 6, -0.3592846822629346
22, 3, -0.2627896738647578
17, 5, 0.03216621977032524
20, 4, 0.3666613914338865
8, 7, -0.456187770709572
25, 1, 0.5827141237412654
24, 2, 0.03937945631179118
26, 0, 1.311087687300034
14, 6, 0.1741542602435969
9, 7, -0.3860215473077472
-4, 8, 0.7028861872380231
-3, 8, 0.469125522707222
18, 5, -0.1382725619632851
-2, 8, 0.3253951112571661
23, 3, -0.597800167587662
-1, 8, -0.8053063649604564
21, 4, 0.455166844597037
0, 8, 0.692938918858896
10, 7, 0.7573159305527898
15, 6, -0.9517272943592991
1, 8, 0.3590150566466523
26, 1, 0.835660384567358
25, 2, -0.4560517922294657
2, 8, -0.1401876279118852
27, 0, 1.163110101505742
19, 5, -0.5021981753184463
11, 7, 0.1955688316342007
3, 8, -0.09936179565572177
24, 3, 0.2712137855715288
22, 4, -0.7703314019671874
16, 6, -0.8491950318466679
4, 8, 0.08093748397021237
27, 1, 0.2158339882732193
12, 7, -1.368389365507875
5, 8, 0.6052862384807862
26, 2, 0.392469403807627
20, 5, -0.1340231911935952
28, 0, -0.6343904674629498
17, 6, 0.2365602416147338
6, 8, -0.8061413095306654
23, 4, 0.1682346582991043
25, 3, -0.7639530160410651
13, 7, -0.4973843988942799
7, 8, 0.3122233735191393
21, 5, -0.1001942111725158
28, 1, -0.1754395636177849
27, 2, 0.4260540537882111
18, 6, -0.365904386251238
8, 8, 0.5084993651922183
14, 7, 1.629793947160242
29, 0, 0.9540097898130178
24, 4, 0.3211600129133931
26, 3, -1.365700980174936
9, 8, -0.05281435262227743
22, 5, -1.271532643276293
15, 7, 0.3789668978029359
-4, 9, -2.050881681556316
19, 6, -1.71830997998275
-3, 9, -0.8603808922242099
-2, 9, 0.8807446889808277
29, 1, 0.9947270354037874
-1, 9, 0.3600072477555856
28, 2, 1.159225901065655
10, 8, 0.3837375876975299
0, 9, 3.289042820372974
30, 0, -0.9660450116816498
1, 9, 2.167300561342004
25, 4, -1.577694936819984
16, 7, -1.311695915972197
27, 3, 1.692210481266907
2, 9, -0.3216057163171043
11, 8, 1.558745712473404
20, 6, 5.989177041467173
23, 5, 3.940669989347042
3, 9, -6.008228758576903
30, 1, 14.04575963059446
4, 9, 3.26278241659024
29, 2, 8.535925346255755
12, 8, 2.734071697430744
17, 7, 2.657339195418518
26, 4, -4.090636696098915
5, 9, 1.464600951409891
31, 0, -1.568868968332858
21, 6, 4.145093158583559
28, 3, 0.4748275379535152
24, 5, -3.129460005856162
13, 8, 0.5327988828958166
6, 9, -1.336565029297975
18, 7, 0.4880680172182965
7, 9, 1.136459096600375
31, 1, 0.02912024277146876
30, 2, 1.399213693123285
22, 6, 0.6218408622534809
14, 8, 0.6872711896315309
27, 4, 0.2705428744376723
32, 0, 0.08019208523266219
25, 5, -0.3018891781941156
29, 3, 0.910699025938549
8, 9, 0.7192078567593241
19, 7, -0.4824712353374975
15, 8, -0.6676110807317316
9, 9, -1.207333874764189
23, 6, -0.9595939423013693
32, 1, 0.6453183070338769
31, 2, 0.5744892620248682
28, 4, -0.658960929466842
-5, 10, -0.1085123047059243
-4, 10, 0.2035215760257831
20, 7, 0.2342904203234569
-3, 10, 0.4251554137779542
26, 5, 1.41029472282408
10, 9, 0.6098260949289813
-2, 10, -0.6265371567495199
16, 8, -0.7344936455949119
33, 0, 1.380799624640017
30, 3, 0.2576189852895446
-1, 10, 0.5004165984688412
0, 10, -0.2302330584705866
11, 9, -0.7582744998442124
1, 10, -0.3046903517317863
24, 6, -0.7405446627747291
2, 10, -0.4033811955362346
21, 7, -0.6119860423507391
17, 8, -0.1005014942679655
32, 2, -0.8722504176311391
33, 1, 0.1270132497750586
29, 4, 0.26858373074815
27, 5, 0.3945117984436446
3, 10, 0.9737076143727038
12, 9, 0.7143378862300598
31, 3, 0.3604876324182166
34, 0, 0.8927679915147443
4, 10, -0.06322926034089373
25, 6, -0.4083447135769054
18, 8, 0.1412621714837729
5, 10, -0.2504459662941468
22, 7, -0.6798630536774978
13, 9, -0.7560709031855275
30, 4, 1.484504959004237
6, 10, 1.371023575800713
33, 2, -0.01528879569299064
28, 5, 0.06374842867827533
34, 1, 0.1178827537693715
14, 9, 0.5259157380684119
19, 8, 1.106908942466037
32, 3, -0.04248130603659295
7, 10, 0.9623859157883373
35, 0, 1.290198931826509
26, 6, 0.3514201155116364
23, 7, -0.4839771457565203
8, 10, -0.6270488367881242
15, 9, 0.03025933318093761
31, 4, -0.05984903753128138
29, 5, 0.131938073636217
20, 8, -0.3899305764979993
34, 2, -0.6104449327645807
35, 1, 0.3948475482986038
9, 10, 0.3659306840728425
24, 7, 0.851574087892417
33, 3, 0.881177934490855
27, 6, 0.7310881588768304
16, 9, -0.2585105063067613
36, 0, 0.797097155255408
10, 10, -0.1504305473368527
-5, 11, 0.01195745055207092
-4, 11, -0.1325101099343096
-3, 11, -0.1026100389280383
21, 8, -0.3309279433508113
-2, 11, -1.398941641672373
-1, 11, -0.3382806686263868
30, 5, 0.07325901961527134
32, 4, -0.4087518013642408
0, 11, 0.04145841158466891
11, 10, 0.3650761080300246
17, 9, 1.646174761146842
35, 2, 0.1481846185984667
25, 7, -0.8659141839502736
36, 1, 0.1977818174678869
1, 11, -0.21222091811402
28, 6, 0.4484026435631199
34, 3, 0.09221418042929734
2, 11, -0.6758658592551752
22, 8, 0.03857099612711713
12, 10, 0.5821858785903388
37, 0, 0.9672127589666599
3, 11, -0.95487615141889
18, 9, 0.8363374179441103
31, 5, -1.455644275603504
4, 11, -1.575644114685011
33, 4, -0.5404806216854323
26, 7, -0.4847987327951039
13, 10, -0.1167654768090532
29, 6, -0.2003139552885715
5, 11, -0.0950823651342141
36, 2, 0.4390072021935858
37, 1, 0.5058671743152897
23, 8, -0.4652893978756167
19, 9, -0.5834699127331611
35, 3, -0.5400054432233877
6, 11, 0.09454981575414374
14, 10, 0.3905474235414527
38, 0, 0.6536965611030157
27, 7, 0.4093147295168307
7, 11, 0.5332872987907085
32, 5, -0.896134959204864
34, 4, -0.573433789581275
20, 9, 1.007144747962025
24, 8, 1.323970098096319
15, 10, -0.07037289263511441
30, 6, -1.914919105431993
8, 11, 0.002981037204658646
37, 2, -0.7410946201940367
38, 1, -0.2491889135720485
36, 3, -0.6818384210355632
9, 11, 1.415731330124161
16, 10, 1.075774178945926
28, 7, -1.629686591713761
39, 0, 1.838244296067155
21, 9, 0.8103535636754139
33, 5, -0.1568906123469232
25, 8, -0.1090920818681267
35, 4, -0.8833722684821527
10, 11, -0.4808025967398822
31, 6, -0.237919172104727
-6, 12, 0.184933173989245
-5, 12, -0.0396703624177767
-4, 12, 0.606813870276296
-3, 12, 0.3986588358302979
17, 10, -0.0769931163988172
-2, 12, -0.869804427631949
38, 2, -0.4436227996086415
39, 1, 0.2428337086286484
22, 9, 0.4404771500884047
11, 11, -0.7201389438636637
-1, 12, 0.1723536884011641
37, 3, -0.2431773915018828
29, 7, -0.1638940938582127
0, 12, -0.2881631959242514
26, 8, 0.5051221427443385
1, 12, 0.0617048468295636
40, 0, -0.6030552578443046
34, 5, 0.128426694063809
18, 10, -0.3987580948835794
12, 11, -1.310668040245035
2, 12, 0.8174957735584273
32, 6, 0.8676176833292262
36, 4, 0.7920971144646529
23, 9, 0.2183879765884281
3, 12, 0.1719355737844892
39, 2, 0.603378774089
13, 11, 0.3509270099232347
4, 12, -0.2387171567412493
30, 7, -0.6575059925051415
27, 8, -0.2567426043489452
40, 1, -0.4383742911451921
19, 10, 0.1376076525295483
38, 3, 0.19988643909175
5, 12, -0.08244115561367954
35, 5, 0.9131584248178547
41, 0, 0.6376805695204367
14, 11, 1.412375854360929
33, 6, 0.08996472954481675
24, 9, -0.7454169969742322
6, 12, -0.07929728385679645
37, 4, -0.05647136373723829
20, 10, 1.497619020738024
28, 8, 0.7538313231538241
31, 7, 0.4391145711586242
7, 12, 0.5895574921555501
15, 11, -0.1921327158762664
40, 2, -0.1320638799074654
41, 1, -0.8550234976753862
39, 3, 0.4668061338396752
25, 9, -0.467255534206614
8, 12, -0.152331928683371
36, 5, -0.8161981776355293
21, 10, 0.05799938519469526
34, 6, -0.2072789413367171
16, 11, 1.700104774668826
42, 0, 0.9955075258797303
38, 4, 0.02840227976575976
9, 12, -0.5229651210222684
29, 8, 0.73311901190363
32, 7, 0.2138604733032807
26, 9, -0.3671372435397859
22, 10, 0.6177051041450751
10, 12, -0.8375598610984916
41, 2, -1.271034971505877
17, 11, 1.368162898745989
42, 1, 0.5641152796077863
-6, 13, -0.7565437681570198
-5, 13, 0.6787485358334806
40, 3, -1.382459473495562
-4, 13, 1.704194573857864
37, 5, -0.1394905187162269
-3, 13, -0.05570122046517503
35, 6, 0.9481873843095164
11, 12, 0.1428433331079618
-2, 13, 0.8230722454272336
30, 8, 1.355461301045927
-1, 13, -0.6080497293404699
43, 0, 4.913204488141208
39, 4, -2.99619080143959
18, 11, -0.8985350431032081
33, 7, -2.941374080502006
23, 10, -4.927132849328792
0, 13, -2.560560716174582
27, 9, -0.1422889014364814
12, 12, -0.3316456893483491
1, 13, 0.5352518354006582
2, 13, 1.88036542710953
42, 2, 1.328396063201431
19, 11, 4.468052469719305
43, 1, 0.4265767813177361
41, 3, 1.901843181811957
3, 13, -5.15323242091171
36, 6, -3.027575401218506
38, 5, 2.958725700378537
13, 12, 7.579140411092334
31, 8, 5.082007404779665
24, 10, -12.60350765184952
4, 13, -3.632016129071626
28, 9, 6.051550008144345
34, 7, 5.852090346299155
44, 0, -6.08906867112403
40, 4, -26.32546873442724
14, 12, 11.9010281905508
5, 13, 5.244371447754207
20, 11, -3.80984671604439
6, 13, -1.186187028578764
25, 10, -7.290324654086095
43, 2, -5.032311563680025
32, 8, 7.442819183658881
37, 6, 1.507083882200495
42, 3, -4.2803944086689
15, 12, -6.487419822514232
44, 1, 3.208338222270867
39, 5, -2.560975919029872
29, 9, 1.291093964751417
7, 13, -3.152986282807494
21, 11, 3.385357898375377
35, 7, 1.120770161097024
41, 4, -3.53959739475329
45, 0, 1.891839930651083
8, 13, 3.306679525784305
16, 12, 0.4229899019916467
26, 10, 3.539616707842378
33, 8, -1.983037807745192
22, 11, -1.437607423656022
9, 13, -1.594632078494284
30, 9, -0.4485958309285768
44, 2, 0.4086198629482388
38, 6, 0.06627707253213923
40, 5, 2.018110486134653
43, 3, -0.2031069164141554
17, 12, -0.6414564985231549
45, 1, 0.1011493269711269
36, 7, 0.633062603210766
10, 13, -0.5514495188314779
27, 10, -0.3658608104661595
-7, 14, -5.508406104126711
42, 4, -0.4297557096100409
-6, 14, 0.2106278442327736
-5, 14, -0.5312036955199353
23, 11, -0.5862558009686618
46, 0, 0.9548341204534626
-4, 14, 1.319547746483619
11, 13, -1.134919183724663
-3, 14, -0.4023851971561726
18, 12, 0.8587252596445555
31, 9, -0.2332530984434297
34, 8, -0.02170877682206382
-2, 14, 2.112085024386268
-1, 14, 1.167763120656506
39, 6, 0.3828385604488223
0, 14, -2.029413514824745
45, 2, -0.05623031917361139
12, 13, 0.8620196042851299
41, 5, -1.284109538498745
28, 10, -0.2723757799712974
44, 3, -0.04068320561946447
37, 7, -0.58487437235914
24, 11, 1.056864894591777
1, 14, -0.03580384582448661
46, 1, 1.430195174697038
19, 12, -0.3546321046028377
2, 14, -0.01033514529998722
43, 4, -1.136625921136913
13, 13, -0.7385680290166577
32, 9, 0.7060094954921319
3, 14, -0.8415468688102664
47, 0, 1.897193977313029
35, 8, -0.1555805273295359
20, 12, -1.04862380008485
4, 14, 0.1922695472546032
29, 10, 0.4536998616200842
25, 11, 0.03483153402744461
40, 6, 0.1786272618700195
14, 13, 0.06659397586267794
42, 5, -0.6024530934621997
38, 7, 0.521155113928362
5, 14, 0.2819943307519767
46, 2, 0.6976192570270752
45, 3, 1.695015005549398
47, 1, -0.6377643113062783
6, 14, -0.301920391527548
33, 9, 0.2705471335433211
21, 12, 0.3589576534825053
15, 13, 1.009231933111499
44, 4, -0.01753828010472194
36, 8, 0.4255532173178765
26, 11, -0.9400974195030382
30, 10, 0.01439839761169163
7, 14, 0.5732204436429919
48, 0, -0.05606591953426337
41, 6, 0.2221683674045332
16, 13, -0.9493425332697101
22, 12, -0.4984289728322847
8, 14, -0.265466343740949
39, 7, 0.5984658533703858
43, 5, -0.773647355046302
47, 2, 0.4372454507812852
46, 3, 0.09245867866763144
34, 9, 0.6495838246509741
27, 11, 0.8313296824436545
48, 1, -0.2355895474504265
9, 14, 0.4892315462984482
37, 8, -0.3571636989600672
17, 13, -1.652696691168007
31, 10, 0.1239795411175771
45, 4, -1.294130867672056
23, 12, 0.3271989444566258
10, 14, 0.5199863952761823
49, 0, 1.620025279772852
42, 6, 0.2832968870826072
18, 13, -0.4878380431715826
40, 7, -0.83758493177334
-7, 15, -0.9128289436224436
-6, 15, 0.8267722332514226
28, 11, 0.1968224571194142
-5, 15, 0.1921813191121245
44, 5, 0.9929226100676168
35, 9, 0.6825891021991228
11, 14, 0.3524040379361277
-4, 15, 0.4747539788107317
-3, 15, 1.025988089544733
48, 2, 0.4896213439624257
32, 10, -0.07538183102961013
24, 12, 0.7916768378192393
47, 3, 0.8316239003045591
-2, 15, 0.6426162315902328
38, 8, -0.2380875114814411
49, 1, -0.799435876556042
-1, 15, -0.7230136400110602
19, 13, 0.2892242934059437
12, 14, 0.163110634508558
0, 15, -0.2669642885759213
46, 4, 0.572821136244098
29, 11, -0.3190005423959222
1, 15, 0.05421603653495091
50, 0, -0.6003386367231166
43, 6, 0.5939567082204097
41, 7, 0.4137663690156652
13, 14, 0.4534731969502965
25, 12, -0.1937191704789719
2, 15, -0.6530028818082402
36, 9, -0.7230778961767585
33, 10, 1.188734825556999
20, 13, 0.6299260306623913
45, 5, 0.3914465051796408
3, 15, 0.5369629591556525
39, 8, -0.09704937797100481
49, 2, 0.05847878256743141
48, 3, -1.017195825236618
14, 14, -0.8264522662513614
4, 15, 0.4732650009647086
50, 1, 0.8541751057303351
30, 11, 0.8300469905318297
26, 12, -0.06092106790909216
47, 4, -0.4925116915989637
21, 13, -0.9560727880622983
5, 15, 0.02640118685432255
15, 14, -0.22961777693331
37, 9, 0.3108915265705538
44, 6, -0.2862466612558821
34, 10, 0.1046113186556444
42, 7, -0.3860034917849275
51, 0, 1.03477153245329
6, 15, -0.0315116693562578
46, 5, 0.4458975058447252
40, 8, 0.655219782786309
22, 13, 0.4884780416408457
7, 15, -0.1276055605765884
31, 11, 0.9280236363692471
16, 14, 0.0210193245504487
27, 12, 0.03433262570263699
50, 2, 1.001387364954312
49, 3, -0.4090083779050787
8, 15, -0.6533832879936027
51, 1, 0.1624032427125313
48, 4, -0.3312072871562684
35, 10, 1.186399517966959
38, 9, 0.1393575539884893
17, 14, -0.4883701034150448
23, 13, -0.1620540644405323
43, 7, -0.02228266721288078
45, 6, 0.4437469921806775
9, 15, 0.5341828247946533
52, 0, 0.3030247910557569
28, 12, -0.4925558190229173
32, 11, 0.3638356238244569
41, 8, -0.3148912294639916
47, 5, 0.04847825749794113
10, 15, -0.2697752440032336
18, 14, -0.06263838134871383
51, 2, -0.422508242682009
24, 13, 0.03930344005245466
50, 3, -0.06135185590934137
-8, 16, 1.28159532682983
-7, 16, -0.003855921647382997
-6, 16, 0.4381148423859078
36, 10, 0.9214558200175903
-5, 16, -0.1766239792002259
11, 15, -0.4732931153739158
39, 9, 0.5309308078705183
52, 1, -0.01593115291947952
-4, 16, 0.1654637205917398
49, 4, -0.05387654107114516
29, 12, -0.4314788723788084
-3, 16, 0.2100544506518555
44, 7, -0.1191997649079868
33, 11, -0.7390466691540775
19, 14, -0.6245828546168568
46, 6, -0.8911937464031718
-2, 16, -0.3062833458018689
12, 15, -1.010456421236049
-1, 16, 0.0431071032188195
42, 8, 0.7126788780098181
53, 0, -0.159085916295429
25, 13, 0.6083892577367888
0, 16, -0.2283033609675256
48, 5, 0.0586408475163852
1, 16, 0.1005164929323722
20, 14, -0.6910629724241872
37, 10, 0.04282897184584682
13, 15, 0.001072610567201425
30, 12, -0.4540271982171107
40, 9, -0.4177794486602762
2, 16, 0.6789451360846961
52, 2, 0.5586709953811493
51, 3, -0.1193078013536299
34, 11, 0.1544952586283782
53, 1, 0.6094096892512888
26, 13, 0.7447712369361856
3, 16, 0.2968320036953259
50, 4, -0.6205407611527093
45, 7, 0.4769044111032802
14, 15, -0.8583144447555648
47, 6, 0.09000836217512409
21, 14, 0.4459443098004747
4, 16, 0.3089299679154304
43, 8, -0.5130056567951388
54, 0, -0.01933826213361803
31, 12, -0.568875448283081
5, 16, -0.3581176724027396
49, 5, -0.2872112088501062
38, 10, 0.4911388250126166
15, 15, 0.01215420414761614
27, 13, -0.683307475674401
41, 9, 0.2344982471404791
35, 11, 0.6629841951094846
22, 14, -0.3784025630720714
6, 16, -0.8814938340526396
53, 2, -0.3757029983301172
52, 3, -0.3811416761679106
16, 15, 0.1350818126035261
7, 16, -0.3295992323880927
46, 7, -0.2117630027351182
54, 1, 0.03483171142110599
51, 4, -0.4083437886903206
48, 6, 0.562566449276262
44, 8, -0.1521459162576055
32, 12, -0.2757114044075092
28, 13, 0.8236109277603745
23, 14, 0.5902871992964394
8, 16, 1.033707366666594
39, 10, -0.3973393503565447
17, 15, 0.3636911251807101
36, 11, 0.8511950445111881
55, 0, -0.002403847244053834
50, 5, -0.5430131034490294
42, 9, 0.08397618565570983
9, 16, -0.3554596201784436
53, 3, 0.5351181669329758
54, 2, -0.4400559688827561
24, 14, -0.7889928404161327
33, 12, 0.863622248644369
18, 15, 0.8032060057666111
10, 16, 0.269468411336621
47, 7, -0.02716550037532093
29, 13, -0.4732208136135159
52, 4, -0.003926712193402146
45, 8, 0.01939769105062531
55, 1, -0.3010570376146171
49, 6, -0.2673322368256281
40, 10, -0.7605899607817003
-8, 17, -0.1207733806244215
37, 11, 0.6838764769023125
-7, 17, 0.1550949001972342
11, 16, 0.6450698450621231
-6, 17, 0.3187805911778949
-5, 17, -0.2806412537804167
19, 15, 0.7810155576685736
-4, 17, -0.4053940873338186
43, 9, -0.3990060284790447
51, 5, -0.6428650912347117
25, 14, -0.02215482447048971
56, 0, -0.02142708289637606
-3, 17, 0.233235936840988
34, 12, 0.8880803133414604
-2, 17, 0.006731645886843732
30, 13, -0.0002857523433959632
12, 16, -0.5758796870185374
-1, 17, -0.3513148566612035
20, 15, -0.7811383676236596
54, 3, -0.9741479621299763
55, 2, -0.1510213550777932
48, 7, 0.09562923780687831
0, 17, -0.4343500350262718
46, 8, 0.2825766810043614
41, 10, 1.03559059731762
38, 11, -0.1853168980093118
13, 16, 0.1453675740252981
50, 6, 0.0769424623707099
26, 14, -0.3745292937271523
1, 17, -0.2949347925320632
53, 4, -0.4344920426084208
56, 1, 0.06147628288463601
2, 17, -0.79656905724926
44, 9, -0.2229061459134258
31, 13, -0.1100054877640837
35, 12, -0.8648298712781884
21, 15, -0.5937201941778437
14, 16, 0.08469325614653525
52, 5, 0.3853039063747963
3, 17, 0.4035090383005691
57, 0, 2.095957311689923
27, 14, -0.3653962056097933
4, 17, -0.8207234469215361
39, 11, 0.2877122994269835
15, 16, 0.665426978728395
49, 7, 0.1691344027132198
42, 10, -0.5669159336773864
55, 3, -1.332285038727723
47, 8, -1.251756048732889
22, 15, -0.166460085558275
5, 17, -0.4370492123496184
56, 2, 0.189062366624814
32, 13, 0.002510005145289474
51, 6, -1.064699232529357
54, 4, 0.1402946529943421
36, 12, 0.2672474640621708
57, 1, -0.07865637005455271
6, 17, -0.1942957932406301
45, 9, -0.1832414359049992
16, 16, 1.073826421124279
28, 14, -0.07840640276541951
7, 17, 0.9280660330726426
53, 5, -0.1663325395881098
23, 15, -0.488579932918207
58, 0, 1.636317504252124
40, 11, -0.40057127104878
33, 13, 0.1090128618819223
17, 16, 0.1556542248468105
8, 17, 0.3801201678077132
43, 10, -0.06412714021782887
50, 7, -0.5969933092945608
48, 8, -0.4025203720162634
37, 12, -0.6125303831544763
56, 3, 0.1276330955833073
29, 14, -0.3927189965938526
57, 2, -0.06392297184051814
24, 15, 0.207011868551653
52, 6, -0.3689023503342082
9, 17, -0.1118679823434561
55, 4, 0.6059693219298142
46, 9, 0.7953652647843888
18, 16, 0.6137180270612634
58, 1, -0.1301552972697682
10, 17, 0.3825272632848485
34, 13, -0.3674738995377732
54, 5, 0.370232946930413
41, 11, 0.1521371343265707
25, 15, 0.4857843070454467
44, 10, 0.2932220581355271
30, 14, 0.5816242556839895
59, 0, -0.3312611816725786
19, 16, 0.01368337131365126
-9, 18, -0.8691893023818783
-8, 18, -0.6113653453819538
38, 12, -0.4589170587216532
11, 17, 0.2364530993402884
-7, 18, 0.458142653009215
-6, 18, -0.5286519602049318
51, 7, -1.183266793880992
49, 8, -0.7104458471478182
-5, 18, 0.3594258562942503
-4, 18, 0.6181120010098909
57, 3, -0.4630332203046245
-3, 18, -0.5629670254558583
53, 6, -1.497096561862229
47, 9, -0.2849748829108236
58, 2, 0.07493709119978545
12, 17, -0.0003092000830226783
-2, 18, -0.5738661106195491
56, 4, -0.2714334878206656
20, 16, 0.5757694466599368
35, 13, 0.521910023777546
26, 15, -0.3982569399175381
-1, 18, 0.4397923875064348
59, 1, 0.2744783295447803
31, 14, -0.07315026433793519
42, 11, -0.122426154684483
0, 18, -0.5283700999240838
13, 17, 0.316258681682879
39, 12, 0.5247783059292636
55, 5, 0.09305313398609266
45, 10, 0.5507086973161616
1, 18, -0.2626453695510024
21, 16, 0.2746258254115386
60, 0, -0.3958338741211005
2, 18, -0.6535743339078206
50, 8, -0.2358649317414046
52, 7, -0.1789673071076999
27, 15, -0.6227021741486995
14, 17, 0.1515782016731193
36, 13, 0.5002943858358735
48, 9, 0.686128815844409
3, 18, 0.8247658402102005
32, 14, -1.56234363128235
54, 6, 0.4928802111120665
58, 3, 0.3173857815235711
59, 2, -0.7243772698450016
4, 18, -0.2317018606811971
22, 16, -0.3668429592676203
57, 4, -0.6796388550761586
43, 11, -0.1325240468393777
15, 17, 0.4054787600297192
40, 12, -0.2275594551858879
60, 1, -0.03308670565101981
46, 10, 0.4630866989465839
28, 15, 0.9164526400159358
5, 18, 1.495486335011752
56, 5, 0.2975185544378613
33, 14, 0.4754867250018126
16, 17, 0.5522567095951108
6, 18, 0.5922307406603812
37, 13, 0.8657565701311678
51, 8, 0.2492970332881794
23, 16, 0.3370083400577005
53, 7, 0.3429290626015064
61, 0, -0.07233128645954276
49, 9, 0.5117576844951375
7, 18, -0.4294634452540072
55, 6, -0.5858488730124664
44, 11, -1.486424335071038
29, 15, -0.322721268941887
59, 3, -0.4499235369244362
41, 12, -0.1917458156439493
17, 17, -0.5978383637287129
60, 2, 0.5350492694561174
8, 18, 0.4328893283210762
58, 4, 0.6194006425650527
24, 16, -0.75980771720701
47, 10, 0.7092260845324134
34, 14, -0.793124986609818
61, 1, 0.5347705129243751
38, 13, 0.4894516605323261
9, 18, 0.343281008914016
57, 5, -0.7443134181271087
18, 17, -0.3711570428030278
52, 8, 0.8809172572920694
30, 15, -0.07377579068167216
54, 7, 0.2173988392586668
50, 9, 0.7839241906423279
25, 16, -0.1260141696690092
10, 18, 0.02309215393124582
62, 0, 0.6683595876015134
45, 11, -0.2202060157585861
42, 12, 0.9612349896093915
19, 17, 1.295843095267673
56, 6, -0.1282841901111982
35, 14, -1.148045494996838
60, 3, -0.1406859036961847
-9, 19, 0.1417677278853222
11, 18, -0.3158953174198788
-8, 19, 0.1098355335060631
48, 10, -0.1849109799770478
-7, 19, -0.9833627953963611
61, 2, -1.037613154769355
39, 13, -1.184836965244486
59, 4, -0.3950013269153435
-6, 19, -0.1511707039808106
-5, 19, -0.4920552251907405
31, 15, -0.3532281625905228
26, 16, 0.1267557282508404
-4, 19, 0.4126016914887299
62, 1, -0.7812351162012087
20, 17, 0.8264069064915891
-3, 19, -1.507221862888227
12, 18, -0.3344614277972145
58, 5, 0.6237612296867823
53, 8, -0.2302250159075739
-2, 19, -0.5390655382622528
55, 7, -0.1036896438925831
43, 12, -0.4009266102398434
51, 9, -0.5900243825115883
-1, 19, 0.1127399820162211
46, 11, 0.4856907474991289
36, 14, 1.328214766365475
13, 18, -0.6394081637007332
63, 0, 1.309384142035583
0, 19, -0.6561380848201578
21, 17, 0.9357204810073122
27, 16, 0.9454986554035867
40, 13, -0.734843190784171
32, 15, -0.7524062580191138
57, 6, -1.318616516325366
49, 10, 0.1745766133160532
1, 19, -0.4038897880745042
61, 3, 0.5580881055769898
14, 18, 0.7600368292958455
62, 2, 0.431735977726479
2, 19, -0.1259954499383123
60, 4, -0.3169267350233574
3, 19, 0.427710201115899
22, 17, 0.6836330826939764
63, 1, 0.8321669289607108
37, 14, 0.4966101919543778
44, 12, 0.7114780419676575
28, 16, 0.3207975878775517
59, 5, -0.1880764321841296
54, 8, 0.3266970815182684
47, 11, 0.03794501397961098
33, 15, 0.4458078686427918
15, 18, 1.498705293272035
4, 19, 0.1720056570774939
52, 9, -0.5761882537774939
56, 7, -0.9172839378699738
41, 13, 0.5060238761766093
5, 19, 0.1482808297501285
64, 0, 0.9927804362082883
23, 17, 0.8946001481945254
50, 10, -0.3388479859870303
58, 6, 0.3233924539953492
16, 18, 0.8927156999544226
29, 16, 0.2553156916182971
6, 19, 0.2750523865659698
62, 3, -1.087481412495913
38, 14, -1.207759827532446
63, 2, -0.4582553790416306
61, 4, -1.062960708236315
34, 15, -0.3262677659123639
45, 12, -0.642252812684742
7, 19, 0.09486630989970364
17, 18, -0.7458613793067499
48, 11, 0.283225790199289
24, 17, 0.5157550175315947
55, 8, -0.6615942515012908
42, 13, -0.6752416538887973
64, 1, -0.07279068707819615
60, 5, 0.07481418955802813
53, 9, -0.2731215466319327
57, 7, 0.8587371798624492
8, 19, 0.5366994227418943
30, 16, -0.7796060739495223
51, 10, 0.9443802991742276
18, 18, 0.1517277606208071
39, 14, -0.8035129673093295
9, 19, -0.2162934497261787
65, 0, 1.255483565882826
35, 15, -0.3987713579958436
25, 17, -0.6535743097540495
59, 6, 0.3607387070490612
46, 12, -0.09558153370375204
63, 3, 1.078894468778314
10, 19, 0.1443875946005004
43, 13, 0.4019568213988725
19, 18, 0.8018385292682572
64, 2, 0.6018987054786942
62, 4, 0.5098229074950051
49, 11, 0.2369020086273719
31, 16, -0.1826685755783242
56, 8, 0.05280243746027776
54, 9, -0.6387118942997136
26, 17, 0.5011333617250932
-10, 20, -0.6130792916496405
65, 1, 0.4409835785346309
61, 5, 0.9067042244696922
11, 19, 0.1792715062356072
-9, 20, -0.09566697203446867
-8, 20, 0.3028833442228917
58, 7, 0.02549364711165003
-7, 20, -0.3337008765054998
36, 15, 0.06357100953280051
40, 14, 0.106246948463427
-6, 20, 0.1127197701598832
52, 10, 0.2434084248307029
20, 18, -0.03371155822766689
-5, 20, 0.3930771297363931
-4, 20, -0.2469528442912565
12, 19, -1.786317835405155
-3, 20, 0.4644169770055637
32, 16, -1.083183209176217
66, 0, 1.035963296660751
60, 6, 0.6377982184464333
47, 12, -0.4005589050896471
-2, 20, 0.5797051968842822
44, 13, -0.0184240602423007
27, 17, -0.5654550850238421
50, 11, 0.3913383523212817
-1, 20, 0.5312369394801713
21, 18, -1.023943538210904
64, 3, -0.2837549035239654
13, 19, -0.1459668614881226
63, 4, -0.3319445884774097
65, 2, -0.3003342667962783
37, 15, -0.04733591747058574
0, 20, -1.07441988954369
57, 8, -0.150284317183064
55, 9, 0.3778296331374197
41, 14, 0.488494767775406
1, 20, 1.325095015606204
62, 5, 0.8891794040479875
66, 1, -0.2253200586222308
59, 7, -0.163393601526735
33, 16, -0.5507043478646421
14, 19, -0.9775443762976314
53, 10, -0.07500221082253272
28, 17, -0.1952506565991406
22, 18, -0.1547415747527288
2, 20, 0.1321765677614581
48, 12, -0.7989039788947104
45, 13, -0.2521952623854757
3, 20, 0.07808041026685039
15, 19, -0.5439037098445958
61, 6, -0.4376008911411717
67, 0, 0.1210486180292058
38, 15, -0.6087534963696162
51, 11, 0.3042058498966109
4, 20, -0.5547778524304213
23, 18, -0.3957793505147125
42, 14, -1.375560804656349
29, 17, -0.2877804598615088
34, 16, -0.854281361299625
65, 3, -0.4404192629379693
5, 20, 0.2331726725346
64, 4, 0.05986440148226147
56, 9, 1.542602039412511
16, 19, 0.6831228112312753
66, 2, -0.09067141029973094
58, 8, -0.4083951053755801
54, 10, 0.2700765386441076
6, 20, 0.443042942721069
63, 5, 0.6416358031905822
60, 7, 0.3531532548458525
67, 1, 0.1788145974355045
24, 18, -0.8310530333209591
49, 12, 0.4019058174497221
46, 13, 0.7196865523523527
39, 15, -0.9907184582043915
17, 19, 0.2737275480696791
30, 17, -0.5738592553872121
7, 20, 0.6752580089946126
35, 16, -1.710390760178591
52, 11, 0.5877652587736315
43, 14, 0.1039294120685349
62, 6, -0.5747468393751699
68, 0, 0.4909787596365675
8, 20, 0.6224776977444894
18, 19, 0.4244605009343209
25, 18, 0.4058147794695642
66, 3, 0.1413164659663368
57, 9, 0.2629461673762697
59, 8, -0.2842895041004669
65, 4, -0.324597179811296
9, 20, -0.4216397137134827
67, 2, -0.2210531548193859
31, 17, -0.2621585263458414
55, 10, -0.3814816710189577
40, 15, -0.430980879452006
47, 13, -0.01578178921189311
50, 12, -1.003267875888517
61, 7, -0.1012478383647469
36, 16, 0.5838448065138944
64, 5, -0.6392562408818071
19, 19, -1.002058186232253
10, 20, 0.1008612830701672
68, 1, -0.3770014748349469
44, 14, -0.6458448311521113
26, 18, -0.8032318962926754
53, 11, 0.189807223963199
11, 20, -0.563294552245338
-10, 21, -0.02011426367688077
63, 6, -1.323147156832801
-9, 21, -0.8260129891705934
32, 17, -0.07676828255412603
-8, 21, -0.5065325020940576
20, 19, -0.1752190390179337
-7, 21, -0.3451599462059066
69, 0, 0.8514160843050932
-6, 21, 1.04291515443423
41, 15, 0.8660070083262227
-5, 21, 1.418677664551693
58, 9, 0.2817778180818739
37, 16, -0.3038008606528514
27, 18, -0.4491741591391843
-4, 21, 0.08170376744058491
60, 8, 0.1819537168175238
12, 20, -0.8955372285201205
48, 13, 0.06364776488990263
67, 3, -0.2167857695196498
66, 4, 0.5328819812543127
56, 10, 0.2634718762717646
51, 12, 1.111801714822755
-3, 21, 0.8555587702492995
68, 2, 1.181070627675284
45, 14, -0.6557661078697367
21, 19, -1.14691093383115
-2, 21, -0.8065039358587767
62, 7, 0.1911449890544015
65, 5, -0.4298182764712398
33, 17, 0.0988953193826685
13, 20, 0.08997855177033186
-1, 21, 0.4002432726174597
69, 1, 0.640810611149039
54, 11, 0.3565734359388181
0, 21, -0.7665800801581556
28, 18, 0.4613084880833285
38, 16, 1.523417605784103
42, 15, -1.184383481199842
22, 19, 0.6395753560786152
1, 21, 0.3935271699675074
64, 6, -0.2386079926437009
14, 20, 0.1485337662612851
49, 13, 1.08712371465364
2, 21, 0.03042575682029452
70, 0, 0.08324537404477345
59, 9, -0.09659038477519177
52, 12, -0.01528189997039728
61, 8, -0.698486573378678
34, 17, -0.174551903878101
46, 14, 0.4988604807685652
57, 10, -0.7068917041692576
3, 21, -0.9144005253947821
15, 20, -0.3732932444424425
68, 3, -0.6350999573624684
29, 18, -0.1196535025436553
67, 4, -0.2055718233404649
23, 19, 0.694266017755081
69, 2, 0.1206338005871506
63, 7, 2.112126583515379
4, 21, 1.912933229967686
66, 5, -0.1429846594954199
55, 11, -0.5317099145467759
39, 16, 0.08135519741826526
43, 15, 0.13520349069749
16, 20, 0.4107387113072857
70, 1, 0.2986215135953201
5, 21, -0.3658254451216332
35, 17, -0.4619644467125321
24, 19, -0.6225452273482147
30, 18, 0.9846418633668915
50, 13, 0.1672664678308148
65, 6, 0.8638977263993221
6, 21, 0.4298879087156187
47, 14, -0.3693975646996541
53, 12, -0.8850076490599769
17, 20, -0.4976676802699324
60, 9, 1.694407026577972
71, 0, 0.6640882406829878
62, 8, -0.0113617439842496
58, 10, 0.745323102092151
7, 21, -0.08570595745950789
40, 16, 0.7869257241687287
69, 3, 0.2936108513080327
44, 15, 0.6332548764676033
25, 19, 0.7651443033314584
68, 4, -0.1366813786004599
64, 7, 0.1578909671892131
56, 11, 1.249646640507269
31, 18, 1.336438228735835
8, 21, 0.6860490841598301
70, 2, 0.6939122363217318
18, 20, 0.8211117735953519
36, 17, 1.187314318015016
67, 5, -0.5083049999179465
9, 21, -0.0306891747629106
71, 1, -0.2609050300581488
51, 13, 0.5309545816064742
48, 14, 0.7786896594323514
26, 19, 0.1468484518749956
19, 20, -0.2984102614261455
66, 6, 1.418788735052149
54, 12, 1.883194499784439
41, 16, -0.3484959519516382
61, 9, -0.7345845315017531
10, 21, -0.2613876906187407
32, 18, 0.01360056410612752
59, 10, 0.3140335842757029
45, 15, -0.3531507111002674
63, 8, -0.7014168873635632
37, 17, 0.1548697381598177
72, 0, 0.05709949882810562
20, 20, 0.9484483434206611
11, 21, 0.5225511433161072
-11, 22, -0.7636220206939182
-10, 22, 1.30349191981813
57, 11, 0.3397898245632022
-9, 22, 0.3594904190859258
70, 3, -0.6400416626138727
-8, 22, -0.930404522432473
69, 4, 1.388015220385756
27, 19, 1.552085021165743
65, 7, -0.4303056305846063
-7, 22, 0.119242018322731
71, 2, -0.4502783234969686
-6, 22, 0.2347392411503947
-5, 22, -0.5424312363271457
68, 5, -0.9393572218820188
52, 13, -1.160668992678468
49, 14, 2.233409039252756
33, 18, 1.134947977214958
12, 21, 0.6771756572687994
42, 16, -1.32385503664992
-4, 22, -1.533485480209893
21, 20, 0.401138200484719
-3, 22, 0.1094859315210308
72, 1, 0.4068381129418613
55, 12, 0.1844083793376361
38, 17, -0.1611798147915149
46, 15, -0.8663540238064321
-2, 22, -0.0547831084492782
67, 6, -0.6256177630695914
28, 19, -1.210568468190771
62, 9, -0.940497255012861
13, 21, -0.7777096771963496
60, 10, 0.6570797929607062
-1, 22, -0.0570177728920214
64, 8, -0.3410470023731068
0, 22, -0.263863799671375
22, 20, 0.7034284619730463
73, 0, -1.151492332401484
34, 18, 1.562047927244882
58, 11, -0.4573025358038519
14, 21, 0.1355995850801148
1, 22, 0.5711860570808083
71, 3, -0.4429893096343973
43, 16, -0.4719559039578083
70, 4, -0.2860399334916238
50, 14, -0.2170851938496273
66, 7, 0.3782453023747194
53, 13, 0.6351497849276968
39, 17, -0.7488957995586257
29, 19, -1.020146149896894
72, 2, -0.8114275969884887
2, 22, -0.6637915914789116
69, 5, -0.7507056874614155
47, 15, -0.4775267921918472
23, 20, -0.7678783696036926
15, 21, -0.7854104654612021
56, 12, -0.02757521157889809
3, 22, -1.027853443001267
73, 1, 0.9808623420785736
35, 18, -0.2090937746465547
63, 9, 1.05171974591975
68, 6, -0.5087256848367964
4, 22, -0.369176271419549
61, 10, -0.4273160393695866
30, 19, 0.3567260595348615
16, 21, -0.05951928484149743
65, 8, 1.957993070914094
44, 16, -1.206798140651423
24, 20, -1.40074492233567
40, 17, 0.4044569163140657
5, 22, 0.1335918461819127
59, 11, -0.6652540343737489
51, 14, -0.6905035276164758
74, 0, 1.235454975060938
54, 13, -0.9153762320920162
6, 22, 0.03717092257232334
67, 7, 0.3577594164785848
17, 21, 0.2778605408400284
72, 3, 1.205685613015046
48, 15, 0.7750939806210757
71, 4, 0.1204169453256206
36, 18, -0.07656096820265455
57, 12, 1.082552888772412
73, 2, 0.05771188965495282
31, 19, 0.01976798804279624
70, 5, -1.205831206643225
25, 20, 0.450291875709266
7, 22, 0.568661804563089
18, 21, -0.6523833577142241
41, 17, -0.5077501627578518
74, 1, 0.8567286761365369
45, 16, 1.390820888754527
64, 9, 1.409471656210128
62, 10, -1.499283799452573
8, 22, -1.582243234125437
69, 6, -0.3066044018280163
66, 8, 0.3068164615183318
52, 14, 0.4180140355097029
60, 11, 0.5075583191679146
26, 20, -0.249299033591489
55, 13, -0.5741466798828689
37, 18, -0.4209523482496966
32, 19, 0.3928420776904835
9, 22, -0.7215359576989613
49, 15, 0.01252870151588596
19, 21, 0.3350185377778497
75, 0, -1.44073227945957
68, 7, -0.4510703948353484
58, 12, -0.01710332626797195
10, 22, -0.335965942403298
73, 3, -0.193869094321393
72, 4, -0.5157761389075763
42, 17, -0.05632088005400581
74, 2, 0.6328041146479193
46, 16, -0.1374404639531462
27, 20, 1.140500955978881
71, 5, 0.2457885496058644
20, 21, -1.190748461468934
33, 19, -0.4545222038518045
11, 22, -0.204076167856078
-11, 23, -0.2942148425667362
-10, 23, 0.3976518575407836
38, 18, 0.5613696972064022
-9, 23, 0.5551214800120462
-8, 23, -0.1682323422347495
63, 10, -0.6734427065066453
65, 9, -0.890492581587303
53, 14, -0.3266656661288445
-7, 23, 0.930892630305277
75, 1, -0.1723563091879417
70, 6, -0.6193670822178052
-6, 23, 0.2542275067079885
61, 11, 0.2771801089589097
56, 13, -0.6389880737084185
50, 15, 0.6862321163563238
67, 8, 0.7038256447521553
-5, 23, 0.2207649512135039
12, 22, -0.4414124627739631
21, 21, -1.855154351483394
-4, 23, 0.666452148404952
28, 20, 0.3803585188415547
43, 17, 1.362317762093255
-3, 23, -0.5712718074825688
59, 12, -0.273945798190922
34, 19, -0.06594634365511398
76, 0, 0.2049567252938524
47, 16, 1.04935662714289
-2, 23, 1.15899371392661
13, 22, 0.05462488256640535
69, 7, -1.324346797638778
39, 18, -0.9106247844512051
74, 3, -0.8760597614193444
73, 4, -0.04740540044860565
22, 21, 0.4124004611720568
-1, 23, -0.7288232361164668
75, 2, -1.033954370247466
72, 5, -0.4861593000179845
0, 23, -0.5209320564425811
29, 20, -0.612316608775605
54, 14, -0.0708419003840004
14, 22, 0.4604105442037544
64, 10, -0.1141951283181782
66, 9, 0.4562473722151439
51, 15, 0.7196888046951047
1, 23, 0.2606844256417444
57, 13, -0.3337662517066572
62, 11, 0.5511899797145717
35, 19, 0.5771857384564779
76, 1, -0.8849873005669118
71, 6, 0.2613467455932255
44, 17, -1.606693628545977
23, 21, -1.159358734069565
2, 23, -0.01642373914477505
68, 8, -0.853373799782785
15, 22, 0.06689153359671553
40, 18, 0.9646397050451136
48, 16, 0.4537992674400045
3, 23, -0.3462188345701495
30, 20, -0.2231789812948868
60, 12, 0.8924807322756517
4, 23, -1.731640421453118
77, 0, 1.368458153130432
70, 7, 0.1213514416275916
24, 21, -0.03191981173826604
16, 22, -0.01848532015661102
74, 4, 0.1003760100725908
75, 3, 0.2987673691461731
55, 14, 1.028960122372721
36, 19, 0.6653620499297132
5, 23, 0.7761508195639742
52, 15, -0.5457929415908608
73, 5, -0.8951216741130943
45, 17, -0.8066487793352584
76, 2, 0.229532521437402
65, 10, 0.4048116823333567
58, 13, 1.206592706217433
31, 20, 0.2398692761129022
67, 9, 0.2551346234686313
41, 18, -0.146659738367304
17, 22, 0.2309710290600866
6, 23, -0.08873963155457114
63, 11, 1.164196449959799
49, 16, -0.113326195050587
25, 21, -0.1439074911250094
72, 6, -0.8895795700395909
77, 1, -0.3793512651824549
69, 8, -0.521207036761281
7, 23, 0.839075062612393
61, 12, -0.05159306676564395
37, 19, 0.4371853985645283
18, 22, 0.9609871533768078
32, 20, -0.09582274801038906
8, 23, -0.9641069947277947
26, 21, 0.4910561319408533
56, 14, -1.983672389074343
71, 7, 0.06068477241057071
46, 17, -0.6325164026648731
53, 15, -0.5532292232393935
78, 0, 1.263111144688579
42, 18, 1.236292389996728
75, 4, -0.81801485620621
76, 3, 0.4880718500270793
19, 22, 0.4126199448831788
59, 13, 1.157658282397374
9, 23, 0.8282415901445274
66, 10, -0.3023295881048199
50, 16, -0.4912226493344185
74, 5, 0.207297703815271
77, 2, -0.1650107080942461
68, 9, -0.412172198140308
64, 11, 0.2042889852932973
38, 19, 1.964324685034799
27, 21, 0.5117435616071713
33, 20, -0.7327110737655471
10, 23, -0.005615974838521691
73, 6, -0.03923060322450021
70, 8, -0.02632214005675712
20, 22, -0.3247555919579773
62, 12, -1.087082451457594
78, 1, -0.8310792254414794
47, 17, -0.3441205525951057
43, 18, 0.1784781085259345
-12, 24, -0.1101529395117257
11, 23, -0.173182455199742
-11, 24, 0.2987390090046503
-10, 24, 0.8962573691380444
54, 15, -1.121919808982835
-9, 24, 0.1201135302388968
57, 14, 1.241904884071943
-8, 24, 0.1272267329834831
-7, 24, 0.005673177397762106
28, 21, 0.1494060802576013
72, 7, -0.7928128354765149
21, 22, 0.5084456475763451
-6, 24, 0.9986193674823491
51, 16, -0.2783874645167968
39, 19, -0.3498222612496243
34, 20, -0.08352525490982361
60, 13, -0.005886646795440181
12, 23, 0.002611523343640118
79, 0, 0.2013668666911575
-5, 24, -0.1973313845072926
-4, 24, 0.9515101612726198
76, 4, 0.1963474237096476
77, 3, -0.5913842676824455
67, 10, -1.042756587574769
65, 11, -0.0344808992285456
-3, 24, -0.7214954587893549
69, 9, -0.7626359511261512
75, 5, -0.2193471708490345
78, 2, -0.3571980611458511
13, 23, -0.6922675081875784
44, 18, -0.7501720212741314
22, 22, -1.20794087855455
-2, 24, -0.730975987045243
48, 17, 0.4124492270433255
29, 21, 0.9911216896776612
63, 12, 1.277803710329103
-1, 24, 0.7233794136884071
71, 8, 1.103880507515984
74, 6, 0.277381101877313
55, 15, 0.7024249517546192
35, 20, 1.544115006309367
79, 1, 0.738827946982094
40, 19, 0.1938828143833385
58, 14, -1.128010288447616
0, 24, 1.15779390609066
14, 23, -0.3673731660914346
52, 16, 0.2245892708646362
23, 22, 0.5440713215146398
1, 24, -0.2790756993545173
61, 13, -1.628745280241179
73, 7, -0.2583856200037206
30, 21, -0.05170451209131296
2, 24, -0.6960902086433002
15, 23, 0.3340258416982994
45, 18, 0.1173130585000008
80, 0, -0.5371166244204557
68, 10, -0.5795735747342829
77, 4, -0.4714584962089387
66, 11, -0.5699568524923156
49, 17, -1.345033632942595
36, 20, -0.3249819548396517
3, 24, 1.460179101097863
78, 3, 1.436849459330525
70, 9, 0.8637276875668535
24, 22, -0.9663633706356757
76, 5, -0.04105844762771618
41, 19, 1.009083754657349
79, 2, 0.9668402361835055
16, 23, -1.030831882459682
4, 24, 0.4567987065541059
64, 12, 0.1258646921171826
56, 15, 0.573144915440634
59, 14, 0.5689441371912336
31, 21, -1.053278384201913
72, 8, -0.01951130975049555
75, 6, -0.8017028327659962
53, 16, 0.01271249313195026
5, 24, 0.03494900196600021
80, 1, -0.508163961338208
25, 22, -0.4430063797214309
17, 23, 0.1787233405039794
46, 18, -0.5457685187446906
62, 13, 0.9171359697724409
37, 20, 1.279497810235553
6, 24, -0.3044036918659109
50, 17, 0.006274878919784664
74, 7, 0.2526975618365037
42, 19, -0.4807380285001271
32, 21, -0.8627687523329189
69, 10, 0.2831815534900012
7, 24, -1.291795954936222
67, 11, -0.589614340028753
18, 23, -1.334992872931394
81, 0, 1.448289988304557
71, 9, -0.0160409891638015
78, 4, 0.4716480736313181
26, 22, 1.023141580732675
79, 3, -0.1717267829841553
57, 15, -1.229780191207428
77, 5, 1.593949891151054
65, 12, 1.462858178880692
8, 24, 0.3494896488350047
60, 14, 0.3182704060639936
54, 16, -0.245432566338858
80, 2, -0.5095965090857562
38, 20, -0.703300776909043
73, 8, 1.233009239178167
19, 23, 0.3211642875809833
47, 18, 2.075271015233128
76, 6, 0.2567458657236754
9, 24, -0.9164491111624241
33, 21, -0.1818657637610262
43, 19, 1.234939597442931
63, 13, -0.3403263142281954
51, 17, -0.3184442697642286
27, 22, -0.7137764243248067
81, 1, -0.6640806382754906
10, 24, 0.01204508277171993
20, 23, 0.1257455374550682
75, 7, 0.381607369552567
70, 10, 0.7100498449648709
39, 20, -2.040375715036769
68, 11, 0.2793807526267467
58, 15, -0.5241060146566334
-12, 25, -0.1104886451922521
55, 16, 0.1318809414550645
34, 21, -0.1582560496283269
11, 24, -0.04658238629779376
-11, 25, -0.2567199170958623
72, 9, -2.045951972272322
82, 0, 0.6012501136978377
28, 22, 0.1464230961656376
-10, 25, 0.4924731565093383
-9, 25, 0.6757257012772422
61, 14, -0.1044676630253848
66, 12, -1.466446179964001
48, 18, -0.3634285511179963
79, 4, -1.115215440632851
80, 3, -0.7668651610114949
-8, 25, 0.1852620748203688
44, 19, -0.9204760856221911
21, 23, 0.3278623812162381
78, 5, 1.234607889124146
-7, 25, 1.127516269492707
-6, 25, -0.7506903616816226
81, 2, 1.501428370642448
52, 17, 0.5552082848878077
12, 24, -2.263998511196748
74, 8, 0.8394177174125357
-5, 25, 1.659625417911592
77, 6, 0.2216797768046015
64, 13, -0.3023031844062967
-4, 25, 0.2784768262328207
40, 20, 0.4269458138112199
29, 22, 0.4296815211786157
22, 23, -0.3881441027250859
-3, 25, 0.1496453345542219
35, 21, 0.8155329308006382
13, 24, -0.02572173494415053
82, 1, 0.2238342462752507
-2, 25, -0.7220979194970547
59, 15, -0.1628578918094394
76, 7, -1.466711069166672
49, 18, -0.4152910846188063
56, 16, -1.53822416169102
71, 10, 0.5560793659559966
69, 11, 1.812159202751588
45, 19, -0.5920378309946174
-1, 25, 1.079616519835832
62, 14, 0.9395867701938694
14, 24, 0.8048318468678537
0, 25, 1.115310074647299
73, 9, -1.312201796573543
67, 12, -0.8141583754034108
23, 23, -1.742925918855839
30, 22, 0.2499360508635539
83, 0, 1.022194893259385
53, 17, 0.4449721265901827
80, 4, 1.087426876211851
1, 25, -0.6564128782235729
41, 20, 0.2954320403175248
81, 3, 0.1588989904450094
36, 21, -0.3404080207774778
79, 5, -0.9236024188656852
15, 24, -0.225935879487078
75, 8, -1.374528543545823
65, 13, -0.8108539844306804
2, 25, -2.172240605947406
82, 2, -0.7321426701717313
24, 23, 1.883089431964656
78, 6, -0.4000088613693524
3, 25, -1.006111346416924
46, 19, 1.181314110387901
50, 18, 0.5795153984187276
31, 22, -0.1222341202001345
60, 15, -2.350802187544867
16, 24, 1.352421073543949
57, 16, -0.3574410146123602
83, 1, 0.9282452785204842
4, 25, 0.01279681512297498
37, 21, -0.5871785815195315
70, 11, -0.4435018718790149
72, 10, 0.2747445293249628
42, 20, 2.279291993925137
77, 7, 1.704686834337278
63, 14, 0.008511425026135163
54, 17, -0.9023099825228676
25, 23, -0.3573801298634819
68, 12, 0.8554134143945891
5, 25, -0.7115343253345561
17, 24, -0.3616862915628966
74, 9, 0.526961451377291
32, 22, 2.879038906875899
84, 0, -3.648891853484269
6, 25, -0.9821947167074686
81, 4, -0.1352444039199086
82, 3, -1.330492890791839
66, 13, -0.3649940850359297
47, 19, 0.04996531075468321
80, 5, -0.6605813765570073
51, 18, 0.06770002617118109
76, 8, -0.9281164984127125
18, 24, 0.2556719424363666
38, 21, 0.170334151827319
26, 23, -1.429309934730652
83, 2, -1.231840615651603
7, 25, 0.06897812566732751
58, 16, -0.04112770660342112
43, 20, 0.5043124870740611
79, 6, 0.4913844361578129
61, 15, -0.5989708689991842
8, 25, 1.277363554026489
55, 17, 1.111242542822484
33, 22, 1.448261627158304
64, 14, 0.3463948036488346
84, 1, 0.2871183992498558
71, 11, 0.3100149003091286
19, 24, -0.0162197084398292
73, 10, 1.223495950172718
78, 7, 0.5510982162225126
27, 23, 1.457884150006453
69, 12, 1.855503602866567
9, 25, 2.323426461285729
48, 19, -0.9625566874659324
75, 9, 0.5895593958080831
39, 21, -1.669788843498682
52, 18, 0.3132583907520728
44, 20, -1.609992849588018
20, 24, 0.01020407697152447
67, 13, 0.1097321544458294
85, 0, 2.001315581853185
10, 25, 0.997012008547733
82, 4, -1.566760342635018
34, 22, -0.2572810046069492
83, 3, -0.924493538797701
81, 5, -1.851107462045303
59, 16, -0.9213512095622732
28, 23, 0.2592235733204344
77, 8, -1.07344037213775
62, 15, 0.4362727759910043
56, 17, -0.5806815572993712
-13, 26, -1.351276423703909
84, 2, 1.042859989534116
-12, 26, 0.09152877401998442
11, 25, -1.251966525674205
-11, 26, -1.242299603210395
-10, 26, 0.867005488106859
80, 6, 1.172407177991499
21, 24, -1.294373148617904
-9, 26, -0.6080710695165197
65, 14, -0.05658830123505474
40, 21, 0.4375838953176817
-8, 26, -0.7226366065488593
49, 19, 0.1440623574472153
-7, 26, 0.586237676269005
72, 11, -0.7148558424424801
74, 10, -1.299944830293045
-6, 26, -1.253792006558824
12, 25, -0.5601048391823096
35, 22, -0.4820299519400816
85, 1, 1.340095431865242
70, 12, -1.143461779507329
45, 20, 0.9980835551494348
53, 18, -1.054682313317725
29, 23, -0.3621541188265708
-5, 26, -1.006183943826003
79, 7, 0.8925435962958603
22, 24, 0.2912004126491399
-4, 26, -0.2908698453938925
76, 9, 0.07758110247207149
68, 13, -0.01623540207147658
-3, 26, 0.7475612907912481
13, 25, -0.3846838440817135
60, 16, 1.562584733856943
-2, 26, 0.7871293333324462
63, 15, -0.4402778915210922
41, 21, -0.6956037441582213
86, 0, 0.8984563179441114
83, 4, -0.7574062270572952
57, 17, -1.374524790280899
84, 3, 2.099992181004375
82, 5, 1.571167851254841
30, 23, -0.5172472111187512
-1, 26, -0.02565945655387374
78, 8, 0.05072763480794856
36, 22, 0.806841156771601
23, 24, 1.021003559868268
14, 25, 0.752104930382536
50, 19, 1.523560423066894
66, 14, 0.3611114757987681
46, 20, 0.6983520660922335
0, 26, -0.5513575999118058
85, 2, -0.2152170329357106
81, 6, 0.2203812189168018
54, 18, -2.701741274605437
73, 11, -1.476917047557931
1, 26, -0.1322840052607346
75, 10, 0.5019083521330596
15, 25, 1.218925448661418
71, 12, -0.4936955878361129
24, 24, 0.2468802881225546
2, 26, 0.2211584938303972
86, 1, 0.8745065745614451
31, 23, -0.9192172426892004
42, 21, 2.008757665119444
80, 7, -0.2844162058633136
37, 22, -0.6295659486356134
77, 9, 0.5563754618705153
61, 16, -0.7239083476474074
69, 13, -0.405620209644424
3, 26, -0.7434120378981105
58, 17, 0.6609569541500223
64, 15, 0.3675113309203658
16, 25, -0.01807344140003511
51, 19, -0.04174317433941766
47, 20, -0.2973287650452355
4, 26, -1.207493821107566
25, 24, 1.304582931815984
84, 4, 0.6427583889679417
87, 0, -1.920719480144545
79, 8, -0.530541415337329
85, 3, -1.744632327170555
83, 5, -1.075294188932687
55, 18, 1.176872112859157
32, 23, -0.6431103466300687
67, 14, 0.712992688259055
17, 25, -0.8086926507713847
5, 26, -0.6397770843341476
43, 21, 1.180309661937792
38, 22, -2.152967488558486
86, 2, -0.1772426536135003
82, 6, -1.272209675892841
74, 11, 1.259922155432248
6, 26, 2.137763135930759
72, 12, 1.290812232042653
76, 10, -2.471294674764431
26, 24, -3.165435108755191
18, 25, 1.200035644488543
62, 16, -0.3477486260322757
59, 17, -0.7152184709049151
52, 19, -0.5161409751588824
48, 20, -0.9617829914127551
7, 26, -0.4143280186021297
87, 1, 0.02932069941288596
81, 7, -0.1095876721597458
33, 23, 1.027602577851329
70, 13, -0.6710005010180877
65, 15, 1.499365899998611
78, 9, 1.15538033809374
39, 22, 1.503230600970294
8, 26, 1.315180633451332
56, 18, 0.7722942996616858
44, 21, -0.5015598572548247
19, 25, 1.130831519067684
27, 24, 1.852254561580662
68, 14, -0.07193219146028507
85, 4, -0.4287626280003522
88, 0, -0.4591162086814956
80, 8, 1.934895128706794
84, 5, -1.179610892261225
9, 26, -2.42281792000672
86, 3, -2.123369473340029
34, 23, 0.2014993144372931
20, 25, -2.673662187254723
75, 11, -1.578518693623472
49, 20, 0.2128629147049677
83, 6, -0.1924932319266337
87, 2, -0.6782860920709246
53, 19, 1.075610948645818
73, 12, 1.49315131049647
28, 24, 0.04666965565971243
63, 16, 0.2459903339406639
10, 26, 0.2313814653241512
77, 10, -1.434908026410328
60, 17, -0.3304147713871969
40, 22, -1.912082000268511
66, 15, 0.07508760428769677
45, 21, 0.0578951096030146
71, 13, 0.1414578203866183
82, 7, 0.4194035042689895
-13, 27, -0.3333054643525255
57, 18, -0.1897371227004709
-12, 27, -1.945567359673982
21, 25, 0.3029684862413444
88, 1, 1.64130130286603
79, 9, 0.9720763832291857
11, 26, 0.9745756313849544
-11, 27, 0.01360823990303625
35, 23, -0.5989847218157012
-10, 27, 0.6012603613926997
-9, 27, -0.511213163963986
-8, 27, -0.2778723918428089
29, 24, -0.7085525787644283
-7, 27, 0.3662987264129696
69, 14, 0.2988923423331185
12, 26, -0.4092468338903929
-6, 27, 0.6819417946078805
50, 20, -0.7238560862932468
41, 22, 0.4922895373701114
22, 25, 0.9623621339199293
-5, 27, 0.9374705950767074
81, 8, -0.9515232390708873
54, 19, -0.9952957090601622
86, 4, 2.336090632837364
89, 0, 0.2324369961871612
85, 5, -0.7702443631715483
-4, 27, 0.3426568177178294
87, 3, 1.00982471036482
46, 21, -0.7145495425100236
64, 16, -0.337471465765164
61, 17, 0.6710320389967609
76, 11, 0.7191169587773828
36, 23, 1.665265076452722
13, 26, 1.499237028903229
-3, 27, 0.5091062111318336
74, 12, 1.29221556295887
84, 6, -1.963945141897669
30, 24, -0.01655208409306037
88, 2, -0.4276312542688104
78, 10, -0.08846033610514938
-2, 27, 0.005619342308336359
67, 15, -1.542560694856476
58, 18, 0.2493687793363049
72, 13, -0.008527388975661474
23, 25, -0.4709513559790056
-1, 27, -0.8549628112963501
14, 26, -1.533953996535002
83, 7, -0.154798292499737
80, 9, -0.6109373734320512
42, 22, 2.945193215090172
0, 27, -0.2764541817606333
89, 1, -0.4668367570812887
51, 20, -0.9218311140379514
70, 14, -3.850242455506586
37, 23, -0.1506330689137369
55, 19, 1.558206150960234
31, 24, 0.6399893535447345
1, 27, 0.4285482979944508
47, 21, -1.017895144344748
24, 25, 1.80625533604723
15, 26, 2.1210911999461
62, 17, 0.3888433086639089
2, 27, 3.107114745162954
65, 16, -1.512805976392458
82, 8, -1.051315003790022
87, 4, 0.7252051705795982
90, 0, -0.5066152313050902
86, 5, -1.949161259534709
88, 3, -2.014686552913382
77, 11, 1.99191064933439
59, 18, -1.865867917819505
16, 26, -1.372289313738806
75, 12, -1.614331497650159
3, 27, -0.8987635918217223
68, 15, -0.4112077445627631
43, 22, -0.8330212801536917
25, 25, 0.3339949271260062
32, 24, 1.292138378069037
85, 6, 1.661049763792309
79, 10, 1.628429329367557
73, 13, -0.8953212820601799
38, 23, -3.189345674036747
89, 2, 1.172520127901092
4, 27, 1.860184389178767
52, 20, -1.679168018960607
48, 21, 0.4809080342869563
17, 26, 0.5571672749908599
56, 19, -0.3041862211222657
5, 27, -2.006038818537295
81, 9, 0.2461920883149175
84, 7, -0.6093625437332949
71, 14, 2.154195627743981
90, 1, 0.8304989775895083
26, 25, 0.7309936427675585
33, 24, 0.1668183278743696
6, 27, 0.9405679250347727
63, 17, 2.189079888292275
66, 16, 0.2220368699382272
44, 22, 1.628896756153405
18, 26, 0.2031159363708381
39, 23, 1.260783504066098
60, 18, 1.09020832465495
83, 8, -0.4314386647990804
7, 27, 0.5826153359296545
53, 20, -0.469154595123748
69, 15, -1.753136353454544
88, 4, -1.326004177862248
76, 12, 0.6883191062358307
78, 11, 1.663423145248864
87, 5, 1.734341036587016
27, 25, -0.6802174954127754
91, 0, 5.895235593497824
49, 21, 2.294881381325588
89, 3, -0.7790428560689243
19, 26, -1.444114532448443
74, 13, 2.053489038422494
8, 27, -2.274218456991076
80, 10, 0.4805647459070489
57, 19, -2.94794465357489
86, 6, 1.753797392701222
34, 24, 0.2091519990040319
90, 2, 2.601267659727869
45, 22, 0.249002809285517
40, 23, -1.116586358877193
9, 27, 4.186973227878028
72, 14, -1.875629064288059
82, 9, -1.593001465486429
20, 26, 0.3102764000738049
85, 7, -1.014440709565341
28, 25, 0.3921670027335675
64, 17, -0.7678899639272736
67, 16, 1.956675253058865
91, 1, -2.111456122128696
61, 18, -1.083545578461172
10, 27, -1.520139744163777
54, 20, 1.693871014325895
50, 21, 0.2467418365083863
35, 24, -0.4201436091796228
21, 26, -1.411205718459636
70, 15, 0.5291817525274879
-14, 28, -0.2220195987264915
-13, 28, -0.7010033869114622
84, 8, -0.3029751650581753
-12, 28, 0.91391977019517
77, 12, -0.1323644890590391
58, 19, -0.5361209957233485
11, 27, -1.261905974026714
-11, 28, -0.5806123518970084
79, 11, 0.5435322903525043
29, 25, 1.330296521363132
41, 23, 1.339349362975347
-10, 28, 0.05347123574425237
46, 22, -0.9325623080591814
89, 4, 0.03876385197845832
-9, 28, 1.00232088944817
88, 5, -1.538216301103507
75, 13, -2.966706141407198
92, 0, -1.592638160211031
-8, 28, 0.3113934422515905
90, 3, 0.2668632147802751
81, 10, 1.033086997631051
-7, 28, 0.7190507754818826
87, 6, 1.174860857558597
12, 27, 1.524161352893982
22, 26, 0.941747974610472
-6, 28, 0.8560533539418683
36, 24, -1.71906742236406
91, 2, -0.58655107556652
73, 14, 0.6648753050397357
65, 17, 0.3348472622162821
-5, 28, -0.3278675458592603
51, 21, 0.6139795812720447
62, 18, -1.597795533401374
55, 20, -0.8428669757901833
30, 25, -0.7285775686421764
83, 9, -2.057639794952733
68, 16, -0.5761994896447389
-4, 28, 2.22458567844611
86, 7, 0.2197148722708709
13, 27, 0.1525614145340465
42, 23, -3.306591690223143
-3, 28, -1.842664865695407
23, 26, 2.038731552759246
92, 1, -0.323143781035695
47, 22, 0.4263238551897316
-2, 28, -1.89067874131992
59, 19, 0.4227955590024973
71, 15, 1.274570948890101
37, 24, -0.5708894842334886
14, 27, 0.4365386315997972
-1, 28, 0.6619757360114121
78, 12, -1.20555434578
85, 8, 1.242470478141777
80, 11, -3.098779387984325
31, 25, -0.546304428866487
76, 13, -0.7429245907883949
0, 28, -1.221353641351281
90, 4, 0.39718918857196
24, 26, 0.2121401575055655
89, 5, -0.6670221323049256
82, 10, 0.7457877364874549
52, 21, -1.916106451934502
93, 0, 1.06409641367225
15, 27, 0.3254392887511527
91, 3, -1.753445545676647
1, 28, 0.6533467714738738
56, 20, 2.806686341919132
66, 17, -0.2142943293054119
43, 23, -0.86334566664303
63, 18, 2.350515840587612
88, 6, -0.2405008430033444
74, 14, 0.881847980323857
69, 16, 2.175228126868174
48, 22, 0.2977457272413451
2, 28, -1.804483910750559
92, 2, -1.537940698942347
38, 24, -4.353678223097512
32, 25, 0.4903589270315616
84, 9, 0.6985179007978557
16, 27, -0.5510589886885027
60, 19, 0.5471620210704166
25, 26, -2.61462226353512
87, 7, -2.309078538565143
3, 28, 0.9877905256060153
72, 15, -0.1089380958768065
4, 28, -0.3222547110825277
93, 1, 0.5630672967075528
44, 23, 1.459617703565701
17, 27, 0.524786502707376
79, 12, 1.514201272535796
53, 21, 1.717420038215457
81, 11, -0.4113105122353107
86, 8, 0.1821418383720522
26, 26, 1.813283445902537
77, 13, 1.804668591608853
57, 20, 2.868134270708716
33, 25, -0.195179615069333
5, 28, 1.264314877034816
39, 24, 0.6337083176593485
49, 22, 1.410809735085564
67, 17, -0.8747261427969296
64, 18, -0.8896589946787921
83, 10, 2.121769090674752
91, 4, 1.257438653599133
90, 5, -0.2875105340322954
6, 28, 0.6064776789141365
18, 27, 3.035259121370944
75, 14, 0.9788915684006994
94, 0, 0.7867618552122497
70, 16, 0.4679179930044637
92, 3, -0.8838628019974232
89, 6, 1.22829088948326
61, 19, -0.4569995317433547
27, 26, -1.363634121674572
7, 28, -0.9138330828818215
93, 2, 0.2370410282838564
45, 23, -0.893371836109848
85, 9, -0.3443994744926415
34, 25, 1.253774465153586
19, 27, 0.0138286351503708
40, 24, -0.1711841446729808
88, 7, 1.582285539820189
73, 15, 1.125195178324687
54, 21, -0.9976894953012563
8, 28, 0.0422961885247535
58, 20, -0.4636995654351445
50, 22, -4.3976609007667
94, 1, -1.039406424994378
80, 12, 0.838260648201571
28, 26, -1.65109909555312
82, 11, -0.6569309071274962
78, 13, -0.2876386054737725
9, 28, 1.283589318714911
68, 17, -1.154304260905143
65, 18, 1.307462718906657
20, 27, 2.731409192424568
87, 8, 1.670961921221421
35, 25, 0.9860479791860435
71, 16, -2.702922602075182
62, 19, -0.5340574301658172
46, 23, 2.278886027590727
84, 10, 1.715095684982505
76, 14, -2.096291475922816
41, 24, 2.669578211300347
10, 28, 2.741139225740179
92, 4, -1.687559722223357
91, 5, 1.482705628730268
95, 0, 4.395760247623114
93, 3, 0.6156456016142206
21, 27, -1.346105041973068
55, 21, -1.733382975932314
29, 26, 0.8178117176742845
90, 6, -1.527987848009796
-14, 29, 0.077801660288472
-13, 29, -0.08865768253974189
51, 22, 0.6848642897538826
-12, 29, 1.133016080908346
11, 28, -0.1467920951300796
-11, 29, -0.2017695943795592
86, 9, 0.5782035075507992
74, 15, -0.8360573210322965
59, 20, 3.599092574517358
-10, 29, -1.1917097669667
94, 2, 4.400092007720931
36, 25, -1.676251165263707
-9, 29, -1.266581992644425
89, 7, 2.28463161369728
-8, 29, -0.4324472432545977
22, 27, -2.15975900164683
-7, 29, -2.18663173173249
12, 28, -1.481555759889336
66, 18, -1.162727720611913
42, 24, 1.479352057939655
47, 23, -0.6454672621003082
69, 17, 0.05394652479801837
-6, 29, 0.3666479555417171
30, 26, -0.8344364478158793
81, 12, 2.069273574932375
79, 13, -0.2827288386151356
95, 1, -0.9597930789623905
-5, 29, -1.349356480213818
83, 11, -1.350145677098239
63, 19, -1.578060502697018
-4, 29, 0.1995451629743473
88, 8, -1.399258577468125
72, 16, 0.6084595037520137
13, 28, 0.5037965490375358
77, 14, -3.339666206359581
56, 21, -0.7260555611719004
37, 25, 1.10427919008328
23, 27, 2.173501753864929
52, 22, -1.784186333048033
-3, 29, -0.2863602195188572
85, 10, -2.084149946816274
93, 4, 0.09713068915613628
-2, 29, 0.1587190504632319
92, 5, 1.586420799329953
60, 20, -3.079915190316169
31, 26, 2.796578144941202
14, 28, 2.063851422716286
96, 0, -0.6885779938841349
94, 3, 0.4427334913528587
43, 24, 0.8322516694175754
91, 6, 0.5035642606452625
-1, 29, 3.997363166941352
75, 15, 0.1913610989853676
48, 23, -0.2396838484602704
87, 9, 0.7873399341291875
24, 27, -2.270875141848443
0, 29, -3.204017902921333
95, 2, 0.9564088836516256
67, 18, 0.6687827188107426
90, 7, -1.37723865368162
70, 17, -0.5880144740997701
38, 25, -0.7342163157158407
15, 28, -4.088098761030557
1, 29, 2.083663527609407
64, 19, 0.6079268350627177
82, 12, -0.8835595219708301
32, 26, 0.4330666926067839
57, 21, -3.406200681440028
80, 13, 1.755675078176841
53, 22, 2.625918457806586
84, 11, -0.8525888117144999
73, 16, -0.6590075010606102
2, 29, -0.9076823116971457
25, 27, -1.684390979617446
96, 1, -3.598939770511117
44, 24, 5.466360915647029
16, 28, -1.367380123518888
78, 14, 1.978014548260987
89, 8, 1.060369762003912
61, 20, -1.336701841738669
49, 23, 0.4714397257514122
3, 29, 2.031381093280237
86, 10, -1.828503180268214
39, 25, -2.811116690868263
33, 26, -1.764580954163745
4, 29, 4.861765842513879
94, 4, 0.6306378383211075
93, 5, -0.6294253325450956
17, 28, 0.2286888761061994
76, 15, -2.680163595824071
26, 27, 0.1508176944242649
97, 0, -2.357601520885822
95, 3, -2.197369790389058
92, 6, 0.02499507504109333
68, 18, 0.5765994364409712
5, 29, -2.468910764191087
88, 9, -1.474140443703102
71, 17, -2.153825349409206
54, 22, 2.459627658949613
65, 19, 0.8192217886417329
58, 21, 1.062991637741733
45, 24, -5.04989371060906
96, 2, -1.621422101420565
18, 28, -1.017072931359813
91, 7, 1.659055168390436
6, 29, -0.4591332800340363
83, 12, 4.727512495448953
50, 23, -0.414579321238714
81, 13, -1.171988696651716
40, 25, 2.013194915970017
74, 16, -0.388781810336047
34, 26, 0.2689984477025316
27, 27, 1.631722003405766
62, 20, -0.06567274101608482
85, 11, 0.4866902397413397
79, 14, -1.597327057841342
7, 29, 0.7205293983831136
97, 1, 2.723656426021901
19, 28, 1.405402311654678
90, 8, -2.978288569529328
87, 10, 0.3240342323007824
8, 29, -2.357119229644133
46, 24, -0.4550155858657522
77, 15, 2.589897576567834
55, 22, 1.337026345282202
28, 27, -0.3255452510234891
69, 18, -0.3299877386956686
59, 21, -0.8598893034413475
35, 26, 0.8937165889106499
95, 4, 1.261965400045679
94, 5, -1.004414225750426
66, 19, -0.4691368060841427
41, 25, -0.6650672462301951
20, 28, 1.740278397704385
72, 17, 0.5293849034633099
51, 23, 0.1089447687400522
9, 29, 0.9799832385330063
96, 3, -1.446496939168953
93, 6, -1.179112264429106
98, 0, 1.986801658654925
89, 9, 1.287044737034989
63, 20, -0.07503723053517464
75, 16, 1.588484033603725
10, 29, 0.3218786082506642
29, 27, 0.8730761294752236
97, 2, -4.342213728986835
92, 7, 0.5092032334232285
84, 12, -4.022612010234154
82, 13, 0.4966993133515317
21, 28, -0.1973046889109005
36, 26, -4.035581510733738
86, 11, -1.752022715198912
47, 24, -1.860943176762497
-15, 30, -0.3706004887251448
80, 14, 1.08965494314059
-14, 30, -2.867414649843665
-13, 30, 2.134360425499222
-12, 30, -1.319008370729045
42, 25, -5.723624353354126
11, 29, -0.2932174855894883
-11, 30, -0.2952885139827541
56, 22, 0.1088406008177523
-10, 30, 0.7429626317426407
60, 21, 0.8871381334233071
-9, 30, 3.081141598965694
98, 1, 5.721028455129185
91, 8, 0.4163633489902481
52, 23, 1.528257614880031
88, 10, -0.03606952610102811
70, 18, 3.481334990311903
22, 28, -1.696779821255472
-8, 30, 1.429814175049538
78, 15, 1.6692764719156
30, 27, 1.587595803302043
67, 19, -2.803689828561523
-7, 30, -0.2304871372876179
12, 29, -1.098176330124404
73, 17, -2.900346956154961
-6, 30, 3.627270388743791
37, 26, 0.2350605955982822
95, 5, 0.1028775202054951
-5, 30, -2.341313069214177
96, 4, 1.747918219639305
64, 20, 0.9527697664286209
48, 24, -0.6897941787805413
94, 6, 2.355949525319974
-4, 30, 1.183138304620163
23, 28, 2.402388891161483
13, 29, -0.3188166660405428
97, 3, 2.659708956638497
43, 25, 2.571372742426486
99, 0, -1.61596685065365
90, 9, 2.429775264134779
76, 16, -0.002060158353376112
31, 27, -0.8186844507600038
-3, 30, -4.058708496800657
83, 13, -0.775127144125399
57, 22, 3.31397695135909
85, 12, -1.20961073505999
93, 7, 0.8351297804309631
98, 2, 0.6228938511116325
-2, 30, -4.361375744913053
53, 23, -3.847224928171902
81, 14, 0.8859340323160058
61, 21, 1.408666158765673
14, 29, 2.329419804117639
87, 11, 3.176803314871225
38, 26, -0.7106337427905507
-1, 30, -0.6754440120625174
24, 28, 1.518753488286646
71, 18, -3.478601253196648
68, 19, 0.9943372565787489
0, 30, 4.80456001554585
79, 15, -0.8080752080324932
92, 8, -1.259179008676352
32, 27, -0.4518948043586012
99, 1, -1.34872212654388
89, 10, -4.305655359113977
44, 25, -0.241859285806555
15, 29, -1.485378100902099
74, 17, 2.068445663196435
49, 24, -0.7142508140946274
65, 20, -0.900701028699405
1, 30, -0.04811484681758806
25, 28, 1.200735500689556
58, 22, 1.833568772375739
2, 30, 1.382942779189871
96, 5, 4.693134464106762
39, 26, 1.43818576631741
16, 29, 0.4897240070096293
97, 4, -2.624190828658079
77, 16, 1.601098212412644
54, 23, 0.4905778583976787
95, 6, -3.09719855216632
91, 9, -1.008602179144487
98, 3, 2.921766793154573
62, 21, 0.9518594018392399
33, 27, 0.06483327450899198
3, 30, -2.38611389177726
100, 0, 4.354364683276572
84, 13, 0.7141755748090709
86, 12, -0.4971363839893102
45, 25, -2.306446569977016
82, 14, 0.7808391505250701
26, 28, -2.860506403301364
94, 7, 0.671506534850359
17, 29, 5.37165798794414
50, 24, -2.922199486555258
4, 30, -2.159104120738141
99, 2, -1.292884917196618
88, 11, 3.090352450084766
69, 19, -2.285790647806341
72, 18, 0.6237771379150769
80, 15, 0.3376119216348402
5, 30, 2.553450711827573
66, 20, -1.945650956487869
40, 26, -0.1917077622453022
75, 17, 0.7118136212390275
34, 27, 2.957734762374276
93, 8, 1.011581314869384
18, 29, 0.07140657931343419
90, 10, 0.1375821654013951
59, 22, -0.9392463099952911
55, 23, 4.417607511911078
27, 28, -0.7851321120247047
100, 1, -4.775199971918838
6, 30, -2.435278398864754
46, 25, 2.226309427940095
63, 21, -2.916312099288231
78, 16, 2.032761112588723
7, 30, 0.5497985877654097
51, 24, -0.2094077767441377
19, 29, 0.1591896660647885
97, 5, -1.681838510538964
98, 4, -3.188811788750885
92, 9, -1.468400330383838
41, 26, 1.516944021311324
96, 6, 1.09681860833085
85, 13, 0.3221525760123539
35, 27, 1.763223214025098
28, 28, 1.781092366639295
99, 3, -0.2128960370075451
87, 12, -1.324406172096771
101, 0, -5.437617192548547
70, 19, -3.456052730810224
8, 30, -0.7446166151834031
83, 14, 5.08247718759376
73, 18, 1.131596019682727
95, 7, 1.196018502113959
67, 20, -2.543458441453285
89, 11, -3.950944327299712
20, 29, -5.110832262530187
56, 23, -0.04543746598405065
100, 2, 2.497237624498284
60, 22, 3.753427054661481
76, 17, 3.100044092467414
81, 15, -1.94932079063003
9, 30, 1.745994651626528
47, 25, 6.127537142057523
29, 28, -1.052137983258304
36, 27, -3.799270316766747
52, 24, 4.877280933219223
91, 10, -1.68584448422941
64, 21, 1.039459226060373
94, 8, 3.045277854021092
42, 26, 6.40916657830464
10, 30, -1.162006433529647
21, 29, 0.7867694271381093
101, 1, -1.312891698132037
79, 16, 1.086165237125598
-15, 31, -0.08492363133876987
-14, 31, -1.742703835547992
-13, 31, 3.269112976015726
-12, 31, -2.288751578867353
-11, 31, -0.6798091420923897
11, 30, 0.9737258858052552
-10, 31, -2.940531192362358
71, 19, 2.543567548966443
30, 28, -0.4506628232307609
98, 5, -0.5078844165776003
74, 18, -4.757213767662692
-9, 31, 2.165574141480033
99, 4, -1.569051347832364
86, 13, -0.1934844748893754
22, 29, 1.693352613576189
93, 9, 1.844059649614801
57, 23, -0.819404189529737
48, 25, -1.291430214236134
88, 12, 2.620964645747447
68, 20, 7.85734509055027
97, 6, 0.1207167252413839
61, 22, -4.980322792931445
37, 27, 2.807322694760806
-8, 31, 1.275949052834093
84, 14, -10.24308696157185
100, 3, -3.939806986633506
43, 26, -5.855321875816094
-7, 31, -8.251789215707202
102, 0, 2.46343447468402
12, 30, 3.066018317530097
77, 17, -5.345158607741498
53, 24, -2.063418839817631
-6, 31, -1.91727640061572
90, 11, -0.2792045596562702
96, 7, 0.5684815393270432
82, 15, 1.969306520420459
-5, 31, 1.687885461992482
65, 21, 2.220455358295593
101, 2, -1.077380912071935
23, 29, -4.540163330654828
31, 28, -0.7008396909628857
13, 30, 3.999228805308416
-4, 31, 1.048644103439266
92, 10, 6.772092009641704
-3, 31, 3.967071061708293
95, 8, -1.184295763142956
38, 27, 0.1438252826638826
80, 16, -4.890605257855725
49, 25, 0.7151749939307156
-2, 31, -3.110374156312504
44, 26, -0.1448463489591889
14, 30, 2.614605744370271
102, 1, 3.317043917998531
58, 23, -4.226315139545133
72, 19, -0.5249589605854832
24, 29, -0.9613061440919002
62, 22, -2.254772575406564
75, 18, -1.163564566238699
69, 20, 3.604220556175737
-1, 31, 3.252868908647043
32, 28, -2.352745141089293
54, 24, 0.6862336643567454
87, 13, 0.643662509558284
99, 5, 1.852146716314485
85, 14, -5.590639863903744
0, 31, -0.5092620733086675
94, 9, 0.6002617274757545
89, 12, -1.053513562623367
15, 30, -12.64143914613036
100, 4, -0.07123701277384764
98, 6, -3.828796984308182
78, 17, -2.164309407768508
66, 21, -4.741956398930236
39, 27, -3.736073061913723
25, 29, 4.765930721462778
101, 3, 4.884430883692461
1, 31, -4.336660888917547
103, 0, -1.978087239490928
83, 15, -3.988371781206457
91, 11, 0.3684178626042381
50, 25, 3.276899178993125
97, 7, 3.010230802605984
45, 26, 0.5175065879638732
16, 30, 1.841460390600082
33, 28, 6.880254268181804
2, 31, -2.28694637434487
102, 2, -2.494521354591935
59, 23, -0.4308692062329714
81, 16, 1.415531850941691
3, 31, 3.334486290904782