d = 43, symClass = D, D = 12.292969, Y = 0.07949312611505716
[10.27516128234039, 10.27519726123999], 10.27518362334307
1, 0, 1
2, 0, 0.8368141684844949
3, 0, 0.8062935662668516
0, 1, 0.01937865500931607
1, 1, -0.739456645166972
4, 0, -0.2332724471698491
2, 1, 1.326393254148193
3, 1, 0.1644517793505965
5, 0, 0.6907497479936293
4, 1, -0.6897770982453298
6, 0, 0.4174731444871463
5, 1, -0.4384176964586492
-1, 2, -1.479462273123171
0, 2, -1.552151049795792
1, 2, 0.476693223834901
7, 0, 0.005859132949505505
2, 2, 0.03725497346452349
6, 1, -0.2003202212765833
3, 2, 0.1367271504187743
8, 0, -1.294614756043075
7, 1, 0.3204114377552789
4, 2, -0.2736104558477014
5, 2, 0.7247177328392033
9, 0, 0.5464783516008144
8, 1, -0.524643170371352
6, 2, -0.7630105143877146
-1, 3, -0.694037932165901
0, 3, -0.5780551271635992
10, 0, -1.055024352793315
9, 1, 1.174829348592023
1, 3, -0.2530979575849664
7, 2, 1.283742289473496
2, 3, 0.2578319567262054
3, 3, -1.278290494391833
11, 0, 0.7974163642234895
10, 1, -0.1762193777590828
8, 2, -0.2981937266723144
4, 3, 0.3373647083877355
5, 3, -1.11391238250146
11, 1, 0.2653467056517468
9, 2, 0.01891092354039221
12, 0, -1.509745034156315
6, 3, 0.4346972581002469
10, 2, -1.102836210210094
12, 1, 0.180455417934681
13, 0, 1.422650858653086
7, 3, 1.092031004221476
-2, 4, -0.8040371372184364
-1, 4, 0.5820178351683256
0, 4, 0.949884219334293
1, 4, -0.4307744431174895
11, 2, -0.9523900707402442
8, 3, -1.132636088711132
2, 4, -0.9976954376850067
13, 1, 0.1187550422391236
14, 0, 1.585572954124907
3, 4, -0.09280494156259714
9, 3, -0.1877622279029457
4, 4, 0.1628681945605544
12, 2, -0.1604615384087536
14, 1, -0.5823639479100213
5, 4, -0.6331370148882357
15, 0, 0.2965523025452179
10, 3, -0.6416126465486193
6, 4, -0.5231347508181636
13, 2, 1.178554968898918
15, 1, -3.774300238570231
11, 3, 2.805869714255968
7, 4, 4.290553163065915
16, 0, -3.684152376529459
14, 2, 1.008377685289029
-2, 5, -1.610576673547069
-1, 5, 0.7413519155208301
8, 4, 0.848899904930719
0, 5, 0.4907996413413812
12, 3, -1.939665220220976
1, 5, 0.06449026308118078
16, 1, -0.652564848666451
17, 0, 0.09412802039593379
2, 5, -0.6076308405169074
9, 4, -0.1370936942535451
15, 2, 0.4645848297354302
3, 5, 1.60244831538012
13, 3, -0.08416310281448873
4, 5, -0.7283874155848366
10, 4, -0.04734942906230671
17, 1, 0.5357863691063015
18, 0, -0.1225773259602726
5, 5, -0.6663890034230278
16, 2, -0.01135951719160747
14, 3, -0.4172512680731041
11, 4, 0.4260308286146555
6, 5, 0.8281099115377701
18, 1, 0.2567445418461274
7, 5, 0.6071226121742004
19, 0, 1.296210436063411
17, 2, -0.3300195656435287
12, 4, 0.2010540069201742
15, 3, 0.1026088079554591
8, 5, -0.3343861633881471
-3, 6, -1.251585672608156
-2, 6, -0.1700311605311264
-1, 6, -0.5557329954128698
19, 1, -0.3280161436303115
0, 6, -1.624547513452643
13, 4, 1.06518828666148
20, 0, 0.4262892457186542
9, 5, -0.8928460401597675
1, 6, 0.7055577658183123
16, 3, 1.167072497553921
18, 2, 0.638506636845583
2, 6, 0.2070827460309493
3, 6, 1.117097690441641
10, 5, 0.09855892235814946
14, 4, 1.2822033435168
20, 1, 0.2386493973058795
4, 6, -0.4048290745411499
17, 3, -2.211483944385295
21, 0, -0.4598611297474108
19, 2, -0.8665193490540504
11, 5, 1.534762180623777
5, 6, 1.814421844623112
15, 4, 1.202050372769009
6, 6, -3.487573906742451
21, 1, 4.384535321912555
18, 3, -2.405216190573453
12, 5, -5.775574033833842
22, 0, 17.38264939824421
20, 2, 11.03012197294432
7, 6, 8.404872950193129
16, 4, -0.07231720632056361
8, 6, -1.256451445078627
13, 5, 2.90097756480562
22, 1, 0.7098522074901863
19, 3, 1.280584403395962
21, 2, -0.1551450708501687
-3, 7, 0.5889595326805243
23, 0, 0.5307295530676748
-2, 7, 0.3660930479352741
9, 6, -0.27646084887873
17, 4, 0.04843281236164038
-1, 7, 0.1993375232950932
0, 7, 0.9402136876565887
14, 5, 0.003146420947775434
1, 7, 1.287000533424379
10, 6, 1.331041108564209
2, 7, -0.1966555011470702
20, 3, 1.239387783361083
23, 1, -0.1062177417738657
3, 7, -0.4389041403007061
22, 2, 0.8784907136313957
18, 4, 0.1843972969765016
15, 5, 0.1464998252469376
24, 0, 0.2799952976486431
11, 6, -0.1264218547294126
4, 7, 0.3717701902607524
5, 7, 0.2973897562850343
21, 3, 0.9346261580015343
24, 1, 0.1389444502188528
16, 5, 1.20704598851127
12, 6, -0.3841461286424711
19, 4, 0.8258817753121165
6, 7, -0.2980533629579854
23, 2, 0.2533645438817822
25, 0, 0.05136162988249754
7, 7, -2.584884934688091
13, 6, -0.4396793084778927
22, 3, -0.2492881841659466
17, 5, -0.06622246568557874
20, 4, 0.5095205829932017
8, 7, -0.9158009683570741
25, 1, 0.4814996579935971
24, 2, -0.08965742703571429
26, 0, 1.497476838595841
14, 6, 0.154200158175662
9, 7, -0.6209708000000606
-4, 8, 0.6749203769751562
-3, 8, 0.2867374715000215
18, 5, -0.2481349209132071
-2, 8, 0.2361943552202906
23, 3, -0.6130835387713155
-1, 8, -1.019543428819726
21, 4, 0.6891919084373652
0, 8, 0.8371180450632926
10, 7, 1.183505238585646
15, 6, -1.210949103546611
1, 8, 0.4037793960950021
26, 1, 0.9358621467476113
25, 2, -0.4295018192296388
2, 8, -0.3757483646005023
27, 0, 1.882579001779191
19, 5, -0.8649724323986583
11, 7, 0.4754855328498837
3, 8, 0.1643099642709966
24, 3, 0.4056869656487029
22, 4, -0.8074435717988341
16, 6, -0.8840651819306311
4, 8, 0.2589541470365636
27, 1, 0.1698733341423224
12, 7, -1.350680088661184
5, 8, 0.8611571298981945
26, 2, 0.3191539835236372
20, 5, -0.08166228103015269
28, 0, -1.271031861231706
17, 6, 0.02940272992509083
6, 8, -1.071220526569475
23, 4, 0.04550823365774766
25, 3, -1.03524633142912
13, 7, -0.8120967306921657
7, 8, 0.204200642465319
21, 5, 0.01075436159598868
28, 1, 0.1499905444831275
27, 2, 0.08894537716874384
18, 6, -0.1933076392069342
8, 8, 0.2515710139957462
14, 7, 2.157182869019905
29, 0, 0.6899259815759567
24, 4, 0.3908324408043482
26, 3, -1.617514620737821
9, 8, 0.1808683768878931
22, 5, -1.041011813436252
15, 7, 0.7007728547583776
-4, 9, -2.812800754807049
19, 6, -2.523612242140343
-3, 9, -0.4947705887049118
-2, 9, 0.8186644404652405
29, 1, 1.587774457430108
-1, 9, 0.2068611104300721
28, 2, 1.340591617921571
10, 8, 0.1841415789094698
0, 9, 4.717388884832637
30, 0, -1.834668749909876
1, 9, 2.985066355437533
25, 4, -1.764188450645732
16, 7, -1.003226876525854
27, 3, 1.022121409045729
2, 9, -1.071602011376903
11, 8, 1.768970842658007
20, 6, 7.44846768379818
23, 5, 3.753807457050188
3, 9, -7.272922537006654
30, 1, 20.43857326630796
4, 9, 6.523282798634479
29, 2, 10.51376546670603
12, 8, 1.104746258277483
17, 7, 4.655785602596066
26, 4, -5.978558631702302
5, 9, 0.37238642155924
31, 0, -2.123735322091203
21, 6, 6.045210348018153
28, 3, 1.393550175433427
24, 5, -3.908117903705405
13, 8, 0.476884801796591
6, 9, -1.780644032294286
18, 7, 0.3531167362630699
7, 9, 0.7854926652482627
31, 1, 0.1430706079879991
30, 2, 1.577091039369856
22, 6, 0.2793453239612919
14, 8, 0.3801344372300688
27, 4, 0.1084429624165865
32, 0, 0.09478542498541169
25, 5, -0.5024746293922555
29, 3, 0.7568323897828896
8, 9, 0.7196148476505484
19, 7, -0.81508722006503
15, 8, -0.8572615559825149
9, 9, -1.930822735160314
23, 6, -0.9020529625472685
32, 1, 0.6639563095897955
31, 2, 0.5015597845962531
28, 4, -1.060151400660018
-5, 10, -0.7109937025979687
-4, 10, 0.2019050244663959
20, 7, 0.2827828191024369
-3, 10, 0.2927522159291279
26, 5, 1.967486684703406
10, 9, 0.5866216080606727
-2, 10, -0.8212127434470685
16, 8, -0.4577471796201526
33, 0, 1.499006285243094
30, 3, -0.1896023949761197
-1, 10, 0.4155617777385596
0, 10, -0.2495741733212763
11, 9, -0.8366865815026406
1, 10, -0.3979311345228009
24, 6, -0.521621031481472
2, 10, -0.5316725563338006
21, 7, -0.6437067052223968
17, 8, -0.1130292622677931
32, 2, -1.079145557449559
33, 1, -0.116104207386266
29, 4, 0.2152611385768906
27, 5, 0.7273763410390567
3, 10, 1.433555831965269
12, 9, 1.209494931581967
31, 3, 0.9623817499273445
34, 0, 0.6242890303606402
4, 10, -0.3271833718938233
25, 6, -0.4534652902866286
18, 8, -0.3016221719370173
5, 10, -0.7031368018194448
22, 7, -0.7725209730755639
13, 9, -0.9441747385070766
30, 4, 2.039546559505497
6, 10, 1.781538280212603
33, 2, -0.1067672026526546
28, 5, -0.09696354141804135
34, 1, -0.152181736911271
14, 9, 0.851568976715474
19, 8, 1.206141980681255
32, 3, 0.1046957429397977
7, 10, 1.232542900346767
35, 0, 1.691723875208381
26, 6, 0.6484876024426917
23, 7, -0.7817973958207403
8, 10, -0.705467445530594
15, 9, -0.2606742161437956
31, 4, -0.1895410336008456
29, 5, 0.08882938669348092
20, 8, -0.4225704420173667
34, 2, -1.035652611975028
35, 1, 0.3338194339466313
9, 10, 0.361673522744449
24, 7, 0.8961291997592816
33, 3, 0.9760951102336388
27, 6, 0.848708756284242
16, 9, -0.3816394043843488
36, 0, 1.278437449885357
10, 10, -0.3242692370805271
-5, 11, 0.02766306243870141
-4, 11, 0.1208626241381587
-3, 11, 0.06159849185572008
21, 8, -0.4483984234700416
-2, 11, -1.504451307007928
-1, 11, -0.3841854086982647
30, 5, 0.1975181036999563
32, 4, -0.6520455471708512
0, 11, 0.1525557522481225
11, 10, 0.2393363830751523
17, 9, 1.726926349717356
35, 2, 0.1632669297132182
25, 7, -0.9082632903405543
36, 1, 0.3524231935699056
1, 11, -0.04445710086944769
28, 6, 0.4893297614634644
34, 3, 0.1021898077086671
2, 11, -0.5239489206855409
22, 8, -0.1574821871526332
12, 10, 0.5794280997172441
37, 0, 0.9352829038635521
3, 11, -1.226584255002843
18, 9, 1.027028961160287
31, 5, -1.845677006403235
4, 11, -1.798206916007991
33, 4, -0.5823585251157918
26, 7, -0.5341730630889562
13, 10, -0.2071412496859076
29, 6, -0.2569468473952097
5, 11, -0.116880348512882
36, 2, 0.8958600276991996
37, 1, 0.5481508657973519
23, 8, -0.4733642318224269
19, 9, -1.007481775007605
35, 3, -0.5723727566628621
6, 11, -0.2825549434272038
14, 10, 0.7939281862695737
38, 0, 0.2466319123762401
27, 7, 0.6207356804851282
7, 11, 0.7239098678044632
32, 5, -1.081302263607147
34, 4, -0.4556486263584879
20, 9, 1.358460219848205
24, 8, 1.690879919293358
15, 10, -0.3427946695190754
30, 6, -2.23501567086072
8, 11, 0.3161259489352382
37, 2, -0.8071182103248037
38, 1, -0.3903320936043191
36, 3, -0.7707097499648635
9, 11, 1.384120328002365
16, 10, 1.49664724168769
28, 7, -2.265551984878929
39, 0, 2.245991541899541
21, 9, 0.9660970668269757
33, 5, 0.08605030468016117
25, 8, 0.1352846229429366
35, 4, -1.111246016011566
10, 11, -0.5658009303558037
31, 6, -0.3111167072909348
-6, 12, 0.7836643520991645
-5, 12, -0.4533300167831952
-4, 12, 0.6079909695549751
-3, 12, 0.4571868300902755
17, 10, -0.3560255698083697
-2, 12, -1.268298755798237
38, 2, -0.6169013156856242
39, 1, 0.4927870124971391
22, 9, 0.6230018023580901
11, 11, -0.8243532556203205
-1, 12, 0.2784633285005204
37, 3, -0.4617706158927968
29, 7, -0.2448227116322329
0, 12, -0.08882466568468136
26, 8, 0.8373864610199105
1, 12, 0.221956152475106
40, 0, -0.7444090922884269
34, 5, 0.4705376804444035
18, 10, -0.6292757731800603
12, 11, -1.596845011962197
2, 12, 0.8911281701989447
32, 6, 0.9247668613766959
36, 4, 1.05896274368915
23, 9, -0.2259509580746198
3, 12, 0.4126835105336358
39, 2, 0.6822675763533188
13, 11, 0.4307672087978332
4, 12, -0.5283469685611653
30, 7, -0.6827791285550374
27, 8, -0.2187788746070357
40, 1, -0.4214403533732931
19, 10, 0.2005687961319668
38, 3, 0.2761618178472751
5, 12, 0.2334006229490151
35, 5, 1.471018445208821
41, 0, 0.8038824133266573
14, 11, 1.946226058297803
33, 6, 0.02379455746060812
24, 9, -1.04353151511357
6, 12, -0.3178467994359925
37, 4, -0.5620241400000074
20, 10, 2.064596690284062
28, 8, 1.364791161512124
31, 7, 0.5382257037195588
7, 12, 0.753977442364968
15, 11, -0.01346073797457258
40, 2, -0.395629817884803
41, 1, -1.415921128074985
39, 3, 0.6472502811836529
25, 9, -0.6007120331915353
8, 12, -0.09410035443611327
36, 5, -0.8845843647882359
21, 10, 0.2399498735195118
34, 6, 0.2171891133448902
16, 11, 1.949860612141559
42, 0, 1.20864262015984
38, 4, 0.2141784197610523
9, 12, -0.5584250053522285
29, 8, 1.059002147133639
32, 7, 0.5266712834229265
26, 9, -0.9716015740508464
22, 10, 0.3816268186832751
10, 12, -1.377996076710141
41, 2, -1.828720029961754
17, 11, 1.194571864631482
42, 1, 0.6102248376232151
-6, 13, -0.610058315598309
-5, 13, 0.2773209640592443
40, 3, -2.213600532059371
-4, 13, 2.288013939966279
37, 5, 0.04543921111332914
-3, 13, -0.1128659317014366
35, 6, 1.065222997094178
11, 12, 0.008879399065967675
-2, 13, 0.9764773827178177
30, 8, 1.016756277462986
-1, 13, -1.231418590612863
43, 0, 6.276559624741918
39, 4, -3.751084156024364
18, 11, -2.157165465653997
33, 7, -3.929912603656707
23, 10, -5.918553856217691
0, 13, -2.873989298129364
27, 9, 0.5151870356685231
12, 12, -2.107345176901602
1, 13, 0.8476954541229136
2, 13, 2.072419335221647
42, 2, 0.5243117798860708
19, 11, 6.089227439566529
43, 1, 1.438220682673858
41, 3, 2.150765050744242
3, 13, -8.207520613500719
36, 6, -4.452470422439082
38, 5, 2.984828315057314
13, 12, 11.81889725132616
31, 8, 6.714619780039756
24, 10, -15.04230013824677
4, 13, -1.846989779462485
28, 9, 9.232103041652007
34, 7, 11.45116095210855
44, 0, -9.95625596229754
40, 4, -33.41515015040958
14, 12, 7.781935336515232
5, 13, 8.563796806212096
20, 11, 2.425584352764525
6, 13, -0.5860991104640805
25, 10, -7.967524441359118
43, 2, -5.85914129492878
32, 8, 10.12282025073891
37, 6, 1.697676794528452
42, 3, -6.813718987054367
15, 12, -8.938591521804026
44, 1, 4.153054308093496
39, 5, -4.156849998963585
29, 9, 1.675057562156534
7, 13, -3.709312277477677
21, 11, 4.48992270285232
35, 7, 2.076768008371865
41, 4, -4.188346658345127
45, 0, 1.56209467143879
8, 13, 3.860913765548093
16, 12, 1.761458971239851
26, 10, 3.89116794949536
33, 8, -2.263932064773121
22, 11, -1.236884652709682
9, 13, -1.740738613872916
30, 9, -0.5541690036943776
44, 2, 0.162198144051572
38, 6, -0.1453057574607194
40, 5, 2.241872034019442
43, 3, -0.1591506320790616
17, 12, -0.6116863751515099
45, 1, -0.09343621873740533
36, 7, 0.4508368254794624
10, 13, -1.113400604040583
27, 10, -0.4853910485707429
-7, 14, -6.950619335242069
42, 4, -0.7102503444357392
-6, 14, 0.01061587843505851
-5, 14, -0.7125142242817648
23, 11, -1.00521753768097
46, 0, 0.6421920190555499
-4, 14, 1.639427273003193
11, 13, -1.48585836361668
-3, 14, -0.372616066018118
18, 12, 0.7369894176130561
31, 9, -0.07642809897651591
34, 8, 0.3239590221927721
-2, 14, 3.02676612813337
-1, 14, 1.20780503087056
39, 6, 1.045861808417229
0, 14, -2.987878258057763
45, 2, -0.2737800553475175
12, 13, 0.9164346881981404
41, 5, -1.719200759332355
28, 10, -0.315272474715529
44, 3, 0.08833244200410684
37, 7, -0.6451749831717383
24, 11, 1.082558928703438
1, 14, 0.01964308129295478
46, 1, 1.993506229970517
19, 12, -0.05859805475055273
2, 14, -0.1423119234777316
43, 4, -1.288458359741649
13, 13, -0.6763756820593503
32, 9, 1.041258401487077
3, 14, -1.245170598406254
47, 0, 1.602248779648164
35, 8, -0.8414840467867573
20, 12, -1.831584483953315
4, 14, 0.3438108452619582
29, 10, 0.6744922236912527
25, 11, 0.2443339120445052
40, 6, -0.1007267115375318
14, 13, -0.1517004631313373
42, 5, -0.3477323893465966
38, 7, 1.088828159524999
5, 14, 0.7406521980890025
46, 2, 1.047170480481887
45, 3, 2.112946973413416
47, 1, -0.9102363612317688
6, 14, -0.4728632282271236
33, 9, 0.4546434012567078
21, 12, 0.4580056355472137
15, 13, 1.220017374775851
44, 4, 0.0852603680169161
36, 8, 0.4758204005432241
26, 11, -1.314001878622999
30, 10, -0.1690690962115585
7, 14, 1.094375235017477
48, 0, -0.2086536446433224
41, 6, 0.3653876217879275
16, 13, -0.8244903462961775
22, 12, -0.7504157827232728
8, 14, -0.3367395855803881
39, 7, 0.8491665737519044
43, 5, -0.6739798189453465
47, 2, 0.4039775072466327
46, 3, 0.2680888837358505
34, 9, 0.7741455729962716
27, 11, 1.143802503694245
48, 1, -0.2869951515492599
9, 14, 0.6923536075786723
37, 8, -0.4827553802537448
17, 13, -1.97655899332263
31, 10, 0.1699150872111408
45, 4, -1.785757746656078
23, 12, 0.3133762720869283
10, 14, 1.018463830709584
49, 0, 1.723419384430787
42, 6, 0.3480143315700425
18, 13, -0.3511318775480165
40, 7, -1.055806828152609
-7, 15, -1.328235085536608
-6, 15, 1.131880449894478
28, 11, 0.1288975977767709
-5, 15, 0.1821788484346964
44, 5, 1.020420207105367
35, 9, 0.7264724050703751
11, 14, 0.4033812762738443
-4, 15, 0.5212565351126039
-3, 15, 1.385749045456798
48, 2, 0.319288178910021
32, 10, -0.3651519724486476
24, 12, 1.246672331579591
47, 3, 1.092442926728799
-2, 15, 0.9352309060657982
38, 8, -0.3968576664924869
49, 1, -0.75532510160014
-1, 15, -0.5774122566438225
19, 13, 0.4326935635466369
12, 14, 0.2826734310298004
0, 15, -0.4113945354444328
46, 4, 0.7356453490386115
29, 11, -0.4936879956308922
1, 15, 0.1002860530353857
50, 0, -1.039496729396805
43, 6, 0.5429013342115925
41, 7, 0.4779118447474358
13, 14, 0.7263178600185691
25, 12, -0.1455811509230976
2, 15, -0.7116646730133952
36, 9, -0.9249183115645028
33, 10, 1.380048160576691
20, 13, 0.6689167121495089
45, 5, 0.4603003908102516
3, 15, 0.713825449508358
39, 8, -0.1104367130424881
49, 2, 0.2237468581443635
48, 3, -1.108539711563389
14, 14, -0.5586394717986082
4, 15, 0.4834750211179354
50, 1, 0.9303971196012942
30, 11, 0.8777562835737015
26, 12, -0.02776263777767724
47, 4, -0.8003518766958362
21, 13, -1.154700810997032
5, 15, 0.1457195230944489
15, 14, -0.02129368001329327
37, 9, 0.6141443254585922
44, 6, -0.191433121699863
34, 10, 0.2624025208762201
42, 7, -0.2652518372402091
51, 0, 1.339517908704084
6, 15, 0.1660307096246436
46, 5, 0.4237519719923273
40, 8, 0.7111785424025008
22, 13, 0.3756187379772148
7, 15, -0.4040000492924571
31, 11, 0.9524790278283091
16, 14, 0.4170015112831026
27, 12, 0.1815686148470989
50, 2, 1.276517987430786
49, 3, -0.3191889607352958
8, 15, -0.3404471146347371
51, 1, -0.1134644996299924
48, 4, -0.1762633506783838
35, 10, 0.985615434432484
38, 9, -0.02276164182118394
17, 14, -0.4172357943383423
23, 13, 0.03726029772873728
43, 7, -0.005187612896129243
45, 6, 0.0651296506862061
9, 15, 0.1772326738380056
52, 0, 0.3509724185992834
28, 12, -0.3151336204637611
32, 11, 0.5101026397314291
41, 8, -0.2125934293846483
47, 5, 0.0661044891726196
10, 15, -0.4319236867746175
18, 14, 0.2167927262345453
51, 2, -0.3279332384696481
24, 13, 0.1160537775874393
50, 3, -0.1531019982559531
-8, 16, 1.606532609151318
-7, 16, -0.2437625466893739
-6, 16, 0.6704294354243343
36, 10, 1.371351679631107
-5, 16, -0.2909138202722106
11, 15, -0.7421636645880282
39, 9, 0.5183754573645307
52, 1, -0.3055598004071918
-4, 16, 0.2078471743402938
49, 4, -0.02135802270643553
29, 12, -0.4720379793857594
-3, 16, 0.447356428294978
44, 7, -0.3291779406258272
33, 11, -0.936640017606731
19, 14, -0.8062294327909251
46, 6, -1.283548403905459
-2, 16, -0.5601495516838079
12, 15, -1.259653777514362
-1, 16, 0.2217521712651836
42, 8, 0.6840011855764274
53, 0, 0.04032895404597035
25, 13, 1.005662356330703
0, 16, -0.407507810283985
48, 5, -0.1928075049259858
1, 16, -0.09917821725140799
20, 14, -1.31739169191716
37, 10, -0.07494898843675953
13, 15, -0.2516387527049322
30, 12, -0.4900765281639011
40, 9, -0.5798291538619318
2, 16, 0.9376630569401562
52, 2, 0.6991828076345041
51, 3, 0.03863436104658548
34, 11, 0.2618412823907351
53, 1, 0.7707851890016282
26, 13, 0.9708070852811094
3, 16, 0.2349451532280007
50, 4, -1.068456130194396
45, 7, 0.6271869752170088
14, 15, -1.018198942812092
47, 6, 0.4730397289890321
21, 14, 0.650865005090412
4, 16, 0.40001393218941
43, 8, -0.3913453828227164
54, 0, -0.4984444518209011
31, 12, -0.9966236226293573
5, 16, -0.3994204040955459
49, 5, -0.1526658222469598
38, 10, 0.5233150615496739
15, 15, 0.2472360512367635
27, 13, -0.8939910505747136
41, 9, 0.05634784041505041
35, 11, 0.6277829082623324
22, 14, -0.6612529764510827
6, 16, -1.272014468757311
53, 2, -0.4540507427397829
52, 3, -0.3974259977755384
16, 15, -0.02572684563323015
7, 16, -0.3953478325209588
46, 7, -0.2630456617163837
54, 1, 0.196139974720506
51, 4, -0.3535124650513412
48, 6, 1.09104973726487
44, 8, -0.276371692221174
32, 12, -0.4616908619463506
28, 13, 0.9432421024632478
23, 14, 0.6192877537494583
8, 16, 1.026814065961116
39, 10, -0.2244065295872833
17, 15, 0.3808189432548456
36, 11, 0.7136585024714388
55, 0, 0.2810632140722458
50, 5, -0.4205111558429513
42, 9, 0.2837820939109508
9, 16, -0.3413254143285922
53, 3, 0.358778073002132
54, 2, -0.7174212740372033
24, 14, -0.9381744959292527
33, 12, 1.029468618843407
18, 15, 0.9386652433141127
10, 16, 0.06312926850719036
47, 7, -0.2353784499044974
29, 13, -0.7967281000056273
52, 4, 0.1286318743273764
45, 8, 0.08389062282886824
55, 1, -0.2711620290598112
49, 6, -0.3386339549005112
40, 10, -1.082181839472392
-8, 17, 0.05161591251309761
37, 11, 0.7281235795917133
-7, 17, -0.2305833587709046
11, 16, 0.6136785662340182
-6, 17, 0.1930203275317232
-5, 17, -0.3989692475300521
19, 15, 1.068907097880092
-4, 17, -0.1864995465664563
43, 9, -0.4306709883013783
51, 5, -0.4524933210477501
25, 14, 0.09195006605175814
56, 0, 0.04791913465484437
-3, 17, 0.00783425500078779
34, 12, 1.380759427270941
-2, 17, 0.476089533600239
30, 13, 0.4743587859394766
12, 16, -0.4340872190593315
-1, 17, -0.4752846994827513
20, 15, -1.06082191452888
54, 3, -1.236125952468967
55, 2, -0.27784975637209
48, 7, 0.09980037655086438
0, 17, -0.2463359783106532
46, 8, 0.3625423206596936
41, 10, 1.467382352842797
38, 11, -0.2933733201174091
13, 16, 0.02795123370509007
50, 6, 0.6117919300791658
26, 14, 0.09302862554968357
1, 17, -0.5584210446605185
53, 4, -0.6389505485465463
56, 1, 0.09517094637907174
2, 17, -1.262163643579364
44, 9, -0.3099828674021517
31, 13, -0.07169122752081186
35, 12, -0.9328187097777613
21, 15, -1.047938472355079
14, 16, 0.3321836114981228
52, 5, 0.3396483005679701
3, 17, 0.4728960683553819
57, 0, 2.69210841009788
27, 14, -0.4008877691009404
4, 17, -0.850822504980178
39, 11, 0.1864511628149532
15, 16, 0.7375998564583142
49, 7, -0.2101862458561372
42, 10, -0.8490546702229451
55, 3, -1.449850813476014
47, 8, -1.257516993114647
22, 15, -0.238062303524564
5, 17, -0.7008313566413543
56, 2, -0.2731833901381835
32, 13, 0.1379800807640099
51, 6, -1.164796385376442
54, 4, 0.4773941298057564
36, 12, 0.2644879571324708
57, 1, -0.03295968469718594
6, 17, -0.27185672802066
45, 9, 0.1257213240375043
16, 16, 1.299763392487234
28, 14, -0.5284462421997972
7, 17, 1.332083301247375
53, 5, -0.09092149361674737
23, 15, -0.4820981079999862
58, 0, 2.113704455105399
40, 11, -0.228969823303541
33, 13, 0.2038536550900169
17, 16, 0.3057856420276572
8, 17, 0.6263324224719984
43, 10, 0.1766361418719667
50, 7, -0.756220257968037
48, 8, -0.4340763081988757
37, 12, -0.7640031487637715
56, 3, 0.001224607959269127
29, 14, -0.6805400499356359
57, 2, -0.4006799674197234
24, 15, -0.2461543945168541
52, 6, -0.2406484637759498
9, 17, -0.3930760164183609
55, 4, 0.6350314476009296
46, 9, 0.9112351530520807
18, 16, 0.4320522855586092
58, 1, 0.1336764593439597
10, 17, 0.3689091524413872
34, 13, -0.5029345119085259
54, 5, 0.4905488624137037
41, 11, 0.01182903756431998
25, 15, 0.8179319536974331
44, 10, 0.3606898249510434
30, 14, 0.646687119104802
59, 0, -0.3876095936314372
19, 16, -0.1958430249490185
-9, 18, -1.39748800906907
-8, 18, -0.4553276161574113
38, 12, -0.2514413970747474
11, 17, 0.1497193063545935
-7, 18, 0.3415411531595973
-6, 18, -0.8886816600670372
51, 7, -1.342557354532554
49, 8, -0.8831990437387058
-5, 18, 0.6808980451654577
-4, 18, 0.735293269355623
57, 3, -0.2646395182313472
-3, 18, -0.3844920813289098
53, 6, -1.820071428006174
47, 9, -0.600738926705912
58, 2, 0.1505238084997598
12, 17, 0.08587281504470236
-2, 18, -0.5295622038019292
56, 4, -0.2666347291746407
20, 16, 0.7016664738061898
35, 13, 0.7983796797214345
26, 15, -0.5100361626969893
-1, 18, 0.8044958236486875
59, 1, 0.3685157791599503
31, 14, -0.03629558101609698
42, 11, 0.1065611457796937
0, 18, -0.6603865316253142
13, 17, 0.4821102783590543
39, 12, 0.5689967678231775
55, 5, 0.02881364229703273
45, 10, 0.4387049121446004
1, 18, -0.6156755548765714
21, 16, 0.2849090264838245
60, 0, -0.4372372410815912
2, 18, -0.7465945857021203
50, 8, -0.3588361207800118
52, 7, -0.03232954927886579
27, 15, -0.4191810792651912
14, 17, -0.03259838141082814
36, 13, 0.441498495576412
48, 9, 0.6172985016052266
3, 18, 0.843836448438723
32, 14, -2.04517386960273
54, 6, 0.3237391115059501
58, 3, 0.3891668839288647
59, 2, -0.7059358734609628
4, 18, -0.4665340502590409
22, 16, -0.5401100086811708
57, 4, -0.8523159781883273
43, 11, -0.2782934701992383
15, 17, 0.643736609304469
40, 12, -0.5407987754095431
60, 1, -0.2714895994626388
46, 10, 0.7464053525714741
28, 15, 1.156427880433385
5, 18, 1.828671184555152
56, 5, 0.4273197459610996
33, 14, 0.6072445389854566
16, 17, 0.9982107314034552
6, 18, 1.029276000929865
37, 13, 0.9117752788763674
51, 8, 0.5254538612935884
23, 16, 0.5378413280342429
53, 7, 0.4971383876068212
61, 0, -0.1762720797749987
49, 9, 0.3626465158283136
7, 18, -0.4837885398221632
55, 6, -0.569537818261392
44, 11, -1.602685059026997
29, 15, -0.2405063071952011
59, 3, -0.4903695834454713
41, 12, -0.2059606107951738
17, 17, -0.8200015323291288
60, 2, 0.7661052954363602
8, 18, 0.3661257903581686
58, 4, 0.5076469423570535
24, 16, -0.8461404966680297
47, 10, 1.027351089584067
34, 14, -1.278722939421606
61, 1, 0.4912243721631434
38, 13, 0.600054761922262
9, 18, 0.4077209778255035
57, 5, -0.6460464714583843
18, 17, -0.4649657639049565
52, 8, 1.287346904594416
30, 15, -0.05237718616165937
54, 7, 0.3540528783154865
50, 9, 0.7237977974117182
25, 16, -0.1308876392778044
10, 18, -0.009614350777119002
62, 0, 0.7898941907973348
45, 11, -0.4357319765155059
42, 12, 0.8425355917012438
19, 17, 1.831044351092067
56, 6, 0.1894097003159319
35, 14, -1.325114860488591
60, 3, 0.02404567729116404
-9, 19, 0.4333992856760701
11, 18, -0.2566247936764704
-8, 19, 0.2149545164262011
48, 10, -0.4087373324050471
-7, 19, -0.9485321229581527
61, 2, -1.137167607342627
39, 13, -1.351133513239019
59, 4, -0.09607832057094531
-6, 19, -0.07265601129393036
-5, 19, -0.1416228015530344
31, 15, -0.02607589299369915
26, 16, 0.439513427402859
-4, 19, 0.5928870113675838
62, 1, -1.134124810005663
20, 17, 0.8933222254928452
-3, 19, -2.181395725230038
12, 18, -0.6867018136558344
58, 5, 0.5536330892488138
53, 8, -0.1707957902827246
-2, 19, -0.466127572396846
55, 7, 0.02843099970981097
43, 12, -0.2317064885711479
51, 9, -0.8393941001450854
-1, 19, 0.4106168336504901
46, 11, 0.7998048838651649
36, 14, 1.910607006453543
13, 18, -0.8298514196947652
63, 0, 1.76320925429499
0, 19, -0.7480539471363278
21, 17, 1.101985367646868
27, 16, 1.103009967723921
40, 13, -0.8703168921483696
32, 15, -0.8962865482092548
57, 6, -1.756537421972128
49, 10, 0.07559733060580021
1, 19, -0.3095191635397421
61, 3, 0.457473907203914
14, 18, 0.9740168122276454
62, 2, 0.5704416158465765
2, 19, 0.3436405471500816
60, 4, -0.5710606267748527
3, 19, 0.5194019081506958
22, 17, 0.8848647257485124
63, 1, 0.9307064456979131
37, 14, 0.5872397017755009
44, 12, 1.031352328866639
28, 16, 0.5088463978207818
59, 5, -0.1207575923092609
54, 8, 0.596338176687218
47, 11, 0.02007299089010485
33, 15, 0.4877130093896986
15, 18, 1.868461166512712
4, 19, 0.02982946936827817
52, 9, -0.8823758968838029
56, 7, -1.39257877145963
41, 13, 0.7975101587889533
5, 19, 0.05788109632464945
64, 0, 1.342006090130158
23, 17, 0.8689291041976174
50, 10, -0.6085220753578925
58, 6, 0.3807059766500766
16, 18, 1.00618305657251
29, 16, 0.2694983383680799
6, 19, 0.2613747248090955
62, 3, -1.501650444479464
38, 14, -1.258419199623947
63, 2, -0.4354705958688683
61, 4, -1.114594931831089
34, 15, -0.306094176594849
45, 12, -0.745063008651625
7, 19, 0.1122040264880277
17, 18, -1.170827777446197
48, 11, 0.4856417916123896
24, 17, 0.5911588570085194
55, 8, -0.6492189854197769
42, 13, -0.8557297432369259
64, 1, -0.2349628634369186
60, 5, 0.02769950298320404
53, 9, -0.211205780325909
57, 7, 1.028654702761908
8, 19, 0.6210747494498432
30, 16, -1.100943229125342
51, 10, 1.068352162869829
18, 18, 0.4925666247430999
39, 14, -1.031908176307154
9, 19, -0.2939835142802328
65, 0, 1.528388584019611
35, 15, -0.4380037473312709
25, 17, -1.103248405180628
59, 6, 0.9529311661115465
46, 12, 0.08013685710358544
63, 3, 1.166304587802214
10, 19, 0.0278259133539081
43, 13, 0.5735911862215554
19, 18, 0.7930968090421682
64, 2, 0.6374456499522597
62, 4, 0.4835410896506618
49, 11, 0.02954575579670709
31, 16, 0.07333493029194563
56, 8, 0.2091849858321678
54, 9, -0.5443164693645495
26, 17, 0.5895942392355372
-10, 20, -1.176706044107836
65, 1, 0.4497185091875228
61, 5, 0.8410941776729038
11, 19, 0.1622685495708781
-9, 20, -0.0985140711760962
-8, 20, 0.3461210231344966
58, 7, -0.2527402687378394
-7, 20, -0.7719101236608071
36, 15, 0.4973107522778695
40, 14, 0.2612885529314556
-6, 20, 0.18100952867621
52, 10, -0.1174961738782266
20, 18, -0.3144273884603881
-5, 20, 0.1849259671548165
-4, 20, -0.2577656535086858
12, 19, -1.842680444187205
-3, 20, 0.7949317031442936
32, 16, -1.228306807542038
66, 0, 1.263719709900741
60, 6, 0.7433537630016666
47, 12, -0.1876877275658388
-2, 20, 1.102234420526607
44, 13, 0.2689410179054684
27, 17, -0.3690274508551921
50, 11, 0.553546766923932
-1, 20, 0.3730533825135401
21, 18, -1.537551960881458
64, 3, -0.06593257883611356
13, 19, -0.06543239059625651
63, 4, -0.2587173572071059
65, 2, -0.3996040017718798
37, 15, -0.2346127914925911
0, 20, -1.436931131032972
57, 8, 0.02656746802550023
55, 9, 0.3977279310842068
41, 14, 0.3382522517773166
1, 20, 1.193791521344323
62, 5, 1.278223872433362
66, 1, -0.3844533029298761
59, 7, -0.1097510286624663
33, 16, -0.3801896616884065
14, 19, -0.9167547904383291
53, 10, 0.07260259295444246
28, 17, -0.1856697377327488
22, 18, -0.2038322580337163
2, 20, 0.1993585033940682
48, 12, -1.03696630172072
45, 13, -0.06542791794200394
3, 20, 0.152635863418141
15, 19, -0.5545600345158195
61, 6, -0.1641716960289506
67, 0, -0.2329300721718577
38, 15, -0.8468693717304101
51, 11, 0.6180225006814946
4, 20, -0.7190445241953927
23, 18, -0.5004515165404715
42, 14, -1.623294743820525
29, 17, -0.27392861189355
34, 16, -1.156408228292822
65, 3, -0.382126610168239
5, 20, -0.1427966108578081
64, 4, 0.3468609268169848
56, 9, 1.922816898721668
16, 19, 0.9386212326065932
66, 2, -0.2913525993113881
58, 8, -0.6567786492277768
54, 10, 0.07470103866234652
6, 20, 0.3004991570182043
63, 5, 0.5286393246059197
60, 7, 0.1582074921570459
67, 1, 0.4050180092595589
24, 18, -1.184289050637863
49, 12, 0.3706930684857681
46, 13, 0.7727590851470919
39, 15, -1.176862420738973
17, 19, 0.06711657136244206
30, 17, -0.5984962215436413
7, 20, 0.6165617807963359
35, 16, -2.298915204117239
52, 11, 0.7259400245433625
43, 14, 0.2945526036395658
62, 6, -1.09646351596598
68, 0, 0.2207539834439823
8, 20, 0.7488138965379758
18, 19, 0.2804032823420277
25, 18, 0.705682203841164
66, 3, -0.04380911297771736
57, 9, 0.1226080015731587
59, 8, -0.8660086357563875
65, 4, -0.305529533810514
9, 20, -0.3280359435237288
67, 2, -0.3450154760273405
31, 17, -0.4001916535886647
55, 10, -0.3049513327656753
40, 15, -0.3298167745649876
47, 13, 0.0157032431138138
50, 12, -1.332941212677517
61, 7, -0.1649965549399207
36, 16, 0.7074134117815358
64, 5, -0.6524819473981288
19, 19, -0.8875513950500451
10, 20, 0.6216128828388174
68, 1, -0.4194353467840994
44, 14, -0.7162845363438177
26, 18, -0.8869602977482132
53, 11, 0.7878420022779393
11, 20, -0.8152910206456396
-10, 21, -0.1540683628715602
63, 6, -1.4060145234086
-9, 21, -0.6838639535939869
32, 17, -0.4305099414151841
-8, 21, -1.000417387234115
20, 19, -0.6171687318892825
-7, 21, -0.3474622240852817
69, 0, 1.003065175167063
-6, 21, 1.364853836383003
41, 15, 1.131595856703559
-5, 21, 1.534828558504827
58, 9, 0.5644212945255555
37, 16, -0.1059809885530065
27, 18, -0.4662925563047197
-4, 21, 0.10551293394203
60, 8, -0.08775545117734168
12, 20, -1.196742610437275
48, 13, -0.1990167358571654
67, 3, 0.004766215636187377
66, 4, 0.8410420777271145
56, 10, 0.4902195056986285
51, 12, 0.7267086848149895
-3, 21, 0.6376096341903372
68, 2, 1.558603410894933
45, 14, -0.8727640081358546
21, 19, -1.298330877274264
-2, 21, -0.8561088090732422
62, 7, 0.4698595973426762
65, 5, -0.7669192107005413
33, 17, 0.3754146767046228
13, 20, 0.1668008057021562
-1, 21, 0.5856903917246902
69, 1, 0.9046640003945681
54, 11, 0.6076116324626099
0, 21, -0.7657325719927441
28, 18, 0.1413016324444623
38, 16, 1.980419845895135
42, 15, -1.298860363335155
22, 19, 0.7508811983267278
1, 21, 0.6237139163256094
64, 6, -0.4087295934384987
14, 20, -0.006528439316241484
49, 13, 1.313696113869147
2, 21, 0.04442486094318487
70, 0, -0.3457173123900565
59, 9, -0.2964601824487984
52, 12, -0.1704002759107451
61, 8, -1.109260600992791
34, 17, -0.3708389333515968
46, 14, 1.150657585567714
57, 10, -1.041379113809431
3, 21, -0.764751901370983
15, 20, -0.2385534417671193
68, 3, -0.5175464215221608
29, 18, -0.1454936131742545
67, 4, -0.5821352393615236
23, 19, 0.8512768581193517
69, 2, 0.1522400298023774
63, 7, 2.755972965610908
4, 21, 2.238128941660305
66, 5, -0.08150829703505473
55, 11, -0.5999698112639928
39, 16, 0.1911300946013381
43, 15, 0.008007102790014962
16, 20, 0.6515911800322967
70, 1, 0.271755311487633
5, 21, -0.5925555759827321
35, 17, -0.5884063972330779
24, 19, -0.7932864188705215
30, 18, 1.794971957947346
50, 13, 0.05119688562680064
65, 6, 0.8326445052844016
6, 21, 0.3380454991624975
47, 14, -0.4909846714697375
53, 12, -1.320826892783559
17, 20, -0.8182687734757728
60, 9, 2.179098644138703
71, 0, 0.5577125454976751
62, 8, -0.1407505406457295
58, 10, 0.8965324421576221
7, 21, -0.6534432460499073
40, 16, 0.8346485067534
69, 3, 0.3003239891478343
44, 15, 0.8936051506289724
25, 19, 0.8510194249663022
68, 4, -0.2029039634669728
64, 7, 0.1717210236426049
56, 11, 1.55286083547902
31, 18, 1.380719264561963
8, 21, 0.7454024446807713
70, 2, 0.8924816979217856
18, 20, 1.016376865773054
36, 17, 1.411296496445648
67, 5, -0.6829531851117079
9, 21, -0.1089443314854966
71, 1, -0.6999657198783316
51, 13, 0.2459667537658699
48, 14, 0.5464258547372177
26, 19, 0.1942569764788474
19, 20, -0.3105310867224382
66, 6, 1.794900991766344
54, 12, 2.257859001387238
41, 16, -0.6673857484019261
61, 9, -0.9364151256370095
10, 21, -0.4476362110044869
32, 18, 0.1906393985594955
59, 10, 0.4408991942718625
45, 15, -0.3605703139161517
63, 8, -0.7643928553295402
37, 17, 0.004967284301725209
72, 0, 0.1179973437777705
20, 20, 1.059618537247165
11, 21, 0.9773033541161672
-11, 22, -0.5642657245198778
-10, 22, 1.428305173369586
57, 11, 0.5659610209534548
-9, 22, 0.7604173617464883
70, 3, -0.8811200873105861
-8, 22, -1.366305725892634
69, 4, 1.743657424572407
27, 19, 2.026271552187195
65, 7, -0.4646322808170861
-7, 22, 0.001609077163471575
71, 2, -0.3687506161451238
-6, 22, 0.2063419344089942
-5, 22, -0.3085740336107688
68, 5, -0.7562889662624758
52, 13, -1.522964910671794
49, 14, 2.7815572970257
33, 18, 1.391355335446442
12, 21, 0.9502550966619809
42, 16, -1.432544979023103
-4, 22, -1.699396891370835
21, 20, 0.4152389469531796
-3, 22, 0.1218988909435504
72, 1, 0.4208509774798705
55, 12, 0.07863381646717957
38, 17, -0.3642796265294603
46, 15, -1.139862718421335
-2, 22, 0.1139537890288524
67, 6, -0.8399905708489538
28, 19, -1.282515308555641
62, 9, -1.231031978205983
13, 21, -0.9013257334324954
60, 10, 0.9733253870655044
-1, 22, -0.2767067695839043
64, 8, -0.08822824783604244
0, 22, 0.1075317809276999
22, 20, 1.087232854092978
73, 0, -1.627288544166096
34, 18, 1.689604859956825
58, 11, -0.8811449933073147
14, 21, 0.4035312618012853
1, 22, 0.9204839591021199
71, 3, -0.5164701748549475
43, 16, -0.4756112946022945
70, 4, -0.2346424784753858
50, 14, -0.1096483647213993
66, 7, 0.4733758519051376
53, 13, 0.9760989290722195
39, 17, -0.9245069426431072
29, 19, -1.280355385924616
72, 2, -1.135411965825623
2, 22, -0.8671883361408318
69, 5, -1.016106689281514
47, 15, -0.661032372847952
23, 20, -0.8878308372094276
15, 21, -1.217985811558197
56, 12, -0.2085845311620254
3, 22, -1.203898332319908
73, 1, 1.190315292025865
35, 18, -0.1162043195945548
63, 9, 1.411945807651044
68, 6, -0.5794380667835283
4, 22, -0.5364039779622597
61, 10, -0.4432659544991224
30, 19, 0.7762785380552583
16, 21, -0.241203968644101
65, 8, 2.378692404984699
44, 16, -1.136172035186401
24, 20, -1.494248556476558
40, 17, 0.249240091998936
5, 22, 0.05204638215681223
59, 11, -0.7690550507197114
51, 14, -0.6822452163495031
74, 0, 1.699019615344753
54, 13, -1.247597559329367
6, 22, 0.2846525748257216
67, 7, 0.6630567908600283
17, 21, 0.6255238300245799
72, 3, 1.688683886505975
48, 15, 1.277426900966927
71, 4, 0.713732641018876
36, 18, -0.4374622844950579
57, 12, 1.578874131357644
73, 2, 0.3318497165172203
31, 19, 0.2122219825294318
70, 5, -1.637516715524006
25, 20, 0.3642370902280311
7, 22, 0.8579433664186588
18, 21, -0.8344641531326963
41, 17, -0.7068796243357708
74, 1, 1.039640922502329
45, 16, 1.649549827926202
64, 9, 1.810809519093225
62, 10, -1.548135445914606
8, 22, -1.716402384588583
69, 6, -0.5148543865167365
66, 8, 0.5497188202084442
52, 14, 0.8820347515084271
60, 11, 0.4402856499606819
26, 20, -0.2362234976568878
55, 13, -0.8612400194574328
37, 18, -0.4313890218064482
32, 19, 0.508884082270214
9, 22, -0.6313651029205039
49, 15, -0.109485246141716
19, 21, 0.6058147990691941
75, 0, -1.611573615474511
68, 7, -1.071001255233508
58, 12, -0.03630018178032599
10, 22, -0.6921907543958222
73, 3, -0.469500176521745
72, 4, -0.7352216576630083
42, 17, 0.2377635883154661
74, 2, 0.4749272701478178
46, 16, -0.1622782690730319
27, 20, 1.202408454204213
71, 5, 0.522965368727187
20, 21, -1.075227202121639
33, 19, -0.8059996991792645
11, 22, 0.3420083781576563
-11, 23, -0.6291722566943597
-10, 23, 0.3869192458060971
38, 18, 0.9197676921294229
-9, 23, 0.6990022995135979
-8, 23, -0.189726573116271
63, 10, -0.9997131129939439
65, 9, -1.106253270372702
53, 14, -0.5100820781403714
-7, 23, 0.8266962891145413
75, 1, -0.007625809106585915
70, 6, -0.4603356177041916
-6, 23, 0.1004610340976922
61, 11, 0.4702695574933909
56, 13, -0.8427548216202736
50, 15, 0.9843873227917231
67, 8, 0.8364676805480958
-5, 23, 0.3605935319954698
12, 22, -0.1099283700984014
21, 21, -2.231790633878272
-4, 23, 0.5687104908095991
28, 20, 0.07060674198120909
43, 17, 1.557711768738571
-3, 23, -0.728027761741592
59, 12, -0.1828621043781732
34, 19, 0.3548314403562396
76, 0, 0.07111404302291605
47, 16, 1.401983012255696
-2, 23, 1.823533283624817
13, 22, -0.03720027616858124
69, 7, -1.791268819462382
39, 18, -1.399129533064658
74, 3, -1.079968395001466
73, 4, -0.07336606752307782
22, 21, 0.3097914496828633
-1, 23, -1.187229243719023
75, 2, -1.169861986932507
72, 5, -0.6675661811112139
0, 23, -0.8436056949671803
29, 20, -1.084655852699938
54, 14, -0.5605061226747774
14, 22, -0.007038570736181898
64, 10, 0.2123066643666802
66, 9, 0.5331932767624447
51, 15, 1.038758719527673
1, 23, 0.3949709090395094
57, 13, 0.01027392921229413
62, 11, 0.3117914349729471
35, 19, 0.4953139794809345
76, 1, -1.384901445898074
71, 6, 0.443749242682182
44, 17, -1.645666426480497
23, 21, -1.504592887708465
2, 23, 0.4139269631212522
68, 8, -1.000663450390099
15, 22, 0.7664581828525227
40, 18, 1.008616547686115
48, 16, 0.3534895449537515
3, 23, -0.1359311019700228
30, 20, -0.2891630990164416
60, 12, 0.9236028838050276
4, 23, -1.975260563619253
77, 0, 1.755307372427535
70, 7, 0.126161191556295
24, 21, -0.4726211632475751
16, 22, -0.1296323871647841
74, 4, 0.3002708930950168
75, 3, -0.1383296767933798
55, 14, 1.499818308420906
36, 19, 0.6796256671496013
5, 23, 0.6534579454900971
52, 15, -0.6330528920033456
73, 5, -1.214461625019693
45, 17, -1.29369478122826
76, 2, 0.4411566675973275
65, 10, 0.06053009189392083
58, 13, 1.214350715999143
31, 20, 0.1674090917765751
67, 9, 0.5025727182541596
41, 18, -0.1709243119336106
17, 22, 0.5108584882053911
6, 23, 0.3003580913908698
63, 11, 1.447547236170625
49, 16, -0.3554101857099194
25, 21, -0.1505406076486887
72, 6, -1.203213188166757
77, 1, -0.5144547127172008
69, 8, -0.7029881555545039
7, 23, 0.7887790201623532
61, 12, -0.1283069581563747
37, 19, 0.6825749174751872
18, 22, 1.108265927921676
32, 20, -0.37338533313122
8, 23, -1.529611057186222
26, 21, 0.599416433257304
56, 14, -1.92566595372856
71, 7, 0.2718272937616508
46, 17, -0.5586417004704803
53, 15, -0.5483172788337501
78, 0, 1.363729842745918
42, 18, 1.283106380705091
75, 4, -1.099085065333646
76, 3, 0.9868126710380026
19, 22, 0.4733573339555535
59, 13, 1.691860010411549
9, 23, 1.018893742755135
66, 10, -0.8396104134535103
50, 16, -0.8968523837000576
74, 5, 0.2052389787370711
77, 2, -0.2339020046036021
68, 9, -0.806199618174592
64, 11, 0.282020736199587
38, 19, 2.0355266966765
27, 21, 0.6899156632660653
33, 20, -0.7883085968490442
10, 23, 0.1819861006425013
73, 6, -0.2869707919923514
70, 8, 0.01683637520220368
20, 22, -0.1409647043713771
62, 12, -1.161587107167602
78, 1, -0.7161284562915062
47, 17, -0.2749246330652582
43, 18, 0.3383046229082258
-12, 24, -0.01325418316051744
11, 23, 0.09869728848330661
-11, 24, 0.6481621743539592
-10, 24, 1.230160928145499
54, 15, -1.507936189283967
-9, 24, -0.2614991270094274
57, 14, 1.392905255600537
-8, 24, -0.2033072760831884
-7, 24, 0.1178514739077991
28, 21, 0.6635660741382062
72, 7, -0.5909419173119134
21, 22, 0.3451785862043629
-6, 24, 1.076453360526231
51, 16, -0.2800943709893327
39, 19, -0.2951842480387769
34, 20, -0.1044943192563231
60, 13, -0.165201497538822
12, 23, -0.07191880921678198
79, 0, 0.4103120336675311
-5, 24, 0.03260934326849877
-4, 24, 1.411622010371409
76, 4, 0.2943734851607685
77, 3, -0.9730799494396779
67, 10, -1.410900432331076
65, 11, -0.4032958104013388
-3, 24, -0.7225262842973462
69, 9, -0.5512378304431916
75, 5, -0.4019487098648343
78, 2, -0.5096467262759224
13, 23, -0.8990651384572762
44, 18, -0.7546717417487676
22, 22, -0.7979928173094697
-2, 24, -1.011552255905328
48, 17, 0.324650351219653
29, 21, 1.442270501184607
63, 12, 1.461340413842996
-1, 24, 0.6942438886158148
71, 8, 1.282635536964081
74, 6, 0.3926383085120387
55, 15, 0.7784510437364779
35, 20, 2.125204456305313
79, 1, 1.032970237787907
40, 19, -0.05249205344694716
58, 14, -0.9441002154774281
0, 24, 1.721960198290297
14, 23, -0.5107364804465954
52, 16, 0.3388974953816505
23, 22, 0.8320817502752524
1, 24, -0.6253699360444458
61, 13, -1.780505683364781
73, 7, -0.3192390735647269
30, 21, 0.2303819231850423
2, 24, -1.336851175834047
15, 23, 0.5749099280379327
45, 18, 0.4271657742834774
80, 0, -0.4654828843932544
68, 10, -1.227115210767392
77, 4, -1.043234878716373
66, 11, -0.49572452988819
49, 17, -1.783515165977959
36, 20, -0.26807513879905
3, 24, 1.626428327009663
78, 3, 1.71146161777802
70, 9, 1.308437752655581
24, 22, -1.025137711718578
76, 5, 0.2810966841526312
41, 19, 1.304991706097045
79, 2, 1.098222243597572
16, 23, -1.047682845268324
4, 24, 0.3837950450698246
64, 12, 0.02186833670233108
56, 15, 0.7977723770839756
59, 14, 1.132200933729511
31, 21, -0.9466441165195918
72, 8, -0.1109053257407647
75, 6, -0.5186474701492051
53, 16, -0.009302936658974534
5, 24, -0.3672984049135171
80, 1, -0.2868194076709743
25, 22, -0.4276605918046077
17, 23, 0.3075991327651533
46, 18, -0.3479320242963004
62, 13, 0.9236806180867707
37, 20, 1.432704617429373
6, 24, -0.2353762440577112
50, 17, 0.2213520346362929
74, 7, 1.359076713852019
42, 19, -0.2148283919298631
32, 21, -1.220744834168843
69, 10, 0.7596347622710955
7, 24, -1.594623053949472
67, 11, -0.9423460356638457
18, 23, -1.87361756259305
81, 0, 2.123329892967014
71, 9, 0.1667326923164811
78, 4, 0.7368473889249811
26, 22, 0.927049408936205
79, 3, -0.2599208776728936
57, 15, -1.801653666514173
77, 5, 2.191648330699193
65, 12, 2.079683769209005
8, 24, 0.7603911054565581
60, 14, 0.2107990936516831
54, 16, -0.02790287803100003
80, 2, -0.9370059866755234
38, 20, -1.140337215554229
73, 8, 1.264918449526442
19, 23, 0.2772022950549572
47, 18, 2.364204154253411
76, 6, 0.3791659074425505
9, 24, -0.9803096577548432
33, 21, 0.5770509649173756
43, 19, 1.400463202756285
63, 13, -0.1104090716883234
51, 17, 0.1310323998973336
27, 22, -1.069295663699334
81, 1, -0.6950225741908326
10, 24, -0.285684945815993
20, 23, 0.355685747758214
75, 7, 0.4980393475249987
70, 10, 0.9884699963888683
39, 20, -2.629615414074576
68, 11, 0.802142373231893
58, 15, -0.4805166877651482
-12, 25, -0.2992528773137478
55, 16, 0.012057005336641
34, 21, -0.62155463609562
11, 24, -0.3693907998913902
-11, 25, -0.4963298071221092
72, 9, -2.498790562942785
82, 0, 0.6997293926973823
28, 22, 0.1848881128516066
-10, 25, 0.697112917024742
-9, 25, 0.5113944114871303
61, 14, -0.122367540773042
66, 12, -1.666691896715218
48, 18, -0.360932592360081
79, 4, -1.499789911912418
80, 3, -0.27622967198066
-8, 25, 0.2386444695689861
44, 19, -1.230917687571975
21, 23, 0.3344267908101446
78, 5, 1.638167019545777
-7, 25, 1.631089806067985
-6, 25, -1.067120951325861
81, 2, 1.635684769047092
52, 17, 0.4707515765640288
12, 24, -2.797069385501127
74, 8, 0.9588362475192012
-5, 25, 1.531787703779046
77, 6, 0.3060504679766811
64, 13, -0.5454277569381307
-4, 25, 0.3139612019954078
40, 20, 0.3291879441608201
29, 22, 0.418237889279733
22, 23, -0.7634351161305555
-3, 25, 0.1540397985356134
35, 21, 0.1634032602333522
13, 24, -0.4564017558340271
82, 1, 0.2975250532915091
-2, 25, -0.6681469006806932
59, 15, -0.2405818275807805
76, 7, -2.112987215071779
49, 18, -0.4839442822404793
56, 16, -1.843860233222546
71, 10, 0.4402368804072467
69, 11, 2.443932252393292
45, 19, -0.8550692827112677
-1, 25, 0.8709890894715604
62, 14, 1.574127392102613
14, 24, 1.137505008838231
0, 25, 1.208129324800095
73, 9, -1.123412144009914
67, 12, -0.7351664922964651
23, 23, -2.530685408124337
30, 22, 0.3159283813495533
83, 0, 0.7810937153836183
53, 17, 0.4619593034691102
80, 4, 1.381532536017049
1, 25, -0.9453795650920392
41, 20, 0.06675843072716081
81, 3, 0.06490034422264006
36, 21, 0.3231608935495332
79, 5, -0.8237151282075531
15, 24, -0.223416595211147
75, 8, -1.328736461160074
65, 13, -0.5262859481762052
2, 25, -2.527518746369552
82, 2, -0.4521777151959552
24, 23, 2.391144314908888
78, 6, -0.5762669018539073
3, 25, -1.353864979022692
46, 19, 1.614278125787297
50, 18, 0.3903788083814475
31, 22, -0.01234633027448932
60, 15, -2.428213483457902
16, 24, 1.534240135343573
57, 16, -0.1590112614075357
83, 1, 1.706892170635354
4, 25, 0.1347146154674077
37, 21, -1.040956341290965
70, 11, -0.6203689388236374
72, 10, 0.3500671209930082
42, 20, 2.61768638260158
77, 7, 2.184617248336916
63, 14, -0.5613876838589203
54, 17, -0.7233038684548052
25, 23, 0.04182773994839153
68, 12, 0.488636055352154
5, 25, -1.085253181143459
17, 24, -0.5046267923441934
74, 9, 0.4417425648278387
32, 22, 3.391154131873633
84, 0, -4.687200479798835
6, 25, -1.164962463203956
81, 4, -0.5555816870526732
82, 3, -2.057248252670376
66, 13, -0.3517062779115279
47, 19, -0.1265391850901365
80, 5, -0.7989754859084304
51, 18, -0.5629886714861945
76, 8, -0.6288401493346566
18, 24, 0.3225112749052634
38, 21, 0.3394690846747592
26, 23, -1.531212525185598
83, 2, -1.827870860857753
7, 25, -0.2293303435874411
58, 16, -0.08919408025389083
43, 20, 0.6957065949220258
79, 6, 0.5257267063394717
61, 15, -0.5848522960529517
8, 25, 1.337269469114522
55, 17, 0.8150718000869978
33, 22, 1.945173299824346
64, 14, 1.041274795458391
84, 1, -0.3842020406244194
71, 11, 0.3699357962085204
19, 24, -0.2342072723087064
73, 10, 1.538506189062978
78, 7, 0.4229162502113762
27, 23, 1.815282100892463
69, 12, 2.595603771591981
9, 25, 2.573205684917699
48, 19, -0.8914720588312786
75, 9, 0.1818280963456526
39, 21, -1.966821939695033
52, 18, 0.914591852154119
44, 20, -2.030549363610171
20, 24, 0.2514509047221917
67, 13, 0.4826995362310988
85, 0, 2.724102543327122
10, 25, 1.083850406727456
82, 4, -1.749502470645497
34, 22, 0.3924821857593306
83, 3, -0.7912308847117863
81, 5, -2.079878192421323
59, 16, -0.6922821985671059
28, 23, 0.2240795148837625
77, 8, -1.636574192038948
62, 15, 0.7422861523096109
56, 17, -0.3827968021081172
-13, 26, -2.195341764260307
84, 2, 0.8805479591784539
-12, 26, 0.3093429915894162
11, 25, -1.367113933699846
-11, 26, -1.447821933694798
-10, 26, 1.220957061248312
80, 6, 1.744656113853424
21, 24, -1.539844561487858
-9, 26, -0.7923527291072965
65, 14, 0.174871934743626
40, 21, 1.097404012197154
-8, 26, -1.024360126314614
49, 19, 0.5329363744180815
-7, 26, 0.5712168738140101
72, 11, -0.9808858225069691
74, 10, -1.377466025026391
-6, 26, -1.553525277757176
12, 25, -0.6809138766641353
35, 22, -0.5101710655876686
85, 1, 1.974771222874009
70, 12, -1.146419723037468
45, 20, 1.009884940196683
53, 18, -1.15619377785538
29, 23, -0.2665912611253393
-5, 26, -1.409876776183714
79, 7, 1.120729447922232
22, 24, 0.4030237879677284
-4, 26, -0.6742943721471752
76, 9, 0.09057864810290184
68, 13, 0.2399660217861264
-3, 26, 1.595939334585425
13, 25, -0.1881445995147474
60, 16, 1.713323925477291
-2, 26, 0.5303589235463021
63, 15, 0.2112379673985935
41, 21, -0.3086161990152197
86, 0, -0.4369628743304882
83, 4, -0.5090467153994832
57, 17, -1.490886253087585
84, 3, 2.950072695606055
82, 5, 1.367648125159004
30, 23, -0.8550783761446162
-1, 26, 0.3373411846438357
78, 8, -0.3224963128044561
36, 22, 1.17632685791268
23, 24, 1.314141008967873
14, 25, 0.6394593454964841
50, 19, 2.47925990655003
66, 14, 0.8978084887493137
46, 20, 1.286915199428903
0, 26, -0.3141670337096726
85, 2, 0.5562578084813266
81, 6, 0.3862190525243562
54, 18, -3.821656684116267
73, 11, -1.583694279621241
1, 26, 0.2957646378041098
75, 10, 0.5025451857113308
15, 25, 1.590423602368706
71, 12, -0.3066681080660032
24, 24, 0.08473922609835326
2, 26, 0.5496616816102652
86, 1, 0.9717089129466138
31, 23, -1.135415185661493
42, 21, 2.670570280562645
80, 7, -1.411955922828959
37, 22, -0.7918688022818657
77, 9, 1.12333938594327
61, 16, -0.9506553491234188
69, 13, -0.6845255242093361
3, 26, -1.534345220098895
58, 17, 0.4533696268084516
64, 15, 0.3101715253559006
16, 25, -0.2818269216037287
51, 19, -0.3903415268747085
47, 20, -0.1283750835089149
4, 26, -1.999023116692096
25, 24, 1.449510480529906
84, 4, 0.9940705915731239
87, 0, -2.113780034010512
79, 8, 0.02766489507830553
85, 3, -2.262611958064734
83, 5, -1.150550073827425
55, 18, 1.904804832609863
32, 23, -1.540854705644788
67, 14, 0.7896025210025936
17, 25, -1.7084571661172
5, 26, -1.08532822130887
43, 21, 0.9719343721750012
38, 22, -2.884147169055304
86, 2, 0.03788792424261267
82, 6, -1.39835904695788
74, 11, 1.822101188201011
6, 26, 3.48473946979096
72, 12, 1.2425311425174
76, 10, -2.488690096281941
26, 24, -3.735731472804633
18, 25, 0.9286702889763128
62, 16, -0.9844446318705606
59, 17, -0.7235634207818399
52, 19, -0.4384021878294964
48, 20, -1.615799111731019
7, 26, -0.5658484986727227
87, 1, -0.3262266283278968
81, 7, -0.03263326567075189
33, 23, 0.9348037007577985
70, 13, -0.8357418552993934
65, 15, 1.638672490489127
78, 9, 1.274668014322326
39, 22, 1.630938783635399
8, 26, 1.208656892327399
56, 18, 0.5567264406441953
44, 21, -0.9709376602283041
19, 25, 0.7408248069167809
27, 24, 1.440526466130468
68, 14, -0.1045480927294904
85, 4, -0.04643758362097082
88, 0, 0.1403367793337187
80, 8, 2.573004717341403
84, 5, -1.038186324474778
9, 26, -2.951421314207323
86, 3, -2.845454246589297
34, 23, -0.01042507670897872
20, 25, -3.501152378714642
75, 11, -1.776603858935478
49, 20, -0.1922998468453427
83, 6, -0.6820213288775439
87, 2, -0.7883421409973309
53, 19, 1.220041930608845
73, 12, 2.24579341725177
28, 24, -0.4734632218710825
63, 16, 0.104775716159131
10, 26, 0.5087650147596685
77, 10, -2.253129818276662
60, 17, -0.1915511047164029
40, 22, -2.914892903639327
66, 15, 0.2092011347443237
45, 21, 0.7187331322252246
71, 13, 0.6739125323412927
82, 7, 0.4041124446039447
-13, 27, -0.506715528408921
57, 18, -0.5122202574057528
-12, 27, -2.550653258208547
21, 25, 0.5425066593534583
88, 1, 2.112289239698008
79, 9, 1.224482881383207
11, 26, 1.106928854881444
-11, 27, 0.1312406803688038
35, 23, -1.081238025232457
-10, 27, -0.480862346791369
-9, 27, -0.413071048383516
-8, 27, -0.2217500488722145
29, 24, -0.8536358611717515
-7, 27, 1.40315501995887
69, 14, -0.1013163710476697
12, 26, -0.08680006514111571
-6, 27, 0.5607274032672804
50, 20, -0.5806759000955813
41, 22, 0.09117580504706818
22, 25, 0.5457586449467133
-5, 27, 0.4904034955238903
81, 8, -1.08233444133524
54, 19, -1.435764749303287
86, 4, 2.892948772046454
89, 0, -0.03948287035488345
85, 5, -2.029450053545314
-4, 27, 0.4721702548554496
87, 3, 1.257146353970815
46, 21, -0.9743071408417029
64, 16, 0.02978512767401392
61, 17, 0.9177626806722737
76, 11, 0.8700346190132204
36, 23, 1.968858623272435
13, 26, 1.354675212255147
-3, 27, 0.4175141253022154
74, 12, 1.733283724009405
84, 6, -1.715069294123858
30, 24, -0.3447106528454058
88, 2, -0.397963019177841
78, 10, -0.06428541959715367
-2, 27, -0.1814393586472139
67, 15, -1.776813735917885
58, 18, 0.06728408692552275
72, 13, 0.2694397918872963
23, 25, -0.596610618210997
-1, 27, -0.8262120048315481
14, 26, -1.84921456639597
83, 7, -0.02386512351503267
80, 9, -0.2640769479862956
42, 22, 4.183964104042768
0, 27, -0.6520935572932003
89, 1, -0.7415667691239927
51, 20, -2.325994180659441
70, 14, -4.241942509876527
37, 23, 0.1142904400818789
55, 19, 1.5690967368877
31, 24, 0.5411784225047701
1, 27, 0.4107646035515983
47, 21, -0.9067438599790043
24, 25, 2.445605513330614
15, 26, 2.695434585849845
62, 17, 0.9478198036757856
2, 27, 3.804221056359708
65, 16, -1.48413541709107
82, 8, -1.427275874950035
87, 4, 1.174757728367362
90, 0, -0.2286742869876742
86, 5, -2.139321386437218
88, 3, -1.831091497082788
77, 11, 2.601164316157208
59, 18, -2.232433727888052
16, 26, -0.7063451622441708
75, 12, -1.626219399019685
3, 27, -0.7700950744329383
68, 15, -0.6360338506975574
43, 22, -1.132789273189422
25, 25, -0.3947971868874528
32, 24, 2.419438255710667
85, 6, 1.400677806962415
79, 10, 2.126353480709833
73, 13, -0.7800603376645058
38, 23, -3.010010963348689
89, 2, 0.8928665450520262
4, 27, 2.062517723750559
52, 20, -1.621344916670428
48, 21, 1.729511746885299
17, 26, 1.398185835884509
56, 19, -0.0635533433890182
5, 27, -2.893454206612288
81, 9, 0.7984420099858394
84, 7, -0.8651700930579248
71, 14, 1.838460163152377
90, 1, 1.037706773411999
26, 25, 1.368498051833229
33, 24, 0.07949415124349402
6, 27, 1.157140753280528
63, 17, 2.870212017771077
66, 16, 0.2423531732668991
44, 22, 1.768495662212296
18, 26, 0.8233755204918962
39, 23, 1.938261022445712
60, 18, 2.086493561338865
83, 8, -0.7069331374615716
7, 27, 0.6113182958768352
53, 20, -0.5471011025918753
69, 15, -2.1170123625143
88, 4, -1.861278677341124
76, 12, 0.5722427549722969
78, 11, 2.855996179993523
87, 5, 2.175141660035652
27, 25, -0.3010744911335759
91, 0, 6.794401568324694
49, 21, 3.339937679153794
89, 3, -0.5317658107905366
19, 26, -2.056244766238558
74, 13, 2.868346865728548
8, 27, -2.949784945434865
80, 10, -0.09398913486356358
57, 19, -3.285852327595213
86, 6, 2.506788716428747
34, 24, 1.110939242284552
90, 2, 3.03358001627189
45, 22, 0.4930307252216817
40, 23, -0.8314175259107854
9, 27, 4.713844666001846
72, 14, -1.627514259081543
82, 9, -2.381254408896191
20, 26, 0.04024120142000789
85, 7, -1.889030299406201
28, 25, 0.03663626126341245
64, 17, -1.435346502858039
67, 16, 3.010316090327362
91, 1, -3.037259992191848
61, 18, -1.833026657901502
10, 27, -1.946591412457394
54, 20, 1.907204619761002
50, 21, -0.4493311653148669
35, 24, -0.776422510211947
21, 26, -1.366979911855547
70, 15, 0.7416258167648939
-14, 28, -0.5807875870745521
-13, 28, -0.01111605901507741
84, 8, -0.1810795657885165
-12, 28, 0.4382013673694279
77, 12, -0.4766478210690532
58, 19, -0.5690225121742504
11, 27, -1.212244703677015
-11, 28, -0.1665044246131886
79, 11, -0.01199139199475782
29, 25, 1.36676395025373
41, 23, 1.575389593088179
-10, 28, 0.8780371252583772
46, 22, -1.285172845408525
89, 4, -0.3656145018514191
-9, 28, -0.09921823703564278
88, 5, -1.548634386666335
75, 13, -3.28189419700877
92, 0, -1.888585609803115
-8, 28, 0.9772338319562622
90, 3, 0.5525182888557633
81, 10, 1.679183261963344
-7, 28, -0.2569077996296147
87, 6, 1.441879293435268
12, 27, 2.444202539907956
22, 26, 0.5506181157909481
-6, 28, 1.761792511249288
36, 24, -1.798792625388909
91, 2, -1.831710795531914
73, 14, 0.8870087310997666
65, 17, -0.2220442644177657
-5, 28, -0.8572305153168773
51, 21, 2.411909623731374
62, 18, -1.476529520930316
55, 20, -0.3918601796034251
30, 25, -1.384483996072801
83, 9, -1.896174414214406
68, 16, -1.106130182167389
-4, 28, 2.507246701659763
86, 7, 0.7671747750230645
13, 27, 0.2550285305025615
42, 23, -4.702933627827186
-3, 28, -1.88047112382171
23, 26, 2.393313255006732
92, 1, 0.2626133741790254
47, 22, 0.5264046717331162
-2, 28, -2.311262582130821
59, 19, 0.8497965184539439
71, 15, 1.429008890872061
37, 24, -0.3582354936637742
14, 27, 0.8107620641414388
-1, 28, -0.2524812566718682
78, 12, -1.434346159920626
85, 8, 0.9809548221751239
80, 11, -2.725332938843769
31, 25, -1.694273187050547
76, 13, -1.175890356274119
0, 28, -0.9961764885622608
90, 4, 0.9759735748440148
24, 26, 0.5666570727875162
89, 5, -0.2658312539880329
82, 10, 1.871743080015379
52, 21, -2.490198774964874
93, 0, 1.082199864118584
15, 27, -0.2753421717055894
91, 3, -1.630643501386299
1, 28, -0.03065351064611305
56, 20, 2.684247593407626
66, 17, -0.04476970504977106
43, 23, -0.5468381887803078
63, 18, 2.577105524043996
88, 6, 0.1448354887229109
74, 14, 1.868378154127639
69, 16, 2.393603637706739
48, 22, -0.4921368914504062
2, 28, -1.488301668265336
92, 2, -1.950965895261831
38, 24, -5.562245006265232
32, 25, -0.4606361451165585
84, 9, 0.2491320886921245
16, 27, -1.638740839844707
60, 19, 1.001912059576384
25, 26, -2.852134594147163
87, 7, -3.255443836775185
3, 28, -0.09929908814506413
72, 15, 0.990256837486954
4, 28, -0.6319949640578961
93, 1, 0.5657594289709315
44, 23, 1.462891179222207
17, 27, -0.4698186238056582
79, 12, 1.511992701505376
53, 21, 3.126939263264945
81, 11, -1.297688548979778
86, 8, -0.8231267632849281
26, 26, 1.517469492775471
77, 13, 3.29967065129327
57, 20, 2.917793709529634
33, 25, -0.4324287100728835
5, 28, 2.674050687202371
39, 24, -0.04669780452113056
49, 22, 1.373315961258782
67, 17, -2.022963313511576
64, 18, 0.3247743701755079
83, 10, 2.250197882983931
91, 4, 1.369432777415181
90, 5, -1.404151859085109
6, 28, 0.421160299802857
18, 27, 2.811574029245997
75, 14, 0.2757864461401017
94, 0, 0.4069678615466077
70, 16, 1.463923539097986
92, 3, 0.4769965654647468
89, 6, 1.285958193375331
61, 19, -0.3592143607076447
27, 26, -2.214270904573827
7, 28, -0.9150011686309116
93, 2, 0.2636462931588744
45, 23, -1.498345790410083
85, 9, 0.591518680040074
34, 25, 2.07839623674289
19, 27, 1.405559913529951
40, 24, -0.1275418578111613
88, 7, 1.635219789710575
73, 15, 1.55381660709004
54, 21, -1.529126066607042
8, 28, -0.09291466290323798
58, 20, -0.9092065410817871
50, 22, -4.636430298185629
94, 1, -0.7879381111379975
80, 12, 0.9712716623694713
28, 26, -1.90352277338546
82, 11, -0.2699948302114057
78, 13, -0.9445519449034511
9, 28, 1.290610662507118
68, 17, -0.966703593447809
65, 18, 2.163164729101783
20, 27, 2.84809873904888
87, 8, 1.139664702511867
35, 25, 1.069455154549971
71, 16, -3.485421779369931
62, 19, 0.1968839106150389
46, 23, 2.504252533500258
84, 10, 2.294036663366804
76, 14, -1.48164177341668
41, 24, 3.074424202968219
10, 28, 2.881111895598573
92, 4, -2.575104812184942
91, 5, 2.873086742185811
95, 0, 4.790242326292481
93, 3, 0.9792248604898448
21, 27, -1.498800787588335
55, 21, -1.906662799888743
29, 26, 1.31485055393422
90, 6, -1.85663621697326
-14, 29, -1.017640665239882
-13, 29, 0.8720189445261644
51, 22, 1.63198210884613
-12, 29, 1.846927065388541
11, 28, -0.9529415635820259
-11, 29, -0.458747923181262
86, 9, 1.344661844929419
74, 15, -1.135874937275809
59, 20, 4.158927112656832
-10, 29, -1.67656037272537
94, 2, 4.920881518645414
36, 25, -3.583609095782875
-9, 29, -2.040276285586376
89, 7, 3.238943291353687
-8, 29, 0.5300111479413668
22, 27, -2.750881013482062
-7, 29, -2.623436801798215
12, 28, -1.685946581028368
66, 18, -1.837744582825545
42, 24, 1.023026418416355
47, 23, -1.150668896042037
69, 17, 1.389105220876043
-6, 29, 1.282857983780592
30, 26, -0.03362438415253467
81, 12, 2.250844309899538
79, 13, 0.7351902687927154
95, 1, -1.681575959735979
-5, 29, -1.252007364463637
83, 11, -1.814316339501256
63, 19, -2.761123585584061
-4, 29, 0.4032189130058845
88, 8, -1.249714841011914
72, 16, 1.404473456663953
13, 28, 0.1273757756177792
77, 14, -3.759557597366908
56, 21, -0.382481437100323
37, 25, 0.6995177879810943
23, 27, 2.46683246671217
52, 22, -2.002421108010654
-3, 29, -0.414004683346845
85, 10, -2.652192541762696
93, 4, -0.4138540770563878
-2, 29, 0.7833130156074608
92, 5, 2.440963203323318
60, 20, -4.007148305328503
31, 26, 3.463249922584028
14, 28, 2.351839060552583
96, 0, -0.5853848035204107
94, 3, 0.5717300061210414
43, 24, 2.161951200901866
91, 6, 1.032912302615308
-1, 29, 5.099963256423657
75, 15, 0.3877389338613738
48, 23, 0.6021705439582362
87, 9, 1.910721551328411
24, 27, -1.992486730146198
0, 29, -4.625592939684711
95, 2, 1.321120874670463
67, 18, 0.4653151003146592
90, 7, -1.381145267877224
70, 17, -0.575352975801443
38, 25, -0.7251061675574408
15, 28, -5.025704306464567
1, 29, 3.908356193714583
64, 19, 2.386733893138723
82, 12, -0.633134699474902
32, 26, 1.287028637969236
57, 21, -3.958674151817445
80, 13, 2.770586872328925
53, 22, 3.518791536447783
84, 11, 0.002642659098918421
73, 16, -1.735237802711732
2, 29, -2.260871209233769
25, 27, -3.216344407456307
96, 1, -3.626872301104478
44, 24, 6.716777602398867
16, 28, -1.813170172028808
78, 14, 1.754467382232256
89, 8, 0.9447032450542269
61, 20, -0.381696267175962
49, 23, -1.082296583110798
3, 29, 2.214523328149314
86, 10, -2.928066888319755
39, 25, -3.337687627680738
33, 26, -1.546174686848551
4, 29, 6.189934024065651
94, 4, 2.356729137747938
93, 5, -0.3127619009537858
17, 28, 0.4787207448812038
76, 15, -2.748883494755679
26, 27, -0.08592234418414921
97, 0, -1.286938566402842
95, 3, -1.87319269524973
92, 6, -0.3192446579554855
68, 18, 0.1947436562290614
5, 29, -2.694213193346194
88, 9, -2.175774666830725
71, 17, -3.163538098879684
54, 22, 2.074066630529365
65, 19, 1.133300486944374
58, 21, 1.163180325306907
45, 24, -5.261999535536448
96, 2, -4.336040036590949
18, 28, -2.382896521227791
91, 7, 1.810677767766779
6, 29, -0.4302157134093251
83, 12, 4.758324427878702
50, 23, -1.069331470762131
81, 13, 0.4259388570679712
40, 25, 1.97689973097123
74, 16, -0.7402499308576396
34, 26, -0.7682808856602036
27, 27, 2.683440257515191
62, 20, -0.7040323334465122
85, 11, 1.071950005526898
79, 14, -1.801450001998181
7, 29, 1.067638288194179
97, 1, 4.817297224602368
19, 28, 1.968449147341901
90, 8, -1.943031911233722
87, 10, 0.8226409337649317
8, 29, -3.745217778199957
46, 24, 0.4032916714560049
77, 15, 2.735887773997362
55, 22, 0.876068345308763
28, 27, -1.259151912668899
69, 18, -0.2410007055768534
59, 21, -0.7644669294492239
35, 26, 1.683072594815438
95, 4, 1.454340123630647
94, 5, -1.985356245992827
66, 19, -0.3285211865644408
41, 25, -1.221096205330632
20, 28, 2.975872259947334
72, 17, 0.7793171577379662
51, 23, 1.082556016552549
9, 29, 1.807177888212528
96, 3, -1.244828487587973
93, 6, 0.4943758212228801
98, 0, 1.236079632726782
89, 9, 3.352939608001828
63, 20, -0.3497985288213363
75, 16, 1.814480414469102
10, 29, 1.376116412230848
29, 27, 0.7422484550527279
97, 2, -4.658805846265437
92, 7, 0.006115510882546828
84, 12, -4.183207684049251
82, 13, 1.376407615370794
21, 28, -3.256157511158894
36, 26, -4.305217209415753
86, 11, -1.506129069298188
47, 24, -3.164549774575704
-15, 30, 0.2970509013582852
80, 14, 1.156301818705276
-14, 30, -2.547709592787466
-13, 30, 2.525194447819428
-12, 30, -2.057186616906006
42, 25, -6.279714532585158
11, 29, -0.7146316145406769
-11, 30, -0.8903063591660473
56, 22, 0.8626797844158174
-10, 30, 2.543527072907389
60, 21, 0.8928351909800596
-9, 30, 3.521151110601486
98, 1, 6.100989856259834
91, 8, -0.6588514716651306
52, 23, 3.143188270943592
88, 10, 0.3109457960584459
70, 18, 3.222894796731931
22, 28, -2.041266509629863
-8, 30, 1.264269740990932
78, 15, 3.434828857096942
30, 27, 1.449019273106327
67, 19, -4.542998925164425
-7, 30, -1.102643913752569
12, 29, -2.042094023999075
73, 17, -4.023223393457886
-6, 30, 4.323413512557599
37, 26, 0.7292139790625857
95, 5, -0.8286649251875855
-5, 30, -1.827757571643493
96, 4, 1.583907082116933
64, 20, 0.940457368401728
48, 24, -0.1412118907660369
94, 6, 2.202927900071441
-4, 30, 1.172912371755512
23, 28, 1.439091197448379
13, 29, -1.535559251178907
97, 3, 3.151658140036115
43, 25, 2.367203805914706
99, 0, -0.59556071415345
90, 9, 1.39009861522455
76, 16, 0.8986252848486326
31, 27, -1.910715524922201
-3, 30, -3.950116223334684
83, 13, 0.334673037025921
57, 22, 3.914508587639375
85, 12, -2.227237638315039
93, 7, 2.097862289351591
98, 2, 0.594628068565194
-2, 30, -4.789283040881559
53, 23, -4.437374323149055
81, 14, 1.053914458708313
61, 21, 3.484579078177242
14, 29, 3.6080198672481
87, 11, 4.594252274959713
38, 26, 1.053246206160115
-1, 30, -0.8648512302595226
24, 28, 2.724227653632565
71, 18, -3.132544588518598
68, 19, 4.464280231106648
0, 30, 6.189393262049387
79, 15, -0.5917945164502492
92, 8, -1.358855711244236
32, 27, -0.7325737961266111
99, 1, -1.323679309269598
89, 10, -4.817759478459044
44, 25, -1.073454388188756
15, 29, -1.719995473872913
74, 17, 2.0366526990286
49, 24, -1.503043275177261
65, 20, -0.2107971908384667
1, 30, -1.622188211433073
25, 28, 2.824457774804428
58, 22, 2.756803218530461
2, 30, 2.003337351900026
96, 5, 6.427772199618429
39, 26, 0.3547502886052117
16, 29, 1.864823664552576
97, 4, -3.387979187394118
77, 16, -0.3715780105483017
54, 23, 2.146123558325151
95, 6, -3.517351826871084
91, 9, -1.29996837009228
98, 3, 3.818356096476844
62, 21, 0.01519667037367757
33, 27, 1.014775483217432
3, 30, -2.206510779306825
100, 0, 6.234954076086648
84, 13, -1.108264410419957
86, 12, 0.2304207325466902
45, 25, -6.897737179457805
82, 14, 0.5409948661817563
26, 28, -2.700442173069606
94, 7, -0.6233493087300677
17, 29, 6.580477012363507
50, 24, -3.690634522309135
4, 30, -1.968549206187439
99, 2, -1.023038765106114
88, 11, 5.21246996683344
69, 19, -2.073501831389469
72, 18, 0.9541576120243325
80, 15, 2.685166473523804
5, 30, 2.249048956489151
66, 20, -4.12039273446885
40, 26, -0.5700207976829453
75, 17, -0.4566269800083194
34, 27, 4.210245583597676
93, 8, 0.9688573773545862
18, 29, -1.624323232641734
90, 10, 2.211013966562576
59, 22, -2.043760690928098
55, 23, 4.264831935326032
27, 28, -1.149995315947216
100, 1, -6.617529456799059
6, 30, -2.751510074624669
46, 25, 2.680946276664276
63, 21, 0.1809966310315063
78, 16, 3.461471952390612
7, 30, 0.3086217827441555
51, 24, -2.249608511021348
19, 29, -0.3751862193686999
97, 5, -4.251839556454788
98, 4, -2.625641376727033
92, 9, -1.074531366475287
41, 26, 0.735959059025185
96, 6, 2.242543115518674
85, 13, -0.9007559842787123
35, 27, 1.207513134589324
28, 28, 1.926774572283651
99, 3, -1.248513984030475
87, 12, -1.394113244145504
101, 0, -6.030900538133618
70, 19, -3.268831315079756
8, 30, -0.5508332156607121
83, 14, 7.222239470889011
73, 18, 1.376384347927531
95, 7, 1.546584282792807
67, 20, -3.504074273800106
89, 11, -5.629703127427794
20, 29, -4.945157656913326
56, 23, 0.7511103499663327
100, 2, 1.76625199307963
60, 22, 5.480266184880715
76, 17, 4.46422122553102
81, 15, -2.610518707246933
9, 30, 0.5229255914164712
47, 25, 5.365831564636693
29, 28, -3.694110435623895
36, 27, -5.471054946398812
52, 24, 7.61719029099195
91, 10, -0.9786699833162581
64, 21, 1.959710369979563
94, 8, 4.423410310404071
42, 26, 10.02986335453003
10, 30, 0.57619538487073
21, 29, 1.606935176261871
101, 1, 2.821779488911749
79, 16, 1.955662330216474
-15, 31, -1.944574413138631
-14, 31, -0.4675106988581476
-13, 31, 4.384057284075997
-12, 31, 0.457067552386016
-11, 31, -0.7350738223716692
11, 30, 2.295032758625332
-10, 31, -3.13255052526103
71, 19, 5.262093501383097
30, 28, -1.452683200117202
98, 5, 0.4929954062321061
74, 18, -6.2836182672703
-9, 31, 3.074858741151762
99, 4, -3.063170902384849
86, 13, 1.661999436483326
22, 29, 3.600584178747031
93, 9, 3.460886981074415
57, 23, -1.125844704178296
48, 25, -1.111326812003893
88, 12, 1.636507154797268
68, 20, 9.827384069566403
97, 6, -0.7176393964809017
61, 22, -6.337661552650894
37, 27, 2.538875449378682
-8, 31, -0.4507771208862522
84, 14, -9.986332139789152
100, 3, -0.9552849155512627
43, 26, -5.695394936684602
-7, 31, -8.998511448586015
102, 0, 3.658041965693769
12, 30, 5.355642351255046
77, 17, -6.957312906805002
53, 24, -3.41982293014149
-6, 31, -2.356681927858423
90, 11, 0.4930606574106869
96, 7, 0.2549885636093293
82, 15, 3.809195107162499
-5, 31, 2.603375646673263
65, 21, 5.366163020427948
101, 2, -1.059089705356288
23, 29, -5.298369456708999
31, 28, -0.4111768895321966
13, 30, 2.294317300474809
-4, 31, 1.651691370276761
92, 10, 6.336311227502883
-3, 31, 3.525023409694973
95, 8, -0.7306463597830518
38, 27, 1.18073941017512
80, 16, -7.916216720330978
49, 25, 1.588310060994926
-2, 31, -4.021845097416217
44, 26, 2.358558490790282
14, 30, 3.970172865420332
102, 1, 3.582316422484888
58, 23, -5.03182349496874
72, 19, -3.089137707547069
24, 29, -3.516867615602554
62, 22, -1.800304086770326
75, 18, -0.3417216986507922
69, 20, 3.736338253520481
-1, 31, 2.843653294548202
32, 28, -2.498526351967822
54, 24, -0.6429810976460471
87, 13, 1.85399159571564
99, 5, 0.08538920430148567
85, 14, -5.957579126079556
0, 31, -0.5832511452390849
94, 9, 0.974176040310532
89, 12, -0.9407027350420603
15, 30, -15.08939031858725
100, 4, -0.3099019652897226
98, 6, -5.632327483392625
78, 17, -1.135967960166388
66, 21, -4.502140596423748
39, 27, -2.972742719397487
25, 29, 5.915061844686077
101, 3, 4.409675541946958
1, 31, -4.14854084048739
103, 0, -3.657648570389002
83, 15, -5.009548504669328
91, 11, -0.3747820078025145
50, 25, 1.852673201119166
97, 7, 4.054929470143515
45, 26, 1.406745370278937
16, 30, 0.5097438397197691
33, 28, 8.281551918933316
2, 31, -1.615864673869212
102, 2, -3.074823795153901
59, 23, -0.6991551021004742
81, 16, 2.662163911081658
3, 31, 2.60644983330373
93, 10, 6.513902121165242
63, 22, -3.142953864542193
55, 24, -1.188613575924262
26, 29, -4.690696450036659
73, 19, 4.987232917489435
96, 8, -4.261281104365942
40, 27, -8.548929253941177
17, 30, 3.541972349269743
70, 20, 2.567069893064397
76, 18, 5.45145787674111
4, 31, 5.021568952334305
103, 1, 3.3297533211788