d = 43, symClass = D, D = 11.886719, Y = 0.08480076396886128
[10.94959968496447, 10.94959968505026], 10.94959968500721
1, 0, 1
2, 0, 1.894085485707131
3, 0, 1.099010488995906
0, 1, -1.352585473906458
1, 1, -1.209073267295733
4, 0, 2.587559827123239
2, 1, -1.862393714056259
3, 1, -0.142258277999839
5, 0, -1.247869705676169
4, 1, -0.0144745968790668
6, 0, 2.081619815803688
5, 1, -0.8803434263153237
-1, 2, 1.562482401499157
0, 2, -2.561912514306006
1, 2, -0.004118935985332666
7, 0, 1.96233605148079
2, 2, -2.290088126731339
6, 1, -0.9994608246168438
3, 2, -0.7544436910769425
8, 0, 3.006974026243519
7, 1, -0.6361440896764483
4, 2, -3.527532902454018
5, 2, 1.00963957033519
9, 0, 0.2078240548965672
8, 1, 1.323878679268421
6, 2, -0.2694493395834693
-1, 3, 0.2243533829144469
0, 3, -1.486505623073606
10, 0, -2.363571897562037
9, 1, -0.4884165325464798
1, 3, -1.327564449549005
7, 2, -0.2338570269742638
2, 3, 0.8768057747203926
3, 3, -1.328784202697377
11, 0, 1.82948746424022
10, 1, 0.829487464254745
8, 2, -0.02741612384149743
4, 3, -0.02441574963577301
5, 3, 0.7517105223414178
11, 1, 1.635374938255267
9, 2, 1.635374938244372
12, 0, 2.843755390882787
6, 3, -2.046790226357622
10, 2, -1.667445706183979
12, 1, -0.1678211831034262
13, 0, 1.461858165694901
7, 3, 0.4618581657109671
-2, 4, 2.959475238369221
-1, 4, -0.6620159301899673
0, 4, -3.49989583506306
1, 4, 0.7690753373020154
11, 2, 2.519046684344588
8, 3, 2.519046684342869
2, 4, -0.007801616876753585
13, 1, -1.576899453324021
14, 0, 3.716832233161834
3, 4, 1.43450861114508
9, 3, -0.156343339672415
4, 4, -3.12854941452816
12, 2, -1.893064241444679
14, 1, 2.251770452844251
5, 4, 2.25177045285012
15, 0, -1.371421895411498
10, 3, -0.1119541924991489
6, 4, -1.428980845056808
13, 2, 0.08390952615160047
15, 1, -0.9558913435901863
11, 3, 0.1924164803639171
7, 4, 0.1924164803586527
16, 0, 3.107906031879001
14, 2, -1.204911287072736
-2, 5, 0.5412542682469669
-1, 5, -0.9925394852112257
8, 4, -4.819055156788819
0, 5, 1.687850437255897
12, 3, -0.01590773377223249
1, 5, -0.8545745135366124
16, 1, -0.2869266500795077
17, 0, 3.468510346189526
2, 5, 2.468510346131769
9, 4, -1.574565864347441
15, 2, 0.1720006809892544
3, 5, 0.1720006809783412
13, 3, -0.2120317481161638
4, 5, -0.5973098263630265
10, 4, 1.912343655959497
17, 1, 0.3769568371278491
18, 0, 0.3936365259645336
5, 5, 1.508765902202628
16, 2, 2.507539391250652
14, 3, -0.06040254968875929
11, 4, 0.01957812947133724
6, 5, 0.01957812947045703
18, 1, -0.09361911360446511
7, 5, 0.7903132327009584
19, 0, 1.924442843054315
17, 2, -1.484268631400433
12, 4, -0.3681018052155139
15, 3, -0.9675066594129277
8, 5, 1.518430757759679
-3, 6, 1.717184548099227
-2, 6, 0.424944486230746
-1, 6, 0.2649409227154327
19, 1, 0.2649409227183737
0, 6, -2.815568725065422
13, 4, -1.068130432161855
20, 0, -3.228937519911116
9, 5, 0.2980040064952323
1, 6, 0.01750084812701646
16, 3, 0.01750084812697612
18, 2, -0.9251026652812859
2, 6, -2.51452055523547
3, 6, -0.004526753851614901
10, 5, 2.324024695828797
14, 4, -0.4429452005151824
20, 1, 0.5152630049611975
4, 6, 1.660745091702449
17, 3, -1.369634308556349
21, 0, 2.15662790347563
19, 2, -1.438822491823787
11, 5, 1.190739730452567
5, 6, 1.190739730457368
15, 4, 0.9713063217882804
6, 6, -2.516830871978406
21, 1, -2.113390999548582
18, 3, -1.098417929589268
12, 5, -1.285784028515815
22, 0, 3.46520565229687
20, 2, 1.571120166593964
7, 6, 0.6201022388091372
16, 4, -0.03745388536860393
8, 6, -0.0462455169764473
13, 5, 0.8052551333739123
22, 1, 0.005571213007985326
19, 3, 0.005571212996366757
21, 2, 0.02695739823508411
-3, 7, 0.02695739825423123
23, 0, 0.02023741764901997
-2, 7, -0.9797625823821536
9, 6, -0.8291415298308027
17, 4, 1.064399702753447
-1, 7, 1.06439970259959
0, 7, -2.65422723830793
14, 5, -1.2111573655938
1, 7, 0.8099687022706205
10, 6, 1.423803989803351
2, 7, 0.9493508055845824
20, 3, -1.889155702286464
23, 1, 1.040498916768259
3, 7, 0.4681749569258274
22, 2, 3.097539934213041
18, 4, 3.097539934211463
15, 5, 0.1775197954976284
24, 0, 3.304695994925306
11, 6, 1.35185619312248
4, 7, 1.35185619312207
5, 7, -0.1423689537245968
21, 3, -0.6991290270572138
24, 1, 0.004980095407271226
16, 5, 0.004980095399802258
12, 6, -3.876795660012155
19, 4, 0.5269372182442201
6, 7, -0.6915702130597146
23, 2, -1.365358102183135
25, 0, 0.5571788023635071
7, 7, -2.372608061292192
13, 6, -0.4499089449272689
22, 3, 1.020449577434647
17, 5, 1.020449577446088
20, 4, -2.27794128396681
8, 7, -1.940160533531637
25, 1, 0.6648950156665117
24, 2, -0.317867667127568
26, 0, 2.768884333801646
14, 6, 0.8747988480961278
9, 7, 0.5412612489845592
-4, 8, 4.043016692769673
-3, 8, 1.208421364765139
18, 5, 1.208421364763292
-2, 8, -1.253914764682896
23, 3, 1.639546063354439
-1, 8, 1.639546063348231
21, 4, -0.03898652175887965
0, 8, -4.067189388349685
10, 7, 0.8983633475375223
15, 6, 1.109604477888894
1, 8, 0.002059131229624501
26, 1, 0.002059131221030597
25, 2, -0.9933166069919731
2, 8, 1.456694433786457
27, 0, -0.8706096727990329
19, 5, -2.909957402896701
11, 7, 0.8604392550185526
3, 8, 0.8604392550046982
24, 3, 1.454956554666593
22, 4, 4.771289762620492
16, 6, 4.77128976260905
4, 8, -0.01065799331397597
27, 1, 0.9121776985754563
12, 7, 0.9121776985651914
5, 8, -1.506006117222462
26, 2, -2.986782366950556
20, 5, 0.0180624109413789
28, 0, 5.077661934113768
17, 6, 0.335921232147275
6, 8, 2.717081939467843
23, 4, 0.2510122455309191
25, 3, 0.007671080485441052
13, 7, 0.007671080513772873
7, 8, -1.330513962514303
21, 5, 0.3700869989165626
28, 1, -0.8482571880833705
27, 2, -1.052800459151931
18, 6, -0.2961276504451942
8, 8, -3.635651910615731
14, 7, -3.654642327118641
29, 0, 0.326593262077962
24, 4, -2.586164678574899
26, 3, -1.626969485426182
9, 8, 1.694081034093388
22, 5, -1.365623816732467
15, 7, -1.365623816717812
-4, 9, 0.7691448129818236
19, 6, 0.7691448129751308
-3, 9, 0.2465667210523592
-2, 9, -0.7316264758473096
29, 1, -1.017303913568165
-1, 9, 0.09127229507857156
28, 2, 4.265045731875253
10, 8, 4.265045731873795
0, 9, -0.2810997977578796
30, 0, -2.59759030688057
1, 9, 1.86138955723483
25, 4, 1.861389557228229
16, 7, -0.02942749153401936
27, 3, -0.5367748922690436
2, 9, -1.790659070815207
11, 8, -1.790659070832841
20, 6, -0.2120508110744712
23, 5, -1.231641055960159
3, 9, -1.459007254868424
30, 1, 1.653898627186536
4, 9, 0.1252361398789834
29, 2, 0.1252361398915203
12, 8, -1.952168186855996
17, 7, 0.3272698852629448
26, 4, 0.1589318155710518
5, 9, -0.9997904860483297
31, 0, 0.0002095139607381252
21, 6, -0.2570113255665294
28, 3, 1.367762730334653
24, 5, -1.105620961399174
13, 8, 1.313274790149031
6, 9, 0.9636187432565867
18, 7, -0.2222760558202034
7, 9, 1.405071187757593
31, 1, 1.405071187815658
30, 2, -1.810539919827963
22, 6, 0.3644532626381843
14, 8, 0.3644532626881267
27, 4, -1.22548557880866
32, 0, 2.879665679635827
25, 5, 1.098553892274865
29, 3, -1.220728214095793
8, 9, -1.220728214074252
19, 7, -0.8130657711684071
15, 8, 0.1318876765259737
9, 9, -0.2512745090804603
23, 6, 0.7315677774969818
32, 1, -0.303457126756243
31, 2, -0.3034571267533703
28, 4, -1.646060890717925
-5, 10, -1.949774454540799
-4, 10, 1.025181853540214
20, 7, -1.600666320269803
-3, 10, -1.600666320270282
26, 5, 0.0005859527342806656
10, 9, 0.0005859527419810019
-2, 10, -1.879954632932032
16, 8, -5.600169524828571
33, 0, 2.010625912673196
30, 3, 0.9116154236842964
-1, 10, 1.699017370280635
0, 10, 3.196933015199777
11, 9, 0.6606251071395743
1, 10, 0.6606251071398361
24, 6, -0.0301306076760426
2, 10, -1.618637182517349
21, 7, -0.2791585475339239
17, 8, 1.122034124390969
32, 2, -0.5434636033864674
33, 1, 1.795644390153954
29, 4, 1.795644390164938
27, 5, 1.18475075384137
3, 10, 1.184750753851606
12, 9, -0.02683316493162237
31, 3, 0.4107264662281976
34, 0, 6.569655103658694
4, 10, 4.675569617968168
25, 6, 1.388693738555989
18, 8, -2.982362349949636
5, 10, 0.005139895450322757
22, 7, 0.3163116176528702
13, 9, 0.3163116176478156
30, 4, 0.3257839933741831
6, 10, 0.3257839933719286
33, 2, -1.185954754325627
28, 5, -1.185954754339417
34, 1, 0.1460926814249199
14, 9, -0.06142082936743576
19, 8, 0.09532453884529178
32, 3, 0.1421815758376267
7, 10, 0.1421815758387401
35, 0, -2.448739710985905
26, 6, -0.4016062566026988
23, 7, -1.211072668516106
8, 10, -1.131355872565726
15, 9, 0.8261377487217757
31, 4, -0.2712596777090829
29, 5, -0.2712596776978933
20, 8, 2.612502792086657
34, 2, 0.7139884739301435
35, 1, 0.012742616207875
9, 10, 0.01274261620781326
24, 7, -0.6760776076072001
33, 3, 1.797294210555687
27, 6, 1.797294210550766
16, 9, -1.567426282783187
36, 0, 0.5377571755454478
10, 10, 2.857731596690948
-5, 11, -1.915165040129198
-4, 11, 0.3667368250688976
-3, 11, -0.2582189156104651
21, 8, 0.5905313728116783
-2, 11, 0.5905313728158862
-1, 11, 0.1690840555098344
30, 5, 1.247196885071548
32, 4, 3.425615286508101
0, 11, -1.121952694929002
11, 10, 0.2306327789846676
17, 9, -0.02261630286620693
35, 2, 1.605122686581982
25, 7, 1.605122686579839
36, 1, -1.880346389250103
1, 11, -1.880346389262199
28, 6, -0.1144075926794474
34, 3, 0.1073258603361966
2, 11, 0.1073258603282688
22, 8, 0.03708265085903628
12, 10, 0.03708265086983243
37, 0, 1.637231649910015
3, 11, -0.3591787701483951
18, 9, -0.3870502134465295
31, 5, 0.2827502796848906
4, 11, 0.2827502796769504
33, 4, 0.03302438825882889
26, 7, 0.03302438826533411
13, 10, -0.5265844361326362
29, 6, -2.465583330458635
5, 11, -2.465583330470423
36, 2, -0.1773226042868159
37, 1, -1.060122422842329
23, 8, -1.060122422837124
19, 9, 0.1693466415322485
35, 3, -1.539753392410229
6, 11, -0.4013817745628123
14, 10, 1.496920823194713
38, 0, 3.645059257087608
27, 7, 5.961993811492697e-05
7, 11, 5.961991949250197e-05
32, 5, 1.493435251937015
34, 4, -2.811331671626716
20, 9, 0.9442718503996366
24, 8, -0.4277669469551625
15, 10, 0.9414474267454642
30, 6, -1.832540320910706
8, 11, 0.4959789671975662
37, 2, 1.824773971677234
38, 1, 1.052096662221843
36, 3, -0.1844372405172244
9, 11, -1.477564759584534
16, 10, 2.876037659324306
28, 7, -0.02840402327396819
39, 0, 1.606597457515069
21, 9, 0.5075869685182771
33, 5, -1.01675273309526
25, 8, -1.016752733099351
35, 4, 0.09049676274979816
10, 11, 0.09049676275565437
31, 6, 0.1698957552677036
-6, 12, 3.252494328829315
-5, 12, 1.969155041169972
-4, 12, 0.5805278007150767
-3, 12, -0.7275624511597795
17, 10, -1.23619306934626
-2, 12, 0.5018207562964258
38, 2, 0.5018207562788808
39, 1, 1.511533745809534
22, 9, -1.002911118572402
11, 11, -2.211984385871461
-1, 12, -1.002911118566173
37, 3, -0.6011092607805371
29, 7, 1.58180259426654
0, 12, -3.846422233086577
26, 8, -2.023130348399658
1, 12, 1.70386300236431
40, 0, -3.752311793136962
34, 5, 0.2116385457078526
18, 10, 0.5644450633906607
12, 11, -0.524615414698825
2, 12, 0.03314810243719145
32, 6, 0.03314810243313902
36, 4, -1.263806998524132
23, 9, -0.6656452043827021
3, 12, 0.8452218625156925
39, 2, 0.01446679253785426
13, 11, 0.01446679253305238
4, 12, -3.435152437620149
30, 7, -0.4178343300696014
27, 8, -0.4178343300570492
40, 1, 0.02952043014637832
19, 10, 0.02952043014853579
38, 3, -0.4799763848976514
5, 12, -1.129179577790609
35, 5, 0.7938249379533244
41, 0, 0.7750045482375766
14, 11, -0.2249954517539573
33, 6, 2.768458728335272
24, 9, 2.768458728322729
6, 12, -0.008574058776841201
37, 4, -0.08134136908630489
20, 10, 4.401901444766306
28, 8, -0.6051190482911222
31, 7, 0.9096238800636546
7, 12, 0.9096238800538364
15, 11, 0.5042507287614827
40, 2, 0.9759521790063908
41, 1, -0.3239564172547915
39, 3, -1.733029039273941
25, 9, 0.2840183580955372
8, 12, 2.268787398880643
36, 5, 2.472447685872451
21, 10, 2.472447685841262
34, 6, -2.594204464553498
16, 11, -1.37552111086034
42, 0, 4.084837610020924
38, 4, -2.725252798241735
9, 12, 1.576540010175854
29, 8, -1.887436724335497
32, 7, -1.60686262923385
26, 9, -1.32849155770575
22, 10, 2.25536284071978
10, 12, 2.25536284071109
41, 2, -0.9088730972882023
17, 11, -0.9088730972980679
42, 1, -0.1436295866691511
-6, 13, -0.1436295866851663
-5, 13, 0.4355338570277466
40, 3, 0.4355338570089417
-4, 13, 0.8809868804305006
37, 5, 0.01092026829363841
-3, 13, 0.01092026829558897
35, 6, 0.8921444514601156
11, 12, 0.2269924944894743
-2, 13, 0.2269924944798944
30, 8, 1.839737206301886
-1, 13, -1.123713480231028
43, 0, 1.441351255061545
39, 4, -1.632957563310982
18, 11, -1.632957563300196
33, 7, -0.6247026459569407
23, 10, -0.6247026459369883
0, 13, -1.977288119853109
27, 9, -0.0295646921804848
12, 12, -3.438308621860127
1, 13, 0.980503552506287
2, 13, 0.7977781019153376
42, 2, -4.00294321783687
19, 11, 1.880175523531888
43, 1, 0.8954331306768064
41, 3, 0.8954331306789938
3, 13, 0.7118144139280149
36, 6, -2.080497457625954
38, 5, -0.1883327011838794
13, 12, -0.1883327011949573
31, 8, -1.277614448971835
24, 10, -2.435384866140631
4, 13, 0.00362607821373103
28, 9, 0.003626078210951217
34, 7, -0.4259090355463768
44, 0, 4.733908266730881
40, 4, 2.14634843956807
14, 12, 1.174526650133056
5, 13, 0.3983744032457598
20, 11, 0.04555144231936058
6, 13, -0.6275626544509241
25, 10, -1.259898633490092
43, 2, -0.06794479839814502
32, 8, -0.04352473684808928
37, 6, 0.8603873208185228
42, 3, 2.474719346540189
15, 12, 2.474719346540414
44, 1, -1.040240129548875
39, 5, -1.040240129599872
29, 9, -1.718252314585154
7, 13, -0.1316565102683033
21, 11, 0.079281824188099
35, 7, -1.727529642891824
41, 4, -0.006435765052617602
45, 0, -0.2593373422707331
8, 13, 0.6738016590078224
16, 12, -0.06317721278404338
26, 10, 1.525222060419454
33, 8, -1.544832239293892
22, 11, -3.407225953379507
9, 13, -1.544832239300221
30, 9, -0.1230388318292027
44, 2, 0.01055235366220716
38, 6, 0.01055235365266585
40, 5, -1.652028097867134
43, 3, 0.009207929243478052
17, 12, 0.009207929233172235
45, 1, -1.448631900250876
36, 7, 1.729246613522389
10, 13, 0.2456861373423584
27, 10, 1.376438238608751
-7, 14, 3.066115546243313
42, 4, 0.05105961671272982
-6, 14, 0.05105961669927991
-5, 14, -1.253027389506283
23, 11, 0.8585240898790136
46, 0, 0.03833139907774337
-4, 14, -1.855754086629807
11, 13, 2.132891294384836
-3, 14, 2.132891294388745
18, 12, -1.570464937251982
31, 9, 1.828314283174703
34, 8, 2.016064028025301
-2, 14, 2.016064028031391
-1, 14, -1.172992519558782
39, 6, 0.09221744933794493
0, 14, -5.027333287547499
45, 2, 0.04547173862477845
12, 13, 0.04547173861663022
41, 5, 0.8437026320494873
28, 10, -2.294035587136523
44, 3, -1.94029550964077
37, 7, -1.940295509642067
24, 11, 0.2029081061916359
1, 14, 0.2029081061929409
46, 1, 0.8798687667994919
19, 12, 0.8798687667920395
2, 14, 1.53414996282186
43, 4, 0.6506529058701465
13, 13, -0.558420361439024
32, 9, 0.7801420597602958
3, 14, -0.1497722420284995
47, 0, 1.696564745243137e-05
35, 8, -0.999983034366233
20, 12, 1.945095949230638
4, 14, 1.79815158164614
29, 10, -0.03191612593023883
25, 11, -0.03191612592624388
40, 6, -3.578222395932828
14, 13, -0.6112967765943921
42, 5, 0.8004257637207051
38, 7, 0.8004257637180253
5, 14, 1.218471319865327
46, 2, 1.970793896121926
45, 3, -1.050534612951797
47, 1, -0.5251747324189647
6, 14, 0.886763390699849
33, 9, 0.2114677301752978
21, 12, 0.211467730173566
15, 13, -1.561639949472477
44, 4, 4.231630492500235
36, 8, 4.231630492510781
26, 11, 1.328461373734729
30, 10, 0.336237668077477
7, 14, -0.008082736588625237
48, 0, 3.415621327772199
41, 6, 0.0694812948610134
16, 13, 0.06948129486313644
22, 12, 2.560531194158822
8, 14, 2.56053119416171
39, 7, -1.155015476464432
43, 5, 1.001026045619704
47, 2, -1.036345456694061
46, 3, -0.929868430868562
34, 9, -0.9298684308622149
27, 11, 0.6747066391630522
48, 1, -1.399980951594049
9, 14, -1.399980951580561
37, 8, 0.1888570325265539
17, 13, 0.1888570325172339
31, 10, -0.1640804161416086
45, 4, 0.6770853650149812
23, 12, 0.3132993342236761
10, 14, -0.2696589688505033
49, 0, 2.850762778903031
42, 6, -1.324210142779477
18, 13, 1.054277319029326
40, 7, 0.6641695439484361
-7, 15, 0.6641695439545294
-6, 15, 0.5948441179918142
28, 11, 1.025966394471743
-5, 15, -0.2799637899125006
44, 5, -3.045712005108987
35, 9, -3.045712005122283
11, 14, -3.045712005119653
-4, 15, -3.045712005113745
-3, 15, -1.090811304976681
48, 2, 0.009432726418967046
32, 10, 0.009432726418883515
24, 12, -5.296192164304753
47, 3, -0.01461412576117926
-2, 15, -0.01461412575536101
38, 8, 0.9980641369643357
49, 1, 0.03326809795416423
-1, 15, 0.03326809795583135
19, 13, 0.4021503541966113
12, 14, -1.309893102900382
0, 15, 1.854965334372245
46, 4, -2.586104964122556
29, 11, 0.00411671516863446
1, 15, 0.004116715164068124
50, 0, 1.055344282471862
43, 6, 0.4594205006563025
41, 7, -0.1247328796580036
13, 14, -0.1247328796526146
25, 12, 1.906586974241317
2, 15, 1.906586974238288
36, 9, -0.003008169406385118
33, 10, 0.1514276145128245
20, 13, 0.1514276144960705
45, 5, 0.6094801947114024
3, 15, -0.9391863539833505
39, 8, -1.178804990252222
49, 2, 0.5880031664579491
48, 3, -0.3153353980147632
14, 14, -4.493922492142061
4, 15, -1.129609634173838
50, 1, -1.73442601344039
30, 11, -1.734426013436956
26, 12, -0.85216600248582
47, 4, -0.01916261018844572
21, 13, -0.01916261018103826
5, 15, 1.656627458945818
15, 14, -0.3335802733383706
37, 9, 0.0335304669257413
44, 6, 1.932818733522809
34, 10, 1.932818733520274
42, 7, -1.961278008173457
51, 0, 3.811929251557337
6, 15, 2.712918762596088
46, 5, -0.7630892424373745
40, 8, -2.64716981705873
22, 13, -0.1134948061890956
7, 15, -0.1134948061789929
31, 11, -1.546401160412838
16, 14, -3.674829906477191
27, 12, -1.730464400512421
50, 2, 1.25936799868937
49, 3, 1.337761099879905
8, 15, -0.4456128660792529
51, 1, 1.084269495415693
48, 4, -0.4342473515638831
35, 10, 0.2918230994194987
38, 9, -1.098930654639226
17, 14, -0.6929484239173275
23, 13, -1.336685658883325
43, 7, 1.035250379146349
45, 6, 0.1890305525054524
9, 15, 0.1890305525075576
52, 0, 3.782645462522318
28, 12, 1.195085635395867
32, 11, 1.133567977294692
41, 8, -0.09612980954342198
47, 5, 1.527605185758667
10, 15, -1.094139364051285
18, 14, 1.025195075676816
51, 2, 0.5600252675290881
24, 13, 0.5600252675246618
50, 3, 0.2643267788965334
-8, 16, 4.698343997840018
-7, 16, -1.630536104791199
-6, 16, 2.288853367599895
36, 10, 2.28885336759817
-5, 16, 1.292924745979684
11, 15, 1.292924745977274
39, 9, -0.2330251151623891
52, 1, 0.7946705866332718
-4, 16, -1.713005825878963
49, 4, 0.003107505276838432
29, 12, 0.003107505281444096
-3, 16, -0.6478915166204733
44, 7, -0.1180014582977763
33, 11, -0.2602597362828328
19, 14, -0.1180014582902926
46, 6, 3.105440401729625
-2, 16, 3.105440401734578
12, 15, -0.6564497643415872
-1, 16, 0.185105615540366
42, 8, -0.07384380500170491
53, 0, 0.9989219399577725
25, 13, -0.001078060042977424
0, 16, -4.203708553000986
48, 5, 1.488456208071943
1, 16, -1.786886019840084
20, 14, 1.701576977479674
37, 10, 0.3125491165037426
13, 15, 0.3125491165110345
30, 12, 2.101685736432016
40, 9, -1.129455013579749
2, 16, 0.003900170560291117
52, 2, 0.003900170567784442
51, 3, 0.4142795178926594
34, 11, 1.886602489876144
53, 1, -0.8601617445760118
26, 13, -2.722555458631161
3, 16, -0.8601617445865223
50, 4, -1.881426567989424
45, 7, 0.2514519828929099
14, 15, -0.9939639449406069
47, 6, -0.8436017885320354
21, 14, -1.480472053802745
4, 16, 1.990028446825806
43, 8, 0.5827694114095463
54, 0, -1.649009144938083
31, 12, -0.267445268155211
5, 16, 0.003473342508844983
49, 5, 0.003473342513107205
38, 10, -5.511708080844028
15, 15, 1.658149551952881
27, 13, 0.3687408616863146
41, 9, 1.232934307004906
35, 11, 1.232934307002456
22, 14, 1.629745504247674
6, 16, 1.629745504244975
53, 2, -0.7320926609073908
52, 3, -0.7320926609155108
16, 15, -1.206751511645516
7, 16, 0.1353608213129643
46, 7, 0.1353608212993739
54, 1, 1.342494489988579
51, 4, 1.342494489988542
48, 6, 2.755812092510725
44, 8, 6.518184003079786
32, 12, 6.518184003089296
28, 13, -0.003247424765239693
23, 14, -0.003247424772318875
8, 16, -0.01238553354956772
39, 10, -0.429176698746855
17, 15, -0.4857845047843374
36, 11, 1.332931785720938
55, 0, -2.28296198352852
50, 5, -1.035092277867474
42, 9, -0.0663830356761473
9, 16, 0.6664900569182042
53, 3, -0.5950502626092073
54, 2, 1.727742539230704
24, 14, 1.727742539226084
33, 12, 0.02151656963695347
18, 15, 0.0215165696408207
10, 16, -2.852504327995542
47, 7, -1.432321073824091
29, 13, -1.432321073815299
52, 4, -4.080321676845365
45, 8, -0.7300709393136399
55, 1, 1.155885073363348
49, 6, 1.155885073353534
40, 10, 0.03421175039512321
-8, 17, -0.1014527649249834
37, 11, -0.1014527649246277
-7, 17, -0.1686137290133926
11, 16, 0.3880928189756573
-6, 17, 0.3880928189835064
-5, 17, 1.214856472225655
19, 15, -0.6708361062281035
-4, 17, 0.7540369136155883
43, 9, 0.7540369136129685
51, 5, 0.007069632414390846
25, 14, 0.007069632420973215
56, 0, 5.900693537538411
-3, 17, 0.9018972991521046
34, 12, 0.636263530136602
-2, 17, 0.002620236783459008
30, 13, 0.002620236788462669
12, 16, 3.711876853868367
-1, 17, 0.5991713324868965
20, 15, 0.03046767428251746
54, 3, -0.1028883878400783
55, 2, -3.338871236417755
48, 7, -3.338871236428465
0, 17, -4.691456710344863
46, 8, 0.4754386509904661
41, 10, -0.02090792977517331
38, 11, 0.01921596021668127
13, 16, 0.01921596022809911
50, 6, 0.01452968225195067
26, 14, 0.01452968222136652
1, 17, -0.1069370444663941
53, 4, -0.1069370444692264
56, 1, -1.118626698692042
2, 17, 0.5298139011021068
44, 9, 2.129734915852023
31, 13, 2.1297349158383
35, 12, 1.730323142518003
21, 15, 0.8685625323048827
14, 16, -2.5201071849339
52, 5, -0.8888295586806663
3, 17, -0.8888295586763065
57, 0, 2.114982869966311
27, 14, 1.155742669980943
4, 17, 1.155742669985707
39, 11, 2.936807629572034
15, 16, 2.936807629578997
49, 7, -1.248328481102182
42, 10, 0.7009764131236683
55, 3, -0.2326456226077689
47, 8, -0.2326456225999033
22, 15, -0.2326456226031176
5, 17, -0.2326456226035584
56, 2, -1.606671628089896
32, 13, -1.124344458702846
51, 6, -1.631226794382209
54, 4, -1.994094069008587
36, 12, -0.4045477449620604
57, 1, 0.003384986190219924
6, 17, 0.003384986174648098
45, 9, -0.1829565405569296
16, 16, -3.757686100405377
28, 14, -6.922204987229541
7, 17, 0.3200525783360282
53, 5, -2.671619820152936
23, 15, -2.67161982016925
58, 0, 0.6185955574319446
40, 11, 1.211934941439197
33, 13, 0.2867910625027925
17, 16, 0.2867910625125002
8, 17, -0.01269141013208114
43, 10, -0.01269141012251155
50, 7, 0.1839623350790454
48, 8, -3.005352739893464
37, 12, 1.577544060523289
56, 3, -1.165467892518749
29, 14, -1.165467892518342
57, 2, -1.15153300562168
24, 15, 1.668771329575586
52, 6, -3.081619288019303
9, 17, 0.3500331504957744
55, 4, 0.8079125945497436
46, 9, 0.8079125945681529
18, 16, 3.208734298260659
58, 1, -1.412529155608091
10, 17, 0.9133170070101753
34, 13, -1.853697192646841
54, 5, 1.005634415267479
41, 11, -0.3432558121951569
25, 15, -0.9380367882638434
44, 10, -2.586608250180247
30, 14, -2.586608250182683
59, 0, 0.569185283004662
19, 16, -0.4308147169820702
-9, 18, 0.3247214283733279
-8, 18, 1.456826026658241
38, 12, 1.456826026658164
11, 17, -0.5098663421921327
-7, 18, -0.5098663422011959
-6, 18, 0.4670184476266426
51, 7, -0.6544160665363751
49, 8, -0.6544160665276892
-5, 18, 1.339127676595516
-4, 18, -1.385763088834859
57, 3, 0.2911728530178525
-3, 18, 0.2911728530289536
53, 6, 1.200052958315979
47, 9, 1.200052958311317
58, 2, -1.926860577239915
12, 17, -0.2597753533571227
-2, 18, 0.1728775293463172
56, 4, 5.826590763739977
20, 16, 5.826590763731617
35, 13, -1.488591735204085
26, 15, 1.56384240412145
-1, 18, -0.8118383867050488
59, 1, 0.6358010964380651
31, 14, 0.6358010964371238
42, 11, 0.4042210362318721
0, 18, -0.5324270469906011
13, 17, 2.068537138120057
39, 12, -1.173886548542354
55, 5, -2.040734842857861
45, 10, -2.040734842860255
1, 18, -0.3769869335062411
21, 16, -1.045648887175915
60, 0, -3.54863620266093
2, 18, 3.52563094356109
50, 8, 3.525630943566118
52, 7, -1.053708816254058
27, 15, 0.3275095289027783
14, 17, 1.122856824862639
36, 13, 1.3112353581641
48, 9, 0.01923361566828737
3, 18, 0.01923361566485111
32, 14, -0.0557381845882912
54, 6, -1.016697532512817
58, 3, 1.169816059333348
59, 2, 1.280050308011567
4, 18, -3.391661355878433
22, 16, -3.391661355878992
57, 4, 1.033243199209803
43, 11, 1.033243199215609
15, 17, -0.3498515902194141
40, 12, -0.2896881709738657
60, 1, -0.4310009188689321
46, 10, -2.332833447699857
28, 15, 0.3469153422890421
5, 18, 0.3469153422927108
56, 5, 1.674321599262416
33, 14, 0.08169961132459153
16, 17, 0.08169961130381634
6, 18, -2.763484464959151
37, 13, -0.6594803655497052
51, 8, -0.004158640775730481
23, 16, -0.004158640762813096
53, 7, 0.1797513263309674
61, 0, 1.246015180149254
49, 9, -0.6189930820389938
7, 18, -0.3749246834922597
55, 6, -0.01200649665359807
44, 11, -0.02648109351648009
29, 15, -0.01200649666113594
59, 3, -2.984609869609162
41, 12, -2.984609869598261
17, 17, -4.193683136883886
60, 2, 3.132625384587282
8, 18, 0.237207954816205
58, 4, 0.2372079548173255
24, 16, -2.268592583345764
47, 10, 0.5568681689617556
34, 14, 0.6198771396213281
61, 1, -0.9218708665521625
38, 13, -0.2693508165964844
9, 18, -0.0008560139796713679
57, 5, 1.903765494188206
18, 17, 1.90376549419222
52, 8, 0.2171209189524738
30, 15, 2.554127517363836
54, 7, 0.8601833082715781
50, 9, 0.02387395251943058
25, 16, 0.02387395252028235
10, 18, -1.893688648351932
62, 0, 0.0003968373347614638
45, 11, -0.3928189128383369
42, 12, -0.486801421413005
19, 17, 1.033925272198999
56, 6, 2.590659535472504
35, 14, 1.981252127863153
60, 3, 0.5662794470284962
-9, 19, -1.593167360424178
11, 18, 0.1266278531568396
-8, 19, 0.1266278531500849
48, 10, -2.094140615731168
-7, 19, -0.06570314734118402
61, 2, -0.06570314733755492
39, 13, -0.2079614253292047
59, 4, 0.208502784353041
-6, 19, 0.2085027843709719
-5, 19, -0.005452971548166886
31, 15, -0.005452971552820224
26, 16, 2.487454718756527
-4, 19, -0.05732988171624638
62, 1, -0.003548307150233762
20, 17, 1.164862288656336
-3, 19, -1.82989511056564
12, 18, 1.825176275283686
58, 5, -0.8858699164836766
53, 8, 0.0003534081345320203
-2, 19, 0.0003534081402882932
55, 7, -1.068966198382337
43, 12, -1.068966198392118
51, 9, -1.505242471173465
-1, 19, 0.4799348950690095
46, 11, 0.4799348950792041
36, 14, -0.4210098511920416
13, 18, -1.11139524128453
63, 0, 0.4078206352748712
0, 19, -2.602973434878892
21, 17, -0.197508025819579
27, 16, -0.1975080258134659
40, 13, 0.09417724623195008
32, 15, 0.09417724623436384
57, 6, -1.581281010291465
49, 10, 0.2563619184524841
1, 19, 0.256361918455477
61, 3, 0.4609208911486868
14, 18, 2.661324943335535
62, 2, 2.661324943331958
2, 19, -0.9059958091859653
60, 4, -2.47342603979202
3, 19, 2.007600190229722
22, 17, 2.007600190227189
63, 1, 0.7221913433470325
37, 14, 0.7221913433365869
44, 12, 0.4978891546661028
28, 16, 0.4978891546782428
59, 5, -0.0001465905916922867
54, 8, -2.321174447817107
47, 11, -0.05902182984289243
33, 15, 1.308635453415924
15, 18, 1.308635453421257
4, 19, -0.1562725740427492
52, 9, -0.1562725740380341
56, 7, 2.597894860115361
41, 13, 1.046548367837136
5, 19, 0.01036815273588378
64, 0, 2.346426935572396
23, 17, 0.2664759173804598
50, 10, 2.080754982608179
58, 6, -2.312163592309576
16, 18, -2.312163592313457
29, 16, -0.4557684346938934
6, 19, -0.4557684346929429
62, 3, 0.684208215778854
38, 14, -1.540016076097241
63, 2, -0.7751229984159776
61, 4, 0.4299742837356724
34, 15, 0.4299742837287599
45, 12, 1.06747583568349
7, 19, -0.2615760591514743
17, 18, 0.6354463712033867
48, 11, -0.109407333140459
24, 17, -0.1094073331297314
55, 8, -2.05380738610831
42, 13, -2.053807386103574
64, 1, 0.3505482125184371
60, 5, 0.2094189703756769
53, 9, 0.7098827300167246
57, 7, -1.00909519752995
8, 19, -1.009095197527667
30, 16, 0.249806533875954
51, 10, -1.470188948033723
18, 18, -0.4759354005515515
39, 14, 1.16871263614228
9, 19, 1.168712636150508
65, 0, -1.824208518965536
35, 15, -0.5763388132968339
25, 17, -0.4870854415555711
59, 6, 0.6885910338207158
46, 12, 1.385651909149764
63, 3, -2.322638875820694
10, 19, -1.269057726639021
43, 13, 1.780246029624575
19, 18, 1.780246029628773
64, 2, -0.5747737393026231
62, 4, -0.574773739303327
49, 11, 1.231864463365565
31, 16, -0.8542997962348614
56, 8, -1.912868754609045
54, 9, -0.2077120012644344
26, 17, 0.246943525544385
-10, 20, -3.693039494677953
65, 1, -0.3583552435029571
61, 5, -0.358355243510579
11, 19, -0.3583552435123098
-9, 20, -0.3583552435140335
-8, 20, 1.400527800754087
58, 7, -0.01088070677174502
-7, 20, -0.01088070678127771
36, 15, -1.413090133892716
40, 14, -3.031798844661582
-6, 20, -3.031798844658856
52, 10, 0.001109844594260884
20, 18, 0.001109844576328577
-5, 20, 0.8261096239628634
-4, 20, -2.568255298792508
12, 19, -0.7631422367170424
-3, 20, 0.8071313515487883
32, 16, -5.788144657639922
66, 0, 3.808297358348142
60, 6, 1.726677542539881
47, 12, 0.6846113218565306
-2, 20, 3.218084140985585
44, 13, 1.444737706795113
27, 17, 1.444737706805114
50, 11, 0.07303110811319954
-1, 20, 0.07303110811856842
21, 18, 0.6814988646711038
64, 3, 0.2058744963801204
13, 19, 0.205874496390635
63, 4, -1.164641013150333
65, 2, -1.32316487648972
37, 15, -1.323164876485738
0, 20, 4.367413985611215
57, 8, 1.823364045153877
55, 9, -0.4030758903535042
41, 14, -0.4030758903474844
1, 20, -0.06232002086974988
62, 5, -2.074296089317988
66, 1, -0.02367139296027388
59, 7, -0.02367139297024834
33, 16, -0.02367139297625611
14, 19, -0.02367139295449562
53, 10, 0.2243270008027997
28, 17, 0.2243270007998718
22, 18, 1.251280426934354
2, 20, 1.251280426928274
48, 12, -0.04116221288152251
45, 13, -0.7718901999325399
3, 20, -0.771890199932856
15, 19, -0.1867028827341133
61, 6, 0.4622735599948771
67, 0, 0.4046793028311221
38, 15, -0.5953206971623984
51, 11, 1.760264808856608
4, 20, -2.211262680481848
23, 18, -0.6484762157065347
42, 14, -0.5287501531000839
29, 17, 0.2621110880775566
34, 16, 2.125228549466447
65, 3, -0.9417758008953712
5, 20, -0.9597058147852596
64, 4, -0.742439873086193
56, 9, -0.2040707247907426
16, 19, -0.2040707248014517
66, 2, 3.401103976881735
58, 8, 3.401103976870284
54, 10, 2.244019207040323
6, 20, 2.244019207037373
63, 5, -0.0009240972125780952
60, 7, -0.0009240972176183706
67, 1, -1.436034476748544
24, 18, -0.05082430823741584
49, 12, -1.008028546871962
46, 13, -1.008028546869993
39, 15, 0.8849838378812941
17, 19, -0.7265361446698378
30, 17, 0.1131923675793426
7, 20, 0.1131923675857242
35, 16, -0.3653974891147466
52, 11, 1.848499298212091
43, 14, 1.848499298228876
62, 6, 0.7779510383020137
68, 0, 8.974978031731451
8, 20, 6.387418204593569
18, 19, -1.209967265863696
25, 18, 1.098147858874551
66, 3, 0.006122821518318909
57, 9, 0.006122821527023502
59, 8, -1.429951589003719
65, 4, -0.7617162041063243
9, 20, -0.7617162040993989
67, 2, -0.9555466024403529
31, 17, -0.9555466024356847
55, 10, -3.143442044589039
40, 15, -3.143442044576865
47, 13, 0.971000623602479
50, 12, 2.630304654258911
61, 7, 1.369993592550554
36, 16, -4.074283375772541
64, 5, -0.3160067119161747
19, 19, -2.326792395970622
10, 20, 0.009735401359987619
68, 1, 1.348988804532322
44, 14, 0.5991212439528902
26, 18, 0.5991212439531491
53, 11, 1.041821133551731
11, 20, -0.6969372557621214
-10, 21, -0.6969372557792255
63, 6, 0.02962646341642088
-9, 21, 0.02962646339460001
32, 17, 0.002011756432615316
-8, 21, 0.002011756446016477
20, 19, -0.5413189297454347
-7, 21, 0.4402567315598556
69, 0, 0.02224113428251669
-6, 21, -1.076769354707405
41, 15, 1.794589523729092
-5, 21, 1.794589523722186
58, 9, 1.591554202167828
37, 16, 1.591554202174867
27, 18, -0.1567915470510735
-4, 21, -1.336013146590086
60, 8, 0.4450620523510093
12, 20, 0.4450620523481571
48, 13, 0.33699401200073
67, 3, -1.719201031962002
66, 4, -2.246299686891476
56, 10, -2.246299686894612
51, 12, 1.169786437817627
-3, 21, 1.169786437818632
68, 2, 0.2767120274469296
45, 14, 0.5343703895182779
21, 19, 0.5343703895009811
-2, 21, 0.9134426090763169
62, 7, 0.6475521545910915
65, 5, 1.967765056713055
33, 17, 1.852547470304751
13, 20, 1.852547470313062
-1, 21, -0.03717317560144069
69, 1, 0.005468152981024958
54, 11, 0.005468153009201601
0, 21, -2.917023574863396
28, 18, -0.1163363014065294
38, 16, 0.1805528254514619
42, 15, -1.331074648632442
22, 19, 1.94613040196709
1, 21, 1.946130401965836
64, 6, 0.2693040591411389
14, 20, 0.2693040591316127
49, 13, -0.998791917338168
2, 21, -0.9987919173306939
70, 0, -4.638122344838723
59, 9, 1.545021485455354
52, 12, -0.5486448334904902
61, 8, -2.734944437729802
34, 17, -4.597338151779408
46, 14, -2.293875163551613
57, 10, 1.972474039483672
3, 21, 0.8901640995307415
15, 20, -1.790079838386903
68, 3, -1.835894037470704
29, 18, -1.835894037472098
67, 4, 0.8463941261044272
23, 19, 0.2174540247715529
69, 2, 0.8277870192928435
63, 7, -0.9584373699573476
4, 21, -0.5909276639139389
66, 5, -0.7302338363550657
55, 11, -1.610577262644256
39, 16, -0.7302338363528852
43, 15, -0.1202141156736058
16, 20, -1.545574911042399
70, 1, 2.932461568134777
5, 21, 2.932461568149535
35, 17, 0.6530505830084145
24, 19, 0.3286547969301922
30, 18, 1.564775519051395
50, 13, 0.6125203538838813
65, 6, -1.363192864774016
6, 21, 1.043346493021784
47, 14, -1.700710429366904
53, 12, 0.0009632421304633767
17, 20, 0.0009632421133459678
60, 9, -2.076201932146878
71, 0, 1.970459249004882
62, 8, -0.5137890184097922
58, 10, -0.5137890184131809
7, 21, -2.605127580005584
40, 16, 3.035959963882713
69, 3, 1.143519223304847
44, 15, -1.313774821572386
25, 19, -1.313774821563816
68, 4, 0.9753983683248371
64, 7, -0.3203329870738187
56, 11, -0.3203329870739648
31, 18, -0.3203329870665338
8, 21, -0.3203329870661498
70, 2, 0.02413560441088023
18, 20, 0.02413560440039726
36, 17, -0.635563359760835
67, 5, -1.218504704879595
9, 21, 0.5145291883324872
71, 1, -0.003611506858541739
51, 13, -0.003611506864824967
48, 14, -1.280548783765744
26, 19, -0.2242324170996575
19, 20, -0.2242324171050785
66, 6, 3.404228877739406
54, 12, 3.404228877744934
41, 16, -0.4446725183768522
61, 9, 1.291447951532162
10, 21, 1.2914479515288
32, 18, -2.968839372116045
59, 10, -0.6518840169738054
45, 15, 0.195096117242619
63, 8, 0.002429143965892338
37, 17, 0.00242914397041138
72, 0, 0.6249215350673574
20, 20, 3.904022037111409
11, 21, 1.296059565160721
-11, 22, 2.85854196666023
-10, 22, -3.627486305221123
57, 11, 0.02149424469146995
-9, 22, 0.02149424468777275
70, 3, -1.568974986983705
-8, 22, 0.6946308974326948
69, 4, -0.3603086778024411
27, 19, -0.360308677800976
65, 7, 0.3948865948760849
-7, 22, 0.3948865948607748
71, 2, -1.500556718570764
-6, 22, -0.4890887002193944
-5, 22, -0.00668521075492627
68, 5, -0.006685210760063415
52, 13, -0.02115980762309299
49, 14, -0.4589060749211403
33, 18, 1.485704135852133
12, 21, 1.485704135856492
42, 16, 1.118516902082233
-4, 22, 1.118516902081783
21, 20, -0.1882859340919068
-3, 22, 0.01592641065055558
72, 1, 0.01592641063405796
55, 12, 1.739132799549899
38, 17, 1.739132799531552
46, 15, 1.413212431851824
-2, 22, 0.3202596553970335
67, 6, 1.11242606596008
28, 19, 1.112426065941314
62, 9, -0.64227624537255
13, 21, -0.64227624538121
60, 10, 2.36229751780321
-1, 22, 0.05458342187491034
64, 8, 3.980868802518326
0, 22, -2.12507431510146
22, 20, 0.4368381992055954
73, 0, -1.780245227151366
34, 18, -0.04283721102281478
58, 11, -0.7218508081719186
14, 21, 1.720587581882791
1, 22, 0.5046200003691804
71, 3, 0.4881531903686764
43, 16, 0.4881531903722974
70, 4, 3.04023958341567
50, 14, 3.040239583407842
66, 7, -0.838741280507758
53, 13, -0.8387412805234167
39, 17, 0.009582413720697595
29, 19, 0.009582413715445683
72, 2, -3.561536803994021
2, 22, -3.561536803971351
69, 5, 1.758088500609799
47, 15, -0.7020420439392042
23, 20, -0.7020420439517858
15, 21, -0.1564649734417899
56, 12, -0.1562952110554785
3, 22, 1.162714754410812
73, 1, -0.7471260526949797
35, 18, -0.415851519722501
63, 9, -0.1322060442137079
68, 6, 0.2032843543162479
4, 22, 0.2032843543182681
61, 10, 1.40823357603897
30, 19, 0.763291802460167
16, 21, 0.67493284623655
65, 8, -1.239650520514232
44, 16, 0.05065958130953192
24, 20, 0.05065958130193041
40, 17, 1.326848659486585
5, 22, 1.326848659486255
59, 11, -0.03814917908845862
51, 14, -0.6115797741418224
74, 0, 3.101056704791241
54, 13, -0.3042481750820179
6, 22, -0.6803152953391526
67, 7, -0.01193682469691475
17, 21, -0.01193682470107018
72, 3, 0.005473177090800117
48, 15, 0.005473177097258289
71, 4, -1.528662585857184
36, 18, -0.7331061915409042
57, 12, 0.5791095298993482
73, 2, -0.6490018617291717
31, 19, -0.6482601945644315
70, 5, -2.809916132258556
25, 20, -2.809916132255944
7, 22, -0.8280241933253153
18, 21, -0.7600429180320915
41, 17, 0.2973955584415721
74, 1, -0.8421775972647926
45, 16, -0.8421775972726445
64, 9, 1.910114457324115
62, 10, 0.5355532008252942
8, 22, 0.5355532008289063
69, 6, -1.500542875509208
66, 8, 0.06255101447296073
52, 14, 0.0625510144765087
60, 11, 0.8955609566049956
26, 20, -0.9973959374646761
55, 13, -1.089176396185154
37, 18, -1.089176396185375
32, 19, -0.6229907249461769
9, 22, -0.62299072492576
49, 15, -0.01113205546772852
19, 21, -0.01113205547864547
75, 0, 0.6123453480320222
68, 7, -0.7590078410876674
58, 12, -4.670025600023941
10, 22, -4.670025600016023
73, 3, 0.6088662703132364
72, 4, -0.2422450574396058
42, 17, 0.7153033407468981
74, 2, -2.007962494152139
46, 16, -2.007962494147474
27, 20, -0.3244465135970409
71, 5, 0.2337309370163432
20, 21, 0.2337309370176195
33, 19, -0.003416605762331743
11, 22, -0.007535541770656032
-11, 23, -0.00341660576953194
-10, 23, -0.5155929370823091
38, 18, 0.3207570158030925
-9, 23, -0.743448904606849
-8, 23, -0.6617634168199886
63, 10, -0.6617634168216582
65, 9, -1.333106303808937
53, 14, 1.655988228449916
-7, 23, 1.65598822843837
75, 1, -0.8951577901556151
70, 6, -2.916424552145655
-6, 23, 1.033563676407363
61, 11, -0.1692619943183637
56, 13, -0.1692619943329773
50, 15, 0.1397042452242788
67, 8, 0.1124933288646733
-5, 23, 0.112493328887926
12, 22, -0.7602513934373368
21, 21, -2.607521145585607
-4, 23, -1.064798510588401
28, 20, 2.044982771771828
43, 17, 1.739641811232299
-3, 23, 1.739641811235307
59, 12, 0.135983456483689
34, 19, 0.1359834564982491
76, 0, 4.979610990273731
47, 16, -0.8763330226362254
-2, 23, -0.8763330226339157
13, 22, 0.3565943822686382
69, 7, -0.6257367632470291
39, 18, -0.4944546495812244
74, 3, -0.03646218527442385
73, 4, -0.03646218525566652
22, 21, -0.03646218525722411
-1, 23, -0.03646218524172935
75, 2, 1.325212636748351
72, 5, 1.325212636752841
0, 23, -0.02737283715222253
29, 20, 1.053917091875199
54, 14, 0.0001129252555940521
14, 22, 0.0001129252700212172
64, 10, 2.828694034517786
66, 9, 1.121484789093807
51, 15, 1.121484789098284
1, 23, -1.232746652263549
57, 13, 0.9812276231002864
62, 11, -0.4212772757371984
35, 19, -0.401265112830325
76, 1, -1.439691576422486
71, 6, -1.439691576438134
44, 17, -1.439691576429185
23, 21, -1.439691576430598
2, 23, -0.514562222711296
68, 8, -3.840633883304054
15, 22, 1.463247903515872
40, 18, 1.788531606414824
48, 16, -0.4421253602832154
3, 23, 0.1312991031148539
30, 20, 1.783181906538803
60, 12, -2.503481364360281
4, 23, 0.1291572224758597
77, 0, 3.590069206809007
70, 7, 1.627733155341693
24, 21, -2.132256776646018
16, 22, 0.9394265630042911
74, 4, 3.456277894471951
75, 3, 0.7307265962867825
55, 14, 1.638193859380563
36, 19, 1.638193859381872
5, 23, 0.3684827715849683
52, 15, 0.3684827715938738
73, 5, 0.0001005668958080767
45, 17, 0.0001005669020663915
76, 2, 1.992761017473665
65, 10, -0.1047081556862787
58, 13, 1.174534462176603
31, 20, 0.5880039213616922
67, 9, 0.02282498389641596
41, 18, 0.02282498390336347
17, 22, -0.7981979604652089
6, 23, -1.174380508036376
63, 11, -1.17438050804355
49, 16, 0.1743556487137313
25, 21, 0.1743556487076199
72, 6, -0.3493399002765911
77, 1, -1.095551901003057
69, 8, -1.095551901018643
7, 23, 0.7024775120942269
61, 12, -1.81000298794558
37, 19, 1.460296248445866
18, 22, -2.798633965314148
32, 20, 3.929030429086805
8, 23, -0.6143888433456036
26, 21, 0.8369198261647384
56, 14, -0.05379964820684353
71, 7, 1.001572623462035
46, 17, 1.001572623470355
53, 15, -0.957099237715249
78, 0, 3.043032925621403
42, 18, 0.961413109810793
75, 4, -0.06882151952894638
76, 3, -1.471874396711821
19, 22, -1.471874396696577
59, 13, -0.02076393386594502
9, 23, -0.02076393385284969
66, 10, -1.925816594294581
50, 16, -1.925816594295624
74, 5, -0.6406991284486894
77, 2, -1.284078109257355
68, 9, -1.284078109267278
64, 11, -1.336099121647221
38, 19, -3.584070253937198
27, 21, 0.5948517899196256
33, 20, 2.555244560878549
10, 23, 2.555244560871719
73, 6, 1.756596892683354
70, 8, 0.1714086048422818
20, 22, 0.1714086048405869
62, 12, 0.3217970841480554
78, 1, 0.9109570599417823
47, 17, -0.07699790016293975
43, 18, -0.07699790015287541
-12, 24, 4.443317752480181
11, 23, -1.407363720439297
-11, 24, -1.40736372042565
-10, 24, 3.729747982559791
54, 15, 1.328067754966147
-9, 24, 1.32806775497593
57, 14, 0.6213975893702552
-8, 24, 0.6746247951218114
-7, 24, -1.168060647164986
28, 21, -0.04791190570806659
72, 7, 1.554607096381533
21, 22, 1.55460709638228
-6, 24, -1.378065478663526
51, 16, 0.1411969580145155
39, 19, 0.1411969580122741
34, 20, -2.341455350163868
60, 13, 2.764292569104124
12, 23, 2.764292569114271
79, 0, 1.019372061997815
-5, 24, 0.01937206198644559
-4, 24, 0.685550488176589
76, 4, 0.6855504881942754
77, 3, -0.6332466460152928
67, 10, -0.6332466460085483
65, 11, -1.004264974595472
-3, 24, 1.801878320781887
69, 9, 1.80187832078549
75, 5, 1.192827849580944
78, 2, 2.862974129075965
13, 23, -1.31868622542491
44, 18, -1.899599393143009
22, 22, -4.189687519876912
-2, 24, -1.899599393140605
48, 17, -0.8453951859025005
29, 21, 0.9607775602950602
63, 12, -0.04284659634420869
-1, 24, 0.1764319586191332
71, 8, 0.176431958607679
74, 6, -1.138552326174037
55, 15, -0.2401106967216788
35, 20, -0.2401106967278331
79, 1, -0.749749039902712
40, 19, -0.7497490399021198
58, 14, 2.996069335062751
0, 24, -4.469883798474698
14, 23, -0.5868238749471097
52, 16, -2.763851396428464
23, 22, 0.3478986397282841
1, 24, -0.5220583147609184
61, 13, -1.039796857456022
73, 7, 1.557230397365694
30, 21, 0.9873107418592371
2, 24, 3.227262182409331
15, 23, -0.2471946594878809
45, 18, 0.2098273894922119
80, 0, -3.878261785291426
68, 10, 0.4008614976507474
77, 4, -0.8290402250234309
66, 11, -1.828501049625018
49, 17, -0.8290402250341966
36, 20, 0.7711031955280936
3, 24, 0.002263006810205998
78, 3, 0.002263006816211968
70, 9, -1.636701325568259
24, 22, -0.9936664425805359
76, 5, -0.6615005850307485
41, 19, -0.66150058503954
79, 2, -2.827915898488666
16, 23, -2.827915898509039
4, 24, 0.04528449156673197
64, 12, 0.04528449157089913
56, 15, 0.155919826867754
59, 14, 0.1215702987113011
31, 21, 0.1215702987147755
72, 8, -1.46865582736577
75, 6, -1.09166536994564
53, 16, 0.9537133550205111
5, 24, 0.8648508959597239
80, 1, 0.3258094880994304
25, 22, -0.1427210785470424
17, 23, -0.1427210785212156
46, 18, -1.260788920292433
62, 13, 0.04081769116362057
37, 20, 0.04081769114575244
6, 24, 1.60092246197496
50, 17, -0.3749179259182531
74, 7, -0.003096247515033287
42, 19, -0.003096247529722694
32, 21, 0.491797111784697
69, 10, -0.3437981378336212
7, 24, 1.055001794786739
67, 11, 1.336640300923636
18, 23, 1.336640300917253
81, 0, -1.164633217088682
71, 9, 0.1088920103872317
78, 4, 0.02740134174084679
26, 22, 0.02740134174736363
79, 3, 0.08186418166670945
57, 15, -3.198073708285512
77, 5, 0.1925661787507731
65, 12, 0.1925661787434856
8, 24, -3.991951818010965
60, 14, -0.7914139400023308
54, 16, -0.7914139399999037
80, 2, 0.05591421830825739
38, 20, 0.05591421831149301
73, 8, -0.9736124551110256
19, 23, -0.9736124551089492
47, 18, -1.320627602976513
76, 6, -0.9091163041049727
9, 24, 0.9456317663846227
33, 21, 0.945631766387964
43, 19, -0.3896809015008645
63, 13, -0.3511660310694381
51, 17, -0.4934243090690864
27, 22, -0.3511660310621023
81, 1, 0.7930999948368777
10, 24, -2.138762649035598
20, 23, 1.415019854349726
75, 7, -1.102087693438028
70, 10, 1.503572293165861
39, 20, -1.730256178850109
68, 11, 0.70653374146004
58, 15, 1.454822387810542
-12, 25, -1.94378896199727
55, 16, -0.006736004698205191
34, 21, -0.006736004677330172
11, 24, -0.006736004694240425
-11, 25, -0.006736004684685775
72, 9, 0.2751338353169386
82, 0, 1.467924866149727
28, 22, -0.4261606195440985
-10, 25, -0.6754148043866213
-9, 25, 0.02440258525949262
61, 14, 0.02440258525806834
66, 12, 5.243697495080051
48, 18, 5.243697495087642
79, 4, -1.072687221328452
80, 3, 0.2239950284525208
-8, 25, 0.2239950284461615
44, 19, -0.7127276270598356
21, 23, -0.7127276270632454
78, 5, 1.989279402670627
-7, 25, 1.989279402659624
-6, 25, 0.6907588412500528
81, 2, 0.3107032904918502
52, 17, 0.3107032904913445
12, 24, -0.01171324644269931
74, 8, -0.1540675065715532
-5, 25, 1.238559955296988
77, 6, 0.9354078243742792
64, 13, 0.9354078243740276
-4, 25, 0.3891728548141137
40, 20, 6.013552940168218
29, 22, 0.6315144551856493
22, 23, 1.846763535712318
-3, 25, 1.846763535699598
35, 21, 1.475108658246986
13, 24, -0.5550007884681785
82, 1, -0.555000788452841
-2, 25, -0.7656835476422459
59, 15, 0.791723514735644
76, 7, 0.1477402753494413
49, 18, 0.1477402753368209
56, 16, -0.7032020059562459
71, 10, -0.03259346953023604
69, 11, -0.03259346953237362
45, 19, -0.03259346955097174
-1, 25, -0.03259346955641062
62, 14, 1.722905388645796
14, 24, 1.722905388675633
0, 25, -0.7536319544230994
73, 9, 1.184604746605533
67, 12, 1.184604746601311
23, 23, -0.02446852069262048
30, 22, 0.9550939865357988
83, 0, 1.752654757452118
53, 17, 0.7526547574511049
80, 4, 1.333273852070504
1, 25, 0.8445222782465421
41, 20, 0.8445222782452106
81, 3, 1.002492858545398
36, 21, 1.002492858551767
79, 5, -0.5706435146372805
15, 24, -1.655116519288804
75, 8, -0.4065938000551139
65, 13, -1.286937226352846
2, 25, -0.40659380005754
82, 2, -0.6136011479080691
24, 23, -0.8962727004234111
78, 6, -3.282505149565841
3, 25, -0.3234919329997418
46, 19, 0.06977116163937484
50, 18, 0.5379550497219966
31, 22, -0.7514269206682505
60, 15, 0.01985077908679007
16, 24, 2.6365321906811
57, 16, -0.217299509327522
83, 1, 0.6725189129585888
4, 25, -0.7382975022252642
37, 21, 0.6821294048517786
70, 11, -0.3003515223305552
72, 10, 4.683027275933938
42, 20, 4.683027275961677
77, 7, 3.209155198990798
63, 14, 3.20915519900111
54, 17, -1.473362557569378
25, 23, -0.4335951593333763
68, 12, -3.544010714667527
5, 25, 1.066397646673264
17, 24, 1.464377993269462
74, 9, 1.464377993277721
32, 22, -2.605354571384628
84, 0, 5.580403725085512
6, 25, 0.03016327137432419
81, 4, 0.03016327137335443
82, 3, 1.244054714981787
66, 13, 0.6085403034817184
47, 19, 0.6085403034893118
80, 5, 0.3580470743995561
51, 18, 0.3691809575794814
76, 8, -3.723039278197803
18, 24, 2.986101550902331
38, 21, 0.5828013722568124
26, 23, 0.5828013722642088
83, 2, 0.001620491809207904
7, 25, 0.001620491790187109
58, 16, -3.574966504762385
43, 20, -0.4933219099026592
79, 6, -0.9793115052653426
61, 15, -0.979311505263688
8, 25, -0.6258015842256739
55, 17, -0.6258015842328637
33, 22, -1.38024527528957
64, 14, -3.043535183531652
84, 1, -0.7445386199204774
71, 11, 0.08497226734651483
19, 24, 0.08497226733191782
73, 10, -0.8441823285916038
78, 7, 0.1487667655481351
27, 23, 0.1487667655387896
69, 12, 0.2758650907023382
9, 25, -0.2622176452082998
48, 19, 1.12020305476989
75, 9, 0.008430597955407345
39, 21, 0.00843059791924196
52, 18, -2.516276577338203
44, 20, 3.081110291146407
20, 24, 3.081110291150738
67, 13, 1.052849644866488
85, 0, -4.328248984818879
10, 25, -3.080379279142903
82, 4, -1.72148334194284
34, 22, -1.721483341943691
83, 3, 0.07121267407868109
81, 5, -1.147834680306487
59, 16, -1.147834680305437
28, 23, 1.430400285425089
77, 8, 2.624232954716453
62, 15, 2.624232954708508
56, 17, 0.7216452559101411
-13, 26, 2.284127657417967
84, 2, -0.2720467154473509
-12, 26, -0.2720467154444196
11, 25, -0.8993273398750452
-11, 26, -0.8993273398912143
-10, 26, 0.8249383571067596
80, 6, 0.8249383571332074
21, 24, -1.462248800537344
-9, 26, 0.6438602539002094
65, 14, -0.05362523052917511
40, 21, -0.05362523054409103
-8, 26, 1.668664463297864
49, 19, -0.5577748113783672
-7, 26, -0.5577748113786626
72, 11, 1.411558638473694
74, 10, 0.0206839216690617
-6, 26, 0.02068392166639548
12, 25, -1.258039424895707
35, 22, -1.258039424919545
85, 1, 1.118384443183506
70, 12, 1.689797856644776
45, 20, 1.964853041737586
53, 18, -0.9596225815282976
29, 23, -0.9596225815349154
-5, 26, -0.104986378443022
79, 7, 0.8073322774163944
22, 24, 0.4299431891839466
-4, 26, 0.4299431891759422
76, 9, -0.1197252749567156
68, 13, -0.7513052185357429
-3, 26, -0.7513052185252065
13, 25, -1.564704157201536
60, 16, 2.513313218109711
-2, 26, -2.128409392982912
63, 15, 0.4067294936769819
41, 21, -1.788867663094248
86, 0, 2.730042491934536
83, 4, -0.5660578248662843
57, 17, -0.5660578248732737
84, 3, -0.9322435470656992
82, 5, -0.001214556560418623
30, 23, -0.001214556582814416
-1, 26, -1.010526896557913
78, 8, -3.092961219401199
36, 22, -3.092961219415155
23, 24, 1.539750397351304
14, 25, -0.6770504175268878
50, 19, -0.6770504175301617
66, 14, -1.183240214527963
46, 20, -1.183240214527064
0, 26, -3.745152728847436
85, 2, -1.034388240434418
81, 6, -1.15703874740425
54, 18, -0.055998054339715
73, 11, 2.550798326799041
1, 26, 2.550798326810834
75, 10, -0.2146344391504613
15, 25, -0.2146344391629696
71, 12, -0.3514974448617765
24, 24, -3.995619584063323
2, 26, 1.857157547501733
86, 1, 0.01842030826949352
31, 23, 0.01842030826929745
42, 21, -4.016490250973741
80, 7, 1.122734243916517
37, 22, -1.639295147301741
77, 9, -0.73210210299141
61, 16, -0.7321021029677044
69, 13, 1.494947931292352
3, 26, -0.3242423183920066
58, 17, 0.9357408043633264
64, 15, 2.679653964395848
16, 25, 2.679653964381632
51, 19, -1.241282787393477
47, 20, -1.846684078895016
4, 26, 1.511059923600731
25, 24, 1.061131519915236
84, 4, -5.468525649405459
87, 0, 0.3589294206628656
79, 8, -0.8972646450520909
85, 3, -1.634493184328141
83, 5, -1.634493184343728
55, 18, -1.634493184353712
32, 23, -1.634493184337957
67, 14, -0.1016423013352285
17, 25, -0.8773634924943992
5, 26, 0.2482117758073672
43, 21, 1.802686955456808
38, 22, 3.561213169658927
86, 2, 1.696026896238719
82, 6, 1.69602689622321
74, 11, 1.245784291815734
6, 26, 1.348237349976998
72, 12, -2.842222108001143
76, 10, -0.3567182358262114
26, 24, -0.3567182358144574
18, 25, 0.8128273257182718
62, 16, -2.419910984113184
59, 17, 0.2265160531288373
52, 19, 0.2265160531241665
48, 20, -3.327043098533093
7, 26, -2.217626189095489
87, 1, -2.21762618909486
81, 7, -2.217626189099985
33, 23, -2.21762618912723
70, 13, -0.5209721702091974
65, 15, 0.2645879951239955
78, 9, -1.788056529733012
39, 22, 1.795068396930875
8, 26, 0.006868102133390521
56, 18, 0.006868102141449485
44, 21, 0.05273260298745864
19, 25, 0.05273260299537543
27, 24, 1.861812825637559
68, 14, -0.8067081224483835
85, 4, 0.8399218906572736
88, 0, 5.50122128632871
80, 8, 2.494247260071391
84, 5, 0.008592762706712723
9, 26, 0.008592762704870383
86, 3, -1.233845582406201
34, 23, -1.74620168607624
20, 25, 0.7453648371988252
75, 11, 0.01383614184894053
49, 20, 0.01383614184148783
83, 6, 1.201666679944676
87, 2, 0.1721344960429234
53, 19, 0.1721344960315089
73, 12, -1.236611392019033
28, 24, 1.604551641806289
63, 16, 0.8841390239887583
10, 26, 0.7545551749631271
77, 10, -1.215113214177924
60, 17, -1.215113214205113
40, 22, 0.08627832568940352
66, 15, -1.50083489858279
45, 21, -1.500834898588683
71, 13, 0.7505235207825245
82, 7, -1.80895478811269
-13, 27, -1.80895478815155
57, 18, 0.8452982170138517
-12, 27, 0.8452982170130326
21, 25, -0.3075143758241304
88, 1, -0.002785151013161727
79, 9, -0.002785150990897141
11, 26, -0.002785150992673354
-11, 27, -0.002785150966775073
35, 23, 0.0006912447045925445
-10, 27, 0.0006912447116690665
-9, 27, 0.04662602976838347
-8, 27, 1.055582814507374
29, 24, -1.704318426825435
-7, 27, -0.8303895877763935
69, 14, 0.5577219881002874
12, 26, -1.188657315155049
-6, 27, -0.8040651709476889
50, 20, -2.386355715133685
41, 22, 1.632106385634014
22, 25, 1.343545613641344
-5, 27, 1.343545613601209
81, 8, 1.38821306766509
54, 19, 1.388213067653671
86, 4, -0.12869325645551
89, 0, 1.961159401478933
85, 5, -0.4703930173983568
-4, 27, 1.22167038671618
87, 3, -1.118027671510033
46, 21, -0.05836111383194405
64, 16, -0.04498568692034403
61, 17, 0.2619310422977451
76, 11, -0.001902364220227102
36, 23, -0.001902364203866319
13, 26, -0.006021300212180595
-3, 27, 0.1003092096589593
74, 12, 1.629647136535405
84, 6, 4.687329995316116
30, 24, 4.687329995322212
88, 2, -1.970303731069859
78, 10, -1.970303731064785
-2, 27, -0.6371057041160443
67, 15, -0.6371057041349827
58, 18, -3.254516769811026
72, 13, -0.4931246580539192
23, 25, -0.4931246580699896
-1, 27, 1.513472857059562
14, 26, -0.2493686850064114
83, 7, -0.334629760591354
80, 9, 0.8599143253319671
42, 22, 0.1501665528150937
0, 27, 1.177573996861884
89, 1, 0.836159057060636
51, 20, 0.8361590570742513
70, 14, -3.27208882312474
37, 23, 0.5384483946428618
55, 19, 3.935966112895273
31, 24, 3.935966112867737
1, 27, 1.650817981640882
47, 21, 1.650817981645888
24, 25, 0.2970166602766997
15, 26, 0.2970166602790206
62, 17, -1.262860225784181
2, 27, -1.262860225785037
65, 16, -0.5478140875408751
82, 8, -0.0121898890838458
87, 4, 0.8329018019353516
90, 0, -0.4912070957867321
86, 5, -1.653168882693956
88, 3, -0.5276735478667821
77, 11, -1.163817637513841
59, 18, -0.5276735478449609
16, 26, 1.276237942344181
75, 12, 2.045686647467781
3, 27, 2.045686647465583
68, 15, 0.01331809390594037
43, 22, 0.01331809387688379
25, 25, -0.6736699950293876
32, 24, -0.07341752492566239
85, 6, 0.002726801244858205
79, 10, 0.00272680124709239
73, 13, -1.340361600477561
38, 23, -1.340361600460079
89, 2, 2.394636092329872
4, 27, 2.394636092332639
52, 20, 2.083645833695809
48, 21, -0.03234112185086344
17, 26, -0.5191810120835946
56, 19, 0.9132692191483419
5, 27, -1.497071454890879
81, 9, -0.1015047042682258
84, 7, -0.3293215578008024
71, 14, 0.3322262032532022
90, 1, -0.5671232610856207
26, 25, -0.5671232610839095
33, 24, -1.967953101029919
6, 27, -1.967953101034414
63, 17, -0.574009373404694
66, 16, -2.926044322275912
44, 22, -6.453577224741201
18, 26, -2.926044322294435
39, 23, 1.884151663473744
60, 18, -0.2330460655563369
83, 8, -0.1124285995665856
7, 27, -0.1124285995454007
53, 20, 1.212279675431678
69, 15, -1.353586439179223
88, 4, 0.01441584692043164
76, 12, 0.01441584691257258
78, 11, -0.6762678595587075
87, 5, -1.154874511599355
27, 25, -1.154874511593544
91, 0, 2.868656980683246
49, 21, 0.9063209292050864
89, 3, -0.2216782835790387
19, 26, -0.3493606155143651
74, 13, -0.3088019980977597
8, 27, -2.463877644785453
80, 10, -3.129082442144755
57, 19, -0.273767924948446
86, 6, 0.01744060515891309
34, 24, 0.01744060513273693
90, 2, -2.743832656353757
45, 22, -0.007834437338198575
40, 23, -0.007834437341872546
9, 27, -0.2758998270304105
72, 14, 3.275340911822916
82, 9, -0.5621739149445056
20, 26, 0.4653505467872823
85, 7, 0.5439728780335612
28, 25, 0.54397287802161
64, 17, 0.2913187937148657
67, 16, 1.020508025884238
91, 1, -0.6466042340452294
61, 18, -0.6466042340483704
10, 27, -0.3829182410754448
54, 20, 2.607091689730801
50, 21, 0.01436660894246372
35, 24, 0.01436660893949265
21, 26, -1.517543884134967
70, 15, 0.07537451193684623
-14, 28, 5.807484953689007
-13, 28, -1.143027842960807
84, 8, 0.06975388066947939
-12, 28, 0.06975388069798545
77, 12, -1.23379830470395
58, 19, -1.233798304720452
11, 27, -1.233798304697231
-11, 28, -1.233798304678409
79, 11, 0.2111494995965129
29, 25, 0.2111494995981069
41, 23, -0.2961494136967701
-10, 28, -2.373340991620634
46, 22, 1.626118017785877
89, 4, -0.2361113082214446
-9, 28, -0.2361113082436098
88, 5, 2.037001997786533
75, 13, 2.037001997788483
92, 0, 0.05236552891370205
-8, 28, -2.535194298168904
90, 3, 1.81765193899068
81, 10, 2.241394459731304
-7, 28, -1.29909772648075
87, 6, 0.1376358313365449
12, 27, 0.1376358313276128
22, 26, 4.03987844326184
-6, 28, 4.039878443283742
36, 24, -2.145453313647541
91, 2, -0.00316777207224423
73, 14, -0.003167772088212896
65, 17, 0.0155319348370905
-5, 28, 0.01553193484281489
51, 21, 0.3596730366698648
62, 18, 3.462983547047599
55, 20, -0.02443095466885204
30, 25, -0.02443095466044488
83, 9, -0.5038460360300984
68, 16, 2.754197910937316
-4, 28, 2.754197910938665
86, 7, 1.282936173042072
13, 27, 1.607451516207352
42, 23, -1.757534270156847
-3, 28, -1.757534270151199
23, 26, -0.7539160876953029
92, 1, 2.345796235360876
47, 22, 2.345796235368812
-2, 28, -2.221748106105431
59, 19, 0.4837829457826305
71, 15, -1.168001197583755
37, 24, -0.803906789004285
14, 27, -0.803906789020936
-1, 28, -1.162529872230756
78, 12, 0.1746677323653514
85, 8, 0.803771074993482
80, 11, 0.8852578056669429
31, 25, 0.8852578056540599
76, 13, 0.4740136355586621
0, 28, -6.867971773550635
90, 4, 0.08612736010183387
24, 26, 0.08612736011097386
89, 5, -0.02774794871844305
82, 10, 1.598044909631589
52, 21, -1.385098582530762
93, 0, 0.0002302579955478328
15, 27, -1.098780230962464
91, 3, -1.499702098620346
1, 28, -1.499702098571512
56, 20, -3.133942143611784
66, 17, -0.4543621789942855
43, 23, -0.4543621789718507
63, 18, -0.04860111562912413
88, 6, -3.675085562743617
74, 14, -3.675085562762574
69, 16, -1.122896002982725
48, 22, 0.3843252988456208
2, 28, 0.3843252988423391
92, 2, 1.666546660496669
38, 24, 1.66654666050513
32, 25, 0.9574652025145229
84, 9, 1.503185587125621
16, 27, -0.0002216627216815932
60, 19, 0.01236962157311853
25, 26, 0.01236962156728904
87, 7, -0.216009344867342
3, 28, -0.21600934487788
72, 15, -1.215089033445078
4, 28, 2.095842475242904
93, 1, 0.06971175701154256
44, 23, -0.3395155170378559
17, 27, -0.3395155170688823
79, 12, 0.004153147586615004
53, 21, 0.004153147606260396
81, 11, -0.3347371264297609
86, 8, 1.232392225229659
26, 26, -1.057695901474528
77, 13, -0.01037579205731346
57, 20, -0.01037579202959451
33, 25, -0.01037579203883439
5, 28, -0.01037579205570338
39, 24, 1.443302769297162
49, 22, 0.8051787957685904
67, 17, -1.431014839208274
64, 18, 1.477655752196216
83, 10, -0.5280619911722797
91, 4, -0.6477313012921998
90, 5, 0.1168244557697118
6, 28, -0.2836814297880433
18, 27, 0.1822213314553144
75, 14, 0.8664004790015319
94, 0, 3.213428680381419e-05
70, 16, -1.894053351335131
92, 3, -0.1525474823611471
89, 6, 0.1677306980662244
61, 19, 0.1677306980623749
27, 26, 1.176197356752549
7, 28, 1.509184260709768
93, 2, -0.6544245067775747
45, 23, -0.6544245067834921
85, 9, -0.3095983320040157
34, 25, -0.3095983320019725
19, 27, 0.3665480464273598
40, 24, 2.260374015936674
88, 7, 1.799633858517304
73, 15, 1.799633858558295
54, 21, -0.2442837168323561
8, 28, 2.45650200632313
58, 20, -0.06045187086325839
50, 22, -0.06045187086367459
94, 1, -1.529112608656696
80, 12, -4.888303402418542
28, 26, -1.157848352004821
82, 11, -0.4616091431521123
78, 13, -1.461069967757669
9, 28, -0.4616091431494957
68, 17, -0.05020528900040307
65, 18, -0.03573069213170685
20, 27, -0.03573069212282562
87, 8, -1.324700267487744
35, 25, -0.9862079410715594
71, 16, 1.82470367460741
62, 19, 1.82470367466542
46, 23, -0.03769003944442632
84, 10, 1.51607482143103
76, 14, 1.516074821429337
41, 24, -0.1266926324355021
10, 28, 2.307888841708074
92, 4, 2.692353197183204
91, 5, 0.3991574964076679
95, 0, -2.401453924148644
93, 3, 1.544187973267291
21, 27, 1.544187973257311
55, 21, -0.500574298806654
29, 26, -0.500574298834124
90, 6, -1.989802362556753
-14, 29, -1.811098894425826
-13, 29, -0.6656692523837329
51, 22, 1.160784471026853
-12, 29, 1.160784471017866
11, 28, 1.147340350753001
-11, 29, 1.147340350747688
86, 9, -1.982331315727527
74, 15, -1.982331315720598
59, 20, -1.982331315702036
-10, 29, -1.982331315724614
94, 2, -0.9947258381456254
36, 25, 0.006495147940610602
-9, 29, 0.00649514792222735
89, 7, 0.02279120614840219
-8, 29, 0.02279120615692051
22, 27, 1.424002607932597
-7, 29, 1.424002607959864
12, 28, 1.211430710622135
66, 18, 0.4005379584120855
42, 24, 0.4005379584151602
47, 23, 1.503039636156567
69, 17, 0.04713756121798447
-6, 29, 0.04713756121303524
30, 26, -2.957879562174386
81, 12, -1.34682150526124
79, 13, -0.08754531842996702
95, 1, 0.1519503959576371
-5, 29, 0.1519503959483112
83, 11, -0.4299899842587384
63, 19, -0.3763233080413472
-4, 29, 0.6519399527865702
88, 8, 4.917529962503328
72, 16, 4.917529962491225
13, 28, -0.1548336402945366
77, 14, 4.943216124007949
56, 21, 4.943216124007197
37, 25, 0.661658987475125
23, 27, 0.6616589875315029
52, 22, 2.516219406288208
-3, 29, -1.769637355639439
85, 10, 1.852173860230153
93, 4, 2.255651864464148
-2, 29, 2.255651864471258
92, 5, 0.2104284067309771
60, 20, 0.4593430913404853
31, 26, -0.2641458003913315
14, 28, -0.0153093940586205
96, 0, 3.164782786659796
94, 3, -1.086187107838373
43, 24, -1.08618710786215
91, 6, -0.04239353681304825
-1, 29, -0.04239353680392099
75, 15, 1.207322250330273
48, 23, 0.3961823245829167
87, 9, -1.341593111496039
24, 27, -1.341593111498338
0, 29, -0.4417453021525393
95, 2, -0.005908649105655725
67, 18, -0.005908649115322188
90, 7, -0.002489640495928872
70, 17, -0.002489640515027098
38, 25, -0.002489640491748879
15, 28, -0.002489640507342487
1, 29, 0.03068245936557597
64, 19, -1.790585921159081
82, 12, 0.131603512138879
32, 26, 0.131603512141773
57, 21, -0.8935678107481168
80, 13, -1.508480619679566
53, 22, -1.508480619693106
84, 11, 1.416082356679828
73, 16, -0.4781962059135935
2, 29, -0.4781962059423892
25, 27, -0.5858907838351851
96, 1, -0.01462078760521099
44, 24, 3.498008777419504
16, 28, 3.498008777395721
78, 14, -2.187698049738933
89, 8, 1.445431412715376
61, 20, -0.06479863564683901
49, 23, 1.200992555462982
3, 29, 1.200992555471818
86, 10, 1.896028903794586
39, 25, -1.058018492908594
33, 26, 2.200615292493327
4, 29, 2.200615292526565
94, 4, -1.962926887702196
93, 5, 0.09855813747157027
17, 28, 0.09855813740288556
76, 15, 0.8215468830980084
26, 27, -0.324555992809934
97, 0, 0.05033444037702878
95, 3, -0.9496655596170841
92, 6, -1.761250298499656
68, 18, -1.761250298485622
5, 29, -1.028143043157271
88, 9, -2.291389398360907
71, 17, -2.291389398334126
54, 22, 1.277952052372045
65, 19, 0.9924220092378404
58, 21, -0.6226581737375402
45, 24, 0.1449459398756756
96, 2, -2.651683600630189
18, 28, -2.651683600654062
91, 7, -3.094406646769201
6, 29, 0.2869334918666475
83, 12, -1.768064972725205
50, 23, -1.768064972665968
81, 13, 0.00458653164628405
40, 25, -1.894803742826337
74, 16, 0.357711364189968
34, 26, 0.3577113641761608
27, 27, 1.052630881624214
62, 20, -0.310782334722729
85, 11, 1.143021529785693
79, 14, 3.518351704837863
7, 29, 3.518351704856419
97, 1, 0.003069074074313304
19, 28, 0.00306907406397362
90, 8, 1.282457562432889
87, 10, -0.04077571234692206
8, 29, 1.191200315938867
46, 24, 0.593415721605547
77, 15, 0.8374833669929616
55, 22, 1.847122937338433
28, 27, 0.8374833669691271
69, 18, 0.8040006608913689
59, 21, -1.937818642080014
35, 26, -1.937818642051213
95, 4, -1.040334101376102
94, 5, -1.04033410137003
66, 19, -1.040334101376821
41, 25, -1.040334101373387
20, 28, -0.3683881852823864
72, 17, -1.099602894390548
51, 23, -0.7686606708231193
9, 29, -0.7686606708250762
96, 3, -0.333502565311905
93, 6, -0.3335025652604892
98, 0, 5.399588402615573
89, 9, -0.02437881627011476
63, 20, 0.6649008548432204
75, 16, 0.008645818964065357
10, 29, 0.008645818933363091
29, 27, 0.8419470348224334
97, 2, 0.989587343588337
92, 7, 0.9895873435739754
84, 12, -1.80903818437255
82, 13, 0.4775162796486613
21, 28, 2.814987963806326
36, 26, 1.996891367854396
86, 11, -0.8719260968725
47, 24, -0.8719260968875586
-15, 30, -2.142822576648041
80, 14, 1.257993893235837
-14, 30, 1.257993893230708
-13, 30, 0.2346191224410424
-12, 30, 1.126685610136483
42, 25, 0.1591347836717122
11, 29, 1.375990496109874
-11, 30, 1.375990496073215
56, 22, 1.943268056606265
-10, 30, -0.5302753509444582
60, 21, -1.759149075289365
-9, 30, -1.759149075365609
98, 1, -0.1234535805214361
91, 8, -0.1234535804966911
52, 23, 0.6550661880760817
88, 10, -5.768838902490469
70, 18, -5.768838902511617
22, 28, -5.768838902532181
-8, 30, -5.768838902487758
78, 15, 0.0006439681972039737
30, 27, 0.0006439682224294811
67, 19, -0.2835197864675443
-7, 30, 1.22312284228318
12, 29, -1.18130764157316
73, 17, 1.034971746077644
-6, 30, -2.066089860359062
37, 26, -1.558823108135832
95, 5, -0.3306117512436829
-5, 30, -0.3306117512735691
96, 4, 0.01288629480476527
64, 20, 0.01288629479101156
48, 24, -6.154645047854039
94, 6, -0.02768040349479875
-4, 30, -0.02768040350750028
23, 28, -0.1095779013280868
13, 29, -0.1095779013732223
97, 3, -0.07386919973391753
43, 25, -0.07386919971641587
99, 0, 0.3802115032244593
90, 9, 0.1723874483123526
76, 16, 1.363481577354895
31, 27, 0.9005681151695073
-3, 30, 1.867237910889508
83, 13, -0.005456298259547397
57, 22, -0.005456298292219327
85, 12, 1.511243548758467
93, 7, 0.1204087446452731
98, 2, 0.06301262149018677
-2, 30, 0.06301262146575769
53, 23, -0.1749264555510167
81, 14, 1.733244703539248
61, 21, 0.1266116328203024
14, 29, 0.1266116328299887
87, 11, 1.294917514878196
38, 26, 0.7617071489465211
-1, 30, 1.102708503245621
24, 28, -1.78947930096917
71, 18, -1.142462335017993
68, 19, -1.177486160548095
0, 30, 3.513462916284785
79, 15, 1.617108056922404
92, 8, -3.532945774907438
32, 27, 0.2645599613104739
99, 1, -2.517688476399563
89, 10, -2.517688476366947
44, 25, -2.517688476410521
15, 29, -2.517688476433007
74, 17, -0.07330042781906318
49, 24, -0.07330042779525707
65, 20, 1.3328876080215
1, 30, 0.03188661077412096
25, 28, -0.6028238873617253
58, 22, 0.007797410424258105
2, 30, 0.007797410451206264
96, 5, -0.3484459792545232
39, 26, -1.10288967035905
16, 29, -0.3484459792541875
97, 4, -0.2893087182336423
77, 16, 0.0398031975606554
54, 23, 0.0398031975306206
95, 6, -0.2978435752712407
91, 9, -0.2978435752805443
98, 3, 1.820871736728257
62, 21, 1.820871736763859
33, 27, 0.7260339220342757
3, 30, 0.7260339220326865
100, 0, 1.441733485409864
84, 13, -0.4992013528315419
86, 12, 0.8701817020416023
45, 25, -0.3718701718445203
82, 14, -0.2362547369857604
26, 28, -0.2362547369470946
94, 7, -0.02465110689602319
17, 29, -0.02465110694574011
50, 24, 3.611238715100737
4, 30, 3.61123871512781
99, 2, 1.098140768670053
88, 11, 2.422019447918607
69, 19, 1.098140768646594
72, 18, -0.005697730031251366
80, 15, -0.02183877821286378
5, 30, -0.02183877822261355
66, 20, 0.2868168467941518
40, 26, 0.2868168468055042
75, 17, -0.9637118889095817
34, 27, -1.594088493920931
93, 8, 0.194841818233829
18, 29, 0.1948418182297572
90, 10, 1.154407590671954
59, 22, -1.530891894053983
55, 23, 1.665899801419862
27, 28, 1.665899801428134
100, 1, -1.319147285259722
6, 30, -1.778899241454167
46, 25, -0.1102280554731515
63, 21, -0.3067981718813356
78, 16, -2.232757422530312
7, 30, -1.472834192267425
51, 24, 1.233127271690297
19, 29, -0.4441337794877198
97, 5, -1.575322638756382
98, 4, 1.113728263171779
92, 9, 0.2651470444837556
41, 26, 0.2651470445032609
96, 6, -0.5972722004798861
85, 13, 0.2046844100330004
35, 27, 0.2046844100507969
28, 28, -6.139265304918583
99, 3, 1.973432019270994
87, 12, 1.973432019248304
101, 0, 0.2385507092681382
70, 19, -0.7614492907100906
8, 30, -2.139577212592469
83, 14, 0.4994537419088824
73, 18, 0.4994537419089799
95, 7, 1.576049227961724
67, 20, 1.57604922800599
89, 11, -0.4061533817176559
20, 29, -0.406153381704524
56, 23, -0.2781634770611379
100, 2, -3.285151138028755
60, 22, -3.285151138068309
76, 17, -1.636335879297673
81, 15, 1.302053505298944
9, 30, 1.302053505303973
47, 25, 1.15321866031755
29, 28, 0.1311071579021899
36, 27, -0.005074180075865382
52, 24, -1.164166311734324
91, 10, 0.841512660608265
64, 21, 0.8415126605808406
94, 8, -0.03629562181845709
42, 26, -0.03629562179454032
10, 30, 3.137794025167481
21, 29, 0.8687294844208537
101, 1, 0.4158787471367534
79, 16, 1.393000226504644
-15, 31, 1.168421581403106
-14, 31, -0.300759902041637
-13, 31, -0.2899447875402233
-12, 31, 1.001416152174162
-11, 31, -2.237039258585974
11, 30, -2.237039258481775
-10, 31, -0.3034921958048095
71, 19, -0.3034921958135633
30, 28, -0.6318295540786656
98, 5, -1.263796126541906
74, 18, 0.06350957081139051
-9, 31, -0.1693925835803108
99, 4, -0.1693925835670828
86, 13, -0.169392583559505
22, 29, -0.1693925836114835
93, 9, 0.4513926944625817
57, 23, -0.0524666151273354
48, 25, -0.05246661512476105
88, 12, 2.640474332263766
68, 20, 2.640474332136965
97, 6, -0.009274898342666156
61, 22, -0.009274898427319139
37, 27, -0.009274898349239879
-8, 31, -0.009274898412938907
84, 14, -3.714828208728311
100, 3, 0.7857780475143554
43, 26, 0.6484044251977131
-7, 31, 0.6484044252071097
102, 0, 7.220119867788283
12, 30, 5.138500052181156
77, 17, -0.4426604928916636
53, 24, -0.4426604928685767
-6, 31, -0.9813645629504548
90, 11, -0.9813645630004861
96, 7, -1.790237539584102
82, 15, -1.094759292586813
-5, 31, -1.433735159498498
65, 21, -1.433735159366106
101, 2, 0.0008743025459035086
23, 29, 0.0008743025432343155
31, 28, -0.3059244447277232
13, 30, -1.468335660749894
-4, 31, 1.747341377845115
92, 10, -1.445356258399304
-3, 31, 1.11494263637177
95, 8, 1.287976017611778
38, 27, 1.287976017603973
80, 16, -2.736024644666775
49, 25, -1.607903653757941
-2, 31, -0.5240005409649082
44, 26, -0.2149688651423695
14, 30, -0.2149688650821095
102, 1, 1.608688863852602
58, 23, 1.608688863875428
72, 19, 2.542834346918931
24, 29, 2.542834346950665
62, 22, -2.929015992985655
75, 18, 1.526188984673932
69, 20, -0.03232349035000706
-1, 31, -0.03232349030221948
32, 28, -5.020281454779543
54, 24, -3.277647504563393
87, 13, -1.146948103025779
99, 5, 1.35230208837282
85, 14, 1.352302088345035
0, 31, -0.0002833855416552961
94, 9, 0.1967143417596456
89, 12, 0.1967143418143286
15, 30, 0.005648798979083238
100, 4, 1.720455631776219
98, 6, 2.533833882691875
78, 17, -1.515351715113729
66, 21, 0.3476297855390472
39, 27, 0.3476297856208024
25, 29, -0.181394464813062
101, 3, -0.1381763647589053
1, 31, -0.1381763648295168
103, 0, 1.762427367693621
83, 15, 0.7624273677521741
91, 11, -0.2781888573695994
50, 25, -1.037686299122503
97, 7, 1.104278502584589
45, 26, -1.653985834399737
16, 30, -0.8440288618691021
33, 28, -1.85001600084934
2, 31, -1.850016000834105
102, 2, 2.053699113862249
59, 23, -0.8743871388866882
81, 16, -0.4474622969391217
3, 31, -0.4474622969385603
93, 10, -0.5802240361426372
63, 22, -0.580224036194556
55, 24, 1.495446852029469
26, 29, 1.49544685201248
73, 19, -0.2610354211089028
96, 8, -0.5046339386936198
40, 27, 1.025605089891493
17, 30, 1.025605089912955
70, 20, 0.5527378970828296
76, 18, -2.08146860274325
4, 31, 0.345331633871908