d = 43, symClass = D, D = 11.277344, Y = 0.08513751252811048
[11.05953743875951, 11.05953833966741], 11.05953833924642
1, 0, 1
2, 0, 0.09705762280587762
3, 0, 0.1911855008082038
0, 1, 0.1558187036863359
1, 1, 0.635532790007536
4, 0, -0.9905798178417758
2, 1, -0.9673509281725744
3, 1, -0.3517481678478044
5, 0, -0.5762026309940819
4, 1, -1.209574930033588
6, 0, 0.01855601023413315
5, 1, -0.9670802681872778
-1, 2, -0.9567203248469576
0, 2, 0.01512339297223731
1, 2, 0.8829907516002689
7, 0, 0.3111858490862995
2, 2, 0.06168330180602507
6, 1, -1.354330690582348
3, 2, -0.4184605018150372
8, 0, -0.1932009451258324
7, 1, 0.4762703758249772
4, 2, -0.09388878151639649
5, 2, -0.7326782683313704
9, 0, -0.9634481042718304
8, 1, -0.5848921101360561
6, 2, -0.03413984099859416
-1, 3, 0.2845193239664058
0, 3, 0.02979027691124091
10, 0, -0.05592485761946502
9, 1, 0.3409478921698206
1, 3, 1.136925186912237
7, 2, 0.4607682595338112
2, 3, 0.4799775449501913
3, 3, 0.1215046547319447
11, 0, -1.801596479732789
10, 1, 0.8501554165775976
8, 2, -0.1173984673241602
4, 3, -0.87829090607851
5, 3, 1.036569210519284
11, 1, 1.262783413020737
9, 2, -1.064727622034256
12, 0, -0.1893844985639958
6, 3, -0.1849434716573237
10, 2, -0.09386251189941314
12, 1, 0.7844375230903723
13, 0, -0.3378389922671046
7, 3, 0.1456428466262856
-2, 4, -0.09285700040013341
-1, 4, -1.221697469988686
0, 4, -0.1543508631120027
1, 4, 0.1003486002463913
11, 2, 0.7391447597836829
8, 3, -1.040607495058795
2, 4, 0.08570098330888999
13, 1, -0.05537223751940889
14, 0, 0.03020295877304284
3, 4, 1.196901515373344
9, 3, -0.06724914962429669
4, 4, -0.6295459553685062
12, 2, -0.1314481173204052
14, 1, -1.181962102199318
5, 4, -0.04760436638990632
15, 0, -0.1101615885660518
10, 3, 0.05823855425488427
6, 4, -0.04061478154136049
13, 2, 0.8774362609691047
15, 1, 0.9565433810594914
11, 3, 0.7878726870906841
7, 4, -0.8974905741679834
16, 0, 0.9718281933863305
14, 2, 0.04622567048798817
-2, 5, 0.2955731205069781
-1, 5, -0.2482421328639349
8, 4, 0.958238306230469
0, 5, -0.08978314702012416
12, 3, -0.2312531887593856
1, 5, 0.7058455084216837
16, 1, -0.6597716887691305
17, 0, 0.5020693936750229
2, 5, 0.3694662427987825
9, 4, -0.8684172379737929
15, 2, -0.7606460844285369
3, 5, 0.3135510954534316
13, 3, -1.376919091094902
4, 5, 0.03449709523873504
10, 4, -0.07111201099428079
17, 1, -0.1731615435138388
18, 0, -0.0935099826966984
5, 5, -0.3661956656886884
16, 2, -0.056768237807474
14, 3, -0.4423846969037627
11, 4, -0.4091838704521741
6, 5, 0.03223507522133317
18, 1, -0.964119886032152
7, 5, 0.3397590834492533
19, 0, -1.646583439301216
17, 2, -0.8009930336687925
12, 4, 0.3484346360303675
15, 3, -0.1848917253959619
8, 5, -0.1926446621404301
-3, 6, -0.1829110544456428
-2, 6, 0.02761476923685791
-1, 6, 0.7509611860181741
19, 1, -0.07043335273133945
0, 6, 0.002891373451727402
13, 4, 0.977309735288356
20, 0, 0.5707746972568775
9, 5, 0.2716639138365751
1, 6, -0.9093977597699874
16, 3, -0.6280513002402918
18, 2, 0.03309159191884928
2, 6, 0.1103472559578068
3, 6, 0.1688150290558527
10, 5, 0.5573901499137182
14, 4, 0.04472107193244113
20, 1, 0.0611260152603963
4, 6, 0.04658547950920931
17, 3, -0.2094333055791506
21, 0, 0.05949422240060682
19, 2, 0.7237286015210623
11, 5, -1.26417626141366
5, 6, 0.9627978738973271
15, 4, 0.5455598625761435
6, 6, 0.01179295295449847
21, 1, -0.1490749208174044
18, 3, -0.2589283913273739
12, 5, -0.1204445213137494
22, 0, -0.1748586715832222
20, 2, 0.08251406375625266
7, 6, 0.6400349073586674
16, 4, 1.198180513875692
8, 6, -0.08524482749700626
13, 5, -0.08495668116801773
22, 1, -0.2592561205183193
19, 3, 0.5344290690910894
21, 2, 1.277650482131639
-3, 7, 1.062516380412957
23, 0, -0.2651892046949477
-2, 7, -0.4873572481261483
9, 6, -0.08000358060062507
17, 4, 0.09509018011177039
-1, 7, -1.324312622127959
0, 7, 0.04848857562787505
14, 5, -0.3068133761058824
1, 7, -0.09512361885809879
10, 6, 0.1006069434693444
2, 7, -1.467657104307714
20, 3, -0.6080271373006748
23, 1, 0.7784491734427349
3, 7, 0.2385572742299061
22, 2, 0.1225627562023847
18, 4, -0.1033399319357466
15, 5, 0.2026782197464524
24, 0, -0.03693721945145934
11, 6, -0.1574796763842153
4, 7, -0.2645804287534501
5, 7, -0.9607734984491025
21, 3, 0.09105599032269612
24, 1, 0.8141044808116737
16, 5, 0.3082346710229819
12, 6, -0.01795017372035602
19, 4, 0.8735466616734203
6, 7, 0.7912953861264315
23, 2, 0.121970338547347
25, 0, -0.6679905280279446
7, 7, 0.1977688108670487
13, 6, 1.268375899413599
22, 3, -1.680863662555492
17, 5, 1.55045571668539
20, 4, 0.9579701959118903
8, 7, 0.08511091315082989
25, 1, 0.8294520649658703
24, 2, 0.07613564123707946
26, 0, -0.03278984947768598
14, 6, 0.01413574848042251
9, 7, 0.0003557109775295991
-4, 8, 0.9477078451358106
-3, 8, -0.8265902481292251
18, 5, -0.8948528766195083
-2, 8, -0.1185750522288862
23, 3, 1.478185556980679
-1, 8, 0.3928264331095044
21, 4, 0.2177641164879679
0, 8, -0.030104320830444
10, 7, -0.1579416717514739
15, 6, -0.1400774616641633
1, 8, 0.3236035230783755
26, 1, 0.5273280079226518
25, 2, 0.4972668640855382
2, 8, 0.009739596591131869
27, 0, -0.3753828091201499
19, 5, 0.9254842942435245
11, 7, 1.353752346024676
3, 8, -1.205328680884626
24, 3, -0.1118228909990397
22, 4, 0.07173963329945636
16, 6, -0.1009988897401445
4, 8, -0.8746728178878862
27, 1, 0.7638249600925269
12, 7, -1.295715700541157
5, 8, 0.4195139221333989
26, 2, -0.005374297739490755
20, 5, 0.6969602570727864
28, 0, -0.3082544216927338
17, 6, 0.4875721892812928
6, 8, 0.1161684158233714
23, 4, 0.3226274008406378
25, 3, -0.660752972305238
13, 7, -1.047570873955196
7, 8, 0.8932538653672697
21, 5, -1.704204758497424
28, 1, 1.108675885389572
27, 2, -0.3294725244755952
18, 6, -0.006527042603053774
8, 8, -0.1227855356974491
14, 7, -0.3010259199374858
29, 0, -0.4346626432654364
24, 4, 1.341572648781333
26, 3, 0.45744745924056
9, 8, 0.2170358127578447
22, 5, -1.168195528040635
15, 7, 0.9398655720445169
-4, 9, 1.11822405055065
19, 6, -0.5128531690565525
-3, 9, 0.05439596945276091
-2, 9, 0.04094691779097285
29, 1, -0.3550967096464737
-1, 9, 0.02776128889756248
28, 2, -0.1147184318886448
10, 8, -0.004620366633755816
0, 9, -0.1501232346800954
30, 0, -0.01069202190586886
1, 9, 1.336211867118954
25, 4, 1.284014234065381
16, 7, -0.8609379191232538
27, 3, 0.06518429351361897
2, 9, 1.021511811012768
11, 8, -1.203786071817418
20, 6, 0.00565249563460252
23, 5, -0.2303356687956067
3, 9, 0.2173636112422402
30, 1, 0.2603500390030672
4, 9, -0.1737298898923987
29, 2, 0.854067314858261
12, 8, 0.4145185276572759
17, 7, -0.5203385748819739
26, 4, 0.08516187764375767
5, 9, 0.4897505809206604
31, 0, 1.43639244183456
21, 6, 0.08809221044871363
28, 3, 1.117878148336719
24, 5, -0.504786623158635
13, 8, -0.8318195822633827
6, 9, 0.09176474731328271
18, 7, 0.3365246213997071
7, 9, -0.3826249936525042
31, 1, 1.192221303314122
30, 2, 0.09283982668136592
22, 6, 0.07646905005190065
14, 8, -0.08710830164952525
27, 4, 0.2729012244848315
32, 0, 0.2875242792603565
25, 5, 0.5572341948596566
29, 3, 0.2061646352145418
8, 9, -1.137446763481573
19, 7, -0.4887700172208986
15, 8, -1.280940151467501
9, 9, -0.6123028617675126
23, 6, -0.1087104512902714
32, 1, 1.636999398940545
31, 2, -1.548332534460629
28, 4, -0.47178382215377
-5, 10, 0.5512647682993118
-4, 10, 0.0286876244488403
20, 7, 0.3374490913980721
-3, 10, -1.080885320602495
26, 5, -0.1274388538054335
10, 9, -0.4937419043848637
-2, 10, -0.02409379129865177
16, 8, 0.1868931135785213
33, 0, -0.3444391252240313
30, 3, 0.1625373890884173
-1, 10, 0.385260141609298
0, 10, -0.008714138808365
11, 9, 0.7242875884964743
1, 10, -0.6180354713223486
24, 6, -0.02244488476296407
2, 10, 0.06850768711418426
21, 7, -0.109459052271614
17, 8, -0.5698427288827775
32, 2, -0.06403587170928403
33, 1, -0.5738260779962177
29, 4, 0.9281344956313399
27, 5, -1.084329525947365
3, 10, 0.1628883457168383
12, 9, -0.1679164867448871
31, 3, -0.1323591174577156
34, 0, 0.04872966186378764
4, 10, 0.0358595152282089
25, 6, 0.06900132915360324
18, 8, -0.08428651272086196
5, 10, -0.5087815942151068
22, 7, -0.921615693332363
13, 9, 1.065208319126296
30, 4, -0.07382650074923493
6, 10, 0.03043252395963736
33, 2, 1.304101252424418
28, 5, -1.154522294733674
34, 1, 1.377634933860026
14, 9, -0.4147213003961864
19, 8, -0.6438597912540719
32, 3, 0.4516686708064367
7, 10, 0.5010980073124677
35, 0, -0.1793061049648881
26, 6, -0.1336404937894703
23, 7, -0.5352866797512206
8, 10, 0.003348206048258332
15, 9, 0.198177003634517
31, 4, -0.8342934995994522
29, 5, 1.19593621914167
20, 8, 0.7257763055943238
34, 2, -0.01680664776983857
35, 1, 1.035159201785484
9, 10, 1.304352893669783
24, 7, -0.6254817865565501
33, 3, 0.2414258792371431
27, 6, -0.2035604836359364
16, 9, -0.8214178090796025
36, 0, 0.9543722476461092
10, 10, -0.03554208079373978
-5, 11, -0.869930158087227
-4, 11, -0.1194283389023667
-3, 11, 1.29136101127718
21, 8, -0.211093543341634
-2, 11, 0.6444606736633887
-1, 11, -0.1457063526586571
30, 5, 0.7803689071547792
32, 4, 0.5793823199331609
0, 11, -0.4365411317287626
11, 10, 0.5456626579380159
17, 9, 1.157224919999206
35, 2, 1.201204292961788
25, 7, 0.243902179172205
36, 1, 1.222459275514794
1, 11, 0.1950547303302093
28, 6, -0.04293680704784637
34, 3, 0.8928549506271017
2, 11, -0.5984695209747114
22, 8, -0.0397144137542437
12, 10, 0.003128659772278649
37, 0, 1.139303221046046
3, 11, 1.120067075718638
18, 9, 0.9319924179222916
31, 5, 0.9260026963845741
4, 11, -0.3403360213187997
33, 4, -0.3045477000289844
26, 7, 0.03083939911340553
13, 10, 0.2265555511521036
29, 6, 1.108067010445026
5, 11, 0.02352484080183622
36, 2, -0.09357518423609415
37, 1, -0.4784829330976171
23, 8, 1.088565869655307
19, 9, -0.4255596493042926
35, 3, 0.5574471936473382
6, 11, -0.001122140667629451
14, 10, 0.03297620897072796
38, 0, -0.1598134743703472
27, 7, -1.116013285264268
7, 11, -1.020073667908439
32, 5, -0.597834316850118
34, 4, -0.07774247972908449
20, 9, -1.467671832314071
24, 8, 0.06795807847591717
15, 10, 0.2411180421138453
30, 6, -0.01794515134528744
8, 11, -0.3815173546711857
37, 2, 0.2677518005585378
38, 1, -0.04681145701232946
36, 3, 0.1499730807022535
9, 11, 0.7130195962995413
16, 10, -0.01869763295521706
28, 7, -0.3764026016149853
39, 0, -0.06458991692946625
21, 9, 0.02784480057289582
33, 5, -0.03346928555032375
25, 8, 0.3565030268861697
35, 4, -0.758063126617761
10, 11, 0.4230086624351327
31, 6, -0.215167625128548
-6, 12, -0.01775291213443867
-5, 12, -1.059003063386181
-4, 12, -0.2818391001154407
-3, 12, -0.2335708426332577
17, 10, 0.5851387618198981
-2, 12, 0.07288650752840359
38, 2, -0.00683609377786426
39, 1, 0.694736458776633
22, 9, 0.1776318915264
11, 11, -1.144973637229081
-1, 12, 0.9029713961411818
37, 3, 0.1773972264778133
29, 7, 0.2204437940867694
0, 12, -0.02950964706908367
26, 8, 0.09485535965407568
1, 12, -0.8769234557479623
40, 0, 0.1113228928894177
34, 5, 0.3862248994249254
18, 10, 0.0263670536784603
12, 11, -0.2178530122549446
2, 12, -0.08826398475458634
32, 6, -0.0609571662083229
36, 4, -0.3377361009355053
23, 9, 1.169729095453883
3, 12, 0.01918519739516209
39, 2, 1.644637549043071
13, 11, 1.631691351562416
4, 12, -1.126215144562563
30, 7, -1.051446742882815
27, 8, 0.5009866786209821
40, 1, -0.4513001110823057
19, 10, -0.6650652288763611
38, 3, -0.171638204647922
5, 12, 0.9788595142902445
35, 5, -0.2744282436158717
41, 0, 0.2561984144809204
14, 11, 0.6142900757493602
33, 6, 0.1413137610689792
24, 9, -0.1989490650768305
6, 12, 0.01638478541681457
37, 4, -0.2803437411708966
20, 10, 0.05409896293013849
28, 8, -0.4564277386053582
31, 7, -0.656919874917597
7, 12, -0.00271264499570574
15, 11, -0.4733191846209003
40, 2, 0.005932745733529528
41, 1, -0.767567965533229
39, 3, -0.01058636895049168
25, 9, 0.6137388196249161
8, 12, -0.475456069033495
36, 5, -0.7338007974853591
21, 10, -1.465810472153779
34, 6, -0.02032709877993592
16, 11, 0.9252253483374628
42, 0, 0.005774367806570756
38, 4, 0.0702433776180079
9, 12, 0.2288302156313769
29, 8, -0.3583823123485839
32, 7, -1.008960859880959
26, 9, 0.08576358557818257
22, 10, -0.1226979427449566
10, 12, 0.09344687288957844
41, 2, 0.7830517246239453
17, 11, 0.5344957201706678
42, 1, 0.7441763593482821
-6, 13, -0.2287398823492745
-5, 13, -0.9298832507567413
40, 3, 0.03843404368485652
-4, 13, -0.09681504691391259
37, 5, 0.3108605230274222
-3, 13, 0.7014581413684586
35, 6, -1.286674931084554
11, 12, 1.367098631189771
-2, 13, -1.12263855524479
30, 8, 0.05295074335599619
-1, 13, 0.5563636083740915
43, 0, -0.08468622001200576
39, 4, -1.06343570690531
18, 11, 0.134822259702237
33, 7, -1.456515702319571
23, 10, 1.501903461451052
0, 13, -0.05264163382996349
27, 9, 0.3388911054773989
12, 12, -0.1203600587644487
1, 13, -0.6599100454502267
2, 13, 0.8829471044524848
42, 2, -0.01446885743703485
19, 11, 0.8200309050282933
43, 1, -0.8038038960648484
41, 3, 0.4230772639106782
3, 13, -0.9162953828085075
36, 6, -0.02513097414611338
38, 5, 0.7192465169277832
13, 12, -0.3077770606818928
31, 8, 0.0184229918842093
24, 10, -0.01169005892236097
4, 13, -0.6119135577681531
28, 9, -1.095932307955008
34, 7, 0.8085013209746866
44, 0, 1.784625112755796
40, 4, -0.8421467976991327
14, 12, 0.06212026663240386
5, 13, 1.299817520341731
20, 11, 0.08409010991718863
6, 13, -0.2579033210215695
25, 10, 0.4221711458971491
43, 2, -0.838557200514047
32, 8, 0.2336910196994085
37, 6, -0.01590817433106389
42, 3, -0.2259740164351668
15, 12, -0.009101264633415467
44, 1, 1.191284902344921
39, 5, -1.160012524720843
29, 9, -0.1549229185748163
7, 13, 0.3112105920353135
21, 11, -0.2444729016708241
35, 7, -0.3009416943581735
41, 4, -0.8447751987594052
45, 0, 0.5551413324866226
8, 13, -0.2777235186478025
16, 12, 0.8700172458061005
26, 10, -0.008245693522218546
33, 8, -1.099717320459267
22, 11, 1.742776026972674
9, 13, -0.545079942252087
30, 9, 0.01113436710244113
44, 2, -0.02516278271680937
38, 6, 0.05187041502571862
40, 5, 0.337016372726832
43, 3, -0.4214155394161683
17, 12, -0.7307538736365613
45, 1, 0.2484178149909528
36, 7, 0.4020443015035282
10, 13, -0.07265820534876606
27, 10, 0.6092596266736725
-7, 14, -0.2977178266428249
42, 4, 0.1240057185601087
-6, 14, 0.1031253140904069
-5, 14, -0.7789132529824643
23, 11, -0.4930059479543216
46, 0, -0.0257386338171894
-4, 14, -0.04730173597492329
11, 13, -0.3439815447264438
-3, 14, 0.3267254841993253
18, 12, -0.007764957347809492
31, 9, -0.5254090465129251
34, 8, 0.009229226837253043
-2, 14, -0.1285346349624018
-1, 14, 1.139553876568182
39, 6, 0.1677530909735894
0, 14, 0.004706185878637545
45, 2, 0.9313442335443268
12, 13, 0.7678868128671806
41, 5, 0.1156675803163132
28, 10, -0.02977857694302101
44, 3, 0.7502138268376083
37, 7, -0.3772145417151143
24, 11, -0.2949040580100152
1, 14, 1.291975593269223
46, 1, 1.342403498685867
19, 12, 1.277089476214742
2, 14, -0.009232472308740629
43, 4, 0.3998293666537657
13, 13, -0.8502405473416137
32, 9, -0.1743112462029356
3, 14, -0.5907245534478496
47, 0, 0.6934214381191354
35, 8, -0.1340761032812277
20, 12, -1.026804539750604
4, 14, -0.1424473096428192
29, 10, -0.8351292813617184
25, 11, 0.6349709795262348
40, 6, -0.05901366855905887
14, 13, -0.3160579191770008
42, 5, -0.3854411990444585
38, 7, -1.167416404279406
5, 14, 0.2946997476261658
46, 2, 0.07555442625566665
45, 3, 0.1828772253550104
47, 1, 0.634509698551838
6, 14, 0.0231538019429036
33, 9, 0.1506298342524834
21, 12, -0.171587184891071
15, 13, 1.29571569824366
44, 4, -1.250887763254477
36, 8, 1.054697693908285
26, 11, -1.298701554403333
30, 10, 0.01967146620505057
7, 14, 0.2747742267596351
48, 0, 0.185799459864859
41, 6, -0.4296835018790504
16, 13, 0.1898279090824246
22, 12, -0.01528460303211575
8, 14, -0.02567954745593673
39, 7, -1.308520436553312
43, 5, -0.59628970645715
47, 2, -0.4257355179495333
46, 3, -0.6855464401311656
34, 9, 0.8130960919009088
27, 11, 0.9649050269564216
48, 1, -0.9076958953172506
9, 14, -1.097756480509201
37, 8, -0.05331754628171145
17, 13, -0.746505156647993
31, 10, 0.1185951971232037
45, 4, 0.7831110749525669
23, 12, 0.2083293790913255
10, 14, -0.09325039182088253
49, 0, -0.9031633673309623
42, 6, 0.008837677961216742
18, 13, -1.046386269557705
40, 7, -0.5806044797898506
-7, 15, 1.389974268406094
-6, 15, 0.05650929507648577
28, 11, 0.1297321530352273
-5, 15, -0.1639407830512389
44, 5, 0.5527968713684741
35, 9, -0.5676321726911354
11, 14, -1.875477240651443
-4, 15, 1.507133635488394
-3, 15, -0.04746029648905348
48, 2, 0.07901504562314693
32, 10, 0.02991652443245132
24, 12, 0.1832012704627025
47, 3, 0.7588194445339037
-2, 15, 1.013639085785246
38, 8, 0.08478436239082134
49, 1, 0.2964069477639129
-1, 15, -0.6205557299617457
19, 13, 0.1597307341634966
12, 14, 0.07680124911262121
0, 15, -0.01716523591437832
46, 4, 0.01183815110893426
29, 11, -1.184222638654868
1, 15, -1.207500310128838
50, 0, -0.06483357269815099
43, 6, 1.167155744740956
41, 7, -0.7361854560231662
13, 14, 0.3985230119404629
25, 12, 0.1785528393915962
2, 15, -0.2489345845703339
36, 9, 1.165362673330558
33, 10, 1.609820493040242
20, 13, -1.591671180979123
45, 5, -0.1964550725101999
3, 15, 0.1349474270167973
39, 8, 0.4003496672226442
49, 2, 0.3115139669471927
48, 3, -0.1261387807352719
14, 14, 0.01919497064038956
4, 15, 0.1703693752033586
50, 1, 0.4013765869778307
30, 11, 1.119963731868295
26, 12, 0.12310554962986
47, 4, 0.5729752988537105
21, 13, 0.8419663675564849
5, 15, -0.6550992839368821
15, 14, -1.293241454082651
37, 9, -0.2798200740231383
44, 6, -0.1631406313593187
34, 10, 0.1504835461313178
42, 7, -0.4214485458843552
51, 0, 0.09598838848182446
6, 15, 0.07063658865374038
46, 5, -0.4739356652380409
40, 8, 0.1868408218407608
22, 13, -0.6884072435465873
7, 15, 0.9618492050578588
31, 11, -1.13973400257335
16, 14, 0.008260662899318195
27, 12, -0.1660287845521164
50, 2, 0.08050464566136629
49, 3, 1.201082608288624
8, 15, 0.5980498021498737
51, 1, 0.7181564372059784
48, 4, -0.7770479787371313
35, 10, -0.2654958834311311
38, 9, 0.275326541968726
17, 14, -0.669766346516015
23, 13, -1.034633321557596
43, 7, -0.3624873451345582
45, 6, -0.1454245025876129
9, 15, 0.05994642321812396
52, 0, 0.3346564874389953
28, 12, -0.1442708644805894
32, 11, 0.6711640948907703
41, 8, 1.368472399151554
47, 5, 1.685375544085403
10, 15, -0.2765643242171192
18, 14, 3.452445953649713e-05
51, 2, 0.3197197155484061
24, 13, -1.240903081110796
50, 3, -1.493929258347368
-8, 16, 0.1848392709938677
-7, 16, -0.5455651360257173
-6, 16, -0.08022688451473078
36, 10, -0.08685229296330606
-5, 16, 0.03605445098382408
11, 15, 0.2620402483422712
39, 9, -0.2632469660070151
52, 1, -0.1027699907968246
-4, 16, 1.210188857309935
49, 4, -0.7206501729257003
29, 12, -0.01834333308362822
-3, 16, -0.4586308440743002
44, 7, -0.5616517287774768
33, 11, 0.6337082609336651
19, 14, -0.03642949154380229
46, 6, 0.1434691762370857
-2, 16, 0.03812679977837087
12, 15, 0.006595344421644085
-1, 16, 0.8031036051436471
42, 8, 0.02113566748235082
53, 0, 1.832641062165201
25, 13, 0.8357821767470518
0, 16, 0.1514290093022153
48, 5, 0.5460995916442251
1, 16, -0.4601072752696325
20, 14, -0.01532944320600815
37, 10, -1.365537267749258
13, 15, -0.1521154643574847
30, 12, -0.01359558543625264
40, 9, 0.2515683884557986
2, 16, 0.03140818868928173
52, 2, 0.0511812028873442
51, 3, -0.03310597640939959
34, 11, -0.285672392575533
53, 1, 0.5800337938372973
26, 13, 0.3268088627479838
3, 16, -0.8618092795682144
50, 4, 0.04826353972409834
45, 7, 0.2939844028996764
14, 15, -0.4556575486794808
47, 6, -0.2555984406645607
21, 14, -0.1302189865571197
4, 16, -0.09940329814275682
43, 8, -0.8072046065871138
54, 0, -0.03643376310524973
31, 12, 1.09463803097332
5, 16, 0.2315429811789433
49, 5, 0.3863314529114195
38, 10, 0.08982530554013732
15, 15, -0.07001130173275373
27, 13, 1.194332921920095
41, 9, 1.480782369829264
35, 11, 0.8828379932920679
22, 14, 0.1313919845775644
6, 16, -0.116986336474153
53, 2, 1.063221805003814
52, 3, -0.9711101640300523
16, 15, -0.6370440931421588
7, 16, 1.057277223749002
46, 7, -0.9832522020032859
54, 1, -0.6714503916628755
51, 4, 0.5940888569847814
48, 6, -0.01085326396880738
44, 8, -0.7321818814968418
32, 12, 1.0308047829177
28, 13, -0.1516280830779003
23, 14, -0.5366667997130451
8, 16, -0.1705946477566373
39, 10, -0.2350830536010688
17, 15, 1.567722637555102
36, 11, 0.08512544310678356
55, 0, 1.038084631626055
50, 5, -0.4898617877890363
42, 9, -0.08457753983008832
9, 16, -0.5668069184838422
53, 3, -0.3522035563387506
54, 2, 0.07413503487560709
24, 14, -0.1257590857286663
33, 12, -0.07823002318812854
18, 15, 0.006162878998202996
10, 16, 0.04071702401146904
47, 7, -0.6700475596845273
29, 13, 0.4759029365173393
52, 4, 0.05485062093607692
45, 8, 0.2450502168558509
55, 1, 1.273778433280611
49, 6, -1.053810569027549
40, 10, 0.06764530575142046
-8, 17, 0.03172891046149988
37, 11, 1.083550119517391
-7, 17, 0.3421305088969556
11, 16, -0.2507424509121987
-6, 17, 0.04513291236590052
-5, 17, -1.145973308491037
19, 15, 0.007063869706592229
-4, 17, 0.5193488717205873
43, 9, 0.614118929082943
51, 5, -0.3312729036222472
25, 14, -0.4935311420361972
56, 0, -0.06012140015128266
-3, 17, -0.946671595214174
34, 12, 0.0473225976437623
-2, 17, 0.1424422953103851
30, 13, 0.6986423789231243
12, 16, -1.185626485080426
-1, 17, 0.1526923478170815
20, 15, 0.5060735308604575
54, 3, -0.1843257432458559
55, 2, 1.77921474663675
48, 7, -1.664075244638292
0, 17, 0.07823180208827321
46, 8, 0.03131344857742983
41, 10, 0.1411543926498566
38, 11, -1.465973708511586
13, 16, -1.284418698307529
50, 6, -0.06413111276949213
26, 14, -0.1016747387354476
1, 17, -0.4546016906014552
53, 4, -0.2746209506730283
56, 1, 0.6558000366654413
2, 17, 0.3380667183545539
44, 9, 1.025083303132359
31, 13, -1.295714599686748
35, 12, 1.00724223823928
21, 15, 0.06495701052579508
14, 16, 0.08669709673668109
52, 5, 0.06577166155513821
3, 17, 1.351345730907047
57, 0, -0.3148028794587973
27, 14, 0.5358965877429099
4, 17, 0.6799327797149085
39, 11, 0.2170054378879604
15, 16, -0.1098766671817955
49, 7, 0.1482086012852065
42, 10, -0.1654060626449657
55, 3, -0.07734581147209958
47, 8, 0.1750600619373074
22, 15, -1.063423565746814
5, 17, 0.8263777920612853
56, 2, 0.1076054458967504
32, 13, 0.9925345080706618
51, 6, -0.1531382542821503
54, 4, -0.03197782000770347
36, 12, 0.06661565038723298
57, 1, -0.677416066431532
6, 17, -0.4372514041711826
45, 9, 0.9317316510678092
16, 16, 0.6176286831422141
28, 14, -0.02921686019741976
7, 17, -1.00005451772051
53, 5, -1.432560854764929
23, 15, -0.8830867288938695
58, 0, -0.04218732287349086
40, 11, 0.04632276618122614
33, 13, -0.4296754462108099
17, 16, 0.0005759504881872146
8, 17, -0.7291663887430887
43, 10, -0.4319712219326173
50, 7, 0.05585097655150246
48, 8, 0.2616579694399976
37, 12, 0.7009681908913483
56, 3, -0.1128970913321916
29, 14, 1.244172328806161
57, 2, 1.229768826098826
24, 15, -0.03683086621229977
52, 6, 0.04439876295016864
9, 17, -1.208507992575814
55, 4, -1.604651381613718
46, 9, 1.615401966937833
18, 16, 0.02106498005570144
58, 1, 0.07832812339001351
10, 17, -0.3332089904432317
34, 13, -1.115429405574056
54, 5, 0.7493193819191534
41, 11, -0.5600423267053125
25, 15, -0.5972739063111502
44, 10, -0.113382280931686
30, 14, 0.09122111818445355
59, 0, -1.254536801241315
19, 16, 0.604755184400823
-9, 18, 0.9217503833014563
-8, 18, 0.1085321681207194
38, 12, -0.0497763094352818
11, 17, 1.137557940927287
-7, 18, -1.191521555398381
-6, 18, 0.005279543474504884
51, 7, -0.4604629825785804
49, 8, 0.8361558024304147
-5, 18, 0.7148293344449957
-4, 18, 0.003974210491633498
57, 3, -0.01346583581132857
-3, 18, 0.1435728904264982
53, 6, 0.2455413081690951
47, 9, -0.5610733387606566
58, 2, -0.03446484251204811
12, 17, 1.332913369337117
-2, 18, 0.002694444707712096
56, 4, 1.170827803912907
20, 16, 0.04715592459649338
35, 13, 0.09888172489226944
26, 15, 0.8584706615204486
-1, 18, 0.4121951603953055
59, 1, -0.6825547124910317
31, 14, -0.6075004614981577
42, 11, 0.6114207276685892
0, 18, -0.01457060428367297
13, 17, 0.5595781696205093
39, 12, 0.1868474511873028
55, 5, -0.7276191249565579
45, 10, 0.6134988571155039
1, 18, -0.1429724394039494
21, 16, -0.6642004605041163
60, 0, 0.1091238463348927
2, 18, 0.1296895473983471
50, 8, 0.1246233692130258
52, 7, 0.8720851092309451
27, 15, 0.05193820141508503
14, 17, 0.9689777890772513
36, 13, -1.081630362575009
48, 9, -0.1200743023693647
3, 18, -0.1738636661390378
32, 14, -0.08356058781485222
54, 6, 0.006326632560990812
58, 3, 0.08701804619968936
59, 2, -0.5591442396051776
4, 18, 0.09914550804961525
22, 16, -0.1168366145077788
57, 4, -0.2931778010885591
43, 11, 1.190353731656664
15, 17, 1.014394670705058
40, 12, -0.05768993647245504
60, 1, -0.509359465822551
46, 10, -0.0223558324633873
28, 15, -0.3250157479347852
5, 18, -0.5135973363301016
56, 5, 1.370318761813726
33, 14, 1.090219171491864
16, 17, -1.228082791495386
6, 18, 0.02109679539014403
37, 13, 0.4362791351321187
51, 8, -0.8760350116803975
23, 16, -0.4178612579898521
53, 7, -0.4803686053451679
61, 0, 0.02432164876205161
49, 9, -1.317634874368121
7, 18, 0.4745095281467493
55, 6, -0.9595453506325958
44, 11, 2.179165935927271
29, 15, -1.097108006425275
59, 3, -0.8625140965108888
41, 12, 1.332129920710686
17, 17, 0.3190815625298331
60, 2, 0.02526895588655109
8, 18, -0.0168618101212673
58, 4, 0.08289374330350381
24, 16, 0.0808469644479901
47, 10, -0.9185102041615458
34, 14, -0.05050282513693095
61, 1, -0.2472797630586985
38, 13, 0.008994490372303996
9, 18, -0.8507157657229578
57, 5, -1.291509180622377
18, 17, 0.187693920335758
52, 8, -0.8691706515797751
30, 15, 0.1065649149612456
54, 7, 0.06380598677576875
50, 9, -0.8504585075653819
25, 16, 0.2986095845029167
10, 18, 0.04753402715090559
62, 0, 0.1394128358300425
45, 11, 0.6575912320938242
42, 12, 0.008550020536989783
19, 17, 0.868084787499074
56, 6, 0.1084985956619643
35, 14, -0.2279991090257713
60, 3, 0.01168640784164295
-9, 19, 0.5151452456574317
11, 18, 0.8793264925258327
-8, 19, -1.179782314203532
48, 10, -0.04899338966983762
-7, 19, -0.7339171352120456
61, 2, 0.6314579262942771
39, 13, 0.1188342465571016
59, 4, -0.8364917120820445
-6, 19, 0.7238174730457868
-5, 19, -0.2746271102865726
31, 15, -0.7582815375847852
26, 16, -0.08073443125196295
-4, 19, -0.7509787596794411
62, 1, 0.5286643382426709
20, 17, 1.656605291409908
-3, 19, 1.365035729499454
12, 18, 0.008906468242982708
58, 5, -0.3001931926789553
53, 8, 1.042088086519174
-2, 19, 1.082629236046439
55, 7, 0.9033328200279135
43, 12, -0.797451180128391
51, 9, -0.04004061141168291
-1, 19, -1.331525139696866
46, 11, 0.9329244587739579
36, 14, 0.03266227976956813
13, 18, -0.4757737745370146
63, 0, -0.2998114163666466
0, 19, -0.2565684970252307
21, 17, -1.246419970739823
27, 16, 0.6961139224562617
40, 13, 0.7128460730892265
32, 15, 0.1466136203738525
57, 6, 0.1383664151244893
49, 10, -0.7379629228769652
1, 19, -1.012191540278765
61, 3, 0.1740479140233825
14, 18, -0.03713667230952399
62, 2, 0.115714165565304
2, 19, 0.0962714007992192
60, 4, -0.9475325681917299
3, 19, 0.6305271741224656
22, 17, -0.88014656644923
63, 1, 1.048104059881884
37, 14, -1.004255989498298
44, 12, -0.780450782868538
28, 16, 0.8890360494897883
59, 5, -0.6968193653237706
54, 8, 0.02648714410782364
47, 11, 0.005877998538872588
33, 15, -0.2416921716476696
15, 18, 0.1840729937005762
4, 19, -1.250931057130323
52, 9, -0.4466465058010324
56, 7, -0.1820101479125037
41, 13, -0.1114142468093574
5, 19, 0.9207107523971926
64, 0, -0.9439217703289857
23, 17, 0.04544637774586249
50, 10, 0.05408382630953938
58, 6, 0.02000984940951926
16, 18, -0.1103978789281838
29, 16, -0.8522906020847146
6, 19, 0.6321909243540986
62, 3, 0.2963962050949372
38, 14, -0.04743885597777277
63, 2, -0.5590777281178713
61, 4, 0.07957528616759814
34, 15, -0.7390232441664712
45, 12, 0.1043031355417832
7, 19, -0.1837352211693473
17, 18, 0.5067403050823647
48, 11, -0.5778849959541857
24, 17, 0.5072901233885816
55, 8, -0.4044825385947234
42, 13, 0.3444472555259071
64, 1, -0.2722054200627563
60, 5, -0.4519949646532104
53, 9, 0.1211499895415757
57, 7, 1.023201900237156
8, 19, 0.9613754300146643
30, 16, -0.1243250060574689
51, 10, -0.4994862459739958
18, 18, -0.05942866020159105
39, 14, -1.557473626700561
9, 19, -0.6415222026216612
65, 0, 0.1946637162092724
35, 15, -0.0839197914137334
25, 17, -0.09289946771800341
59, 6, -1.120822863654976
46, 12, -0.01055117797054382
63, 3, -0.02850096340129293
10, 19, 1.519442026622562
43, 13, -0.9803824125904448
19, 18, -0.8702438424443997
64, 2, 0.1588832701971835
62, 4, -0.1502774751256516
49, 11, 0.02721582675356065
31, 16, 0.4355730804382771
56, 8, -0.09201588675127978
54, 9, 1.304827336409209
26, 17, 0.1432561350690283
-10, 20, 0.05350444794126537
65, 1, 1.245194953496667
61, 5, -1.011167356452795
11, 19, 0.4911817263975744
-9, 20, -0.5131313938334893
-8, 20, -0.2927887678799603
58, 7, -1.277377799308975
-7, 20, -1.230238461285758
36, 15, -0.02302724613404026
40, 14, 0.03275200662357623
-6, 20, -0.1049081597562902
52, 10, -0.01236891220595931
20, 18, -0.04792141551368809
-5, 20, 0.7039452965087224
-4, 20, 0.2459036467510755
12, 19, -0.3261917781591491
-3, 20, -0.7965649076422173
32, 16, -0.9400989049108973
66, 0, -0.03343044268906183
60, 6, 0.0157754925996993
47, 12, 0.6415924300666751
-2, 20, 0.0373924335090042
44, 13, -0.7282949798214737
27, 17, 1.032861251938578
50, 11, -1.019956114646354
-1, 20, 0.4576561532805379
21, 18, 0.122365394307415
64, 3, -1.051419483922965
13, 19, 0.160219699904923
63, 4, 0.487438727553568
65, 2, 0.8247697656019682
37, 15, 0.7595049052641716
0, 20, 0.08893737343088103
57, 8, -0.3992370027978687
55, 9, -0.001546445802390431
41, 14, 0.08620708359199693
1, 20, 0.08195161289503795
62, 5, -1.087719434156582
66, 1, 1.406216425677923
59, 7, -1.689618785816714
33, 16, -1.365243531102782
14, 19, 1.169519252190715
53, 10, 0.1742500547678233
28, 17, -0.1352958885820485
22, 18, 0.07029763156668718
2, 20, -0.05998505365991079
48, 12, 0.2290747416011313
45, 13, 0.2855032315723173
3, 20, -1.213856857354092
15, 19, 0.2595106345684422
61, 6, -0.4667928518385885
67, 0, -0.6698451491548976
38, 15, 0.1235120909401964
51, 11, -1.366938989100475
4, 20, -0.6991963151710516
23, 18, 0.2049598364759943
42, 14, -0.01062383540781691
29, 17, -0.08996864760385558
34, 16, -0.05530758063525896
65, 3, 0.1161674111365135
5, 20, -0.05782112747267271
64, 4, 0.6535565192867384
56, 9, -0.681174323731675
16, 19, -0.1608415064954282
66, 2, -0.05569419503768724
58, 8, 0.09008252779942343
54, 10, -0.10524244613151
6, 20, 0.0158095556184364
63, 5, 0.5973838113220714
60, 7, -0.09492794788187649
67, 1, 0.5903872990635535
24, 18, -0.01629757502700182
49, 12, -0.7816585426310099
46, 13, 0.2098126776914289
39, 15, -0.01624248563109926
17, 19, -0.4845655063795449
30, 17, -1.268935179497642
7, 20, 0.04347557734348996
35, 16, -0.4408263589435881
52, 11, 0.5485298313043877
43, 14, -0.06825531602789804
62, 6, -0.01284646130063868
68, 0, -0.4973398085446994
8, 20, -0.3659858034793064
18, 19, 0.7893613536508907
25, 18, 0.6939207084321607
66, 3, -0.04956601123070693
57, 9, 0.1021750892260969
59, 8, 0.5518068360122632
65, 4, -0.6260812724419553
9, 20, 1.23927510410234
67, 2, -0.3260848970725576
31, 17, 0.7579409735371126
55, 10, -0.4258971552763325
40, 15, 0.5996007764948691
47, 13, -0.6164665063985051
50, 12, 0.006697104985732383
61, 7, -0.4592042727221073
36, 16, 0.8602365894120544
64, 5, -0.1522855275332199
19, 19, -1.046457767164185
10, 20, -0.04938113206461352
68, 1, 0.5596538099993699
44, 14, -0.08944982833452031
26, 18, 0.1033865872482561
53, 11, 1.171945730191029
11, 20, 1.986216599516389
-10, 21, -1.967167446600275
63, 6, 0.2442682472715564
-9, 21, 0.2031377263118892
32, 17, 0.4469265512600108
-8, 21, 0.1551811198823778
20, 19, -0.6474995623507521
-7, 21, 0.08853838740980556
69, 0, -0.05070033090699406
-6, 21, -0.0931756395599201
41, 15, -0.02762953220648733
-5, 21, -0.9904851427208511
58, 9, -1.249998175059817
37, 16, -0.1156024403969747
27, 18, 0.4031649771887419
-4, 21, 0.1450816306474785
60, 8, 0.7534806597668489
12, 20, -0.3105973870278734
48, 13, -0.3833422785368652
67, 3, -0.2108712456151078
66, 4, 0.126572967470552
56, 10, -0.1120551894087019
51, 12, 0.01817986370166027
-3, 21, -0.2531893718909191
68, 2, 0.1337099717827518
45, 14, 0.7103310596805908
21, 19, 0.566130451355867
-2, 21, -1.079356651808548
62, 7, 0.02016066521658315
65, 5, 0.03190562894010047
33, 17, -1.547449759758236
13, 20, 1.482182507387092
-1, 21, 1.055665310835888
69, 1, 0.8406736073927211
54, 11, 1.167115243212924
0, 21, 0.009270312617893166
28, 18, -0.04025186355299955
38, 16, -0.06249150075961957
42, 15, -0.05865826896050692
22, 19, 1.532065460202199
1, 21, -1.306524555185353
64, 6, 0.04383788747994011
14, 20, 0.0486353813820577
49, 13, -0.7397934968669904
2, 21, 1.22930198868393
70, 0, -0.0174030243068575
59, 9, 1.063837884602196
52, 12, 1.363948262463558
61, 8, -0.2291297318145614
34, 17, 0.4816736341827893
46, 14, -0.05195365266004299
57, 10, -0.5646715941036962
3, 21, -0.01818625671262542
15, 20, -0.6896578022064691
68, 3, 0.1162400692794424
29, 18, -0.3611040685085247
67, 4, 0.7328709553965396
23, 19, 0.7593229445117099
69, 2, 0.3576339341842274
63, 7, 0.1060981593064176
4, 21, -1.087632473708902
66, 5, -0.4751643053516603
55, 11, 1.742288406779056
39, 16, -1.169172751181025
43, 15, 0.1178625635457456
16, 20, -0.03417212632529444
70, 1, 0.2745212410365953
5, 21, 1.405607201376339
35, 17, -0.2006011235269309
24, 19, -0.6704316611504153
30, 18, 0.01923458886745594
50, 13, 0.561840562349149
65, 6, 0.4267014847236488
6, 21, -0.2805947585116754
47, 14, -0.7038195632691353
53, 12, 0.1909422922348467
17, 20, 0.6227659313762515
60, 9, -0.116245972753983
71, 0, -1.476897484478212
62, 8, -0.08097454379233483
58, 10, 0.1160747264664716
7, 21, 0.3537950296279784
40, 16, 0.1415541339241627
69, 3, 0.1488281950839751
44, 15, -0.2362467638466769
25, 19, 0.4062636249847041
68, 4, 0.1715303302246597
64, 7, -0.2418064893875037
56, 11, 1.196327404856361
31, 18, -0.364821397058103
8, 21, 0.2752959867138419
70, 2, 0.1004700913554862
18, 20, 0.1265973911670558
36, 17, -0.5679137170123835
67, 5, 0.3716361066049227
9, 21, 0.04560869194892894
71, 1, 0.6909988758782121
51, 13, 0.1566325904439557
48, 14, -0.06070777531535725
26, 19, -0.4320439076081312
19, 20, -0.3386225974212496
66, 6, 0.02343222192995436
54, 12, -0.01975709663787475
41, 16, -0.3402946112988142
61, 9, 1.182364992519199
10, 21, 0.05985977302806163
32, 18, -0.07972485988421348
59, 10, 0.8778582197652479
45, 15, 0.03874913694446167
63, 8, -0.7983578908874676
37, 17, -1.099314033322279
72, 0, 0.1861390843320058
20, 20, 0.362746035810134
11, 21, -0.81336096632501
-11, 22, 1.723623969343936
-10, 22, -0.08443335316271687
57, 11, 0.7471120410181009
-9, 22, 0.9516435689901547
70, 3, 0.9157693826057794
-8, 22, -0.01159143066856394
69, 4, 0.2006169856776079
27, 19, 0.1446856645379438
65, 7, 1.436809650638203
-7, 22, 1.227118270949532
71, 2, -0.8289550978224646
-6, 22, 0.125336429950391
-5, 22, 0.002638964371486848
68, 5, -0.3549708364013512
52, 13, 0.408641575443155
49, 14, 0.1433845620692945
33, 18, -0.03010783079357513
12, 21, -0.05058394177456413
42, 16, -0.02048823750686092
-4, 22, 0.0625498209844388
21, 20, 0.1307744194550048
-3, 22, 0.7182938623128865
72, 1, -0.7592644718311844
55, 12, 0.5470300999001079
38, 17, -0.584565118252044
46, 15, -0.5853056983020529
-2, 22, -0.01414191221350129
67, 6, 0.7513069918724865
28, 19, -0.8180485860869577
62, 9, 0.3896924025800129
13, 21, -1.087598311026476
60, 10, 0.07574075105042589
-1, 22, 0.7083473090947656
64, 8, 0.1130017084836848
0, 22, -0.04236964451028595
22, 20, 0.05296072043046521
73, 0, -1.018777721742734
34, 18, 0.1123174997886283
58, 11, 0.05348345337876421
14, 21, 0.1493622198686019
1, 22, 0.4787772504945657
71, 3, -0.4814404189415869
43, 16, -0.4420719695726833
70, 4, 0.1165860331838017
50, 14, 0.02367256570881887
66, 7, 0.9063609496702619
53, 13, -0.7069021305067407
39, 17, 1.403582744792093
29, 19, 1.551886518833465
72, 2, 0.1186489912602916
2, 22, 0.01893154843657408
69, 5, -0.7303302231568837
47, 15, -0.4000530981187659
23, 20, 0.7350690577801196
15, 21, -0.1836859624640094
56, 12, 0.4382173524847823
3, 22, -0.1473338530369108
73, 1, 0.1183838299113712
35, 18, 0.8871314223875846
63, 9, -0.4588617907137548
68, 6, 0.08665837901708559
4, 22, -0.05808602903187936
61, 10, -0.1482473261031126
30, 19, 0.009318190431618151
16, 21, -0.5310772404065743
65, 8, -0.3824804829174298
44, 16, 0.4053292838540699
24, 20, -0.03193141493912374
40, 17, -1.517747476839203
5, 22, -1.561797870203373
59, 11, 0.8402787609871238
51, 14, 0.3964444396263676
74, 0, 0.1105780622999944
54, 13, 0.3038287618895175
6, 22, 0.1087110477636583
67, 7, 0.0721781006686097
17, 21, -0.6894512950510705
72, 3, 0.1556449728690285
48, 15, 0.05892999994720149
71, 4, -0.344600001702682
36, 18, 0.09045696856214705
57, 12, 0.16700945598697
73, 2, 0.02479334756902219
31, 19, 0.7418073965105432
70, 5, 0.6810496730263079
25, 20, 0.02742976116853614
7, 22, 0.3409529771505536
18, 21, 0.1512842046739759
41, 17, -0.05254236414392813
74, 1, 0.5011572696507183
45, 16, -1.058290839881404
64, 9, -0.03983105354116276
62, 10, 0.08987562042857755
8, 22, -0.03303220518682671
69, 6, 0.02331896026177116
66, 8, -0.02955867579882678
52, 14, 0.002993198771977505
60, 11, -0.2653470843817695
26, 20, 0.02198894322651348
55, 13, -0.1706026778015342
37, 18, 0.1441269979414663
32, 19, -1.22103332143271
9, 22, 1.298728495484458
49, 15, 0.02073171247425292
19, 21, -0.2634900147038192
75, 0, -0.1277101036132271
68, 7, -0.8638731709528024
58, 12, 0.1075463499495451
10, 22, 0.002283265118288897
73, 3, -0.9237143720107547
72, 4, 0.9550377010862479
42, 17, 0.0656632571081201
74, 2, -0.04644041604913886
46, 16, 0.1056536155730188
27, 20, -0.9855223822936723
71, 5, -0.5948972167604445
20, 21, -0.653167973527324
33, 19, 0.8743503676354991
11, 22, -1.5907930297121
-11, 23, 0.6270083728812478
-10, 23, -0.2075021735597944
38, 18, -0.04130380793165522
-9, 23, 1.349397210306403
-8, 23, -0.8835358194221635
63, 10, -1.121355440780478
65, 9, 0.8008422134189005
53, 14, 0.8323941076364128
-7, 23, -1.098597573660568
75, 1, 0.5498915899936306
70, 6, 0.05410449946429819
-6, 23, -0.4684043328160813
61, 11, 1.290239477944082
56, 13, -1.528359676111095
50, 15, -0.0335572082001358
67, 8, -0.1369935105967544
-5, 23, 0.9928760049481358
12, 22, -0.0001089123017995757
21, 21, 0.03781052914256741
-4, 23, -1.197549308939188
28, 20, -0.3365584910005862
43, 17, -0.4446604421197602
-3, 23, 1.364566956793732
59, 12, -0.3886110724666423
34, 19, -0.2843136910284963
76, 0, 1.631072323398032
47, 16, -0.6861023070353365
-2, 23, -0.6139943327913477
13, 22, -1.164106975032244
69, 7, 0.9645346553864941
39, 18, 0.2424950815358301
74, 3, -0.697308416111166
73, 4, 1.028428266219847
22, 21, -1.090793526070185
-1, 23, 1.48895720985406
75, 2, -0.6687628139333756
72, 5, 0.5168840646513618
0, 23, -0.04132143811110765
29, 20, 0.5595669170653264
54, 14, -0.1083175964801353
14, 22, -0.09900592530760979
64, 10, -0.05802437762411872
66, 9, -0.3213567611137699
51, 15, 0.2964246526813363
1, 23, -1.304665804740466
57, 13, 0.1067570660467475
62, 11, 0.1128179912421009
35, 19, -0.5062681161670847
76, 1, 1.62674986467539
71, 6, -2.039455216807128
44, 17, -0.4029706266489498
23, 21, 0.4326042838387932
2, 23, 0.3906058251908934
68, 8, 0.7934475333853878
15, 22, 0.04829118365969909
40, 18, -0.1424487391145282
48, 16, -0.3418387864784219
3, 23, -0.0003801745686997199
30, 20, 0.02340234398796357
60, 12, 0.1831500116612925
4, 23, 0.05370853413773881
77, 0, -0.5606313302277642
70, 7, 0.2645563351546603
24, 21, 0.0162719725444375
16, 22, -0.03702916751244652
74, 4, 0.02598735325423226
75, 3, 0.1585792084290948
55, 14, -0.09385779943546028
36, 19, -0.001756725636336003
5, 23, -0.7365627672235506
52, 15, 0.451216315130856
73, 5, -0.8119698801867028
45, 17, -0.7390756143966888
76, 2, -0.004543408738661863
65, 10, -0.5055810821035447
58, 13, -0.9917068318217538
31, 20, -1.238295704018871
67, 9, 0.02643978044571047
41, 18, 0.1075139601693001
17, 22, 0.4521103948174136
6, 23, 0.1419632924200779
63, 11, 0.5514790707515294
49, 16, 0.4308689197727278
25, 21, 1.434415613480553
72, 6, 0.01455603070134477
77, 1, 1.982225250560114
69, 8, -2.011869328522337
7, 23, -0.253229048322517
61, 12, 0.176419332158135
37, 19, -1.031777073910144
18, 22, 0.06920398702746124
32, 20, 0.1908299143423317
8, 23, -0.1420494348224145
26, 21, -1.059461272461173
56, 14, -0.03653274173361219
71, 7, -1.140276910679305
46, 17, 0.1887603422138026
53, 15, 1.420402408633178
78, 0, -0.006268943786030281
42, 18, 0.002702550147800842
75, 4, -0.7152019880409102
76, 3, -0.7431213324943717
19, 22, 0.08578880302008988
59, 13, -1.379601040722608
9, 23, -1.515883092712419
66, 10, -0.003248449294021231
50, 16, 0.03460133630894206
74, 5, -0.7531818982686126
77, 2, 0.313401301061603
68, 9, -0.7707781559958661
64, 11, -0.238315564416186
38, 19, 1.592824018330701
27, 21, 6.800678168631915e-05
33, 20, 1.018646556437019
10, 23, -1.208130557136497
73, 6, -0.2878144120969425
70, 8, -0.07357580500821509
20, 22, 0.0410562152085878
62, 12, -0.02088365820182827
78, 1, 1.139452518417529
47, 17, -0.5734116222747079
43, 18, 0.3654770150673894
-12, 24, 0.1811879989903986
11, 23, -0.2292630873238372
-11, 24, 0.4718569695163675
-10, 24, -0.1027843198682907
54, 15, -0.1710828953538574
-9, 24, -0.158032070544838
57, 14, 0.3960591885055084
-8, 24, -0.05496940230127383
-7, 24, -1.112533558863041
28, 21, -0.2733117013472955
72, 7, -0.4371679241218463
21, 22, 0.2840750387750834
-6, 24, -0.02266983074671119
51, 16, 0.3793557179116541
39, 19, -0.2047182870953529
34, 20, 0.05679217723893469
60, 13, 1.142969457540338
12, 23, 0.4067132516268797
79, 0, -0.07164689330598326
-5, 24, 0.1452817830826701
-4, 24, -0.7438869948515087
76, 4, 0.06976985771412372
77, 3, -0.5170957424222017
67, 10, 0.59143911287166
65, 11, -0.2938097370894661
-3, 24, 0.07510271833793823
69, 9, 0.2826076460046343
75, 5, -0.5511628128367164
78, 2, 0.06742946917390281
13, 23, -0.5796090848247352
44, 18, 0.01724052912762058
22, 22, -0.111128419412176
-2, 24, 0.08764025717545633
48, 17, 1.680926118348032
29, 21, -0.1997745729057663
63, 12, 0.04163334167421362
-1, 24, 0.6862254452367968
71, 8, -1.071852079449346
74, 6, 0.01721775309222084
55, 15, -0.4539743152002227
35, 20, 0.5171364301258554
79, 1, -0.1073582333022513
40, 19, 0.9208845740443001
58, 14, 0.02139575061153576
0, 24, -0.005755509658865812
14, 23, 0.05153599988870087
52, 16, -0.9681032995757066
23, 22, -0.2828372415474436
1, 24, 0.8716914113836345
61, 13, 0.8312088845471931
73, 7, 0.08358637270510857
30, 21, -0.03019615761871753
2, 24, -0.08511210599959436
15, 23, 0.05647403887473026
45, 18, 0.7058974886787874
80, 0, -0.5599699619209306
68, 10, 0.03748607060860355
77, 4, -1.168079872821749
66, 11, 2.43995740455332
49, 17, -1.134703272041591
36, 20, -0.2691047902774765
3, 24, 0.06186830163065686
78, 3, 0.1008174692850151
70, 9, 0.4530850540645439
24, 22, -0.0211442954817179
76, 5, 0.8869273368072587
41, 19, -1.28863062544864
79, 2, 0.3688577376543497
16, 23, 0.003852247800252129
4, 24, 0.9008310672262865
64, 12, 0.6221349425927828
56, 15, 1.070766409979072
59, 14, -0.785396446107049
31, 21, 0.2888367173743119
72, 8, -0.06587145500949605
75, 6, 0.09507021444121724
53, 16, -0.1628990085681362
5, 24, 0.5813945596719063
80, 1, 0.01634111030069077
25, 22, -0.9806030928516796
17, 23, 1.251619343582212
46, 18, 0.1135311253455282
62, 13, 0.300349954028003
37, 20, 0.1637970114087643
6, 24, 0.001862069653283996
50, 17, -0.0437228311730895
74, 7, 0.8729020178556057
42, 19, 0.9576600347130561
32, 21, -0.561937230234591
69, 10, -0.2063703496382355
7, 24, 0.2696591660518953
67, 11, -0.2137654678399364
18, 23, 1.070840944676069
81, 0, 0.8916803539151705
71, 9, -0.4120437163475441
78, 4, 0.1596246108991395
26, 22, 0.1583680837402653
79, 3, -0.8768970993308799
57, 15, 0.1769391782738081
77, 5, -0.5040512918765506
65, 12, 0.2046383297479545
8, 24, -0.2196550206566585
60, 14, -0.1020509213835321
54, 16, 0.04862457608886302
80, 2, -0.04380211596737459
38, 20, -0.06454965013391205
73, 8, 0.04630660847964153
19, 23, -0.1542921217038115
47, 18, 0.8613770533251827
76, 6, -0.01665879613160654
9, 24, -0.2304413674889405
33, 21, 0.2588178202420733
43, 19, -0.6959127004793184
63, 13, -0.9245358434339613
51, 17, -0.1766019893477289
27, 22, 0.6646176954600315
81, 1, -0.9516264416680377
10, 24, 0.09500577751838456
20, 23, -0.6954653185889669
75, 7, 1.635686844456672
70, 10, -0.0266353529584481
39, 20, -0.03774920719814938
68, 11, 1.03658985770568
58, 15, 0.202056106044454
-12, 25, 1.278514587303458
55, 16, -0.7273501507607874
34, 21, 0.8234076045096634
11, 24, -1.152939135703781
-11, 25, 1.406644545451536
72, 9, 0.5635131947131102
82, 0, 0.02486600908386468
28, 22, 0.05962153447041628
-10, 25, -0.1703100096946248
-9, 25, 1.184578113151564
61, 14, 1.194414545551233
66, 12, 0.01371557773169805
48, 18, -0.01930952331770979
79, 4, 0.0003925288724661031
80, 3, -0.230085288983798
-8, 25, 0.8410136337464246
44, 19, 0.2489793278437933
21, 23, 0.0232504890232438
78, 5, -0.5162346216101342
-7, 25, -1.374568337476672
-6, 25, 0.6352978707538101
81, 2, -0.3079543601403096
52, 17, 0.6327211216322106
12, 24, -0.1672247607349272
74, 8, -0.02720949708984472
-5, 25, 0.1430377700818389
77, 6, -0.7447670095441186
64, 13, 0.9913642521302026
-4, 25, -1.056961397454323
40, 20, -0.5521394331789511
29, 22, -1.303552005459203
22, 23, 0.7267263167324663
-3, 25, -0.6887157966504742
35, 21, 0.3225656699025126
13, 24, -0.2841785331691413
82, 1, -0.2414101452261211
-2, 25, -0.8652448357523772
59, 15, -0.8819726118729873
76, 7, 0.0005531215208483054
49, 18, -1.517781221921704
56, 16, -0.08902086323492035
71, 10, 1.225228959747032
69, 11, 0.1252990395864975
45, 19, 1.634114494399968
-1, 25, -0.01013694328731985
62, 14, -0.06375908143358899
14, 24, -0.0002632828839429192
0, 25, -0.1040854181468124
73, 9, 0.06811537829269733
67, 12, -0.6875784015634776
23, 23, -0.1685364351512704
30, 22, -0.04593923489069937
83, 0, -0.3359251937249267
53, 17, 0.02012275474343715
80, 4, -0.06055019707165378
1, 25, 0.01521051827821636
41, 20, 1.067757053834454
81, 3, 0.1460322575249142
36, 21, -0.2477220551085492
79, 5, 0.3753858361887411
15, 24, 0.080204979292701
75, 8, -1.04292534621764
65, 13, 0.3267174232497295
2, 25, 0.7612286998886787
82, 2, -0.07449832208511113
24, 23, -1.225853147817363
78, 6, -0.001027487812128955
3, 25, 0.9363720867639992
46, 19, -0.0816588761595157
50, 18, 0.059568030867879
31, 22, 0.6218606853008455
60, 15, 0.1332486957920136
16, 24, -0.09273211532708632
57, 16, -0.2218529297953153
83, 1, -1.296728450615458
4, 25, 0.4212059415673025
37, 21, 1.01378312836343
70, 11, -0.6128509671174751
72, 10, -0.07122096099732628
42, 20, -0.1422680799215375
77, 7, 0.3929603285762536
63, 14, -0.3313281690870598
54, 17, 0.6580700022195669
25, 23, -0.5905976650378169
68, 12, 0.2074604056852642
5, 25, -0.4067100390334225
17, 24, -0.2243411150695295
74, 9, -0.1656388067813823
32, 22, 0.08980017287276924
84, 0, -0.05893377598285775
6, 25, 0.3850435590263677
81, 4, 0.5836139761095051
82, 3, -0.02685362039311695
66, 13, -0.07627563795418836
47, 19, 0.4715490148201721
80, 5, 0.3801621829312793
51, 18, 0.09321673318546672
76, 8, -0.716910946272172
18, 24, 0.02220971675438344
38, 21, 0.8073806339884886
26, 23, 1.555578399886582
83, 2, 0.123052147162815
7, 25, -0.2639399375664496
58, 16, -0.03478373529282027
43, 20, 0.2155133835499984
79, 6, -1.333308889706285
61, 15, 1.212400531917744
8, 25, -0.8592564591138009
55, 17, 0.1477435346467184
33, 22, 0.7538969669730582
64, 14, -0.0979273425719949
84, 1, 0.5884005320692224
71, 11, 0.7309281861336701
19, 24, -0.7551967662251605
73, 10, 0.08600668265078876
78, 7, 0.9156152606793786
27, 23, -0.4767147163984142
69, 12, 0.06168168120620562
9, 25, -0.7504873219167506
48, 19, 0.5944942560964336
75, 9, -0.1263263879197314
39, 21, -0.2002803621498873
52, 18, 0.008324009736829754
44, 20, 1.252267490776542
20, 24, -0.9537281425503824
67, 13, -0.08626087618368694
85, 0, -0.2892937055789875
10, 25, -0.2128874211724439
82, 4, 0.0760011389273665
34, 22, 0.05187688399952597
83, 3, 0.7052180099118825
81, 5, -1.27825504335441
59, 16, -0.5872333852721603
28, 23, 0.8057884102591185
77, 8, 0.7263932089185301
62, 15, -0.6998694645834527
56, 17, -0.1393394715316294
-13, 26, 0.3232174304369601
84, 2, 0.07222798839302547
-12, 26, -0.0222009492206181
11, 25, 0.239147026284815
-11, 26, 0.01934126477252069
-10, 26, -0.09025225779924358
80, 6, 0.003730316904975199
21, 24, 0.170777187599203
-9, 26, -1.155458538396675
65, 14, -0.4765512738461332
40, 21, 0.5983697851821093
-8, 26, -0.009396638306961304
49, 19, -0.6328801508932197
-7, 26, 1.090078322333403
72, 11, 0.6961836585524147
74, 10, 0.03017138339662324
-6, 26, 0.06808185970376715
12, 25, 0.2712941125801989
35, 22, 0.7181658375903462
85, 1, 0.1429389281883718
70, 12, -0.1248816101277266
45, 20, 0.5003842973336446
53, 18, -1.022509580099466
29, 23, 0.9042489648813916
-5, 26, 0.2327381074994753
79, 7, -0.1555067891093453
22, 24, 0.132687343286252
-4, 26, -0.1089606294399182
76, 9, -0.1843304539565172
68, 13, -1.398138824723351
-3, 26, -1.409576164721235
13, 25, -0.07263024125065659
60, 16, -0.5404205892863593
-2, 26, 0.05399932924419078
63, 15, -0.3258192402304058
41, 21, 0.3878590406001077
86, 0, -0.008219443185017772
83, 4, 0.5048834789723065
57, 17, -0.2016615388234717
84, 3, 0.2119627543756879
82, 5, -1.161065313829295
30, 23, -0.9615844941240518
-1, 26, -0.7392040753182321
78, 8, -0.1032145417241865
36, 22, 0.01308552803092444
23, 24, 0.4885200719394961
14, 25, -0.8139994656588155
50, 19, 0.6199091631843263
66, 14, -0.1413659516544019
46, 20, 0.1457711796540669
0, 26, -0.005109271839974874
85, 2, 1.168822800364706
81, 6, -0.0629903696032119
54, 18, 0.03289196508400485
73, 11, 0.9408705841807696
1, 26, -0.5356795791076057
75, 10, 0.4382862751129559
15, 25, -0.1806689661562972
71, 12, 0.5534871487271188
24, 24, -0.02347481413650333
2, 26, -0.06404930028346718
86, 1, 0.2191433523504114
31, 23, 0.5159167542031977
42, 21, -0.05755179125843427
80, 7, 0.02770905344456027
37, 22, 0.3161146943883856
77, 9, -2.207034102163769
61, 16, 2.207144955011135
69, 13, -1.133884307207569
3, 26, -0.769451012155663
58, 17, -0.4378067824790735
64, 15, -1.391820539018594
16, 25, -0.008378529831376018
51, 19, 0.2441347002839843
47, 20, -0.6108200724884365
4, 26, 0.08569674703438072
25, 24, -0.4740889378834041
84, 4, 0.147670607898424
87, 0, -0.08310119511901357
79, 8, 0.03559942343556967
85, 3, 1.413278572791011
83, 5, -1.670875014688181
55, 18, -1.749577648931573
32, 23, 1.470708018479208
67, 14, 0.3054835166243359
17, 25, 0.2038031305259425
5, 26, -0.04045833611897501
43, 21, 0.9698709565407445
38, 22, 0.07959025027192418
86, 2, -0.07801529535613624
82, 6, 0.04106287350427763
74, 11, 0.2406123736019836
6, 26, -0.08893345164899194
72, 12, 0.256489238729829
76, 10, 0.06980835714928402
26, 24, -0.02987210987188401
18, 25, -0.6776995595270182
62, 16, 0.001788091793088892
59, 17, 0.7109433863189862
52, 19, -1.127865637512451
48, 20, 0.1193099119878825
7, 26, 2.168043349665513
87, 1, 0.2777608100265379
81, 7, -0.1553413988902634
33, 23, -1.707385435075311
70, 13, -0.1884134887232629
65, 15, 0.7933844029505416
78, 9, 0.08745732157580723
39, 22, 0.00369384208103964
8, 26, -0.05939087527975028
56, 18, -0.1063685845706969
44, 21, 0.4014956262817405
19, 25, -0.3336321816088131
27, 24, 0.04149410056206905
68, 14, 0.07847121624730738
85, 4, 0.2681675088411698
88, 0, 0.3480701426331586
80, 8, -0.1642508299994505
84, 5, -0.3793654893651973
9, 26, 0.6905815026056704
86, 3, 0.1494775799375929
34, 23, -0.2614855600497146
20, 25, -0.01987731703960945
75, 11, -1.143352460899819
49, 20, -1.170669325562951
83, 6, -0.09600554541662377
87, 2, -0.384754899082936
53, 19, -0.8364512249873971
73, 12, -0.2840129470103888
28, 24, -0.6340056619420682
63, 16, 0.1101748145228749
10, 26, 0.1261571986155015
77, 10, 1.597458813457649
60, 17, -1.646679346580254
40, 22, 0.008161586182992441
66, 15, -0.2233420470715936
45, 21, 0.1796886700851749
71, 13, 0.03187535182769165
82, 7, -0.3711778771720259
-13, 27, -0.684317801714423
57, 18, -0.09805008996733973
-12, 27, 0.2137882251250942
21, 25, -0.4368986017191882
88, 1, -0.8912289402399155
79, 9, 0.9920759032017784
11, 26, -1.014753160501624
-11, 27, 1.179088293724763
35, 23, 0.9632153972212822
-10, 27, 0.4220867589581497
-9, 27, -0.2741196033135894
-8, 27, 1.459215792640519
29, 24, 0.7484283525927781
-7, 27, -0.1838848955395116
69, 14, -0.01761965711062099
12, 26, -0.02503148324894557
-6, 27, 0.007828456978917981
50, 20, 0.04097492782937384
41, 22, -0.09101634298073638
22, 25, 0.8209528706449006
-5, 27, -0.665985914342008
81, 8, -0.1509616484699518
54, 19, 0.2580604450720622
86, 4, -0.08138836848091514
89, 0, -1.2558924369089
85, 5, 0.0997761369527545
-4, 27, 1.764663151630437
87, 3, -0.06788934228090973
46, 21, -1.567940076474999
64, 16, -1.17549901903417
61, 17, 0.5163445257786136
76, 11, -0.1928955649828364
36, 23, 0.4500981381890184
13, 26, -0.2983087057012849
-3, 27, 0.005307555920754705
74, 12, -0.001544009583660522
84, 6, -0.0219325008511764
30, 24, -0.0008833471050533367
88, 2, 0.115623280720525
78, 10, -0.1125880580828087
-2, 27, 0.6271037544597274
67, 15, 0.4832313397374298
58, 18, -0.01503645018880128
72, 13, 0.1376389302114776
23, 25, -0.6372491526816795
-1, 27, -0.4375634122680975
14, 26, 0.03020536024727529
83, 7, -0.102548962975662
80, 9, -1.157984481278529
42, 22, -0.02372795868564357
0, 27, -0.05849166269761359
89, 1, 1.056171712407573
51, 20, -0.05038338348281271
70, 14, -0.02920868546370942
37, 23, 0.07824086897922501
55, 19, 0.9955703407183544
31, 24, -0.7071548146850888
1, 27, 0.5285951428782442
47, 21, -0.3735628437527067
24, 25, 0.8041227622402203
15, 26, -1.136948977799729
62, 17, -0.8137259612382637
2, 27, -1.501273715716074
65, 16, -0.4923179471631335
82, 8, -0.08199187259967071
87, 4, -0.9840517864885286
90, 0, 0.05388069807303241
86, 5, -0.6584802477724663
88, 3, 0.00615115150676246
77, 11, -0.8580470324973648
59, 18, 0.8036565280102735
16, 26, -0.02695518451072635
75, 12, 0.245484904376683
3, 27, 0.2554643350116706
68, 15, -0.1360344410574773
43, 22, 0.8142892480490208
25, 25, -0.4245298839751341
32, 24, 0.1696866331664389
85, 6, -1.212074999388338
79, 10, -0.945420135145702
73, 13, -1.266521704627479
38, 23, -0.3994790497205368
89, 2, -0.1592403410187441
4, 27, 0.392264579974261
52, 20, 0.08415637376036808
48, 21, -0.1645988472344899
17, 26, -0.1317637554523516
56, 19, 0.2050004101460441
5, 27, -0.3867309784651159
81, 9, -0.328485600367279
84, 7, 0.2441058566606115
71, 14, 0.7127841518614453
90, 1, -0.6063003345220039
26, 25, -0.2612262094633314
33, 24, -0.2301464430031603
6, 27, 0.1952982471661641
63, 17, -0.130119647352333
66, 16, -0.1067359489048365
44, 22, 0.169149698247334
18, 26, -0.05290416342030749
39, 23, -0.3361583665622416
60, 18, 0.001080675200317658
83, 8, -0.5119841172768189
7, 27, 0.2729648470922862
53, 20, 0.7920820563046055
69, 15, -0.04403684020340577
88, 4, 0.2568138806420013
76, 12, -0.5293946499075406
78, 11, -0.8802052778079836
87, 5, -1.012265918845957
27, 25, -0.2260108045544335
91, 0, -0.1051307136373518
49, 21, 0.04532199288316165
89, 3, -0.1037786790327778
19, 26, -0.06700408352285414
74, 13, 0.2197897606440585
8, 27, 0.05297574504535486
80, 10, 0.03271000798426429
57, 19, 0.5791827079676599
86, 6, -0.04090159047042337
34, 24, -0.07092523384205021
90, 2, 0.0241108425830141
45, 22, -0.2345641559225523
40, 23, -0.4804715172096174
9, 27, -1.095368416023544
72, 14, 0.03902146417448586
82, 9, 0.4296792790452967
20, 26, -0.007052032687125713
85, 7, 0.9806775182070376
28, 25, 0.6315114300616618
64, 17, -0.7839133069046332
67, 16, -1.333648581124251
91, 1, 0.2095734518203628
61, 18, -0.6084089160515412
10, 27, -0.2700299307835709
54, 20, 0.05913329102902326
50, 21, 0.2237791041157049
35, 24, 0.3767558168679299
21, 26, 1.697702867962242
70, 15, 0.2549032262864347
-14, 28, -0.02889578451996168
-13, 28, -0.6921399450189873
84, 8, -1.265614781853559
-12, 28, -1.05250728257541
77, 12, 1.31189368728505
58, 19, -1.715687168897495
11, 27, 0.6588372075240222
-11, 28, -0.4208007772798874
79, 11, 0.6303522956583927
29, 25, -0.0668566315602401
41, 23, -0.2089571733779227
-10, 28, -0.07559946871514854
46, 22, -0.04784998535764891
89, 4, -0.9110657247926652
-9, 28, 0.2358759438124955
88, 5, 0.301343029474194
75, 13, -0.1706067984221377
92, 0, 0.2626910740876667
-8, 28, 0.4827662540790004
90, 3, 0.04977515259432266
81, 10, -1.145100006602433
-7, 28, -0.3801749645100872
87, 6, 0.1632852873250506
12, 27, -0.0332146359918595
22, 26, -0.03338603102069839
-6, 28, 0.03171119880820711
36, 24, 0.07924993229160138
91, 2, 0.3441267017768317
73, 14, -0.1669129299082262
65, 17, -0.3007873634365776
-5, 28, -0.5358205164120146
51, 21, -0.09948119102897503
62, 18, -0.05099495304970499
55, 20, 0.235772822721956
30, 25, -0.01857393516323417
83, 9, -0.2165363322643499
68, 16, -0.09419441330664249
-4, 28, 1.311837356002887
86, 7, -0.5476350273146525
13, 27, 0.6192535350095825
42, 23, -1.122609563494417
-3, 28, -0.2073475797954616
23, 26, 0.04346218141953145
92, 1, -0.4004365584166039
47, 22, 0.508618110616169
-2, 28, 0.1106023903200129
59, 19, -1.320331810574638
71, 15, 0.293440867038114
37, 24, 0.4570953686365645
14, 27, 0.5971926014096288
-1, 28, 0.1781294325806583
78, 12, 0.01628171623916664
85, 8, 1.230941664534626
80, 11, 0.3579804992265638
31, 25, -1.061318732137112
76, 13, 0.432390636916909
0, 28, -0.04803180440633095
90, 4, 0.09039405731246548
24, 26, 0.07452926863474327
89, 5, -0.04323353753746062
82, 10, 0.01122642039215628
52, 21, -0.774971875235148
93, 0, 0.2746174083685131
15, 27, 0.09363321007609479
91, 3, 0.1588777363516878
1, 28, 0.005488112412420942
56, 20, 0.3039231382266078
66, 17, 0.367589439001904
43, 23, -0.2156437060360632
63, 18, -0.4439263061720623
88, 6, 0.07281397061812743
74, 14, -0.03661154672036816
69, 16, -0.2421321783463889
48, 22, -0.028622686824364
2, 28, 0.1253960798191071
92, 2, 0.130290492436633
38, 24, 0.1239512686800784
32, 25, -1.219156699858763
84, 9, 0.2137220936051208
16, 27, -0.2713845535948837
60, 19, -0.7130950894076835
25, 26, -0.9944509735342441
87, 7, 0.240586135947203
3, 28, -0.1050613220617542
72, 15, -0.09650788334457618
4, 28, 0.09422753704417421
93, 1, -0.4457978301800576
44, 23, -0.1018381673843415
17, 27, 0.2023809341314601
79, 12, 0.7801607827432659
53, 21, 0.8159258058244314
81, 11, 1.162946003423592
86, 8, 0.03880648785889713
26, 26, -0.08252232633537054
77, 13, -1.33286957861126
57, 20, 1.006407307432566
33, 25, -0.5048240097673848
5, 28, 0.2989086665391498
39, 24, -0.1590318434004251
49, 22, 0.4478182848780476
67, 17, -0.298433601804779
64, 18, -0.016918235181886
83, 10, 0.4048484550973016
91, 4, 0.5811964795937408
90, 5, 0.5555284149385322
6, 28, -0.05733432089629298
18, 27, -0.462433455772839
75, 14, 1.117800843988597
94, 0, 0.06730183639550623
70, 16, -0.0130131078824489
92, 3, -0.3033510260243807
89, 6, -1.098898059165757
61, 19, -1.025877565577775
27, 26, 0.298759380318539
7, 28, 0.03122706437892267
93, 2, 1.406955049495101
45, 23, -1.406502917526516
85, 9, -0.8748633086246481
34, 25, 0.3358638694268551
19, 27, 0.1320787959640101
40, 24, -0.200266151168297
88, 7, -1.196513322695938
73, 15, 1.474884641413763
54, 21, 0.06433862829176878
8, 28, 1.453831507099241
58, 20, -0.08105566280613317
50, 22, 0.06162877382472382
94, 1, 0.1198285417692641
80, 12, 0.6022994109328951
28, 26, -0.03067583030433843
82, 11, -0.1538654382990143
78, 13, 0.457545715709067
9, 28, -0.2406317157847017
68, 17, -0.6072905517426603
65, 18, -0.2387869318086718
20, 27, -0.6550072777522423
87, 8, 0.8491248530890493
35, 25, -0.1957700777881778
71, 16, 0.7603695104037871
62, 19, 0.1825214622771968
46, 23, 0.2565310233158211
84, 10, -0.03741000650236233
76, 14, -0.1133066610228169
41, 24, 0.3328696769819627
10, 28, 0.02860285695809414
92, 4, -0.7711160404530752
91, 5, 0.6385655495138753
95, 0, 0.9487657099056971
93, 3, 0.2279354269327015
21, 27, -0.07315235103209072
55, 21, -0.09280322290063864
29, 26, -0.4382907297046523
90, 6, 0.01774962874946523
-14, 29, -0.08157346696589222
-13, 29, -0.1627614098743269
51, 22, 0.4683806781781165
-12, 29, -1.029850836316025
11, 28, 1.056764800132948
-11, 29, -0.7112599215833
86, 9, 0.1116312615644867
74, 15, 0.3876768964561888
59, 20, 2.174473191952464
-10, 29, -0.2956024096046241
94, 2, 0.06158400298013735
36, 25, -0.1217801400044169
-9, 29, 0.02399379278138138
89, 7, 1.19068321232372
-8, 29, 0.910148227387495
22, 27, 1.527674089421755
-7, 29, -1.630350052780642
12, 28, -0.236310021262116
66, 18, 0.0146197736571257
42, 24, -0.01665384426287159
47, 23, 0.06151328877646416
69, 17, -0.09587735787859519
-6, 29, 0.3726698308958882
30, 26, 0.125759085502292
81, 12, 0.05217475728399872
79, 13, 1.08426134890718
95, 1, 0.06263912513764942
-5, 29, -0.7501729427510809
83, 11, -0.3710157118071009
63, 19, -0.1435845439141472
-4, 29, 0.6854115456429339
88, 8, -0.2439709489009481
72, 16, 0.2057063828865004
13, 28, -0.2889792626099756
77, 14, 0.2300113896630862
56, 21, -0.3238223269209038
37, 25, 1.672573728589652
23, 27, 1.636591027933654
52, 22, -0.1260488856008956
-3, 29, -0.6546853856206564
85, 10, 0.4615342934268958
93, 4, 0.3192398283108364
-2, 29, 0.2743525800440047
92, 5, -0.5234041229634407
60, 20, -0.2007689540191286
31, 26, -0.2844812425506625
14, 28, 0.026668933270979
96, 0, 0.05497047333935159
94, 3, -1.134232584127158
43, 24, 0.9334783615017151
91, 6, -0.07530719868940688
-1, 29, -0.1158073692099701
75, 15, 0.1065350986066795
48, 23, -0.470359513779968
87, 9, 0.03941568907332524
24, 27, -0.2174633291016744
0, 29, -0.06772856963320251
95, 2, 1.17937268298293
67, 18, 0.9343332542843266
90, 7, 0.8058400883690833
70, 17, -0.3945187886378294
38, 25, 1.034276780313043
15, 28, -0.3640083000708543
1, 29, 0.1931828256394149
64, 19, 0.4931623543188129
82, 12, -0.04170405926368331
32, 26, 0.01842424558924152
57, 21, -0.09344574051868697
80, 13, -0.8812818862236426
53, 22, 1.065317728167692
84, 11, 0.2746306930999264
73, 16, 0.6303299441670694
2, 29, 0.357044470755965
25, 27, 0.4146868324359713
96, 1, 0.9698787990782101
44, 24, 0.1559961891519083
16, 28, 0.2620880329321088
78, 14, -0.127001882960949
89, 8, 0.05802237140992789
61, 20, 0.9905000704315375
49, 23, -0.1578344531416625
3, 29, 0.7898932481807375
86, 10, -0.05787446140780515
39, 25, 0.2302828393082501
33, 26, -0.389096939451191
4, 29, 0.531654679685432
94, 4, -0.04132087734567284
93, 5, 0.9198729953532737
17, 28, -1.032515708740072
76, 15, -0.5516074801706581
26, 27, 0.6726351584608281
97, 0, -1.308291481328909
95, 3, 0.470193972787624
92, 6, -0.06653750780866505
68, 18, 0.07891717378938164
5, 29, -0.2439154857039336
88, 9, 1.338062970922776
71, 17, -1.270426492947732
54, 22, 0.09365138816041468
65, 19, 0.7715802444169578
58, 21, 0.01842299728377336
45, 24, -0.2448971843750911
96, 2, -0.0880988058517729
18, 28, -0.1065456344049928
91, 7, -0.01723105679116022
6, 29, -1.000011777638783
83, 12, 1.155541497976509
50, 23, 1.683937426298854
81, 13, -1.030501640736999
40, 25, 0.1110023611995074
74, 16, -0.005174874281495091
34, 26, -0.07245401591750697
27, 27, -0.2385680840047489
62, 20, 0.01151056788203286
85, 11, -0.530699896170361
79, 14, 0.04554406487457056
7, 29, 1.130807166364716
97, 1, 1.639482702978061
19, 28, 1.691490923535377
90, 8, 0.0760068993516911
87, 10, 0.2161112408095326
8, 29, 0.06403508273517229
46, 24, 0.02021995430614439
77, 15, -0.2944150505307897
55, 22, 1.319990589018949
28, 27, -0.9513657463230168
69, 18, -0.02078386206745561
59, 21, -0.5821812878448021
35, 26, -0.923885773118445
95, 4, 1.541692452200368
94, 5, -1.193212008140726
66, 19, -0.3388397907309803
41, 25, 0.1790155587453329
20, 28, 0.9517228370867552
72, 17, -0.3270965311342807
51, 23, -0.1703853140224434
9, 29, -0.1014250640796221
96, 3, 0.312970549904411
93, 6, -0.2960187310310433
98, 0, -0.08765888942078501
89, 9, -0.2338498275408636
63, 20, -0.2310347135517873
75, 16, -0.2363447192855712
10, 29, 0.152891076162649
29, 27, 0.7125568786103886
97, 2, 1.934639644867779
92, 7, -1.921879053653885
84, 12, -0.09019822632279864
82, 13, -0.1355908250583192
21, 28, 0.3724588143165823
36, 26, -0.1015597638705915
86, 11, 0.03936440185504042
47, 24, -0.5009016031408468
-15, 30, 0.1053938307924822
80, 14, -0.05635209060418028
-14, 30, 0.1349075982562283
-13, 30, -0.7317494449199167
-12, 30, 0.005484657839126425
42, 25, 0.2205329336982202
11, 29, 0.7244766477371646
-11, 30, -0.8351380657120652
56, 22, 0.01259149439007906
-10, 30, -0.01591170269142853
60, 21, 0.06451537351882833
-9, 30, -0.2066496013514375
98, 1, -0.9756452482913981
91, 8, 0.9842967044430353
52, 23, -0.8305373954255163
88, 10, 0.05365315022664378
70, 18, -0.05509302932070103
22, 28, -0.1820293626043847
-8, 30, 0.1462788079007204
78, 15, -0.02436446107193027
30, 27, -0.09439629326158799
67, 19, -0.3684621017474514
-7, 30, -0.2794642988955756
12, 29, 0.5512449907434769
73, 17, 0.1571704029186397
-6, 30, -0.004606383554803481
37, 26, -1.061674633529998
95, 5, 0.0405838831030152
-5, 30, -0.4327058111664451
96, 4, -0.806435468321327
64, 20, -0.3053310442874693
48, 24, 0.03573125349424621
94, 6, 0.07364921144596108
-4, 30, 0.09838140006501132
23, 28, -0.4884311685345876
13, 29, 0.6824436961354307
97, 3, -1.35174517688095
43, 25, -0.3453574122896858
99, 0, 1.735744713113965
90, 9, -0.8190806244548243
76, 16, -0.8653176929999744
31, 27, -0.5106212573887039
-3, 30, 0.07365615310136772
83, 13, 0.3502198884003124
57, 22, 0.06868383534380386
85, 12, 0.3943455574077922
93, 7, -0.3283021032747771
98, 2, 0.02876855371693294
-2, 30, -0.06022966398364388
53, 23, -0.05571800853539235
81, 14, 0.7885714720530497
61, 21, 0.7732885976666319
14, 29, -1.429800836743664
87, 11, 0.855473337393541
38, 26, 0.01550308535703625
-1, 30, -0.5132898757815332
24, 28, -0.7838412394662913
71, 18, -0.9224677101913755
68, 19, 0.8342409897799743
0, 30, -0.001666016973100187
79, 15, 1.407736697950759
92, 8, -0.1208213557270371
32, 27, 0.2237508650950024
99, 1, -1.048781755344254
89, 10, 1.465195357303885
44, 25, -0.9533111106037251
15, 29, 1.353457977545112
74, 17, -0.9337875071718854
49, 24, 0.8907855794410149
65, 20, -0.5631284407667568
1, 30, -0.5186394370092844
25, 28, 0.01643634051210763
58, 22, -0.1149378341976999
2, 30, -0.1171971096449624
96, 5, -1.369851400828408
39, 26, 0.1413722742372347
16, 29, 1.247959843503268
97, 4, -1.381590965573742
77, 16, -0.4890232615846677
54, 23, 0.2207228005377953
95, 6, 0.9785385251320416
91, 9, -0.331584153953309
98, 3, 0.1162119147696603
62, 21, 0.4170177919662041
33, 27, 0.1384732853242691
3, 30, -0.1181594211185476
100, 0, 0.66169793557984
84, 13, 0.2506772895432627
86, 12, 0.1132813620538248
45, 25, -0.1565334618990972
82, 14, -0.0714524103175601
26, 28, 0.03867969617478816
94, 7, 0.5466995488736592
17, 29, 0.7403097714096243
50, 24, 0.01732991416528974
4, 30, -0.02416099900929622
99, 2, -0.1505061641623996
88, 11, 1.053739566685104
69, 19, -0.8439922269617132
72, 18, 0.1131073307742987
80, 15, 0.3618848115744492
5, 30, 0.5239973818209859
66, 20, 0.1562453502029457
40, 26, -0.1544838211274083
75, 17, -1.402889434072836