d = 43, symClass = D, D = 11.175781, Y = 0.09681513381098046
[12.83520932636026, 12.83523240730008], 12.83522766564612
1, 0, 1
2, 0, 0.6409993568715319
3, 0, 1.201652297600937
0, 1, 0.1061832707276879
1, 1, -0.4074690251623259
4, 0, 0.02959239968115675
2, 1, -0.674435167213477
3, 1, -0.8064806998995315
5, 0, 0.585129010566824
4, 1, 0.1644571525300393
6, 0, 0.9393653264927357
5, 1, 0.129443420921271
-1, 2, -1.829903714776286
0, 2, 0.2242369704315924
1, 2, -0.08288216892264527
7, 0, 0.5730675443285831
2, 2, -0.347004919004761
6, 1, -0.7412845799948632
3, 2, 0.4466650850476985
8, 0, 0.3823380463755305
7, 1, -0.707097332563803
4, 2, -0.2378391935604975
5, 2, -0.6477432439413501
9, 0, 1.068726889146116
8, 1, -0.1270650697069221
6, 2, -0.1494220586127713
-1, 3, -0.1826320473546818
0, 3, -0.557497948487097
10, 0, 0.840249036769907
9, 1, 0.1342096845952487
1, 3, -0.325396130839434
7, 2, -0.09510962443278044
2, 3, 0.8577478740427865
3, 3, -0.2390227819227685
11, 0, 1.206807922303402
10, 1, 0.2462365387487156
8, 2, 0.1019766408811014
4, 3, -0.7372686149564129
5, 3, -0.1906732144254616
11, 1, -0.3034759650468635
9, 2, -0.1789011054501145
12, 0, -0.4191874900309453
6, 3, -1.622119868576112
10, 2, -0.2744828540884526
12, 1, 0.6785805269325667
13, 0, 0.2452979133357525
7, 3, -0.9708011163175235
-2, 4, -1.168979286175841
-1, 4, 0.5593445952633738
0, 4, 0.8427134242240459
1, 4, -0.05320408364057602
11, 2, 1.142514403848699
8, 3, 1.209071922951538
2, 4, 0.1818203513706012
13, 1, 0.54709854427922
14, 0, -0.6129632545117516
3, 4, 1.138893085291757
9, 3, -1.543342464211781
4, 4, -0.7691539316212286
12, 2, 0.1957427915354171
14, 1, -0.07373164526544347
5, 4, -0.2173554676233658
15, 0, 0.9614681028585114
10, 3, -0.3289929597428156
6, 4, 0.4058104455746815
13, 2, -0.2305577122724804
15, 1, -0.04197158249303327
11, 3, 1.026949750805698
7, 4, 0.8822046844650371
16, 0, 1.07676350319604
14, 2, 0.1390022987375955
-2, 5, -0.617430974753705
-1, 5, -0.8087877133402948
8, 4, 1.432874250751147
0, 5, 0.4400081928638022
12, 3, 0.749949300505111
1, 5, -0.2841179919872132
16, 1, 0.9488603531392876
17, 0, 2.260344282497148
2, 5, 1.171221558167075
9, 4, -0.5427787225391481
15, 2, -0.2376559115327604
3, 5, -0.2929960726656892
13, 3, -0.1609559097665336
4, 5, -0.9216588670149088
10, 4, -0.695115115040841
17, 1, -1.351907488509971
18, 0, 0.8018252677710588
5, 5, -0.4443305023600893
16, 2, -0.3611367875497812
14, 3, 0.2360574853989567
11, 4, -0.4191029192949319
6, 5, -0.5237698273859535
18, 1, 0.6576991762655106
7, 5, 0.7327682544718568
19, 0, 1.698309745114864
17, 2, 0.2014339582327468
12, 4, 0.9083895907519484
15, 3, 0.880323066044307
8, 5, -0.4695992820699402
-3, 6, -2.074391329079897
-2, 6, 0.6478227798997589
-1, 6, 1.441620454806448
19, 1, 1.240076198855226
0, 6, -0.6132466729589877
13, 4, -0.5527793847728132
20, 0, 0.2208384198709832
9, 5, 0.6790315026930522
1, 6, -0.001732044963407976
16, 3, 0.2325937689455518
18, 2, 0.7681495786106022
2, 6, -0.5772816728208598
3, 6, 0.3508289407391615
10, 5, -0.7785313999951027
14, 4, -0.4270276261106312
20, 1, -0.2754800914631305
4, 6, 1.64592089125614
17, 3, 0.2884404866463907
21, 0, 0.4203865316971646
19, 2, 0.318611711971364
11, 5, -0.5698621685284445
5, 6, -0.6293952113709356
15, 4, 0.9410235955521939
6, 6, -0.2179306703271847
21, 1, -0.4654742254630284
18, 3, -1.101387298046691
12, 5, 0.2727146427552226
22, 0, 1.29612311648784
20, 2, 0.6647118997324926
7, 6, -0.6158676551934277
16, 4, -0.649809814335698
8, 6, 0.3772808190135901
13, 5, 0.3365459605851752
22, 1, 0.09441727799473713
19, 3, -0.192015860948249
21, 2, -0.7787243731316419
-3, 7, -0.8268306197087704
23, 0, 1.524453720700352
-2, 7, 0.6625928889375829
9, 6, 1.081661975778005
17, 4, 0.3546920445496638
-1, 7, 0.2158879680954565
0, 7, 0.1886121081771421
14, 5, -0.222576005179278
1, 7, -0.2572079107028903
10, 6, -0.698651882310466
2, 7, 1.15793540758214
20, 3, 0.4341866356368012
23, 1, -0.9793176860104195
3, 7, 0.1033554602843357
22, 2, -0.79949089275076
18, 4, -0.7018682017115441
15, 5, -0.2973707515628583
24, 0, -0.6275409692961406
11, 6, 0.1750202693813688
4, 7, 0.1840356561040573
5, 7, 0.1569819661552389
21, 3, -0.7852337122835116
24, 1, -0.1097155270547054
16, 5, -0.07218132428956632
12, 6, -1.290310919724602
19, 4, -0.4101757600874913
6, 7, 0.9971276758222466
23, 2, 0.97885949975248
25, 0, -0.5011885469419121
7, 7, 0.1362465286919415
13, 6, 0.3757120415493126
22, 3, -1.119402447311028
17, 5, -1.001507689852358
20, 4, -1.14866031948307
8, 7, -0.3312925382683511
25, 1, -0.07327629259654188
24, 2, 0.1734045628633909
26, 0, 0.7515480598458729
14, 6, 0.1629631686930646
9, 7, 0.505223827417722
-4, 8, -0.1660623446216657
-3, 8, -0.02559330780426027
18, 5, 0.08337468285603242
-2, 8, 0.3978812913683663
23, 3, -1.052620926418093
-1, 8, -1.281414599799016
21, 4, 0.9659653679147634
0, 8, 1.336477588277897
10, 7, 0.0579166709608729
15, 6, -0.2745278339798733
1, 8, 1.034742940159172
26, 1, 0.1524093467459335
25, 2, 0.4301274677179824
2, 8, 1.143128704613299
27, 0, -1.544281792396625
19, 5, 5.832045300395604
11, 7, 0.9095989635782064
3, 8, -1.279953179625348
24, 3, -0.1157516959621373
22, 4, 1.779763050946722
16, 6, 1.710148691590869
4, 8, 0.6667438975033484
27, 1, -0.1981883083480594
12, 7, -0.3930807607022718
5, 8, -1.07642434326954
26, 2, 1.028012733711789
20, 5, 0.0137953925487559
28, 0, -0.8286320696958294
17, 6, 0.5985769005448334
6, 8, 0.7108077024609624
23, 4, -1.618533117883065
25, 3, -0.1540337449104766
13, 7, 0.09894779500717434
7, 8, 0.4868662635896778
21, 5, -0.272160752873038
28, 1, 0.9508032635091445
27, 2, 0.1448487154322298
18, 6, -1.220716197075319
8, 8, -0.8667207457546904
14, 7, -0.2616785485144535
29, 0, 1.535780436928103
24, 4, 0.9228511745303759
26, 3, -0.6416560518895634
9, 8, -0.2188770400838802
22, 5, 0.9247855899721763
15, 7, 0.8902719987171283
-4, 9, -0.08476406872315273
19, 6, -0.2015378770540857
-3, 9, 0.7302594390386
-2, 9, 0.0692961818636923
29, 1, 0.8180791735524477
-1, 9, 0.03106758456707692
28, 2, -0.4942348119393147
10, 8, -0.4224392012886291
0, 9, -1.601028787678612
30, 0, 0.6982020219769211
1, 9, 1.109418517475697
25, 4, 1.243743668402568
16, 7, 0.2359948216374794
27, 3, 0.3625188934579898
2, 9, 0.7887184788739381
11, 8, 0.6487458439621712
20, 6, -0.1548666278168062
23, 5, 0.9952188638705385
3, 9, -1.266323886057895
30, 1, -0.6940449763246419
4, 9, -1.088264230737148
29, 2, -1.135228777913828
12, 8, -0.2927239053261525
17, 7, 0.1119501978257864
26, 4, -0.1599918178520957
5, 9, -0.6497592918990867
31, 0, 0.2341054465697386
21, 6, -0.1226053437730687
28, 3, 1.343277478949541
24, 5, -0.5378335844933188
13, 8, 0.2587704892235059
6, 9, 1.167676567786056
18, 7, 1.759909835374862
7, 9, -1.474712336672606
31, 1, -1.237052288600197
30, 2, 0.04423438348542183
22, 6, 1.013273025759359
14, 8, 1.051812551280798
27, 4, -0.2304090164180363
32, 0, 1.199178156286956
25, 5, -0.1888337659737765
29, 3, -0.09324466925330525
8, 9, 0.1170435769392329
19, 7, 0.5103078155467555
15, 8, 0.3780913827711759
9, 9, 0.2053223907004651
23, 6, -0.08422385468753472
32, 1, -0.7184376459819558
31, 2, -0.7097600152070344
28, 4, 0.04850463005584676
-5, 10, -1.149226209877646
-4, 10, -0.6879855920058427
20, 7, 0.02905386318485826
-3, 10, 0.07611126615893028
26, 5, 0.3502580857337064
10, 9, 0.02214651794007224
-2, 10, 0.265582399072445
16, 8, 1.630113273840913
33, 0, 0.7879849792527451
30, 3, -0.07765135508558496
-1, 10, -0.1192378834606997
0, 10, 0.4897952844802048
11, 9, -0.1553702185393297
1, 10, -0.1325823297526658
24, 6, 0.5847067909725288
2, 10, -0.8338609784061241
21, 7, -0.4827812031356682
17, 8, 0.1867602720333343
32, 2, 0.1205543362259917
33, 1, 1.053812529987819
29, 4, 0.9116256050436528
27, 5, 0.2402317818960848
3, 10, 0.4294525696465667
12, 9, -1.267867492005824
31, 3, -0.773831870817375
34, 0, 1.722506459729902
4, 10, 0.9873450438489642
25, 6, -0.194061688995373
18, 8, -1.000740575181345
5, 10, -0.01345108833803819
22, 7, 0.2371800170000915
13, 9, 0.09882856371638229
30, 4, -0.03198537426836223
6, 10, 0.3616927368909486
33, 2, 0.2321252475018196
28, 5, -0.2463806719497117
34, 1, 0.6597551239895645
14, 9, -0.8484680803781104
19, 8, 0.5726491902372959
32, 3, 0.8180627839951539
7, 10, 0.7473579385030334
35, 0, 0.2904230087721389
26, 6, 0.4866091711880999
23, 7, -0.0773236727396532
8, 10, -0.295726418929491
15, 9, -4.581065512228575
31, 4, 3.516466736171517
29, 5, -3.590504029977903
20, 8, 3.730698362112647
34, 2, -1.084227792562465
35, 1, 1.334569640751275
9, 10, 1.865902695993568
24, 7, -0.0990196929401693
33, 3, -0.416734902872005
27, 6, -0.7743295173215015
16, 9, 0.8615857150285231
36, 0, -1.064262029510781
10, 10, -0.9909597410405174
-5, 11, -0.2051935435072919
-4, 11, 0.3932552294221949
-3, 11, -0.4816533460819887
21, 8, -0.2725350920345455
-2, 11, -0.5258763980852141
-1, 11, 0.2158925071163251
30, 5, -0.01868713139414003
32, 4, -0.1437777966443097
0, 11, 0.8989281059839244
11, 10, 0.3905078505323374
17, 9, -0.9328266737688806
35, 2, 0.9151345028784665
25, 7, 0.4614139767918385
36, 1, 1.772340520699949
1, 11, 1.518972765577493
28, 6, 0.02541750161600823
34, 3, -1.23495493800891
2, 11, -0.6647529486292344
22, 8, -0.6975043216549196
12, 10, -0.8895013309041865
37, 0, 0.3199226105539296
3, 11, 0.2035171305735255
18, 9, -2.916789816789719
31, 5, -0.05688983927043626
4, 11, -0.333735641996713
33, 4, 0.6111724860035836
26, 7, 0.6026283456101323
13, 10, -0.0002229393476341799
29, 6, 0.825601397989418
5, 11, 0.9853428725613621
36, 2, 0.4952856255113956
37, 1, -0.2508803842539177
23, 8, -0.1452702938929667
19, 9, -0.6064864211427649
35, 3, 0.04509468403892901
6, 11, -0.2541410432474038
14, 10, 0.411476757828846
38, 0, 1.297033544751178
27, 7, 0.09955831182324687
7, 11, 0.1287429662576158
32, 5, 0.2539702385260323
34, 4, -0.02046172980607235
20, 9, 0.02824112590923357
24, 8, 1.264281185362316
15, 10, 0.3904979202705213
30, 6, 0.5772718227032919
8, 11, -0.6032047124528214
37, 2, -0.4864230458703833
38, 1, -0.5745778021548912
36, 3, 0.6192348393674802
9, 11, 0.6278556387044945
16, 10, -0.4987328335162883
28, 7, 0.06235277701064955
39, 0, -0.03696604684532523
21, 9, -1.012053538102299
33, 5, 0.1283128943633194
25, 8, -0.05362872406051543
35, 4, 0.8889705328334336
10, 11, 0.642608352702279
31, 6, 0.7525396673362041
-6, 12, -1.26016760019261
-5, 12, -0.5213136369165838
-4, 12, 0.1460613260318575
-3, 12, 0.5516711511301711
17, 10, -0.752350808460299
-2, 12, 1.135074720697034
38, 2, 1.514481491662644
39, 1, 0.8374710025780459
22, 9, -0.344817905434914
11, 11, -0.7596712765764848
-1, 12, -0.4632780233131106
37, 3, 0.3496928622975636
29, 7, -1.069634701146745
0, 12, 0.3509971521439063
26, 8, -0.7025745019012971
1, 12, 0.7211808723319627
40, 0, 0.6958037134860496
34, 5, -0.4900529256782869
18, 10, -0.1705092850098004
12, 11, -0.4746414139140927
2, 12, 0.2640114745377892
32, 6, 0.2036615501787649
36, 4, 0.9146909092331974
23, 9, -1.406250641780967
3, 12, -0.9247696524300822
39, 2, -0.3743469361516511
13, 11, -0.5050620947295936
4, 12, -0.2976447688515043
30, 7, -0.7739494294409905
27, 8, -0.7793528269244296
40, 1, -0.392467341326193
19, 10, -0.132169974941565
38, 3, -0.1609353568809692
5, 12, -0.4624795563659004
35, 5, -0.3976761965403802
41, 0, 1.162923213130483
14, 11, 0.19279558322501
33, 6, 1.724135612993611
24, 9, 1.550960451777966
6, 12, 0.2941955981897404
37, 4, 0.3900066360182465
20, 10, 0.08290981970695256
28, 8, 0.4582830867764703
31, 7, -0.1951784771034565
7, 12, -0.07715026360681652
15, 11, 0.05755314139951787
40, 2, 0.004040736100596702
41, 1, -0.02770788198460513
39, 3, 0.9180087638685758
25, 9, 0.9203806907213705
8, 12, -0.003005203497503522
36, 5, 1.11391358060079
21, 10, 1.160175963565823
34, 6, -0.1085722160624901
16, 11, -0.4260409873565996
42, 0, 0.060706140345568
38, 4, -0.1346265964764651
9, 12, 1.294141830664166
29, 8, 0.7497239371208383
32, 7, -0.8309734865080382
26, 9, 0.6172740742475162
22, 10, -1.409176832004418
10, 12, -1.28403596637002
41, 2, 0.04085910608955731
17, 11, 0.2515726052904633
42, 1, 1.047573210140877
-6, 13, 0.9129644168654859
-5, 13, 0.1873720431104519
40, 3, 0.1306865370697637
-4, 13, -0.5154384397605374
37, 5, 0.6806642708823688
-3, 13, 0.5073302336078069
35, 6, -0.4418428917803796
11, 12, 0.4215354611222584
-2, 13, 0.3605323679567826
30, 8, 0.2372544368600372
-1, 13, 0.01706136919515701
43, 0, 2.960976194072664
39, 4, -0.8518825042696673
18, 11, -0.697322895117506
33, 7, 0.2130566050596836
23, 10, 0.4435420331166846
0, 13, 0.5993968041473698
27, 9, -2.217146645462861
12, 12, -0.3259827891190934
1, 13, -0.5541800622127467
2, 13, 0.03202839018028245
42, 2, -0.04715643328228099
19, 11, 0.4189488642170813
43, 1, 0.7565586041178384
41, 3, 0.6371124536915432
3, 13, -0.594817020300022
36, 6, -0.5620982402370321
38, 5, 0.5197917874676684
13, 12, 0.5758594513910968
31, 8, -0.2365352235201484
24, 10, 0.2431170585102427
4, 13, -0.1917339683500996
28, 9, -0.2574056375304949
34, 7, -0.8257572629132078
44, 0, 1.097458909850601
40, 4, 0.9620494297867178
14, 12, 0.3513419252354612
5, 13, -0.1994569634328434
20, 11, -0.63790990606491
6, 13, -0.4575641103601269
25, 10, -0.3846964269495589
43, 2, 0.5443491323611376
32, 8, -0.7180654450967572
37, 6, -0.2417393358640437
42, 3, 0.3009385021514268
15, 12, 0.07401163530072639
44, 1, 0.88305027079392
39, 5, 1.194272925583306
29, 9, 0.3560195339503943
7, 13, 0.2988107773313982
21, 11, -0.3013309145539324
35, 7, 0.6952402678666753
41, 4, 0.40211677729274
45, 0, 0.4138214534609965
8, 13, -0.5143957732491466
16, 12, 1.391750499378396
26, 10, 0.3813477285106934
33, 8, 0.7489969399439179
22, 11, -0.2671773721057472
9, 13, 0.2297072915749035
30, 9, -1.309481204138387
44, 2, 0.330177203371403
38, 6, 0.4154843596359907
40, 5, -0.2459008454456054
43, 3, -0.3797957793795784
17, 12, -0.2786002804232796
45, 1, 0.6595860034103261
36, 7, 0.4163184717005743
10, 13, -0.3894316542706565
27, 10, -0.2433652188081057
-7, 14, -0.9045470841892498
42, 4, -0.7180735906754061
-6, 14, -0.3074454776064106
-5, 14, 0.2726709092858836
23, 11, -0.1034895624279867
46, 0, 0.9412058835494415
-4, 14, 0.5337823732997714
11, 13, -0.9457614012257988
-3, 14, -0.5509016367941325
18, 12, 0.881017372433468
31, 9, -0.2909715591014513
34, 8, 0.66890304478778
-2, 14, 0.7526945722379893
-1, 14, -0.6162907144164312
39, 6, -0.05939417647517346
0, 14, -0.5028961763599494
45, 2, 1.256545604924596
12, 13, 1.571183411361659
41, 5, 0.1476937382945901
28, 10, 0.2735456799379404
44, 3, -0.1625374420095206
37, 7, -0.5312595289794105
24, 11, 0.6141004764299228
1, 14, 0.1864113427693131
46, 1, -0.2083637156187291
19, 12, -0.7248986515991651
2, 14, -0.6136223476786907
43, 4, 0.09171824463950688
13, 13, -0.0481810317601203
32, 9, -0.7548681676177522
3, 14, 0.4296684722838086
47, 0, -0.0765950099428003
35, 8, -1.065104757625013
20, 12, -0.2143454782654738
4, 14, -0.4448082880243824
29, 10, -0.6675414445920248
25, 11, -0.4467741939100283
40, 6, 1.182759069793183
14, 13, -0.004257801014816755
42, 5, 0.1404853197332235
38, 7, 0.4574465018784937
5, 14, -0.8926097216026844
46, 2, -0.3865890263505444
45, 3, 0.6429036958978299
47, 1, 0.169692066836555
6, 14, 0.4241025637240051
33, 9, 1.750032294669227
21, 12, 2.22970626599627
15, 13, -0.7761573003911227
44, 4, -1.312925963766167
36, 8, -1.033119412681393
26, 11, 0.3143788264101133
30, 10, 2.633281872279048
7, 14, 8.023885372236634
48, 0, 2.197937227549054
41, 6, -5.506720279658873
16, 13, -6.282894258341405
22, 12, 3.452564831442855
8, 14, 3.126063810409113
39, 7, -3.718739247291014
43, 5, 2.927422208356598
47, 2, 0.8707156114866416
46, 3, 0.498997159893236
34, 9, 0.1244864382084918
27, 11, 0.7835306507740279
48, 1, 1.615186532050195
9, 14, -0.6849690823494909
37, 8, 1.556473697951745
17, 13, 0.9485930789190471
31, 10, 1.201416795463725
45, 4, 0.6237082373951521
23, 12, -0.4719546159811095
10, 14, -0.06127090579983447
49, 0, 1.065159142540465
42, 6, -0.4878793852250197
18, 13, 1.592566098851878
40, 7, 0.5331268045613948
-7, 15, 0.810206244073132
-6, 15, -0.3465746618244698
28, 11, 0.9220805846828788
-5, 15, 0.8218697689975253
44, 5, -0.3571613069951494
35, 9, -1.071407744651572
11, 14, -0.3339385708813988
-4, 15, -0.8944691035103929
-3, 15, -0.9750323637351686
48, 2, -0.4585474806569069
32, 10, -0.2108628472626319
24, 12, 1.737137526682264
47, 3, -0.3290359666854391
-2, 15, -0.8883525563505759
38, 8, 0.0220604045351522
49, 1, -0.1557994239387414
-1, 15, 0.1369663825744723
19, 13, -0.5329027450523213
12, 14, 0.2830375987398596
0, 15, -0.06326779744703374
46, 4, 0.1293166320959729
29, 11, 0.8369675791354161
1, 15, 0.7212562294636855
50, 0, -0.2336958449208495
43, 6, 0.4208352861162525
41, 7, -0.9153566829352962
13, 14, -1.105469226176059
25, 12, -0.509874063357028
2, 15, -0.8710668029889804
36, 9, 0.7900925644602296
33, 10, 0.8287013267862943
20, 13, 0.8459658625902349
45, 5, 0.3404401972743805
3, 15, -1.01611788363486
39, 8, -0.5255702778543776
49, 2, 0.1170651524043253
48, 3, -0.02879749016716852
14, 14, 0.3546633248008069
4, 15, 0.9953524304780881
50, 1, -0.03759365609285906
30, 11, -0.1914654536057296
26, 12, 0.2604820606962332
47, 4, -0.5264900065007815
21, 13, -0.3281473660861038
5, 15, -0.6597287450219982
15, 14, -0.4111362685640304
37, 9, -0.5155643802898189
44, 6, -0.1687640953145773
34, 10, -0.7541868150520685
42, 7, -0.9939356490158493
51, 0, 3.384447730161011
6, 15, 2.1916839885824
46, 5, 1.313949543387026
40, 8, -1.884526182963913
22, 13, -0.1716550226437861
7, 15, -0.3039742449657724
31, 11, -1.450203754110861
16, 14, -0.7372474085617979
27, 12, -0.9058156540699948
50, 2, 0.4292641619012205
49, 3, 0.6625298456466554
8, 15, 0.5860883263731786
51, 1, -0.925807390533214
48, 4, -0.3860861213551937
35, 10, -0.009783091315863706
38, 9, -0.09262740813324159
17, 14, -0.9694890363208581
23, 13, 0.498097640228613
43, 7, -0.4694333402792313
45, 6, -0.006797020919805278
9, 15, 0.1097665766925358
52, 0, 0.6753203125761083
28, 12, 0.620578861896249
32, 11, -0.4602272769427276
41, 8, -0.4484099968041221
47, 5, -0.892813245771194
10, 15, 0.763515017474695
18, 14, 0.7053945181477425
51, 2, -0.3526365745152925
24, 13, -0.249770464238801
50, 3, 1.295591361662025
-8, 16, -0.6052291329032468
-7, 16, -0.1224311029777507
-6, 16, -0.08918717620886016
36, 10, -0.1074339560164655
-5, 16, -0.4386995708600721
11, 15, -0.7020140269780205
39, 9, -0.1530912393461343
52, 1, -0.942110069161564
-4, 16, -0.01340666577113935
49, 4, 0.3212459565703087
29, 12, 0.4392644458904441
-3, 16, 0.4075279000380618
44, 7, 0.4877042956610258
33, 11, -0.1896380228054816
19, 14, 0.5261985251566912
46, 6, -1.344548416227997
-2, 16, -1.395448817776843
12, 15, -1.624505698531619
-1, 16, -0.04584094261182531
42, 8, 0.1769926016546146
53, 0, 0.9495469962673893
25, 13, -0.03079524180556241
0, 16, 1.91718087596286
48, 5, 0.02614436145699402
1, 16, -0.387893156829312
20, 14, 0.4649480499196079
37, 10, -0.1709771904133724
13, 15, -0.5283030407431227
30, 12, -1.438465623716771
40, 9, -0.1111849102057961
2, 16, -0.6912854462478704
52, 2, -0.3647656800365483
51, 3, -1.886194331007355
34, 11, -0.826083537085164
53, 1, 1.146075814757334
26, 13, 0.5392566350641381
3, 16, 1.016307433172993
50, 4, -0.2922063763713392
45, 7, -0.9704869952665375
14, 15, 1.554385125018923
47, 6, -0.4836868570877043
21, 14, -0.4716042822286844
4, 16, 0.02051490246245842
43, 8, -1.065504236767651
54, 0, 1.586702435348349
31, 12, 0.4529058674911946
5, 16, 1.470653274380764
49, 5, 1.385233680249961
38, 10, 0.4380532836601768
15, 15, -0.15140925991944
27, 13, 0.04288345749644667
41, 9, -0.1402769388511886
35, 11, 0.2452843894632973
22, 14, 0.2485947177166652
6, 16, 0.3334603129070539
53, 2, 0.5036168272621913
52, 3, 0.4408819328783329
16, 15, -0.1900981131944218
7, 16, 0.1319582652807582
46, 7, 0.07450561804474179
54, 1, 0.5345435441453983
51, 4, 0.9797703404935955
48, 6, -0.7178086509359449
44, 8, 0.4520385621552014
32, 12, 0.79876653549113
28, 13, 0.2748204050415851
23, 14, 0.5613057084033543
8, 16, 0.05751657259525301
39, 10, -1.24255218978314
17, 15, 0.275362177276899
36, 11, -0.6212890288490737
55, 0, 1.029789823047122
50, 5, 0.3332877806710767
42, 9, -0.1549811769593435
9, 16, 0.0685352411663917
53, 3, 0.4042450792669445
54, 2, 0.2806342850242156
24, 14, 0.3644528752823387
33, 12, -0.7448006110833758
18, 15, -0.8885691981119469
10, 16, -0.6645522076393098
47, 7, 1.396614547001569
29, 13, 1.042938136245907
52, 4, 0.1480090174678027
45, 8, -0.6040696866019398
55, 1, 0.2398549963167127
49, 6, 0.2116753232486045
40, 10, -0.1131922806206561
-8, 17, 0.2215131687092446
37, 11, 0.1895043605999031
-7, 17, 0.3790474271912385
11, 16, 1.047471144671437
-6, 17, 0.9460264750334347
-5, 17, -0.3873739844182905
19, 15, -0.3490184957242296
-4, 17, -0.1663143366661164
43, 9, -0.3433074776766851
51, 5, -0.003806354222384178
25, 14, 0.01569755583524788
56, 0, -0.08775288635200605
-3, 17, 0.1977964356653593
34, 12, -0.1378048628282422
-2, 17, 0.2002911781660767
30, 13, 0.1669597544026084
12, 16, -0.02549097658230642
-1, 17, -0.5040583818099957
20, 15, 0.05572017335579425
54, 3, 0.4026974230564442
55, 2, -1.329100691660312
48, 7, -1.228348069840017
0, 17, -1.025993153654145
46, 8, -0.5111548580811153
41, 10, -0.3907531285892496
38, 11, -0.4581378617968588
13, 16, -0.4882000112762827
50, 6, 0.217851721794469
26, 14, -0.03030662604637232
1, 17, 0.1020070406132001
53, 4, 0.1550658339255002
56, 1, 0.2576810698015024
2, 17, 0.3932407553216146
44, 9, 0.1673156361767723
31, 13, 0.231483409151142
35, 12, 0.1195792790420873
21, 15, 1.429755223172944
14, 16, 0.4624267731375727
52, 5, -0.6396726171417318
3, 17, -0.5196819595545483
57, 0, 2.016985535058043
27, 14, 0.1508126034014022
4, 17, 0.06619786488689061
39, 11, -0.7796955730735894
15, 16, -1.131139076356555
49, 7, -1.094703837554935
42, 10, -0.7729843181171651
55, 3, -0.5028802657437969
47, 8, -0.1608498150971557
22, 15, -0.4137265816588279
5, 17, -0.3532539044282093
56, 2, 1.172270042391064
32, 13, 0.1257643897641191
51, 6, 1.04100687968707
54, 4, -0.4933965915311335
36, 12, 0.872922092615345
57, 1, -0.04339544186314293
6, 17, -0.04803830285442406
45, 9, 1.414312092951702
16, 16, -1.056959306256232
28, 14, -0.4600560034730556
7, 17, -0.6975284935729199
53, 5, -1.029866269322546
23, 15, -1.115899628829339
58, 0, 1.00144326296001
40, 11, 0.9680285714406789
33, 13, -0.07757187438061822
17, 16, 0.04602469248965545
8, 17, 0.2914732121237832
43, 10, 0.1531432097993761
50, 7, -0.6272820657538274
48, 8, 0.5213630730461729
37, 12, 1.145769203518337
56, 3, -0.3225452734480362
29, 14, -0.4078598636634175
57, 2, -0.06072555651351862
24, 15, -1.528214743172734
52, 6, -0.006074220852409751
9, 17, 0.5821634377455464
55, 4, 0.6366943721714707
46, 9, 0.591884411237154
18, 16, 0.02129406203003994
58, 1, 0.0390158854794424
10, 17, -0.9384566479514447
34, 13, 0.4617703225777863
54, 5, -1.356984060434659
41, 11, -0.3170880274031063
25, 15, -0.1985078660234951
44, 10, 0.4159421229150069
30, 14, 0.2537332471237169
59, 0, 1.592944897773316
19, 16, 0.547674861084924
-9, 18, -2.271111983149738
-8, 18, 0.3580932333053299
38, 12, 0.1486925979563354
11, 17, 0.00959441404751293
-7, 18, 0.09431477655642806
-6, 18, 0.7611588366084826
51, 7, 0.3242881862934797
49, 8, 0.1434649757986233
-5, 18, 0.01177295444262153
-4, 18, -0.2265949002483158
57, 3, 2.883873165483468
-3, 18, 3.059955535613856
53, 6, -0.3008531189527445
47, 9, -0.2911153234741217
58, 2, 0.4314205888048021
12, 17, -1.172975854200314
-2, 18, -0.2329932015826733
56, 4, -0.7961360762498551
20, 16, -0.7172496821859417
35, 13, -0.1630736377680654
26, 15, -1.57220211240696
-1, 18, 0.7091171515591699
59, 1, 0.9619757420886363
31, 14, 0.9936053128994555
42, 11, -0.08908276597175196
0, 18, -1.452292739479018
13, 17, 0.3873458281709601
39, 12, -0.2434332714862559
55, 5, -0.4707543308671183
45, 10, -0.5245235814828759
1, 18, -1.064995790451188
21, 16, 0.7166211129216555
60, 0, -0.005472553107919004
2, 18, 0.8458339770864112
50, 8, 0.982275899580868
52, 7, 0.151796498574724
27, 15, 1.014793642037475
14, 17, -0.7275427417264376
36, 13, 1.018288535371012
48, 9, 0.1124478855875643
3, 18, 0.03500254696399414
32, 14, 0.8153359559212485
54, 6, 0.5391617914340799
58, 3, -0.089201940325002
59, 2, 0.09838301185305844
4, 18, 0.3082664359381191
22, 16, 0.3914909699947375
57, 4, 0.4860750635664602
43, 11, 0.3061596785332851
15, 17, -0.2933111871170163
40, 12, 0.7800751416988456
60, 1, -0.9882619493748689
46, 10, 0.7093696914192203
28, 15, -0.2426706983719975
5, 18, -0.1462776780567299
56, 5, 0.3367633791949621
33, 14, 0.6076174277022008
16, 17, 0.7726429050401652
6, 18, -1.232713049332566
37, 13, 0.2119088785171067
51, 8, -0.2090659086932805
23, 16, -0.1306654346679344
53, 7, 0.4351802530675918
61, 0, 1.503377287840602
49, 9, -0.2412547023210543
7, 18, 0.6197909156166204
55, 6, -0.3356683093747145
44, 11, -0.2968258861429052
29, 15, -0.3914575776728737
59, 3, -0.305403797540921
41, 12, -0.4316415606960988
17, 17, -0.3837904868115166
60, 2, -0.4503392019004534
8, 18, -1.028765983137183
58, 4, -0.9843230165896381
24, 16, -1.597409912135319
47, 10, -0.118424309549433
34, 14, 0.3791077542305734
61, 1, 0.5441731625015469
38, 13, 0.2325310820206666
9, 18, -0.06289237884258672
57, 5, 0.4411498974015268
18, 17, 0.5341637626986475
52, 8, -0.5348771930328634
30, 15, -0.9687552890847759
54, 7, -0.7075284272551596
50, 9, -0.6564902993870229
25, 16, -0.4904804050572187
10, 18, -0.3979129337222
62, 0, 0.1706415125043274
45, 11, 0.5596253060455884
42, 12, 0.05999041191484601
19, 17, 0.2554694672658985
56, 6, 0.5389532000508622
35, 14, 0.3902628324157056
60, 3, -0.1265518049794244
-9, 19, 0.1400733825648309
11, 18, 0.7963881459379881
-8, 19, 0.8462189580547934
48, 10, -0.1228831340845914
-7, 19, 1.099793418147225
61, 2, 1.059373453441599
39, 13, 0.3456238427765727
59, 4, 1.357197984216204
-6, 19, 1.387536680293127
-5, 19, -0.04542007502285818
31, 15, -0.07505707954018701
26, 16, -0.0364595280047301
-4, 19, 0.209201252694856
62, 1, 0.3686067599597239
20, 17, -0.2682597447982131
-3, 19, -0.8512832791045251
12, 18, 0.8076779168290759
58, 5, 0.759925412974364
53, 8, -0.6666104962442283
-2, 19, -0.7423814445882956
55, 7, -0.6144668027502846
43, 12, -0.7770562943414062
51, 9, 0.05969905441181514
-1, 19, 0.4626172116983043
46, 11, 0.404080826591835
36, 14, 0.6008297627897004
13, 18, 1.581432301438357
63, 0, 0.1861016027451855
0, 19, -0.04389043541768663
21, 17, 0.01101450513817896
27, 16, 0.313451911123034
40, 13, -0.02657453720899024
32, 15, -0.3404158982728829
57, 6, -0.2239803357648349
49, 10, -0.3437354891102167
1, 19, -0.4415401960849713
61, 3, -1.803127566723633
14, 18, -1.259816772907968
62, 2, -1.198570126019532
2, 19, 0.9111646789352346
60, 4, -0.1988561253781581
3, 19, -1.011649349478937
22, 17, -1.021533610485486
63, 1, -0.09697418320460155
37, 14, -0.1180594019407545
44, 12, 0.708027638849156
28, 16, 0.5582981751169706
59, 5, 0.487822193549815
54, 8, -0.1759578684236366
47, 11, 0.9187121538718774
33, 15, -0.8676966928981916
15, 18, -0.8657747093826423
4, 19, -0.1934436214311575
52, 9, -0.3942511764899185
56, 7, 0.3882363291131645
41, 13, 0.1039300745118715
5, 19, -0.2036442185690571
64, 0, 1.669369546424898
23, 17, -1.092948258519761
50, 10, -0.5355419386887116
58, 6, 0.1702795345869901
16, 18, 0.2621450000844731
29, 16, -0.1652461613284625
6, 19, -0.04204495060677901
62, 3, 0.479869070684266
38, 14, 0.2917493905732794
63, 2, 0.2885375384207505
61, 4, -0.352860259264692
34, 15, -0.3834113210398261
45, 12, 0.9120431307820246
7, 19, -0.08312265991423039
17, 18, 0.2434818585511107
48, 11, 0.8853595588785668
24, 17, 1.082239445507576
55, 8, 0.7931450269674328
42, 13, 0.9245274453987895
64, 1, -0.03823937081768045
60, 5, 0.2333642392418391
53, 9, 0.09908519901628356
57, 7, 0.3984411034931889
8, 19, 0.5392513488941407
30, 16, -0.138707908745125
51, 10, -0.209327738431061
18, 18, 0.3100574301198579
39, 14, -0.3979238108248006
9, 19, -0.375065858254991
65, 0, 0.2400119362928716
35, 15, -0.3353217548194239
25, 17, -0.349776338912814
59, 6, 0.1829617346106751
46, 12, 0.2541373724989866
63, 3, 1.225205029479061
10, 19, 0.8841184408103847
43, 13, -0.3981641934548997
19, 18, -0.307188493732691
64, 2, -0.1707353665369443
62, 4, -0.2355733254394075
49, 11, -0.1790198985840777
31, 16, -0.4666635919085648
56, 8, -0.3770818363046406
54, 9, -1.377189756048858
26, 17, 1.006449045151844
-10, 20, -1.199500456487323
65, 1, -0.9735595488084811
61, 5, -0.991106842981151
11, 19, -1.012268232124266
-9, 20, -1.083874005070015
-8, 20, -0.3001783860383091
58, 7, -0.1884000173491998
-7, 20, -0.150730729532587
36, 15, 0.8159398128698844
40, 14, -0.09527190162436228
-6, 20, -0.07594440880658564
52, 10, 0.01179412416753691
20, 18, 0.1740940833830278
-5, 20, 0.4393950675406268
-4, 20, 1.291952433221635
12, 19, -0.03404798117548111
-3, 20, -0.7536736517031238
32, 16, 1.362664042548703
66, 0, 1.043635317156979
60, 6, 0.07288549400450023
47, 12, -0.2420007547649781
-2, 20, -0.5973383298667195
44, 13, -0.6026251527248639
27, 17, -0.4397557135286784
50, 11, 0.1304615996153435
-1, 20, -0.1041290691993024
21, 18, -0.8638477941173172
64, 3, -0.2013378250479186
13, 19, -0.3237712670758077
63, 4, -0.3513543139011189
65, 2, 0.1635382384974217
37, 15, 0.1278825721406923
0, 20, 1.233137780103444
57, 8, -0.3002490575655704
55, 9, -0.2312709590183133
41, 14, -0.3637623594040271
1, 20, 0.1755598702652907
62, 5, 0.5663255881308414
66, 1, 0.2580464697017357
59, 7, 0.107689533465889
33, 16, 0.4215778007094585
14, 19, 0.08147332484791747
53, 10, -0.8264687816073452
28, 17, -0.5308563768508204
22, 18, 0.8259134575917066
2, 20, 0.7734187299591623
48, 12, -0.4618220116912703
45, 13, 0.3558295931814253
3, 20, 0.4527387998372695
15, 19, 0.5029258491159202
61, 6, -0.8082817513183003
67, 0, 1.069254220838218
38, 15, 0.1395807409439236
51, 11, 0.008776695893190054
4, 20, -1.134265824219918
23, 18, -0.6299367970184204
42, 14, -0.2950625612468684
29, 17, 0.6177246380832725
34, 16, 0.08502599884296949
65, 3, -0.3595747521660664
5, 20, 0.04253015589633556
64, 4, 0.5115209793107233
56, 9, -1.320694492698822
16, 19, -1.07141304115042
66, 2, 0.114347817217487
58, 8, 0.035156214062492
54, 10, 0.1957080740683789
6, 20, 0.1306253994730364
63, 5, 0.3687998535429267
60, 7, 0.3245259216412312
67, 1, 0.2183614516596311
24, 18, -0.8607314198907232
49, 12, 0.621077108459874
46, 13, 0.5937866123970604
39, 15, 0.596430932941042
17, 19, 0.1812947767063068
30, 17, -0.3359135349690611
7, 20, -0.2351844166342892
35, 16, 0.04361965624207341
52, 11, 1.070905745345194
43, 14, 1.160663487242985
62, 6, -0.6555456547524245
68, 0, -0.01831245612253832
8, 20, 0.06343596420750751
18, 19, -0.1255680849333803
25, 18, 0.55377293682724
66, 3, -0.02293748257989541
57, 9, -0.05519710370805085
59, 8, -0.2842173770132659
65, 4, -1.645617275809025
9, 20, -1.478694084642149
67, 2, -0.07736123513544686
31, 17, -0.1054746585488891
55, 10, 0.9453387788815519
40, 15, 1.000541057623253
47, 13, 1.18522497732971
50, 12, -0.6706225045479772
61, 7, -1.664527036081855
36, 16, -0.5352167892417659
64, 5, -0.571189410387681
19, 19, -0.4350244100846071
10, 20, 0.1503963407338423
68, 1, 0.1533077134740397
44, 14, 0.2716351253672821
26, 18, 0.4063599326919026
53, 11, 0.2416734029152717
11, 20, 0.239367924335203
-10, 21, 0.4589975940035651
63, 6, -1.304316954560109
-9, 21, -1.156899321130578
32, 17, 0.3162981091868312
-8, 21, 0.3951858536676527
20, 19, -0.7312094644532616
-7, 21, -0.436253278338144
69, 0, 2.733387690168712
-6, 21, 1.35674062817933
41, 15, 0.1289790341046499
-5, 21, 0.2540064249162624
58, 9, 0.6494389330041157
37, 16, 0.4141871968594353
27, 18, 2.497483749798
-4, 21, -0.1482773211708569
60, 8, -0.4852036113226889
12, 20, -0.4890883356529879
48, 13, -0.2358402338174374
67, 3, 0.05911799368648828
66, 4, -0.2616386392263769
56, 10, -0.09299029122140141
51, 12, 0.06518664015196553
-3, 21, 0.1404634646667528
68, 2, -0.07474185209979524
45, 14, 0.5408171978803522
21, 19, 0.5655378445411765
-2, 21, 0.1755954140058088
62, 7, -0.7114844902099959
65, 5, 0.4783136162328356
33, 17, -0.3664052304645878
13, 20, -0.2616460473657135
-1, 21, -0.3151056990327855
69, 1, -0.3804605001110112
54, 11, -0.3463152917609358
0, 21, 0.02788746347699322
28, 18, -0.1592015188796516
38, 16, 0.08332281587912782
42, 15, 0.4854544796540785
22, 19, 0.73182031480271
1, 21, 0.5116534383558508
64, 6, 0.5094063286279906
14, 20, 0.6424584156124985
49, 13, -1.116121242210409
2, 21, -1.198305098111722
70, 0, -0.3031532126891857
59, 9, -0.9528579500084831
52, 12, 0.99580489873977
61, 8, -1.237616875897096
34, 17, -1.969917661043221
46, 14, -0.5171781179208226
57, 10, -0.1387796254122509
3, 21, -0.5535186305869423
15, 20, 0.8543594911320871
68, 3, -0.2187647506738351
29, 18, -0.1262650897164449
67, 4, -0.3143452857393963
23, 19, -0.4769687729135887
69, 2, -0.1767495097006774
63, 7, -0.8661131989747559
4, 21, -0.3820504116919147
66, 5, -0.6828562702343063
55, 11, -0.4603210880541007
39, 16, -0.7105859090950652
43, 15, -0.2507603525527893
16, 20, 0.4827790136144717
70, 1, 0.6805482898838351
5, 21, 0.560161837943534
35, 17, 0.4128641996095303
24, 19, 0.05606454603466801
30, 18, -0.7490860262895103
50, 13, 0.452287149474532
65, 6, 0.01739474530218471
6, 21, 1.300200148039947
47, 14, 0.3039600728043411
53, 12, 0.4014654064973489
17, 20, 0.2108089810243625
60, 9, 0.4141496156272661
71, 0, 1.303665174445617
62, 8, 0.1549254847742647
58, 10, 0.2635947712880479
7, 21, 0.7246821266534574
40, 16, 1.05502311725056
69, 3, -1.557946164879621
44, 15, -0.0006754516772548941
25, 19, 0.09829841263180472
68, 4, 0.5288574444868751
64, 7, -0.4034177741622607
56, 11, -0.3144010111077878
31, 18, -0.5207057567538846
8, 21, -0.5675848953154016
70, 2, 0.6881641268142458
18, 20, 0.7309425175121048
36, 17, 0.07330107982062359
67, 5, -0.2084494555914869
9, 21, 0.8119095169787333
71, 1, 0.08417443464316124
51, 13, -0.04905329130090132
48, 14, 0.2416416463467573
26, 19, -0.06345876869953813
19, 20, -0.08922575753060857
66, 6, 0.05011910961206856
54, 12, -0.2050265611571419
41, 16, -0.3623169941396776
61, 9, 0.2897250181179684
10, 21, 0.09922223138970704
32, 18, 0.2029193804884366
59, 10, -0.2393847476496211
45, 15, -0.8418585165962319
63, 8, -0.02165540549372163
37, 17, -0.1928207267151197
72, 0, -2.368299667293751
20, 20, -0.9678105412608524
11, 21, -0.3000818039015692
-11, 22, -2.254559498262912
-10, 22, 0.2777259458689373
57, 11, -1.459786009974147
-9, 22, -1.173902413633893
70, 3, -0.09921697671966234
-8, 22, -0.7253706819908285
69, 4, 0.1185369522583728
27, 19, 0.1505797122390218
65, 7, 0.3660352149105637
-7, 22, 0.2344232301302696
71, 2, 0.367914086629535
-6, 22, -0.478402298568013
-5, 22, -0.4641469494262865
68, 5, -0.1193085178717155
52, 13, -0.5365348351066304
49, 14, -0.2477585540011258
33, 18, 0.4707719872002855
12, 21, 0.5631220021770936
42, 16, -0.52211196397079
-4, 22, -0.6866910060976052
21, 20, -0.3765895123879855
-3, 22, 1.256910958510973
72, 1, 1.309528018533027
55, 12, -0.2990454579785413
38, 17, -0.5548567559287023
46, 15, -0.4112092472305148
-2, 22, -0.2333385314980835
67, 6, 1.387156703907791
28, 19, 1.363136903836677
62, 9, -0.03283373684035829
13, 21, -0.09447867404644651
60, 10, 0.1218942726606112
-1, 22, 0.628418817915398
64, 8, 0.9115072267052101
0, 22, 1.429251313570529
22, 20, 0.9854921259789249
73, 0, 0.626101642396062
34, 18, -0.2343128228617087
58, 11, 0.6701405698958588
14, 21, 0.6168294166297849
1, 22, -0.08975807902772248
71, 3, 0.370145229832912
43, 16, 0.4458494070364113
70, 4, 0.1392840033421019
50, 14, 0.2588862437264834
66, 7, -0.08320670106768177
53, 13, -0.145260200297424
39, 17, -0.1085810924115329
29, 19, 0.03444440412341945
72, 2, 1.10885497135541
2, 22, 1.012064220268631
69, 5, -1.106790986206521
47, 15, 1.451425317756725
23, 20, 1.161356228260007
15, 21, 0.04093672193252225
56, 12, 0.0217831196225866
3, 22, -0.3716908637490955
73, 1, 0.3733262772503554
35, 18, -0.8254596199141854
63, 9, -0.5830531591212363
68, 6, -1.264701256522913
4, 22, -1.259553074831165
61, 10, -0.8435361146402977
30, 19, 0.1092208828670226
16, 21, 0.3997147252321436
65, 8, -0.4825988392413464
44, 16, -0.4980864083993907
24, 20, -0.4469498070398819
40, 17, 0.1636491470266236
5, 22, 0.09016383872842616
59, 11, 1.668643976935342
51, 14, -0.8336656151993281
74, 0, 0.4164037058290604
54, 13, 0.4742294254317505
6, 22, -0.04304978359526601
67, 7, -0.2707273570725964
17, 21, -0.3527023576228029
72, 3, -0.03398102279517591
48, 15, -0.02410242777083337
71, 4, 0.07979610882163715
36, 18, -2.090979702059984
57, 12, -0.4909066176575031
73, 2, 0.6614621456431299
31, 19, -0.8270210221498674
70, 5, -0.2313802123744845
25, 20, -0.1990340079334223
7, 22, -0.02154168598200799
18, 21, 1.73674916614372
41, 17, 0.1572509027819064
74, 1, -0.3458700839848295
45, 16, -0.24603020446306
64, 9, 0.03543736962436176
62, 10, -0.1620450747261038
8, 22, 0.0003290004307601171
69, 6, 1.673084753268777
66, 8, 1.413379761539816
52, 14, 1.420239976067762
60, 11, 0.4992381759979643
26, 20, -0.2633396623717872
55, 13, -0.146271369320823
37, 18, 0.08453620470507674
32, 19, 0.1548295158290663
9, 22, -0.1017675481208337
49, 15, -0.320212809611505
19, 21, -0.6570989634836258
75, 0, -0.6754303177665354
68, 7, -0.1276381125810488
58, 12, 0.5991956161839058
10, 22, 0.7486596509417829
73, 3, 0.4593632225980234
72, 4, 0.4997084613193752
42, 17, -1.296202278828464
74, 2, -0.3279114081457402
46, 16, -0.3840980530696884
27, 20, 0.118607590556806
71, 5, -0.01535388144919551
20, 21, 0.03761667934890989
33, 19, 0.296425334915196
11, 22, 0.02596685956926288
-11, 23, 0.04446856370924884
-10, 23, -1.158455606233471
38, 18, 0.1214376449272888
-9, 23, -1.06253458200479
-8, 23, 0.3145859830624614
63, 10, 0.09900442738914174
65, 9, 0.6604682332884432
53, 14, 0.2064175514261087
-7, 23, 0.1154592186760325
75, 1, -0.4292866416545461
70, 6, -0.1371206082478439
-6, 23, -0.02318525859686739
61, 11, 1.416892599509352
56, 13, 1.307918818582738
50, 15, -0.4211397210546766
67, 8, 0.8819469779395445
-5, 23, 0.5993966688447061
12, 22, 0.8616004819195039
21, 21, 0.1503804064544274
-4, 23, -0.7607849108024725
28, 20, -0.4019394118580292
43, 17, 0.02809180139977288
-3, 23, 0.09912155313922362
59, 12, -0.06649913008802263
34, 19, -0.2616016005901266
76, 0, 0.4447165672497311
47, 16, -0.7815022922995575
-2, 23, -0.9085690054339564
13, 22, 0.8997692505564083
69, 7, -0.06020809371765736
39, 18, 0.1394569779323804
74, 3, 0.1493128858673908
73, 4, 0.3838663265642949
22, 21, 0.5032234337513081
-1, 23, 0.3753543329732036
75, 2, -0.8087248210128262
72, 5, -1.087495031857177
0, 23, -0.943363112817533
29, 20, 0.005945230329827917
54, 14, 0.249415684003704
14, 22, -0.1612699409523571
64, 10, 0.2998946000986703
66, 9, -1.632140496479959
51, 15, -1.353089640604347
1, 23, 0.01327567447382892
57, 13, -0.3931568613478346
62, 11, 0.1088218945278305
35, 19, -0.1141772124235661
76, 1, 0.43435134681965
71, 6, 0.7278256930181159
44, 17, 0.8543392324247954
23, 21, 0.7134362389899798
2, 23, -0.4271521938096375
68, 8, -0.7193564281070542
15, 22, -0.8492098839918989
40, 18, -0.548238568891062
48, 16, 0.8764269011014661
3, 23, -0.8193576723821006
30, 20, 0.01837013976170861
60, 12, -0.8863688182513098
4, 23, 0.0872581816451557
77, 0, 0.3623595189707541
70, 7, -0.3888528423906142
24, 21, -0.4561418138761639
16, 22, 0.3361512861172163
74, 4, -0.7815323710195254
75, 3, 0.1272843339844577
55, 14, -1.015883509536737
36, 19, -1.04811638812201
5, 23, 0.7293958312010802
52, 15, 0.4029983836307054
73, 5, 0.1329918809228093
45, 17, 0.1768350763321227
76, 2, -0.2011373864075499
65, 10, -0.02831792536361526
58, 13, 0.8808378788659895
31, 20, 1.271845004905093
67, 9, 0.2898850298411894
41, 18, -0.05701381968187035
17, 22, -0.5507728768050619
6, 23, -0.197304864399266
63, 11, -0.03997412493771485
49, 16, 0.3868318929177508
25, 21, 0.4858008104923683
72, 6, 0.04686041193790812
77, 1, -0.234277793799734
69, 8, 0.1776642369525427
7, 23, 1.197936113865072
61, 12, 0.7501815598601391
37, 19, -1.001170098677789
18, 22, 1.124636692899257
32, 20, 0.493422378615831
8, 23, 0.3142624259637981
26, 21, 0.2696398229258268
56, 14, 0.08104761238649992
71, 7, -1.651865660693667
46, 17, -1.522637588092127
53, 15, 0.3481846340985068
78, 0, 0.07077768465841076
42, 18, -0.4588788553813357
75, 4, 0.6533035790255244
76, 3, -1.156529658624812
19, 22, -1.396098075330028
59, 13, 0.340869553693868
9, 23, 0.1773758010033338
66, 10, -0.5209566857811628
50, 16, -0.4340725815790048
74, 5, -0.6664016770656166
77, 2, 0.2776140377101988
68, 9, 0.4862740299049491
64, 11, -0.5140964485636004
38, 19, -1.687093188954914
27, 21, -0.1752983835673754
33, 20, 0.4648713773100628
10, 23, 0.4983346663417398
73, 6, -0.1595567953830608
70, 8, -0.04450856306948291
20, 22, 0.3630675275050494
62, 12, 0.5884272681165403
78, 1, -0.3500560660155754
47, 17, 0.3190315101278463
43, 18, 0.2240679106866089
-12, 24, 1.196264473039985
11, 23, 0.09275466661281105
-11, 24, 0.438373517591347
-10, 24, 0.07831515789360557
54, 15, -0.03897098876572935
-9, 24, -0.0466500445612363
57, 14, -0.03548156336910549
-8, 24, -0.8443549521474502
-7, 24, 0.8958836103246459
28, 21, -1.058412524767888
72, 7, -0.02191138147414918
21, 22, -0.1763729929254269
-6, 24, -0.04194234760104238
51, 16, 0.783901636538632
39, 19, 0.7638498752784092
34, 20, 0.3217412304915745
60, 13, -1.192275345333027
12, 23, -1.157937455076006
79, 0, 1.421103166983611
-5, 24, 0.268709493432858
-4, 24, -0.2114464887261606
76, 4, -0.3741503314138517
77, 3, -1.145645633299488
67, 10, -0.6406039085767727
65, 11, 0.2905927568797022
-3, 24, -1.744342001731553
69, 9, -1.483411316450227
75, 5, 0.05034562012447826
78, 2, -0.1589274340581144
13, 23, -0.03205183046599625
44, 18, -0.8098839595846918
22, 22, -1.443760630508159
-2, 24, -0.7322287417300595
48, 17, -0.08012706239301354
29, 21, -0.1618283043492417
63, 12, 0.2918587101057571
-1, 24, 0.1984737071620191
71, 8, -0.0656625783694465
74, 6, 0.1295388831083202
55, 15, 0.5198811227003035
35, 20, 0.9863208550325712
79, 1, -0.1812429031019231
40, 19, -0.2979285457752987
58, 14, -1.168438345226637
0, 24, 1.338959159671645
14, 23, 0.02923333176759251
52, 16, -0.7255405010849343
23, 22, -0.9656528647036197
1, 24, -0.2472309733142871
61, 13, 0.8240457095980478
73, 7, -0.1608456881477933
30, 21, 1.364288777199242
2, 24, 0.3590624877426833
15, 23, 0.4876581316772404
45, 18, -2.434437551079188
80, 0, 0.9795390958649532
68, 10, -1.218285389026419
77, 4, 0.4353272213890101
66, 11, -0.4733242237543608
49, 17, 0.2935717368753092
36, 20, -1.222197769666556
3, 24, -0.8393643433569724
78, 3, -0.5589665133296302
70, 9, 0.5387277569076382
24, 22, -0.3848977328609337
76, 5, 0.2039438937929997
41, 19, 0.5554021361355507
79, 2, 1.427995090463769
16, 23, 1.637132124597694
4, 24, 0.1792040332301983
64, 12, 0.5865112333755196
56, 15, 0.01225263942886338
59, 14, 0.435717211037655
31, 21, 0.3865599300653061
72, 8, 0.4426398845425329
75, 6, -0.6669448450743637
53, 16, 1.227126600875103
5, 24, 0.9691104587011233
80, 1, -0.07016559640233769
25, 22, 0.5673217093030717
17, 23, 0.3891048974530813
46, 18, -0.6123919096039026
62, 13, -0.006072269550003605
37, 20, 0.1200076519555193
6, 24, -1.22835797704579
50, 17, -0.6390264615914593
74, 7, 0.08615744782026259
42, 19, 0.2492186353189429
32, 21, 0.394344929893945
69, 10, -0.3426556318729324
7, 24, 0.2341649959731754
67, 11, 1.21378947225003
18, 23, 0.8770845276731309
81, 0, 2.216922733039013
71, 9, -1.325557258825363
78, 4, -0.2720156984421882
26, 22, -0.4143601070383242
79, 3, -0.208242444890587
57, 15, 3.068646677572163
77, 5, 0.9233287695218934
65, 12, 0.2814498539909914
8, 24, 0.8444712709741742
60, 14, -0.4828624907045242
54, 16, -0.6497084883874256
80, 2, -0.7039365231431106
38, 20, -0.3119701956158038
73, 8, -0.3227461777653881
19, 23, -0.05752504042873282
47, 18, 0.04441554820105501
76, 6, -0.9043477755417872
9, 24, 0.01005521139225516
33, 21, 0.08608972369396697
43, 19, -0.1960208232114398
63, 13, -1.603805373852819
51, 17, -2.173561831321463
27, 22, -1.531890081505896
81, 1, 1.193999996895063
10, 24, 0.2959124359791537
20, 23, 0.3134806202520284
75, 7, -0.3843008713071497
70, 10, -0.2108230059975632
39, 20, 0.6557942081689769
68, 11, 0.6425240312652826
58, 15, -0.3141984926511837
-12, 25, -0.04394855427135471
55, 16, -0.329646033838999
34, 21, 0.02720970797849012
11, 24, -0.06587151170627495
-11, 25, -0.2083213383404149
72, 9, -1.702266550406458
82, 0, 1.377785009846987
28, 22, 0.8954085164939634
-10, 25, -0.2396233256942071
-9, 25, 1.315243952670466
61, 14, 1.269749760118371
66, 12, 1.122633361661963
48, 18, 1.429242415458551
79, 4, -0.2193641197891566
80, 3, 0.2406482842155627
-8, 25, 0.2801853978654275
44, 19, 0.1868575305045369
21, 23, 0.1129243250894358
78, 5, -0.4017148842002654
-7, 25, -0.009239857461391518
-6, 25, 0.1028055653034355
81, 2, 0.4421109835478293
52, 17, 0.5366453858341206
12, 24, 0.06509043602412751
74, 8, -0.3154159769932859
-5, 25, 0.2186313087671223
77, 6, -0.1185560635824625
64, 13, -0.4227805495495237
-4, 25, 0.6774067741032317
40, 20, 0.8064767966900505
29, 22, -0.4724980009102719
22, 23, -0.6099988859551312
-3, 25, -0.1534870633606778
35, 21, 0.1254980357511669
13, 24, -0.8976250322868315
82, 1, -0.9921968749825472
-2, 25, -0.3972667818058184
59, 15, -0.5125662445132108
76, 7, 0.216117780652189
49, 18, 0.3169157321962938
56, 16, -0.07632188733698064
71, 10, -0.03875482872885978
69, 11, 0.01267316498310553
45, 19, 0.5032381691023187
-1, 25, 0.3552869758831273
62, 14, 0.3582909495177053
14, 24, 0.3792670005997564
0, 25, 0.2790511682260022
73, 9, 0.1178563697593747
67, 12, 0.1445997985163199
23, 23, -0.2758246945199753
30, 22, -0.3258948260095837
83, 0, 1.100209836961029
53, 17, -0.1734046813053064
80, 4, 0.507905628637969
1, 25, -0.2294986635454726
41, 20, -0.8552416668241334
81, 3, -0.01507780605110662
36, 21, -0.2652885015791887
79, 5, -0.8403140157569541
15, 24, -1.720568057551711
75, 8, -0.9457685498783461
65, 13, -0.8881163791619021
2, 25, -0.7522933720690925
82, 2, 0.0616464455858817
24, 23, -0.2997224373644095
78, 6, 0.7494229100187291
3, 25, 0.3064081507325084
46, 19, -0.2191010137123695
50, 18, 0.7698874431703706
31, 22, -0.6836830192287133
60, 15, 0.1465709144165633
16, 24, 0.07913508893145259
57, 16, 0.6296358116528066
83, 1, 0.1411038098621442
4, 25, 0.2657393801560087
37, 21, 0.03924282989333883
70, 11, 0.9661968507024075
72, 10, 1.219169680369049
42, 20, 0.863238249253739
77, 7, 0.5069009979021948
63, 14, 0.09291119135188121
54, 17, 0.2237125558965676
25, 23, 0.6766118635050181
68, 12, -0.2739302142274117
5, 25, -0.4780390424896351
17, 24, 0.1705805664479668
74, 9, 0.05365514708157038
32, 22, 0.3158941805366186
84, 0, -0.5674950664128328
6, 25, 0.5881909966012826
81, 4, 0.3100188567239188
82, 3, -0.8906420772300893
66, 13, 0.6665873010768993
47, 19, 0.1156481895681805
80, 5, 0.144135349569044
51, 18, 1.726980053026309
76, 8, 0.377065019783044
18, 24, 0.9880254896102096
38, 21, -0.03188647787580925
26, 23, -0.1945750484358732
83, 2, 0.1173570147664536
7, 25, -0.1959864435424667
58, 16, 0.1320848057089136
43, 20, -0.2960628988644992
79, 6, 0.6183658531656663
61, 15, 0.4851213501096435
8, 25, -0.5875230168525341
55, 17, -0.4229505652336699
33, 22, -0.2146854618895569
64, 14, -0.5105701549777883
84, 1, 0.09082580756626317
71, 11, 1.159945640056211
19, 24, 0.9836294303354991
73, 10, 1.013529504426606
78, 7, 0.1955119850427687
27, 23, 0.09085014867942039
69, 12, -1.839944278119682
9, 25, -1.043895795578215
48, 19, -0.7806653400418297
75, 9, 0.257457399399968
39, 21, -0.1216062302008159
52, 18, 0.06474922001057222
44, 20, -1.597480376468352
20, 24, -1.994636410902091
67, 13, -0.1380133696323762
85, 0, 1.291462507060594
10, 25, 0.5228815975665085
82, 4, 1.184076125395932
34, 22, 0.9720660920116341
83, 3, 0.4595147153169261
81, 5, 0.1834624248579317
59, 16, 0.05395690712374439
28, 23, -0.06860802435684206
77, 8, 0.03879290670389404
62, 15, -0.06290106793844334
56, 17, 1.738969471891037
-13, 26, 0.0571123909068668
84, 2, 1.042718823721702
-12, 26, 1.212058262600793
11, 25, 0.4265015148135199
-11, 26, -0.006797554432907679
-10, 26, -0.2096945524419997
80, 6, 0.2249724791806173
21, 24, 1.121457306199805
-9, 26, 0.412292417146173
65, 14, 1.257032236935728
40, 21, 1.239929624314671
-8, 26, -0.3731715403514639
49, 19, -0.6609119398336434
-7, 26, -0.3148218284934375
72, 11, -0.3964727561228274
74, 10, 0.3028675829614306
-6, 26, 0.4436142924122405
12, 25, 0.1109558354301629
35, 22, 0.1506086656837768
85, 1, -0.5598634248456887
70, 12, -0.2176649413692646
45, 20, -0.6877989624499468
53, 18, -0.000371159779089376
29, 23, 0.4033831215258253
-5, 26, -0.8406683192434925
79, 7, -0.01443567946060419
22, 24, -0.3296230985797853
-4, 26, -0.3238036031924753
76, 9, 1.126220378508494
68, 13, 0.01509794665724717
-3, 26, -0.342773631165198
13, 25, -0.8409828549107514
60, 16, -0.03684165960332791
-2, 26, 0.5825361407898539
63, 15, -0.6986829866220517
41, 21, -0.2366919468157844
86, 0, 1.768393581714785
83, 4, 0.3204496629189886
57, 17, -0.04124023990659233
84, 3, 0.722954429769291
82, 5, -0.0380754075495135
30, 23, 0.4432965863612193
-1, 26, -0.4170242223176325
78, 8, -0.5407344149782654
36, 22, -0.9595958165159472
23, 24, 0.799710219373129
14, 25, -0.7544227809762305
50, 19, -0.6179464193092364
66, 14, 1.163218430290874
46, 20, 0.9857896148127272
0, 26, 1.274486738438936
85, 2, -0.8063998920870401
81, 6, -1.11607986798041
54, 18, -2.085109792026237
73, 11, -0.1860971880271288
1, 26, -0.1663273211703867
75, 10, -0.04509122201122191
15, 25, -0.4241506834365016
71, 12, 1.234086794163393
24, 24, -0.05516941699479075
2, 26, -0.6427911595162231
86, 1, -0.7767065141762329
31, 23, -0.6834445081256388
42, 21, -0.4096748524032554
80, 7, -0.4724442837973543
37, 22, -0.06466089114511341
77, 9, 0.3082145575288467
61, 16, 1.168165189128452
69, 13, 0.1458814740974934
3, 26, 0.9320031028277979
58, 17, -0.541306907526135
64, 15, 0.1021761560568149
16, 25, 0.6855632055883961
51, 19, -0.09761127432347361
47, 20, 1.098307737962499
4, 26, -1.165180860508464
25, 24, 0.2654877434879629
84, 4, -1.752752175456735
87, 0, 1.899588954215336
79, 8, 0.3200144516744373
85, 3, -0.4509259429132424
83, 5, -0.5144308358881954
55, 18, -0.7175825734281668
32, 23, -0.5750079417957634
67, 14, -1.025578241582173
17, 25, 0.3590606845253314
5, 26, -0.0003342396032782346
43, 21, 1.762326983997238
38, 22, 0.1107352690692169
86, 2, -0.03051575138477796
82, 6, 0.6911244176530327
74, 11, 0.6761601523234118
6, 26, -0.05594308549865091
72, 12, 0.6758856902550163
76, 10, 0.02071720379322315
26, 24, 0.3205402649509577
18, 25, 1.095498759662475
62, 16, 0.2144573103835222
59, 17, -1.276040047888953
52, 19, -1.050771916167768
48, 20, 0.1516274567463446
7, 26, -0.1766791370192618
87, 1, 0.5555163447075205
81, 7, 0.08116166951591414
33, 23, 0.02096254922304755
70, 13, 0.5401498389082058
65, 15, -0.1556802679899201
78, 9, -0.52262470237493
39, 22, 0.8198614095258603
8, 26, -0.7091080725220573
56, 18, 0.2711492941486038
44, 21, 0.7514718545921959
19, 25, 1.192752842032848
27, 24, -0.2611365479517661
68, 14, -0.9016394358306131
85, 4, -0.8161455544935385
88, 0, 2.11078391372006
80, 8, 1.530947016579413
84, 5, 0.3056583879736586
9, 26, 0.3483202357104955
86, 3, 0.2901397235567829
34, 23, -0.622084611177228
20, 25, -0.4020384832590191
75, 11, 0.6787835754846266
49, 20, 0.3507021625517031
83, 6, 0.01880677445820753
87, 2, -0.1392061372066136
53, 19, 0.6008709666942937
73, 12, -0.5794110347214305
28, 24, 1.038914546715174
63, 16, 0.208542743786825
10, 26, -0.8073811667466739
77, 10, -0.2218213310926742
60, 17, -0.771610471824154
40, 22, -1.012276568759579
66, 15, 1.913226591574257
45, 21, 1.62976331432803
71, 13, 1.121761012249561
82, 7, -0.7548212446464447
-13, 27, -0.8585418250723136
57, 18, 0.02486293986790795
-12, 27, -0.1868045798510363
21, 25, -0.8643776820061503
88, 1, 0.951023833552598
79, 9, 0.1412704658866628
11, 26, 0.4204037086995102
-11, 27, 0.4875959526762516
35, 23, 0.2101071549319057
-10, 27, -0.233240868206345
-9, 27, 1.400604421166757
-8, 27, 0.478635410224312
29, 24, -0.1873678196016847
-7, 27, -0.2459534920159095
69, 14, -0.547185087507065
12, 26, 0.2339954344900332
-6, 27, 0.646489372844573
50, 20, -1.036163221740557
41, 22, -0.7178305101462953
22, 25, -0.5481371587720248
-5, 27, -0.2699438533037373
81, 8, 0.1438232671951581
54, 19, -0.2754858735188409
86, 4, -0.7743181410190003
89, 0, -0.4681116801531477
85, 5, -1.117254791272456
-4, 27, -0.1732027319982843
87, 3, 0.8858484146130482
46, 21, 0.227842942137722
64, 16, -0.8016485156027083
61, 17, -0.3379060030545629
76, 11, 1.116957673389062
36, 23, 0.169939714767441
13, 26, 0.3821113393524163
-3, 27, 0.4391699729804193
74, 12, -0.3508690509952327
84, 6, 0.265341932299013
30, 24, 0.1929325119524027
88, 2, 0.4671525795490898
78, 10, 0.4344001540949092
-2, 27, 0.3668561546974421
67, 15, -0.203698871206925
58, 18, 0.5589347251659502
72, 13, -1.433862543010948
23, 25, -1.113790980164581
-1, 27, 0.6852072373725905
14, 26, 0.3242810022341712
83, 7, -0.2351372940877018
80, 9, -2.129478812783323
42, 22, -0.2706771851667771
0, 27, -1.656884390727064
89, 1, -0.3666196166676777
51, 20, 0.06793388777070186
70, 14, 0.04439065436055771
37, 23, 1.013081468408441
55, 19, -2.07146975562013
31, 24, -2.745324564833243
1, 27, 0.2110135505057739
47, 21, -0.1439626519266402
24, 25, -0.7876903995553036
15, 26, -0.2295517619196042
62, 17, -0.1332041286801004
2, 27, -0.4774041242907353
65, 16, 0.559900058421742
82, 8, 0.2344820896261014
87, 4, 0.3540248101538745
90, 0, -0.3063961452935083
86, 5, 0.2610965411740997
88, 3, 0.1116605035327626
77, 11, -1.264912227090111
59, 18, 0.3169000905524474
16, 26, -1.319206736264791
75, 12, 1.062101398746727
3, 27, 1.892695449348756
68, 15, 0.3687598026201828
43, 22, -0.05994469510275942
25, 25, -0.4416843509730532
32, 24, 1.877123793615216
85, 6, 0.1574080071344758
79, 10, 0.2519577236252704
73, 13, 1.6159952769262
38, 23, 1.580871190740766
89, 2, -1.520559636814633
4, 27, -1.099349356605454
52, 20, 0.01507448847251918
48, 21, 0.2342468959797321
17, 26, -1.166896854532165
56, 19, -0.006076099109820869
5, 27, 0.5948301536869809
81, 9, 0.7673296844301917
84, 7, 0.1955498371524292
71, 14, 0.4832828459090251
90, 1, 0.06406811246405879
26, 25, 0.04245696741907473
33, 24, 1.513255759869231
6, 27, 1.307557614543124
63, 17, 0.01811039567249003
66, 16, 1.040940379501346
44, 22, 0.5376329628044908
18, 26, 0.6466737852280109
39, 23, -0.03761134940509633
60, 18, -1.080062145693106
83, 8, -1.832898953614193
7, 27, -1.06771068806227
53, 20, 0.3663135877388615
69, 15, 0.7516043948753672
88, 4, -0.2884673941848164
76, 12, 0.7475662191359822
78, 11, -0.02943784600912178
87, 5, -0.6473409958123161
27, 25, 0.431522410068903
91, 0, -0.4808964077224677
49, 21, -0.6995486463571791
89, 3, 0.6895537942411615
19, 26, -0.1082533478909558
74, 13, -0.06047525839010541
8, 27, -0.9427329331688331
80, 10, -0.1485070423469703
57, 19, -1.425975028389624
86, 6, 0.0928988253586428
34, 24, -0.06519627374572147
90, 2, 0.5419267863303523
45, 22, 0.1610751307536309
40, 23, -0.6840345142468689
9, 27, -2.596180674936106
72, 14, 1.345301637689819
82, 9, -0.2340686527812909
20, 26, -0.5509619523073034
85, 7, -0.04859337803198841
28, 25, -0.1545420242326327
64, 17, 0.808505267893238
67, 16, -0.320348447611665
91, 1, -0.3388891276344092
61, 18, -0.2427205456042059
10, 27, -0.08990277638819545
54, 20, -0.08300503099112275
50, 21, 0.3379592016929148
35, 24, -0.274947256477276
21, 26, -0.7330782228926409
70, 15, 0.7594195464628725
-14, 28, 1.29756405135253
-13, 28, -0.7887833227448631
84, 8, 0.5373192173678997
-12, 28, 0.3558234486258895
77, 12, -0.03739210466558397
58, 19, -0.1966648077829909
11, 27, -0.120673871279257
-11, 28, 0.5712289817855318
79, 11, -1.651749871325692
29, 25, -1.1235270756728
41, 23, 0.6575290213941246
-10, 28, 0.115525050879681
46, 22, 0.9395943268857532
89, 4, 0.3115568384113707
-9, 28, 0.2491511190830998
88, 5, 0.1020196808932174
75, 13, 0.4990229968256941
92, 0, 0.1755118842994507
-8, 28, -0.7343838811514068
90, 3, -0.7531012690989698
81, 10, -1.58659708253524
-7, 28, 0.8126964397476895
87, 6, -1.518400855445992
12, 27, -1.492116264763458
22, 26, 0.8915161598673828
-6, 28, -0.2717966541674805
36, 24, -0.3352275788754759
91, 2, -0.1829773982720877
73, 14, 0.1491412105976244
65, 17, 1.340111277960028
-5, 28, 0.5896799192060224
51, 21, -0.5052313433244991
62, 18, -0.01425763193013595
55, 20, 0.1246952679457833
30, 25, -0.1648923692018418
83, 9, 0.2036357387424241
68, 16, 0.7119390594111701
-4, 28, 1.661878900417364
86, 7, 0.3342273290872633
13, 27, -0.7393239174688074
42, 23, 1.322029498134838
-3, 28, 0.8521057341421494
23, 26, 0.1385964277758823
92, 1, -0.2383549017300836
47, 22, -0.2174168248916738
-2, 28, -0.2335735952200237
59, 19, 0.1413061179711379
71, 15, 0.07800430894672346
37, 24, -0.1576319858599017
14, 27, -0.5460699759476418
-1, 28, 0.1257437104135249
78, 12, 0.1246537660455492
85, 8, -1.309226012244247
80, 11, -0.5663293249899992
31, 25, -0.03678620380362262
76, 13, -0.3323492980204699
0, 28, -0.9117343576304587
90, 4, 0.6907552785223464
24, 26, 2.137514930119985
89, 5, 0.38304900904342
82, 10, 0.01575244731172717
52, 21, -0.009434586563843982
93, 0, 0.7350249478024453
15, 27, -1.090695278691473
91, 3, -0.29276494562716
1, 28, -0.2093965929116301
56, 20, -0.6009235614703352
66, 17, -0.843693329268571
43, 23, -1.392251136283601
63, 18, -1.069006978417839
88, 6, -0.09930512873456994
74, 14, 0.7777214331069818
69, 16, -1.399756347919253
48, 22, -0.2469197391867468
2, 28, -0.4375944364136736
92, 2, -0.5455971564388306
38, 24, -0.4137407500770863
32, 25, 0.8296716354710117
84, 9, 2.392483365764281
16, 27, 0.2136852555207644
60, 19, -0.2946009664799883
25, 26, -0.9723672913530954
87, 7, 1.682091563721011
3, 28, 1.746209747098069
72, 15, -1.30428169068018
4, 28, -0.2982990965208742
93, 1, 0.1971767195880778
44, 23, 0.3966390871529583
17, 27, 0.5781603815933356
79, 12, -0.243511058033377
53, 21, -0.1035208510383807
81, 11, 0.7242413213546873
86, 8, -0.771073736785294
26, 26, -0.4057368174858851
77, 13, -0.2466386520602576
57, 20, 0.2795804989452371
33, 25, -0.2302446507875485
5, 28, 0.3574902395029839
39, 24, 0.3735359721686256
49, 22, -0.6933980485726213
67, 17, -1.040966012931353
64, 18, -1.142819188550393
83, 10, -0.3736213124937106
91, 4, 0.07796906233240417
90, 5, 0.4176062750890262
6, 28, 0.260780804254796
18, 27, 1.071435492568243
75, 14, 1.169670763207772
94, 0, -0.5141764060426929
70, 16, -0.1387793506979145
92, 3, -0.8722953284154901
89, 6, -0.6233514217266583
61, 19, -0.4456543493971742
27, 26, -0.0329841589821872
7, 28, -0.2737801606439496
93, 2, -0.1190514009567123
45, 23, -0.6352001768678089
85, 9, -0.004479821770885233
34, 25, -0.2685574938951605
19, 27, 0.8212270671514376
40, 24, -0.3699207585921936
88, 7, 0.5153490510975013
73, 15, -0.1561453796348226
54, 21, 3.455902638053271
8, 28, -0.05223483896343431
58, 20, -0.46777189615124
50, 22, 0.3159422603821462
94, 1, 0.09108158936565568
80, 12, 1.743854463884648
28, 26, -0.2439556604844636
82, 11, -0.1569013043799555
78, 13, -0.06655352537910714
9, 28, 0.295285592714239
68, 17, 0.5812524348401014
65, 18, 0.9666384379685636
20, 27, -0.0366078884359549
87, 8, -0.2734279586100283
35, 25, -0.2909121014532698
71, 16, -1.700822933490688
62, 19, -1.23580958936785
46, 23, -1.743562384785197
84, 10, -0.5557399065073898
76, 14, -1.045400141498647
41, 24, -0.04904546373251177
10, 28, 0.5961595494449905
92, 4, 1.197182531531056
91, 5, 0.149989795130725
95, 0, 1.597371718668103
93, 3, -2.810715693388571
21, 27, -2.409949691091894
55, 21, 1.67753432825497
29, 26, 2.283888273341109
90, 6, -0.9958199947061341
-14, 29, 1.234615568766276
-13, 29, -0.150808836090145
51, 22, -0.4033562554851819
-12, 29, 0.01717033443608487
11, 28, 0.6902901371524587
-11, 29, -0.08119058040165504
86, 9, 0.5776748722064374
74, 15, -0.5928324248016766
59, 20, 0.8621858401433538
-10, 29, -0.2028498483943445
94, 2, 0.6615784022049462
36, 25, 0.003221505566698262
-9, 29, 0.7902463808928043
89, 7, -0.06064716953025621
-8, 29, -0.07229023836522366
22, 27, 0.4741541180215
-7, 29, 0.4013235594508192
12, 28, -0.9334911862128751
66, 18, 0.9495549605026727
42, 24, 0.7281245840164762
47, 23, -0.04549723200731701
69, 17, -0.3322682084445023
-6, 29, -0.1254187520046587
30, 26, -1.367166122460701
81, 12, -1.110060072053378
79, 13, 0.05274625451864595
95, 1, -0.1010421184277314
-5, 29, -0.391502348525992
83, 11, 1.045988162508613
63, 19, 0.5086841324678247
-4, 29, 1.195408712942434
88, 8, -1.273642216195476
72, 16, -0.5242961653470348
13, 28, -0.1336177820167317
77, 14, -0.9505210880952583
56, 21, -1.012490391925698
37, 25, -0.2146397954752142
23, 27, -0.08769308359135843
52, 22, -0.1242971282716154
-3, 29, -0.21319743256038
85, 10, -0.8060674348995794
93, 4, -0.9287130887783049
-2, 29, -1.248584584365527
92, 5, -0.7838876037848675
60, 20, 1.126683830794527
31, 26, 1.211716266717124
14, 28, -0.7547272244291351
96, 0, 0.8412137912312802
94, 3, -2.256963619922782
43, 24, 0.04345752294116648
91, 6, -1.256167586378879
-1, 29, -0.3719214879401997
75, 15, 0.0939783188935238
48, 23, -0.4159434814880873
87, 9, 0.4394031922521129
24, 27, -0.4923709794652452
0, 29, 0.2637040474116993
95, 2, 0.3120595821558461
67, 18, 0.7668893238212687
90, 7, -0.1028263829761276
70, 17, 0.6228854079629588
38, 25, 0.2349753062112292
15, 28, 0.1979410971080211
1, 29, -0.0647522698013169
64, 19, 2.533576460599455
82, 12, 0.142336893103509
32, 26, -0.7271851457713017
57, 21, 0.8174064953261314
80, 13, 0.2913401050084441
53, 22, -0.9758576582217394
84, 11, 0.5413358029842994
73, 16, -0.7761128009922817
2, 29, -1.242056212430946
25, 27, 0.925809972207018
96, 1, 0.6565512046206176
44, 24, 0.7200465101524438
16, 28, 1.364360056406849
78, 14, -1.608675416499402
89, 8, -0.3004737563418504
61, 20, -1.484019868997058
49, 23, 0.06707382273812003
3, 29, -0.4912610246671078
86, 10, 1.180497086415339
39, 25, 0.8622157673654679
33, 26, 1.608333564485252
4, 29, 1.163900339922487
94, 4, 2.346004733991574
93, 5, -1.193340374017746
17, 28, -1.128616624183154
76, 15, 0.9441017214967103
26, 27, 0.05647090574691158
97, 0, 2.771966471823061
95, 3, 0.5689004808000372
92, 6, 0.1750055196349611
68, 18, -0.1679791435173536
5, 29, 1.437746150993883
88, 9, -0.7857624515518298
71, 17, -0.5345444139770006
54, 22, 0.3859245656426605
65, 19, -0.08944293896877165
58, 21, -0.3009453918786413
45, 24, -0.7456695288157369
96, 2, 0.05545541026692305
18, 28, -0.2330187563294324
91, 7, -0.6621606470748095
6, 29, 1.400512118100155
83, 12, 0.1980396643564026
50, 23, -0.2562053732704289
81, 13, -0.8536664177351414
40, 25, 1.139250049221139
74, 16, 2.193793048931828
34, 26, 2.262108204478711
27, 27, -0.167099326049588
62, 20, -0.3125735182394845
85, 11, 0.5529131311848766
79, 14, 0.6911676768242396
7, 29, 0.1679743518657011
97, 1, 0.106969848247756
19, 28, -0.3383614884510961
90, 8, 1.282781600699326
87, 10, -1.076753706108835
8, 29, 0.5615405394255281
46, 24, -0.2899240242520344
77, 15, 0.7501222872262953
55, 22, 1.522981987071872
28, 27, 0.399776018990478
69, 18, 0.9234281353275943
59, 21, 0.9808009705531897
35, 26, 1.251003861904751
95, 4, -0.2167995395831749
94, 5, -0.6850723485722997
66, 19, -0.8284515492645056
41, 25, 0.1955391471657256
20, 28, -0.0523268243184053
72, 17, -0.733067712102266
51, 23, 1.449770528503294
9, 29, -0.4928597298135018
96, 3, -0.356613089196443
93, 6, -1.392896928898849
98, 0, -2.40515083619391
89, 9, -0.9708983763322425
63, 20, -0.002617606146413961
75, 16, -1.422420539825294
10, 29, -1.053417112615497
29, 27, 0.6034127800558577
97, 2, -1.338181220822233
92, 7, -0.1335803474073564
84, 12, -1.026393891586689
82, 13, 0.3321400536949028
21, 28, 0.6511562598121575
36, 26, 1.987817981670494
86, 11, -0.6008407674146741
47, 24, 0.07280389887392966
-15, 30, -2.425896752511854
80, 14, 0.8403164818521409
-14, 30, -0.3858927648818683
-13, 30, 1.35439812757847
-12, 30, -0.4985388038315573
42, 25, -0.8954940619144353
11, 29, 0.1994614925034512
-11, 30, -0.1257233491184321
56, 22, -1.464101152293023
-10, 30, 0.2924293972094261
60, 21, 0.4324711365844595
-9, 30, 0.8671522327952019
98, 1, -1.150160241882027
91, 8, -0.4347957006823183
52, 23, 0.6275306365160049
88, 10, -0.8195931914392514
70, 18, -0.1213188875936805
22, 28, 0.03649029211168763
-8, 30, -1.878417872552421
78, 15, 1.253678282417602
30, 27, -0.08156507226758437
67, 19, -1.038724223621076
-7, 30, -0.1684106355512231
12, 29, -0.5908178237065255
73, 17, 1.268218448941223
-6, 30, -0.3313010836059347
37, 26, -1.32116546612151
95, 5, 0.05802033508216856
-5, 30, 1.817662001739538
96, 4, -0.7034826464924303
64, 20, -0.8409044347923734
48, 24, 2.831379657653878
94, 6, 1.585188817207877
-4, 30, 0.9123075368193168
23, 28, 0.546357031713454
13, 29, 2.172760904812317
97, 3, -1.463744548234939
43, 25, 0.5875856584161794
99, 0, -2.40547260024719
90, 9, 0.5969906140483405
76, 16, -1.13865349142382
31, 27, 0.661913446258165
-3, 30, -2.003200543007436
83, 13, -1.226826819969464
57, 22, 0.4287189712979643
85, 12, -0.1513663431693708
93, 7, 0.4172577937624566
98, 2, -0.9896507091855998
-2, 30, -1.456931727898686
53, 23, 1.249389304743667
81, 14, 1.915045892522189
61, 21, -0.9054117967746474
14, 29, 0.1241038312312556
87, 11, -0.8951278734516637
38, 26, -1.4510696238656
-1, 30, 0.752879005630554
24, 28, 0.09722652590861652
71, 18, -1.239119486159308
68, 19, -0.9177608740343653
0, 30, 0.8504692978821543
79, 15, -0.5750832878123858
92, 8, -0.4881406951136551
32, 27, -0.4765994778320187
99, 1, -1.021069062190336
89, 10, -0.601380972412882
44, 25, -1.277479293692789
15, 29, -0.9902094300298718
74, 17, -0.1239113505480987
49, 24, -0.1281536971323269
65, 20, -1.932728953115913
1, 30, 1.998367455259002
25, 28, 0.2693402144917289
58, 22, -0.429239547489298
2, 30, -0.7209232562147644
96, 5, -0.1474642712442974
39, 26, -1.423673894648669
16, 29, -0.08462013463938557
97, 4, -1.563146487464257
77, 16, 0.7893874298631047
54, 23, 1.44193512939929
95, 6, -1.997982562328042
91, 9, -1.427803645049337
98, 3, 1.581738923175619
62, 21, -0.06945156730304856
33, 27, -1.974551592515771
3, 30, -0.5172563740589287
100, 0, 2.557916993902679
84, 13, 0.7906836995403561
86, 12, -1.29980402131371
45, 25, -0.2387082109046466
82, 14, 0.1368377594944636
26, 28, 0.1609239024798937
94, 7, 0.4392937358473196
17, 29, 1.093287303535391
50, 24, -0.3115968718048678
4, 30, -0.08728268530232067
99, 2, 1.681444889295032
88, 11, 0.266227592711949
69, 19, 1.384412640822171
72, 18, 0.523232128030641
80, 15, -0.4231152041100955
5, 30, 0.1818496906108376
66, 20, 1.90565371115191
40, 26, 0.9822479080585002
75, 17, 0.362684727076351
34, 27, -1.036242535230356
93, 8, -0.2172586160677062
18, 29, 0.9845122495770706
90, 10, 0.9541936373535299
59, 22, 1.038018242029617
55, 23, -0.6683943427991678
27, 28, 1.588616558054502
100, 1, 2.071208641231459
6, 30, -2.664306930677232
46, 25, -0.2584408196412873
63, 21, 2.04052566025036
78, 16, -2.299094637199862
7, 30, -1.815945589421924
51, 24, 0.1628067674859054
19, 29, -1.513236354430132
97, 5, 0.9679219446045343
98, 4, 0.9647300196251775
92, 9, 1.251712501381373
41, 26, 1.220844235871513
96, 6, -0.3071581660781364
85, 13, 1.022128403441948
35, 27, -0.02127295166870498
28, 28, -1.733364268991281
99, 3, 2.092080218225515
87, 12, 0.01177129416535685
101, 0, 1.491533052225498
70, 19, 0.5703532909105634
8, 30, 2.520265360854204
83, 14, -0.8771202272460409
73, 18, -0.08105947523078043
95, 7, -0.7901045323035897
67, 20, 0.1233572265409908
89, 11, -0.6155497495105229
20, 29, 1.080961908818899
56, 23, -0.6401773249596751
100, 2, -1.754287555422447
60, 22, -0.6294374066345514
76, 17, 1.178594289670881
81, 15, 2.086062435453491
9, 30, 2.462806488590801
47, 25, 1.654982725111936
29, 28, -1.71239612930085
36, 27, -0.8313861953193072
52, 24, 0.0134914021891788
91, 10, 0.2547808841192048
64, 21, -0.5383195945621146
94, 8, -1.176385715179988
42, 26, -0.7380934771714951
10, 30, -0.3145949948099646
21, 29, -0.4643070611809547
101, 1, 0.4216787115366609
79, 16, -0.07919579030660193
-15, 31, 0.750489521304289
-14, 31, 0.4182136483581786
-13, 31, 0.7731986000448223
-12, 31, -0.6824627714633601
-11, 31, -0.8817264573289971
11, 30, -0.3657079473007954
-10, 31, -0.1889118864718022
71, 19, 1.170036398583307
30, 28, -1.071943470115204
98, 5, 1.796443365010455
74, 18, -1.749727973955706
-9, 31, 0.02970904085395276
99, 4, -0.3018416099932779
86, 13, 0.412940556486039
22, 29, 1.051979860280047
93, 9, -2.125670220919285
57, 23, -0.2783891695175552
48, 25, -0.2110986791059214
88, 12, 1.215930278433927
68, 20, 2.251138100880861
97, 6, 0.7952506028293155
61, 22, -2.146274363480469
37, 27, 1.530293466065626
-8, 31, 1.102549927206288
84, 14, 0.5655599758900364
100, 3, -0.1390122571496288
43, 26, 0.04929400624076485
-7, 31, -1.46576502065474
102, 0, 4.161764115260982
12, 30, 1.806335372315598
77, 17, -0.5208195510355159
53, 24, 0.3333106057999068
-6, 31, -0.1446972445613845
90, 11, 0.5216658593218062
96, 7, 0.3307176850682681
82, 15, -4.127263603895149
-5, 31, -1.031615127908044
65, 21, -0.8234435088562547
101, 2, -0.9972323026378543
23, 29, -0.7740857182446595
31, 28, 1.997066381815906
13, 30, -1.232878974884994
-4, 31, 0.387476276666302
92, 10, 0.6315688155847435
-3, 31, 0.1539878322391431
95, 8, -1.458029628802871
38, 27, -1.2334713024308
80, 16, -2.101387458690229
49, 25, 0.06806838837669413
-2, 31, 0.5927867640968175
44, 26, -0.3675753682080492
14, 30, -1.747448153269481
102, 1, -0.8002248706517967
58, 23, 0.8148323900343961
72, 19, -0.4317225892413095
24, 29, -0.1601390170237298
62, 22, 2.086967146599453
75, 18, -0.8085971735671889
69, 20, 2.126139362875838
-1, 31, 1.785192667150421
32, 28, 2.889226189483189
54, 24, -1.362984808008048
87, 13, 0.4070212333200223
99, 5, -2.139013824355954
85, 14, -3.696685591660873
0, 31, -1.38826344771895
94, 9, -0.6258521635844139
89, 12, -0.7277469290023552
15, 30, 0.7115314190235379
100, 4, -1.262355121347555
98, 6, -3.026329103575804
78, 17, 2.135081748534877
66, 21, 0.5286102453815503
39, 27, 1.416254415715329
25, 29, -0.6386798405379176
101, 3, -0.187990912832571
1, 31, -1.714632684208972
103, 0, -1.136659985672985
83, 15, 1.922171773480164
91, 11, 0.8303078742131839
50, 25, 2.169720922287151
97, 7, 0.4409961045387177
45, 26, 1.055392983946011
16, 30, -0.06822445341232942
33, 28, -2.008938088898028
2, 31, -0.6538904119571869
102, 2, -1.212699411919779
59, 23, -0.8542240378898249
81, 16, 0.3088083279787165
3, 31, 1.139805548273327
93, 10, -2.916864706040415
63, 22, -2.981639856739929
55, 24, -0.4408928536035514
26, 29, -0.5877784553355517
73, 19, 2.336859411350973
96, 8, 2.328905900383561
40, 27, -0.5700381102926673
17, 30, 0.8464023960254559
70, 20, -3.456428732033968
76, 18, -0.6020246707048036
4, 31, 2.356036977423057
103, 1, -0.09301473829102375
34, 28, 2.287136622645634
88, 13, 0.7431906327814194
67, 21, -3.082350276761154
46, 26, -0.0679393932481793
51, 25, -0.8193910353342621
5, 31, -1.238795618964117
86, 14, 0.7298445191630234
79, 17, 0.1695686509551573
27, 29, 1.78842973539722
90, 12, 2.181971486313994
18, 30, -0.7331037670950539
95, 9, 3.880260962274709
100, 5, 2.768621526972842
101, 4, 0.7178931444779281
99, 6, -0.08055110860982506
84, 15, -0.3821368813636548
6, 31, 0.8544702251085932
60, 23, -1.513532901786018
92, 11, -0.6712954361089677
41, 27, 1.186481639506218
102, 3, -1.315242821879155
104, 0, 2.346773838146402
56, 24, 3.127247635010118
64, 22, -1.578726855004828
98, 7, 0.7671590147776525
35, 28, -1.305189251515357
19, 30, -1.316302515716138
7, 31, 0.02772016325298254
28, 29, 1.639820570485571
82, 16, 2.02185950762434
74, 19, -0.547789538588389
103, 2, 1.100152276712199
71, 20, -2.281160881758466
47, 26, 2.122742981579559
94, 10, 0.4631870186493036
77, 18, -0.8516407618626668
52, 25, -1.846057855138759
8, 31, -0.751700820015974
97, 8, -0.7830425824157661
20, 30, 1.064416964719438
68, 21, 1.192813412943418
42, 27, -1.134863452535401
36, 28, 0.3135173517335229
104, 1, -0.03769299372812082
9, 31, 2.615966082386771
29, 29, 2.785089212411642
89, 13, -0.2519156308990899
80, 17, -2.92490075503329
87, 14, 0.2740066448512942
61, 23, 0.7768892198342987
57, 24, 0.9396844795915577
91, 12, 0.5362844642229176
96, 9, 0.5542600201863072
21, 30, 2.359857039969928
85, 15, -0.6775245077317681
65, 22, 1.008420162696935
101, 5, 0.7184567566662945
10, 31, -2.307178030621756
102, 4, 1.11922231151666
48, 26, 0.02962205755659137
100, 6, -1.380758516447754
93, 11, 1.734610401128587
-16, 32, -0.8507680525073995
-15, 32, -1.731692998749549
53, 25, 2.226707711149559
-14, 32, -0.4774565044951527
-13, 32, 0.610515123581276
103, 3, -0.4661986096884869
75, 19, -3.973007124751231
30, 29, -1.573270793652306
-12, 32, -1.229163336390799
72, 20, -0.2951120742405851
105, 0, 0.4533784460112402
43, 27, -0.5335737587096642
37, 28, -2.178841884543187
-11, 32, 1.469267764497214
99, 7, 2.387067749248506
83, 16, 0.5009777315423213
11, 31, 1.780131035359795
-10, 32, 2.979182435486233
22, 30, -1.716217133269912
78, 18, -0.4194290630702248
-9, 32, -0.8909279588167058
69, 21, -3.472632121710062
104, 2, 0.2812765058018646
-8, 32, 0.5358062121348297
95, 10, 1.177806576231039
12, 31, -0.8308884247672628
-7, 32, -1.402844981386827
62, 23, 0.3225432399853979
98, 8, 1.451941052799911
58, 24, 0.8136535068755062
-6, 32, -0.3008123989375598
49, 26, -1.966861253267397
31, 29, -4.984975710724324
81, 17, -0.5611239752265297
23, 30, 1.665020121481491
90, 13, -0.8425881580765011
-5, 32, 0.4619213908594408
88, 14, 2.024958875774137
66, 22, -2.25104654451177
38, 28, -1.670768660580458
105, 1, 1.438429384312437
54, 25, -1.61591112030486
44, 27, 2.214888629126409
13, 31, 2.031292817970646
92, 12, -2.43751497482162
-4, 32, -0.5524691898367112