d = 43, symClass = D, D = 11.175781, Y = 0.08948384114963699
[12.80578914813987, 12.8058123359598], 12.8058043179051
1, 0, 1
2, 0, -2.098668946582039
3, 0, 0.3683753481719633
0, 1, 2.746797564814987
1, 1, 1.012924481993251
4, 0, 0.6994227658132022
2, 1, 1.384908317936506
3, 1, -0.3537633578061054
5, 0, 0.9447761327168021
4, 1, -0.6299171049825629
6, 0, -3.054328339735751
5, 1, 0.5501765976533366
-1, 2, -1.622777834931144
0, 2, -0.9616288801890144
1, 2, -0.6660006615782316
7, 0, 2.656659911687141
2, 2, -1.536319505420781
6, 1, -0.8173963413268958
3, 2, -3.363196038560529
8, 0, 1.12037265294058
7, 1, -1.563536927318182
4, 2, 1.403748777971111
5, 2, 2.02785935299603
9, 0, -2.087179862822362
8, 1, 2.510747178159851
6, 2, 2.373899238691159
-1, 3, -2.831858924458384
0, 3, 3.30776459316098
10, 0, -1.707866456989151
9, 1, -1.966375563914038
1, 3, 3.115772584907091
7, 2, -1.050544696930498
2, 3, 0.562090576484404
3, 3, 1.166037967793682
11, 0, 2.079819263823009
10, 1, 0.9501929737269286
8, 2, -0.8517189321294462
4, 3, -0.5248799545177462
5, 3, 1.110508851524556
11, 1, 0.9885263762199966
9, 2, 0.9889127687585469
12, 0, 1.669196064568956
6, 3, 2.762015730388836
10, 2, -1.758014323835223
12, 1, 1.676698498440558
13, 0, 1.562251377434333
7, 3, -0.1384717595060815
-2, 4, 2.02532776529576
-1, 4, 1.373807674400801
0, 4, 0.775140739920122
1, 4, 3.18660275409987
11, 2, -0.4632548883673194
8, 3, -1.399433520448652
2, 4, 0.876057578209879
13, 1, -0.8952029797341642
14, 0, -1.686482625219937
3, 4, -0.03333663068431236
9, 3, 0.09949117930149899
4, 4, 0.9023981462980246
12, 2, 0.8933170798445463
14, 1, -0.2859550389977432
5, 4, -0.4737868833751162
15, 0, 1.044334459066982
10, 3, 1.479386988882123
6, 4, 0.08287908938456341
13, 2, 0.4165058299674806
15, 1, -0.8012561248698578
11, 3, -2.907065331075973
7, 4, -2.712245042885589
16, 0, 2.696399173233006
14, 2, 0.7061368641216359
-2, 5, 1.750794339063903
-1, 5, -0.3347479727696655
8, 4, -0.08182505679597078
0, 5, 1.837556094127279
12, 3, -0.7015779403003036
1, 5, 2.75911353803951
16, 1, 1.662844216534115
17, 0, -3.600837720553367
2, 5, -3.423616455733931
9, 4, 0.8869111783890177
15, 2, -0.2689842916654425
3, 5, -1.700376968819454
13, 3, -1.920646678530375
4, 5, 0.2472055241420396
10, 4, 0.7662931388156974
17, 1, -1.235037920027737
18, 0, -4.706741397089419
5, 5, 1.394459549171
16, 2, -1.206127936639382
14, 3, 1.595452068971895
11, 4, 0.8425980441251518
6, 5, 0.355398849972097
18, 1, 2.915321686529727
7, 5, -0.268997626892241
19, 0, 0.6562062640750693
17, 2, -1.981061568162825
12, 4, -1.488630159267621
15, 3, -0.09095205505880601
8, 5, 1.082585096351281
-3, 6, 0.7056302668636639
-2, 6, 0.8976167156129573
-1, 6, -2.042656553690864
19, 1, -1.959680854491614
0, 6, -1.990292074481892
13, 4, -0.6159457319680246
20, 0, 2.299914017578586
9, 5, 1.817718928837536
1, 6, 0.6421639049766624
16, 3, 0.5676655612937574
18, 2, 0.3494080376878948
2, 6, 0.01814987893363098
3, 6, -0.882601997621096
10, 5, 1.470979792544108
14, 4, 1.635554474040638
20, 1, -0.1811641631015204
4, 6, -0.4649311938936894
17, 3, -0.4600633276220637
21, 0, 1.798234513439287
19, 2, -0.1003058393711199
11, 5, 1.094135560331489
5, 6, 1.541609867513531
15, 4, 0.2744847839249929
6, 6, -2.196890541209827
21, 1, -4.652190971504028
18, 3, -0.2745801680040679
12, 5, -2.099158083193378
22, 0, -2.916560610949855
20, 2, -0.5206887852463004
7, 6, -3.80279106178912
16, 4, 2.621089258596529
8, 6, -1.756608768805686
13, 5, -1.270244666990921
22, 1, 0.01406668843526778
19, 3, -0.7902870240916414
21, 2, 1.187636033207189
-3, 7, 1.567085165171805
23, 0, 1.121542086458089
-2, 7, -1.788101171896752
9, 6, -3.670910193743106
17, 4, 0.6417495081719664
-1, 7, 0.6095372931294286
0, 7, 2.640148517223282
14, 5, -2.06167592077171
1, 7, -0.5424992962987452
10, 6, 0.4985987208183081
2, 7, 2.915443266247482
20, 3, -1.261382969374537
23, 1, -0.7822046734683192
3, 7, -0.8744054706430616
22, 2, -2.520616865638863
18, 4, -2.377784984877689
15, 5, -0.3998470623398205
24, 0, -0.6126940741160195
11, 6, -2.007631294228735
4, 7, -1.63554997273208
5, 7, 2.096786601551166
21, 3, -0.2232113007385474
24, 1, -0.5138310984827861
16, 5, -0.374455222174033
12, 6, 1.668160253027558
19, 4, 0.9038815448914307
6, 7, 1.199629825469769
23, 2, 0.6210065079992596
25, 0, 0.3543059436443332
7, 7, 0.9918673824827515
13, 6, 0.2282341903377129
22, 3, -1.476767234886385
17, 5, -1.369245708545852
20, 4, 0.7809531713384953
8, 7, -0.4260988226439421
25, 1, -0.7756441926401422
24, 2, -0.1221272145465936
26, 0, -1.169972014552805
14, 6, 0.6827972483084044
9, 7, 1.690583792272759
-4, 8, 0.2933190424841683
-3, 8, -0.07310999549977951
18, 5, -0.2672569225268598
-2, 8, 0.2467254454337569
23, 3, 1.410862954978045
-1, 8, 1.166598790867436
21, 4, 3.291927215003085
0, 8, -1.036399814551599
10, 7, 0.6836851636498197
15, 6, 2.481578296505569
1, 8, 0.4351562468479074
26, 1, 0.4420147217831395
25, 2, -2.106915818967313
2, 8, -0.07713254160828256
27, 0, -3.314743637725812
19, 5, -2.455678573309005
11, 7, -1.761571304407199
3, 8, -2.143053256696183
24, 3, 3.760947834487264
22, 4, -1.00966364185256
16, 6, -0.4535838266709482
4, 8, -0.0772209382430491
27, 1, -0.5330129823184533
12, 7, -1.071099974139311
5, 8, 0.332412008285228
26, 2, -1.19468347522882
20, 5, 0.3360633909673771
28, 0, -1.386251574001676
17, 6, -1.203269556230922
6, 8, -0.1744863887118002
23, 4, -0.3000119229275012
25, 3, 0.23580739313297
13, 7, -0.8502625720529283
7, 8, 0.4142014477851037
21, 5, 2.544615671300972
28, 1, -0.8308398117506293
27, 2, 2.628197293043934
18, 6, 1.357413111010642
8, 8, -1.574411318636296
14, 7, 5.045924260926182
29, 0, -2.049361301660729
24, 4, 9.051937647727668
26, 3, -0.02949057333503595
9, 8, 2.035844773321855
22, 5, -1.297722782240677
15, 7, 0.529235555067692
-4, 9, 0.4640827147638447
19, 6, -1.157804935498803
-3, 9, -3.990127698931284
-2, 9, -1.595052529074891
29, 1, -0.6978557319472755
-1, 9, -1.885359936348334
28, 2, -0.3836571153812151
10, 8, -1.288374511360263
0, 9, 3.176277808619654
30, 0, -3.54473616716928
1, 9, -0.4937261334552266
25, 4, -0.6120542165545756
16, 7, -2.255726697059101
27, 3, -0.7890813528224165
2, 9, 1.374682652571762
11, 8, 2.277669768484591
20, 6, -0.1955310004931954
23, 5, 0.5901506494308452
3, 9, 3.106134118080238
30, 1, 0.7770228498418371
4, 9, 0.2242136835560403
29, 2, 0.2240167250764593
12, 8, 1.286496620926864
17, 7, -0.3407341183364713
26, 4, -1.53320036588671
5, 9, -0.9329348343107906
31, 0, -0.5483960839689366
21, 6, -1.332279498736721
28, 3, 0.8957346088960215
24, 5, -1.512184689228612
13, 8, -0.6346786601597718
6, 9, -0.479475014770183
18, 7, -0.2394940703943612
7, 9, 1.936370171502296
31, 1, 1.317928004564913
30, 2, -1.195908073836599
22, 6, 1.500157547562208
14, 8, 1.613565079280693
27, 4, 1.935070074848828
32, 0, -2.075448652614309
25, 5, 0.1461809229322568
29, 3, -0.478616060157377
8, 9, -0.2712871855140453
19, 7, 0.2182029953071458
15, 8, 3.357622478301411
9, 9, 1.126239958870786
23, 6, -3.262731479536441
32, 1, -1.747587073015701
31, 2, -1.636506658822093
28, 4, 2.607428659223388
-5, 10, -1.238241466869116
-4, 10, 1.031435855258194
20, 7, 0.9301633647488999
-3, 10, 0.9693860065765534
26, 5, 0.7628951953286575
10, 9, 0.8412276489422851
-2, 10, 0.639470921187021
16, 8, -1.215570196980042
33, 0, 1.581101699252319
30, 3, 1.477421194356186
-1, 10, 1.537894524812295
0, 10, -2.205361529658876
11, 9, -1.202002745034862
1, 10, -1.13767849617959
24, 6, -2.132600746531228
2, 10, -1.450483244208821
21, 7, -2.125378961845681
17, 8, -1.20605011048382
32, 2, 0.8935766420257664
33, 1, 0.7599587480365446
29, 4, 0.6717447568506415
27, 5, 0.09594346323631463
3, 10, -0.2905304524859202
12, 9, 1.953482021198673
31, 3, 1.073915862206058
34, 0, -1.422539503153202
4, 10, 0.1920351027160312
25, 6, 2.821464843353065
18, 8, 1.511396757630922
5, 10, -0.6823990821506235
22, 7, -1.570488399116587
13, 9, -1.24211644963106
30, 4, 1.231818840904399
6, 10, 1.135965244832709
33, 2, 1.667980621689324
28, 5, 2.021114341280429
34, 1, -1.801490137980634
14, 9, -1.623240674436497
19, 8, 0.3292708648267134
32, 3, 0.1237914759953715
7, 10, -0.2019219320441029
35, 0, 1.559106852204
26, 6, 0.6922556543951136
23, 7, 3.28476563191472
8, 10, 0.6606818530937024
15, 9, 0.6288085089429712
31, 4, -0.6683839246140907
29, 5, -0.6127320495933652
20, 8, -2.561446521667621
34, 2, 1.155586699623543
35, 1, -0.01285619706002117
9, 10, -0.2092042402989073
24, 7, -1.473361562953316
33, 3, 1.579040871862012
27, 6, 1.500866798562644
16, 9, 1.606204631937957
36, 0, 3.409167442710631
10, 10, -2.021884276125206
-5, 11, -0.09590512311651339
-4, 11, 1.575234783122703
-3, 11, -0.7656235204924623
21, 8, -0.03661050210952265
-2, 11, -0.1637472886152763
-1, 11, -0.5045994680194434
30, 5, -0.08686235763724726
32, 4, -0.07558218456096494
0, 11, 0.8808826212137011
11, 10, -1.4137465096018
17, 9, 1.280623471588538
35, 2, 0.6054975588520122
25, 7, 0.4340588437062398
36, 1, -2.486832055645466
1, 11, -2.552918729918239
28, 6, -0.3684507874144503
34, 3, 3.546453114754882
2, 11, 3.086969597446751
22, 8, -1.262049259091157
12, 10, -1.024510981739972
37, 0, 0.607684878055172
3, 11, 4.039223300147937
18, 9, 4.060752810406267
31, 5, -1.178722698379055
4, 11, -0.5222439276179537
33, 4, -0.9824613568119837
26, 7, -1.017648734518881
13, 10, 0.6107112387958928
29, 6, -2.405759038292121
5, 11, -2.024589306827567
36, 2, -2.268252941884978
37, 1, 0.5624113187840968
23, 8, 0.02578201797051137
19, 9, -1.426516693505574
35, 3, -2.676464091347916
6, 11, -4.82541280138623
14, 10, -1.294728946152478
38, 0, -0.7273866676924774
27, 7, 6.502312124402921
7, 11, -1.736531303299352
32, 5, 3.213017114766657
34, 4, -4.37395728490208
20, 9, 3.68900276811399
24, 8, -0.7735681128651102
15, 10, 2.011514673347659
30, 6, -6.463620329134383
8, 11, -3.646315665942555
37, 2, 1.485952288216658
38, 1, 2.151571037867569
36, 3, 1.871016393314908
9, 11, -4.216829779155963
16, 10, 1.141922634497647
28, 7, -0.04058205621910122
39, 0, 1.917974756918768
21, 9, 2.013855271340043
33, 5, -0.4233489886794067
25, 8, -0.1589453791449956
35, 4, 0.9934595605713126
10, 11, 1.521239599615117
31, 6, 0.4023767706052238
-6, 12, 2.263373137101601
-5, 12, -1.416342563175355
-4, 12, 0.1773473466523241
-3, 12, 0.3043917153677633
17, 10, -2.054570723906775
-2, 12, -0.5696745274143347
38, 2, -1.727284693400517
39, 1, 0.9424628589199233
22, 9, 0.512137096336911
11, 11, 1.708990900835392
-1, 12, 0.2091783062976762
37, 3, 1.466409439121855
29, 7, 0.1307405297051986
0, 12, 2.297711528725364
26, 8, 0.1284773107670713
1, 12, -0.8455900685007711
40, 0, -1.165036976663869
34, 5, 3.008954321424382
18, 10, -1.596934926522895
12, 11, -0.9925672508625295
2, 12, -0.4403235166140237
32, 6, -0.4192050872102562
36, 4, 2.679724582938003
23, 9, -1.822332852576898
3, 12, 3.089470568525948
39, 2, 0.9746900088580595
13, 11, 1.155737551873632
4, 12, -2.539616975783586
30, 7, 0.9948622714562968
27, 8, 1.510089220812725
40, 1, -0.2194891164983677
19, 10, -0.3345306783871845
38, 3, 0.5362750886856694
5, 12, 0.207166406420346
35, 5, 0.0988891678422175
41, 0, 0.2357153405899578
14, 11, -1.09480178064367
33, 6, -2.40893811973018
24, 9, -1.881778351404824
6, 12, 0.1755074083287875
37, 4, 1.604214882289581
20, 10, 0.7758352862472635
28, 8, -1.115340361008118
31, 7, 1.046521102915986
7, 12, 1.050655518727901
15, 11, 1.686652405214243
40, 2, 1.011556773126897
41, 1, 0.3247835193749962
39, 3, -1.249176833493182
25, 9, 0.4072950548626406
8, 12, -0.722859850836603
36, 5, -2.1971553762649
21, 10, -2.189262255681603
34, 6, -0.1797807940153126
16, 11, 0.3468311489348633
42, 0, -2.824309247432804
38, 4, 1.547039564263202
9, 12, -1.269270467059935
29, 8, 1.818890811583652
32, 7, 1.826420256999742
26, 9, 1.413299336493977
22, 10, -1.739814918106051
10, 12, -1.9516112605424
41, 2, -0.1921632213175442
17, 11, -0.1530836744067401
42, 1, -2.313414933440973
-6, 13, -2.014055636323175
-5, 13, -0.3439165680130609
40, 3, 0.03016095011043772
-4, 13, 0.9147405740155399
37, 5, -0.7615644940917403
-3, 13, -0.3338788179828887
35, 6, -3.32671422487688
11, 12, 1.530499110047344
-2, 13, 1.426894043748029
30, 8, -0.4588116867002022
-1, 13, 1.853319115660676
43, 0, 2.127679636494285
39, 4, 1.396620815151651
18, 11, 1.344822290008373
33, 7, -1.160594644003251
23, 10, -1.152319850962243
0, 13, 1.541133449113552
27, 9, 2.369175171183344
12, 12, 2.500165547501069
1, 13, 1.648169120473881
2, 13, 1.813284642623708
42, 2, 0.4089382165533353
19, 11, -0.3828355124704582
43, 1, 0.6169852824488519
41, 3, 0.647030368694351
3, 13, -1.872975832825508
36, 6, 0.681040228893482
38, 5, -2.670179727546136
13, 12, -2.809911061810158
31, 8, -1.41562262852347
24, 10, 0.5229063226109096
4, 13, -0.9540791146696734
28, 9, -0.8359030138985545
34, 7, -0.498266964571451
44, 0, 3.006359773460883
40, 4, 2.179112256378652
14, 12, 2.335034130957962
5, 13, 4.185338407920726
20, 11, 1.871972009579852
6, 13, -0.587670113562746
25, 10, 0.2972959589830533
43, 2, 1.73489885240879
32, 8, -1.081925218117118
37, 6, -1.227514177674193
42, 3, -0.4053009422401714
15, 12, -0.1641707260448397
44, 1, 0.8742070661377217
39, 5, 0.6176468669523518
29, 9, -3.410169124388843
7, 13, -0.6859318343838513
21, 11, -1.54887560777546
35, 7, 1.428801181417459
41, 4, 1.514237766282337
45, 0, -0.4437773821260301
8, 13, 2.201553527465211
16, 12, 2.802491426385457
26, 10, -1.25441741095342
33, 8, -0.2128987926229892
22, 11, 1.398367694143792
9, 13, -0.02114654317351227
30, 9, 2.85919362215701
44, 2, 1.075214313399485
38, 6, 1.133387000396759
40, 5, 1.812464804364555
43, 3, 0.993570666794798
17, 12, 0.982042472355602
45, 1, 1.559338962488849
36, 7, -3.503251056698801
10, 13, 1.414363879467823
27, 10, 1.143058157094473
-7, 14, -5.665283239484498
42, 4, 0.8000994876019378
-6, 14, 0.3251321973366988
-5, 14, -2.084001064331637
23, 11, -2.330442529814415
46, 0, -2.801068592650723
-4, 14, -1.405188347423727
11, 13, 1.578687377283883
-3, 14, 1.414318588284646
18, 12, -0.7643619862829357
31, 9, -0.7924551270593069
34, 8, -0.4757829371714579
-2, 14, -0.4041905126438242
-1, 14, -1.556801573555544
39, 6, 0.5549602543615263
0, 14, -2.582195759993441
45, 2, -1.442993229557372
12, 13, -1.594781025439666
41, 5, 0.1939114445014483
28, 10, -0.3712393633979009
44, 3, 1.436748502928859
37, 7, 1.308049483480454
24, 11, -0.2392426916509328
1, 14, -0.1699747508886387
46, 1, 0.05526454691650518
19, 12, 0.06956673886844168
2, 14, 0.02544899753852656
43, 4, -0.7969114420915482
13, 13, 0.1972273498464152
32, 9, 0.9900603292113968
3, 14, -1.876535450245221
47, 0, 0.5306718504504148
35, 8, -0.8050530801599125
20, 12, -2.677485209457198
4, 14, -2.297044419345635
29, 10, 3.307469685546124
25, 11, 2.843929279911591
40, 6, 0.6600646012102636
14, 13, 1.785541999501513
42, 5, -0.2066697118022134
38, 7, -0.116978649901299
5, 14, 1.502968119350381
46, 2, 0.6359824166861124
45, 3, -0.01301553153614891
47, 1, 0.809097257607775
6, 14, -1.300608186371296
33, 9, -4.050381818462266
21, 12, -4.599537006262501
15, 13, 1.780367461205151
44, 4, 1.641494713865452
36, 8, 1.822539274076659
26, 11, -2.281489626898851
30, 10, 2.86623844124896
7, 14, -1.597913178486058
48, 0, 3.269097419563099
41, 6, 2.118132838436461
16, 13, 1.617380508914456
22, 12, -0.5009182027397996
8, 14, -0.2150230430740394
39, 7, -0.1145674024446887
43, 5, 0.4626751977779274
47, 2, -0.9806821534586049
46, 3, 0.2560912954043764
34, 9, 0.6502067322682011
27, 11, -1.876566759808245
48, 1, -1.012106128862509
9, 14, -1.052064518605872
37, 8, -2.99629182569224
17, 13, -3.293664525622507
31, 10, 0.8069390880805891
45, 4, -1.972065296409167
23, 12, 0.5674574752925863
10, 14, -0.3402421879884445
49, 0, 4.106510282853066
42, 6, 0.3409772511806508
18, 13, 0.6359438427316837
40, 7, -1.600426627580682
-7, 15, -1.777901796296295
-6, 15, 1.87382799599252
28, 11, -0.04169322947660035
-5, 15, -1.446083112074052
44, 5, -0.2748438183421786
35, 9, -0.1385081383082274
11, 14, 0.05294344458459535
-4, 15, -0.09534411104533465
-3, 15, 0.9451674682649771
48, 2, -0.1074153655014315
32, 10, 0.1756391817330842
24, 12, -0.3733290307107877
47, 3, -0.05325584792535497
-2, 15, 0.2497321744124491
38, 8, -0.5924828113205667
49, 1, 0.8426311851913574
-1, 15, 1.545896432341477
19, 13, 1.903957628862296
12, 14, -2.956419094566816
0, 15, 2.913065640516491
46, 4, -0.7849645696259605
29, 11, 1.136404952341735
1, 15, 1.350482033027441
50, 0, -1.152990163784875
43, 6, -0.3279486566812861
41, 7, 0.4665570712822807
13, 14, 0.2602512141840989
25, 12, 0.981267763191587
2, 15, 0.6573220420438274
36, 9, -0.1978594278073952
33, 10, -0.2400166398857473
20, 13, -0.2024194413692107
45, 5, 0.2388529217524656
3, 15, 3.154253823919269
39, 8, 6.166005585836942
49, 2, 1.424333109446076
48, 3, 0.9313890234549099
14, 14, 0.06859111814552234
4, 15, -0.9087024568455523
50, 1, -0.2210787527168345
30, 11, -0.6002952805125124
26, 12, 1.549931524893134
47, 4, 0.7487866614519485
21, 13, 1.109231260591795
5, 15, 0.6220811876477608
15, 14, 0.8276397672592049
37, 9, 1.17794217547774
44, 6, 1.678350904744194
34, 10, 1.419772472092348
42, 7, -3.36226286697023
51, 0, -4.007417295431595
6, 15, -4.917011878530765
46, 5, -3.255769075685031
40, 8, 0.2717428588412077
22, 13, 0.5627461612118964
7, 15, 1.622899669161699
31, 11, -2.274856763089808
16, 14, 0.6814181217820312
27, 12, -1.743930396740353
50, 2, 2.060581504537153
49, 3, 2.580437972301171
8, 15, 4.775254793353862
51, 1, -0.9887748290371641
48, 4, -4.895180918574678
35, 10, 5.622838011056297
38, 9, -2.368326719161848
17, 14, -0.3518851898291719
23, 13, -12.16497204477417
43, 7, -14.04306937493343
45, 6, -3.09613319321511
9, 15, 2.793319066855472
52, 0, -3.218069118744508
28, 12, 0.572192214375732
32, 11, -1.974055319996587
41, 8, -0.6235144923008715
47, 5, -1.227228999238156
10, 15, 4.228159906706932
18, 14, -0.4381714928278746
51, 2, -0.8528813810659597
24, 13, 1.048504238030657
50, 3, -2.478741080728981
-8, 16, -8.718308465803652
-7, 16, 2.001944508299059
-6, 16, -0.4270624805637194
36, 10, 0.6742030151281025
-5, 16, 0.1901098843894545
11, 15, 0.8752913914529642
39, 9, -1.00987844491062
52, 1, -0.7089110951458892
-4, 16, 0.5405685349602968
49, 4, 1.373415664551392
29, 12, 1.998758181490401
-3, 16, -0.5052653551944517
44, 7, -1.014715642433685
33, 11, -2.199852525234731
19, 14, -0.8105781546652852
46, 6, 1.417236863895741
-2, 16, -0.08595877484534932
12, 15, 2.742660856047598
-1, 16, 0.2854013217103583
42, 8, -1.687309414487001
53, 0, 1.437349517749768
25, 13, -0.3405704988185956
0, 16, 3.442592949040051
48, 5, 0.4579215630431479
1, 16, -1.307085017110182
20, 14, -2.65542049085158
37, 10, -0.4913481128940575
13, 15, 0.9268471882866571
30, 12, 2.021288996135102
40, 9, -0.2002721960108264
2, 16, 1.518938793395567
52, 2, 1.163220382510116
51, 3, 0.9784323559686505
34, 11, 2.704475122028133
53, 1, -1.277786476408866
26, 13, 0.6153863374809769
3, 16, -0.2357630397110399
50, 4, 1.860575762385756
45, 7, -1.597217863060718
14, 15, 4.444150719548745
47, 6, -2.581357856688991
21, 14, -3.624371896789992
4, 16, -1.654324917009767
43, 8, 1.10609995841827
54, 0, -3.121117642317913
31, 12, -2.854348028966325
5, 16, -0.6704558445584821
49, 5, -1.094793547794116
38, 10, -1.932218262550582
15, 15, 1.776506015560106
27, 13, 1.544856763525333
41, 9, 0.02592169813785565
35, 11, -0.2654992035129067
22, 14, -0.3506329516977082
6, 16, -0.3496697813114998
53, 2, 0.4295574488415878
52, 3, -0.5401919746523413
16, 15, 2.576971252729831
7, 16, 0.1583371443126694
46, 7, 0.06937940216167121
54, 1, -0.6611124865481353
51, 4, -0.6975807130988915
48, 6, -1.399010791050093
44, 8, 1.031535663633436
32, 12, 0.8032239953360418
28, 13, -0.8360484370633778
23, 14, -0.6222473669548119
8, 16, 0.1023324857065611
39, 10, -1.469732141691951
17, 15, 0.7172620378851126
36, 11, 0.4630686476981432
55, 0, 2.943287364045494
50, 5, 1.008139660256108
42, 9, 1.441520515871803
9, 16, -3.489863557218114
53, 3, 2.606815261699619
54, 2, 0.4021841451639417
24, 14, 0.5553927310544018
33, 12, 1.882202522708413
18, 15, 1.868312565429147
10, 16, -0.1921821345860669
47, 7, -1.981080975452238
29, 13, -1.35015677990683
52, 4, 2.836111734311418
45, 8, 1.560255025929217
55, 1, 1.277056030176382
49, 6, 1.938549575296994
40, 10, -1.575512525818828
-8, 17, 1.095260101390754
37, 11, 1.059900990605717
-7, 17, -0.4570396376695905
11, 16, 0.8988451569822395
-6, 17, 0.8261552018877957
-5, 17, -2.48597844046816
19, 15, -1.68202169170368
-4, 17, 3.334496298292293
43, 9, 3.596265223652729
51, 5, 0.485792384716257
25, 14, 0.2516584820564845
56, 0, 0.7253597885819005
-3, 17, 1.645369306094469
34, 12, -2.044230086153406
-2, 17, 1.455515272527825
30, 13, 1.3061266220372
12, 16, -2.154006541993793
-1, 17, -0.3048032392139553
20, 15, 1.534349553227778
54, 3, 2.360348452500692
55, 2, -0.5219892866577336
48, 7, -0.6600966668136354
0, 17, 2.122058707539935
46, 8, 1.599320465794531
41, 10, 1.075488717346724
38, 11, 0.1563365300107653
13, 16, 0.1215814892452338
50, 6, -0.1670131034882657
26, 14, 0.1653842461140449
1, 17, -0.6640717533589048
53, 4, -0.7892482116161231
56, 1, -1.420575464048031
2, 17, -3.159188749600275
44, 9, -0.9671306309139818
31, 13, -1.326981077454292
35, 12, -1.187875544229423
21, 15, -0.6732734825259969
14, 16, -0.01486431063918062
52, 5, 1.740766823525527
3, 17, 1.394173907435057
57, 0, -0.8028110329139237
27, 14, 0.2349478702850196
4, 17, -0.05561911007165623
39, 11, 1.160198596472161
15, 16, 1.915142790616417
49, 7, -3.750141197594036
42, 10, 0.4908185588860202
55, 3, -1.234853565484429
47, 8, -1.6280330719008
22, 15, -1.236468685022668
5, 17, -1.545240248460928
56, 2, -0.4244869640293894
32, 13, -1.541171777636625
51, 6, -2.70592537175743
54, 4, -0.09640280555692225
36, 12, -2.986854232353191
57, 1, -0.1703795748899141
6, 17, -0.4184570839522544
45, 9, -0.8563191400265554
16, 16, 1.261054544175088
28, 14, 0.5999971338642169
7, 17, -0.6438516522716332
53, 5, 1.268279016576287
23, 15, 1.579584287069492
58, 0, -2.5404578670314
40, 11, -1.385612472513125
33, 13, -1.807581843322792
17, 16, -1.672888454386111
8, 17, -0.9493317490001237
43, 10, -0.7042906189679834
50, 7, -0.9773309149340872
48, 8, -2.825000965238889
37, 12, -4.36676376811319
56, 3, 1.718436175868068
29, 14, 1.529412097172103
57, 2, 2.465106609801644
24, 15, 1.994094090773118
52, 6, 0.9277039536181909
9, 17, 0.5738368149490021
55, 4, -1.021086737583668
46, 9, -0.9500749621876563
18, 16, -0.6860349429357451
58, 1, -1.308461013702595
10, 17, -1.472431424951615
34, 13, 2.074934811673523
54, 5, -0.170021527516093
41, 11, 3.274987848521858
25, 15, -0.2697581625256284
44, 10, -0.1424464469987269
30, 14, -0.2306893383055617
59, 0, 1.611570953008409
19, 16, 0.6682030381536866
-9, 18, 4.365340216521458
-8, 18, -0.3612537642559416
38, 12, -0.2326209303605633
11, 17, -2.529000111755671
-7, 18, -2.862360669061647
-6, 18, 1.306837994742579
51, 7, -0.3053027770420548
49, 8, -0.3380409482004995
-5, 18, -0.6277840780839123
-4, 18, 0.6528588290643765
57, 3, -3.951116964141744
-3, 18, -4.291658979933811
53, 6, -0.3210449610714063
47, 9, -0.4689015649782681
58, 2, 0.09937724473269138
12, 17, -0.9533142711006051
-2, 18, 0.563321832380502
56, 4, -0.002878677529003994
20, 16, -0.3258628178412448
35, 13, 0.3309869181319612
26, 15, -0.6317081092396079
-1, 18, 1.799897953213561
59, 1, 2.730106285912223
31, 14, 2.788864768331364
42, 11, 1.500283400812249
0, 18, -1.677479824751185
13, 17, -4.395797307509805
39, 12, -0.6301087422634656
55, 5, 1.437177365314779
45, 10, 1.481504833447119
1, 18, -0.4560482221974666
21, 16, 1.445798774480603
60, 0, 3.539083733785277
2, 18, -0.5681100388323046
50, 8, -0.8188760080128963
52, 7, -1.02494264384477
27, 15, 0.9311830610585156
14, 17, -1.49177951064378
36, 13, -0.887091820150546
48, 9, 0.9915799231753381
3, 18, 0.974169858099973
32, 14, 0.7052060422317373
54, 6, -0.6435930320527958
58, 3, 2.483091388780241
59, 2, 2.270620441573314
4, 18, -2.193595609740959
22, 16, -2.196626495320658
57, 4, 0.6405097178210482
43, 11, 0.9775557179997658
15, 17, -1.198622722545196
40, 12, 0.9422483395028443
60, 1, 0.1303850463642894
46, 10, -1.674160602716748
28, 15, -0.6858622446247347
5, 18, -0.8885959970808269
56, 5, 0.7964316221620585
33, 14, 1.163142096546023
16, 17, 1.118242620537007
6, 18, 1.539866088221118
37, 13, -0.06332162551039165
51, 8, -0.2049448839000327
23, 16, -0.2987905666530783
53, 7, 0.6668167491851078
61, 0, 2.450324410032318
49, 9, 1.794751034198565
7, 18, -0.4753604853704195
55, 6, 0.6323269243408453
44, 11, 0.02530406937362491
29, 15, 0.5746132364114813
59, 3, -0.5629527904450993
41, 12, -0.4586043164393432
17, 17, 0.1050735026516696
60, 2, 0.1556499042458448
8, 18, 2.120617715607247
58, 4, 2.320412392466617
24, 16, -0.4347946486403035
47, 10, -1.013324896340173
34, 14, 0.6720165896010591
61, 1, -1.883450530380829
38, 13, -2.050656352046185
9, 18, -0.06566391209205882
57, 5, -0.8744856197552845
18, 17, -0.6999543567825217
52, 8, 1.039397941539586
30, 15, 2.102415244196914
54, 7, 0.6585754193229735
50, 9, -0.6915402896137238
25, 16, -0.9307208614075803
10, 18, 1.256065940086022
62, 0, -0.4352672661934233
45, 11, 1.594325366162464
42, 12, 1.987480959198161
19, 17, 0.1217656030626592
56, 6, -2.785915598209237
35, 14, 2.12247071854164
60, 3, -0.1245748714082652
-9, 19, -2.211668599295708
11, 18, 3.233739862247723
-8, 19, 3.12933235975091
48, 10, 0.8235938081277459
-7, 19, -0.3798959990763355
61, 2, -0.2245118233406956
39, 13, -0.8053648880428151
59, 4, -1.543509164859508
-6, 19, -1.727699536959915
-5, 19, -1.263213994282625
31, 15, -1.008225111025252
26, 16, -0.07084695530586471
-4, 19, 0.06790010988920706
62, 1, -0.2326776003518875
20, 17, -1.685127594064298
-3, 19, 0.1999399524840839
12, 18, -0.9306818292492675
58, 5, 0.1620095448503346
53, 8, 1.16877818687535
-2, 19, 1.571846977945378
55, 7, 1.661543403892658
43, 12, 1.724820783859805
51, 9, 0.07749198243498361
-1, 19, 3.863545309611943
46, 11, 3.960153655499142
36, 14, -3.060222249465557
13, 18, 1.529892490419869
63, 0, -1.15556492557523
0, 19, 3.930436076356522
21, 17, -1.282133643413099
27, 16, -1.332344985586935
40, 13, -0.6869525497692807
32, 15, 0.08781212373394404
57, 6, -0.2988436193824963
49, 10, -0.09651772491460059
1, 19, -0.07767268269516452
61, 3, -1.71699161956849
14, 18, 1.211723866414645
62, 2, 1.171141778462318
2, 19, 1.546206916746188
60, 4, 1.871560807118937
3, 19, -0.4854238208707005
22, 17, -0.5420422424878942
63, 1, 0.3170404709417811
37, 14, 0.300034478806318
44, 12, -1.12409321980039
28, 16, -0.7146153828815027
59, 5, 1.659636538724064
54, 8, -0.6534421519022645
47, 11, 1.454775398837798
33, 15, 2.427385893401746
15, 18, 2.551971864756401
4, 19, -0.1161645582595987
52, 9, 0.3853042925988904
56, 7, 3.526297656882787
41, 13, 2.119309951146008
5, 19, 0.7589338705858031
64, 0, 1.057063269279451
23, 17, 0.7231369323261149
50, 10, -2.464623433115804
58, 6, 0.2240353078832143
16, 18, 0.2856903435795103
29, 16, -0.2801903163681051
6, 19, -0.2296382586669122
62, 3, 1.684779535851497
38, 14, -1.110126485284919
63, 2, -2.436951282789008
61, 4, -0.7035409799202325
34, 15, -0.6504632181244558
45, 12, -1.245558862860246
7, 19, -3.027626328099859
17, 18, -0.2140596502137122
48, 11, -2.81554985334168
24, 17, -3.197702344035235
55, 8, -1.015083162802614
42, 13, -0.7651031978517601
64, 1, 4.999553634583001
60, 5, -0.3051657024683215
53, 9, -1.952197864629357
57, 7, -2.786798204025384
8, 19, -2.874952048951648
30, 16, -0.6077977393609091
51, 10, 2.207867753137519
18, 18, -1.814188084720851
39, 14, 1.613433924293744
9, 19, 1.614456407404355
65, 0, 1.737458828173876
35, 15, 0.6023220946906782
25, 17, 1.452625317465271
59, 6, -1.178312363248016
46, 12, 2.084278310398774
63, 3, -4.760378173038903
10, 19, -0.2202462375604362
43, 13, 0.5254418793118706
19, 18, 0.1263790692549736
64, 2, 2.182054372651222
62, 4, 2.486723548430612
49, 11, -0.2764789574305381
31, 16, 1.479530759388392
56, 8, -2.958961753441294
54, 9, 3.362902308860454
26, 17, -2.965896054247243
-10, 20, 0.7171967362414933
65, 1, 1.820347184256257
61, 5, 1.951025361431515
11, 19, 1.947029541514103
-9, 20, 2.048242068842629
-8, 20, -2.540785458747333
58, 7, -0.09645492942343034
-7, 20, 0.02147065293108967
36, 15, -2.587161004166644
40, 14, -1.428370502496481
-6, 20, -1.292079338720269
52, 10, -0.3011879228012111
20, 18, -0.6043787053702194
-5, 20, -0.1144660581964245
-4, 20, 1.931880457378152
12, 19, 4.220719038420116
-3, 20, -0.7830362934393704
32, 16, 0.06556887399218175
66, 0, -5.221110430310776
60, 6, -1.71382672275509
47, 12, 1.179236159884371
-2, 20, -0.2955685023453541
44, 13, -0.9027067659443263
27, 17, -1.176391919035273
50, 11, -0.3621326024423222
-1, 20, -0.3531128684002747
21, 18, -2.268139578523745
64, 3, -0.8411000422900577
13, 19, -0.8788840156801105
63, 4, 1.210052942711002
65, 2, -2.443560712460541
37, 15, -2.417233262665349
0, 20, 3.286292014172284
57, 8, 2.681238374525045
55, 9, 2.86820604994059
41, 14, 2.833152386323895
1, 20, -2.142687248183403
62, 5, -6.177019966019539
66, 1, 0.3297539053717499
59, 7, 0.8870977037405559
33, 16, 0.528860895839901
14, 19, 0.9257066046543658
53, 10, 1.0879455511546
28, 17, 0.6975283252105191
22, 18, 0.7502314020609063
2, 20, 0.8592341051704082
48, 12, 2.260319238449656
45, 13, -0.2572688424793155
3, 20, -0.2003838409603637
15, 19, -2.852316397712324
61, 6, -0.06562826200094332
67, 0, 4.447908902546466
38, 15, 2.807259438852753
51, 11, -0.6122268135817348
4, 20, -2.05641872766
23, 18, -0.6834527316536725
42, 14, 1.31078377295626
29, 17, 1.255058859712888
34, 16, 0.98267223509271
65, 3, 1.807307145496734
5, 20, 1.201608170297435
64, 4, -2.891679585920933
56, 9, 1.192918576831012
16, 19, 0.8172353801406552
66, 2, -1.275190309069779
58, 8, -1.37603767288251
54, 10, -0.6648879749755481
6, 20, -0.2445248129505249
63, 5, 0.9449766557834103
60, 7, 0.9671758365794161
67, 1, -1.412912001489568
24, 18, 0.03321136076886103
49, 12, -1.036773192897386
46, 13, -0.8103969632754132
39, 15, 0.9517258705530574
17, 19, 0.6679722968293791
30, 17, 0.9192012640291389
7, 20, 0.9487427246757593
35, 16, 1.374503905081664
52, 11, -0.6907924792125079
43, 14, -0.9309806903489091
62, 6, -0.5220270719574037
68, 0, 1.393654523367713
8, 20, 0.4714386602486206
18, 19, -0.333534399373392
25, 18, -0.9559123927021972
66, 3, -0.4597298163182965
57, 9, -0.547150945695086
59, 8, -1.261523905401628
65, 4, -0.5262344273063783
9, 20, -0.543160742450749
67, 2, 0.8274521820179374
31, 17, 0.9431544555251649
55, 10, -0.1556526596923997
40, 15, -0.1547641987025593
47, 13, -1.318061120996316
50, 12, 1.070616898805564
61, 7, -1.090746883299483
36, 16, -3.299705443284245
64, 5, -1.251884500030921
19, 19, 1.317158706814257
10, 20, 0.3363352792832286
68, 1, -1.120783385214763
44, 14, 1.948968161951834
26, 18, 1.991864318420738
53, 11, -3.276804959037991
11, 20, -0.5269034963034643
-10, 21, -0.8008551197218066
63, 6, 1.648169905622344
-9, 21, 1.792368943367164
32, 17, 1.117156175943791
-8, 21, 0.9275068779616026
20, 19, 1.569270708814497
-7, 21, -4.293369298693694
69, 0, -2.167076779972848
-6, 21, -2.142189174967965
41, 15, -0.6565021934424535
-5, 21, -0.7196691412939912
58, 9, -1.834262713100803
37, 16, -1.481924063377482
27, 18, -1.869900959594184
-4, 21, 0.7559591285190845
60, 8, -1.96560839988314
12, 20, -1.84736392676618
48, 13, 2.583432990214654
67, 3, 1.990892620872025
66, 4, 0.3894583392850513
56, 10, 0.4009975769120419
51, 12, 1.172424078721132
-3, 21, 1.423880176066983
68, 2, -0.2794296113120538
45, 14, -0.1166295210997616
21, 19, 0.1327371021531149
-2, 21, 1.061806331908452
62, 7, 2.258743769972751
65, 5, 0.7691354974536461
33, 17, 0.05747098498811872
13, 20, -0.2343161260256086
-1, 21, -1.55680303589004
69, 1, -1.088340229659851
54, 11, -0.9711080982919361
0, 21, 2.877925708748859
28, 18, -0.002109543736491714
38, 16, -0.6762163996538112
42, 15, -2.040689367605855
22, 19, -1.151428542740189
1, 21, -0.7612130638722275
64, 6, -0.6698536463687023
14, 20, -0.7299676425242624
49, 13, -1.599125765516362
2, 21, -1.157940382026178
70, 0, -1.765953735927575
59, 9, -0.001187489823083372
52, 12, 2.489268393285039
61, 8, 1.329016230627823
34, 17, 3.06281358504059
46, 14, 0.4265866706466779
57, 10, -0.9917443915583921
3, 21, 0.3261778126021108
15, 20, -0.830642081546802
68, 3, -0.1867164439018446
29, 18, -0.2910938154091428
67, 4, 2.527901327392633
23, 19, -1.081224405525362
69, 2, 2.079363497677342
63, 7, -3.846498492436647
4, 21, 2.845143092534065
66, 5, 0.5821904001165168
55, 11, 0.7490320470188917
39, 16, 0.4877061629881212
43, 15, 2.324651888846058
16, 20, 0.1145952670852895
70, 1, -1.262784340509753
5, 21, -1.567351439887427
35, 17, 2.655730894095947
24, 19, -2.765766043696418
30, 18, 1.628000945282749
50, 13, 0.5882817268552772
65, 6, -1.747775934818952
6, 21, 1.809023756683772
47, 14, -4.175807966389639
53, 12, 0.5260672707538316
17, 20, 0.3677128666868278
60, 9, -0.9767784353931219
71, 0, 1.293689153509162
62, 8, 0.8109574340524967
58, 10, 0.8998509650442896
7, 21, 4.375771185779047
40, 16, 0.8672159777081826
69, 3, 1.55776449243751
44, 15, 1.384482286145416
25, 19, 1.22326352167418
68, 4, 1.73150903797215
64, 7, -0.02423302926124246
56, 11, -0.4283085792716805
31, 18, 0.00231712820744184
8, 21, 0.2331964097177945
70, 2, -0.6654779707647871
18, 20, -0.8017234268979759
36, 17, -0.2801690002063502
67, 5, 2.062461812824628
9, 21, -0.9653204949340292
71, 1, -0.7381588494616277
51, 13, -0.6696535560000679
48, 14, 2.450521497170649
26, 19, 3.128442465723145
19, 20, 3.031741271048192
66, 6, -3.293709126625872
54, 12, -3.372903179501632
41, 16, 1.470384346673786
61, 9, -0.08987569106490614
10, 21, -0.2932225405228797
32, 18, -2.927703520237182
59, 10, 0.6480788794446917
45, 15, -0.7421567355237866
63, 8, -0.7347568219317033
37, 17, -0.6849309366222224
72, 0, -1.734976680551573
20, 20, 2.425363525990782
11, 21, -0.6894197810247081
-11, 22, -2.50276313139368
-10, 22, -0.161605793496217
57, 11, 0.9377460179829719
-9, 22, 0.7360125601547285
70, 3, -0.2935488040066598
-8, 22, -0.6139946389739454
69, 4, 1.189081265659427
27, 19, 1.07160758502939
65, 7, 0.1472662548605201
-7, 22, 0.1292879037291869
71, 2, -0.1592644110641988
-6, 22, -0.4438837836056677
-5, 22, 1.142362776932047
68, 5, 1.166759481643513
52, 13, 0.7607701045328921
49, 14, -1.766386266660979
33, 18, -1.843586079149978
12, 21, -1.946943707684226
42, 16, -0.8270586392954316
-4, 22, -0.6725664493321573
21, 20, -0.5295130318951204
-3, 22, -1.939529571799251
72, 1, -2.171717338695171
55, 12, -0.6098046645571207
38, 17, -0.8854160887390933
46, 15, 2.205662184785851
-2, 22, -0.4315537642426537
67, 6, -2.169390726569186
28, 19, -1.793247007604073
62, 9, -2.536663817777361
13, 21, -3.178578171397209
60, 10, -0.7017630560518859
-1, 22, 0.2150793388671887
64, 8, -0.9968029619657605
0, 22, -1.469722138583945
22, 20, -0.1932083714751405
73, 0, -2.760476677724143
34, 18, 0.876900731686723
58, 11, 2.003222800901917
14, 21, 2.17155568557867
1, 22, -1.717051803532003
71, 3, 3.267208929688827
43, 16, 2.934564848697689
70, 4, 0.2210829167962857
50, 14, -0.05595660004186857
66, 7, -3.482061799915923
53, 13, -3.579146865583103
39, 17, -0.8012386035204142
29, 19, -0.8102631461161079
72, 2, -1.039097364733645
2, 22, -1.305810042381482
69, 5, -0.6874462798874293
47, 15, -1.788054885271382
23, 20, -2.149005220164458
15, 21, 1.303540925210029
56, 12, -2.841844990940771
3, 22, -0.9901786925393984
73, 1, 2.699094102046172
35, 18, -2.396742386331334
63, 9, 2.344570430007737
68, 6, 0.122153844750719
4, 22, 0.3017801484525895
61, 10, 2.473562571132596
30, 19, -1.366050921332163
16, 21, 3.363432778002556
65, 8, -3.310798084937136
44, 16, 1.151266088878894
24, 20, 1.108793362181432
40, 17, -3.691066369832284
5, 22, -4.168520018577665
59, 11, 1.338101457766882
51, 14, 3.974592701322589
74, 0, -2.372570326750878
54, 13, -0.4694636464582712
6, 22, -1.514526950374546
67, 7, -0.8857964012674139
17, 21, -1.073512448160201
72, 3, -0.7853454109043555
48, 15, -0.641143077245049
71, 4, -1.014372766081427
36, 18, 2.793391468374686
57, 12, 1.268003785362712
73, 2, 0.1401589021247386
31, 19, 0.9074917661371195
70, 5, -0.2361798828499437
25, 20, -0.2061235973675039
7, 22, 2.146056757024347
18, 21, -0.07271351404313874
41, 17, -1.241332323558063
74, 1, -2.231623489878039
45, 16, -2.132948085028957
64, 9, -0.7152279094257326
62, 10, 1.703362920225157
8, 22, 1.43498079100975
69, 6, -0.5356605260461822
66, 8, -1.054372860869508
52, 14, -1.423120755966381
60, 11, -1.829258639486044
26, 20, -0.6736326554375173
55, 13, 1.851112748619608
37, 18, 1.891545157632311
32, 19, -0.569031265611708
9, 22, -0.9928119821252456
49, 15, -0.005132344066366546
19, 21, 0.3961616471999398
75, 0, 1.457672267432263
68, 7, 0.3403256483113006
58, 12, -0.570354828564398
10, 22, -1.208574011134213
73, 3, 2.003397102316594
72, 4, 0.1115776406804305
42, 17, -0.8144997994702482
74, 2, 0.02620188516921118
46, 16, -0.05528737260313252
27, 20, 0.582517869174349
71, 5, 0.4659891260083446
20, 21, 0.4619541581711847
33, 19, 0.02621602418935058
11, 22, -0.8782385240878129
-11, 23, 0.3076671760485726
-10, 23, -1.392953161354951
38, 18, 1.110893625266781
-9, 23, 0.9467054017774434
-8, 23, 0.5245179071574054
63, 10, 0.4707258604507286
65, 9, -2.145095904738604
53, 14, -0.02285095088731958
-7, 23, -0.1105830238140433
75, 1, 1.226482797387688
70, 6, 0.7227924043685254
-6, 23, 3.387864045291915
61, 11, 2.157781575882167
56, 13, 1.801988437336583
50, 15, 1.347602407299263
67, 8, -1.127534597837097
-5, 23, -0.6448387992725155
12, 22, 2.473528574362745
21, 21, 1.469186687131299
-4, 23, 1.423286049704015
28, 20, 1.363102898579385
43, 17, -1.323187201412256
-3, 23, -1.227504064925661
59, 12, -0.1331348839548416
34, 19, 0.2836901956682262
76, 0, 2.079791480888686
47, 16, -0.7825390391892763
-2, 23, -0.6865756501741145
13, 22, -1.800073590816994
69, 7, -0.3740501336876684
39, 18, -0.5321978688502119
74, 3, -0.7915042672556675
73, 4, -0.6466288088748949
22, 21, -0.7684722587254135
-1, 23, -0.7161421136722613
75, 2, 0.9954776541243415
72, 5, 1.076553658750079
0, 23, 3.554589114240648
29, 20, 1.996804276176668
54, 14, 0.08700672226041306
14, 22, -0.1439069167359569
64, 10, -1.010602416652533
66, 9, 0.06320678172027601
51, 15, -0.1125927857621626
1, 23, -3.061589536067348
57, 13, 1.171957209230496
62, 11, 0.0593968402586279
35, 19, 2.084140376237689
76, 1, 1.080231622238745
71, 6, 1.062851999056564
44, 17, 1.415986139618486
23, 21, 1.192249831778471
2, 23, -0.8442820280451052
68, 8, -0.09385221363322285
15, 22, -1.191978352670735
40, 18, -0.05665417099278389
48, 16, -2.61672147013507
3, 23, -1.308745976178669
30, 20, -0.1727261777500876
60, 12, 2.260586139842716
4, 23, 1.709960222221721
77, 0, 3.050367488950359
70, 7, 0.2829374507693561
24, 21, -0.3720348856992666
16, 22, 2.540026888884518
74, 4, -2.170094852822801
75, 3, -0.998215758486686
55, 14, -0.9733090736912822
36, 19, -0.9158538860367521
5, 23, 2.140559226991145
52, 15, 2.236535450802208
73, 5, 1.200200459957698
45, 17, 1.021616039365045
76, 2, 0.2249625483585335
65, 10, 0.6224114951344838
58, 13, -2.335251194727827
31, 20, 0.04478408072451828
67, 9, 0.1350761521317718
41, 18, 0.4964776021873587
17, 22, 0.8607037699749911
6, 23, -0.5331211376550927
63, 11, -0.3481221138373653
49, 16, 0.3985963794797007
25, 21, -0.1705261394379779
72, 6, 0.1138313703148797
77, 1, -0.3824903579378181
69, 8, -0.549649810506928
7, 23, 0.4111512803955674
61, 12, -0.8885646835957929
37, 19, -0.1311811599803043
18, 22, 1.142106692024132
32, 20, 0.341186932542191
8, 23, -0.7575820943687318
26, 21, -3.493874081486543
56, 14, 0.4425723057261255
71, 7, -1.479726138755477
46, 17, -1.506442280905707
53, 15, -1.169087043638999
78, 0, -2.275353399613783
42, 18, 0.8681648210395809
75, 4, -0.09145557624245278
76, 3, 1.933802765180592
19, 22, 1.7324337071573
59, 13, -1.490783526134633
9, 23, -1.347932924396501
66, 10, -0.1483716986706538
50, 16, 0.2380958576748275
74, 5, -1.376869324113203
77, 2, 4.089791578090228
68, 9, 3.757027264699591
64, 11, 0.4314918325081434
38, 19, 2.634397882810628
27, 21, 1.009956216474628
33, 20, -0.6047095343328724
10, 23, -0.503247517236863
73, 6, 2.39317342975146
70, 8, -0.5880943697755413
20, 22, -0.9153559581818284
62, 12, -0.116057499663295
78, 1, 2.445895296951591
47, 17, -1.053598801274444
43, 18, -1.222742861868252
-12, 24, -1.284734417734139
11, 23, -1.613127027004537
-11, 24, -1.385791378374024
-10, 24, 2.120777570796025
54, 15, 0.318201542434036
-9, 24, 0.270485088302755
57, 14, -3.496951103356285
-8, 24, 0.4660552346452073
-7, 24, -0.569574413275866
28, 21, -2.912614102717506
72, 7, -0.1958696722550252
21, 22, -0.4748736652259779
-6, 24, 0.6155609123290345
51, 16, -0.6679635701259756
39, 19, -0.9489433183200033
34, 20, -0.6511220146721292
60, 13, 1.263931305228359
12, 23, 0.9576623975204291
79, 0, -0.02546655479714081
-5, 24, -1.163070413382877
-4, 24, 0.878230172827569
76, 4, 1.10614947366844
77, 3, 0.4297970446249867
67, 10, 1.009846175074089
65, 11, -0.1409234160168027
-3, 24, 2.551289684253818
69, 9, 2.535885594373561
75, 5, 0.7801689375200084
78, 2, 0.05870210708587426
13, 23, -2.34833827203474
44, 18, -1.685711958775019
22, 22, -3.418575823372596
-2, 24, -1.754421460354296
48, 17, -0.1276647452263072
29, 21, 1.812821967036775
63, 12, 2.713416531143398
-1, 24, 0.6321895789064264
71, 8, 0.6023383289869484
74, 6, 0.09008673372417349
55, 15, -2.199394340056218
35, 20, -1.898822489974569
79, 1, -1.509622790943539
40, 19, -1.104306080472384
58, 14, 0.1599200124360539
0, 24, -3.890049174712011
14, 23, 2.703917287782658
52, 16, -1.333435947958711
23, 22, -1.993465384534959
1, 24, 0.8908420152544273
61, 13, 0.6770478295178838
73, 7, 1.298923728067398
30, 21, -0.4990414902432801
2, 24, -2.135311245255057
15, 23, 1.515505457591069
45, 18, 1.397254420822614
80, 0, 3.04226674697825
68, 10, -0.2916931652213183
77, 4, 0.3188950655123863
66, 11, -0.6545818142755131
49, 17, 0.5112409338808096
36, 20, -0.6654036228442394
3, 24, 0.9931688247113032
78, 3, 0.8992140828784853
70, 9, -1.141793773812747
24, 22, 2.256737038544346
76, 5, -2.549273321904912
41, 19, -3.020282449074428
79, 2, -2.003785972570943
16, 23, -2.032605502634826
4, 24, 1.377576459554309
64, 12, 1.380518301432937
56, 15, -0.09621810825820162
59, 14, -3.147215209247859
31, 21, -2.834337589515691
72, 8, -1.188796979406737
75, 6, -1.587752426874078
53, 16, 2.420882133780612
5, 24, 2.537667608265124
80, 1, 2.263952268302567
25, 22, 3.130094648824123
17, 23, 3.173329468581674
46, 18, 0.724498025241855
62, 13, -0.08459553240593976
37, 20, -0.268299783398007
6, 24, 0.9238656807914664
50, 17, -0.3118154708114433
74, 7, 0.08782983285683466
42, 19, -0.2642633093670174
32, 21, 0.3863059986382084
69, 10, 0.9295057330780048
7, 24, 2.516031243641698
67, 11, 0.2374555537407359
18, 23, -0.1729091402716838
81, 0, -2.571638778743787
71, 9, -0.4525979060748235
78, 4, -0.5429719733960153
26, 22, -0.2701416534376856
79, 3, -2.444344330727296
57, 15, -5.323520065187009
77, 5, 1.10102057790932
65, 12, 0.9345162665437591
8, 24, 0.94450507877614
60, 14, 0.6880583815226303
54, 16, 1.189785100130177
80, 2, -1.354117457083876
38, 20, -1.66217703840599
73, 8, 0.9347708395024265
19, 23, 1.067015959203824
47, 18, -0.4708294055693567
76, 6, -1.165580288451937
9, 24, -1.418338098747991
33, 21, -1.384855358622026
43, 19, 1.90739766194723
63, 13, 4.52433320966239
51, 17, 3.894674865567892
27, 22, 4.54006738805053
81, 1, 0.7498353995979387
10, 24, 1.596774165976454
20, 23, -1.456830966733751
75, 7, 0.06579039131670097
70, 10, -0.5263008466954046
39, 20, 0.0333596198959414
68, 11, -0.4611765136748041
58, 15, -0.303468109437896
-12, 25, 1.882292332966113
55, 16, -0.364046625213871
34, 21, -0.7257946707028111
11, 24, -0.650728993886582
-11, 25, -0.4715046114638002
72, 9, 1.992352916303361
82, 0, -0.9198730906571514
28, 22, 0.9492314371115506
-10, 25, -0.4166876545166913
-9, 25, 1.612138378026464
61, 14, 1.95728858859898
66, 12, -1.919359437449682
48, 18, -1.492790012883375
79, 4, -0.1975628399134861
80, 3, -0.8439428519572033
-8, 25, -0.993492485691157
44, 19, -0.08929192441023226
21, 23, 0.3838991463103805
78, 5, -0.3900650321682912
-7, 25, -0.5385770534057699
-6, 25, -0.3846004364524824
81, 2, 2.895812282383242
52, 17, 4.033392372406977
12, 24, -0.6207253992340009
74, 8, -0.200626185145382
-5, 25, 0.8256112565332624
77, 6, 4.225716052666331
64, 13, 3.957318873798404
-4, 25, 1.816872862274886
40, 20, -0.1972194128919275
29, 22, 2.242941975687826
22, 23, 2.345420023130948
-3, 25, 2.427074179994895
35, 21, 1.472690133103954
13, 24, 0.7090934069871206
82, 1, 0.6500314953913667
-2, 25, 2.262945531208894
59, 15, -2.291287266924399
76, 7, -0.174405542817965
49, 18, -0.4144671791951942
56, 16, 2.101299247365421
71, 10, 0.47876744368718
69, 11, 0.4614452423398349
45, 19, 0.01607445617857917
-1, 25, -0.1771677190392739
62, 14, 0.08986604571286423
14, 24, 0.8540848421289937
0, 25, 0.1436503444583787
73, 9, 0.2847595567025023
67, 12, 0.3424895834740423
23, 23, 1.357080534454398
30, 22, -0.5830694750986808
83, 0, 0.8552346231832729
53, 17, -0.4480421748537429
80, 4, -1.443241858661012
1, 25, -3.756225642639138
41, 20, -4.409152482435681
81, 3, -0.4038762269642486
36, 21, -0.3246722076716441
79, 5, -2.251659984654921
15, 24, 2.384501116505572
75, 8, 0.4026811227648283
65, 13, 0.6447926565741382
2, 25, 0.7084764973507922
82, 2, -0.5055515574671967
24, 23, -2.563686814365844
78, 6, -2.85823096144153
3, 25, -2.024928280663182
46, 19, -0.1022643453179181
50, 18, -1.577213186874838
31, 22, -1.382690615433254
60, 15, 1.199803320967082
16, 24, 1.983539612823769
57, 16, 1.435795897345769
83, 1, -1.988421238740225
4, 25, -0.9504230608598542
37, 21, -0.2368719054198984
70, 11, -0.2099672937351784
72, 10, -1.565418166481334
42, 20, -1.357327165114321
77, 7, 1.206595430731968
63, 14, 1.209413618807651
54, 17, -0.1828660788381083
25, 23, 0.5494335986565401
68, 12, 1.441106124071077
5, 25, 1.037681574048646
17, 24, -0.1627902680189373
74, 9, -0.3504082088542158
32, 22, 2.213500972514029
84, 0, -0.5834183050776884
6, 25, 1.057187507214306
81, 4, 0.9509296737873172
82, 3, 1.871490992707218
66, 13, -0.4033639357665462
47, 19, -0.3449566198075966
80, 5, -0.6969116875011062
51, 18, -2.176594267637557
76, 8, -3.024708839737931
18, 24, 0.5857948435218162
38, 21, -0.1988426921363373
26, 23, 0.07383664210811137
83, 2, 1.702730952785988
7, 25, 0.51639690031201
58, 16, -2.178743188203831
43, 20, 1.270793076165003
79, 6, 0.3141417018475992
61, 15, -0.1257124764711257
8, 25, 0.4239831777892888
55, 17, 0.2973689748307302
33, 22, -3.107353574440878
64, 14, -0.07378819682165801
84, 1, 3.060111693248913
71, 11, -2.150077288392001
19, 24, -2.30530521608417
73, 10, -0.02890342875045087
78, 7, 0.2393362006985834
27, 23, 0.3083495948110713
69, 12, 0.9203844236287907
9, 25, -3.706248001494345
48, 19, 0.06367822080607516
75, 9, 0.06430126620617736
39, 21, 0.1133232471621379
52, 18, -0.4611306735342555
44, 20, 0.1940610808417385
20, 24, 0.2633304360821513
67, 13, -1.972612137508265
85, 0, -1.635033411466855
10, 25, -1.977194234213361
82, 4, 1.313940969685798
34, 22, 1.302250712062395
83, 3, -2.378280590611882
81, 5, 1.446075708997477
59, 16, 1.448378373155744
28, 23, -2.141831428304878
77, 8, -1.876784561835504
62, 15, -1.500182125581952
56, 17, 0.5778476008514561
-13, 26, -0.1767454566919375
84, 2, -1.835014754896577
-12, 26, -2.271491002716878
11, 25, -0.6640531202763672
-11, 26, -1.136553693180557
-10, 26, 0.2218468297305123
80, 6, -0.2599997933678621
21, 24, -1.404241159475258
-9, 26, 0.7505596591336329
65, 14, -0.6298335532839193
40, 21, -0.5822709334262146
-8, 26, 0.4966769173579945
49, 19, -1.885130238245567
-7, 26, -2.120292726318796
72, 11, 2.571158465181286
74, 10, -0.3937550644528121
-6, 26, -0.08249871124692959
12, 25, -0.5369068927447443
35, 22, -0.4882497524666372
85, 1, 0.02677769748919091
70, 12, 0.6140822160191557
45, 20, -0.7932992140909784
53, 18, -0.5384441971129443
29, 23, -0.09720830000762103
-5, 26, 1.557769978659039
79, 7, -1.673729339588931
22, 24, 0.3610055638668088
-4, 26, 0.7021398006408835
76, 9, 1.250884287446525
68, 13, -1.894639901682968
-3, 26, -2.095473835398435
13, 25, -3.41796106649027
60, 16, -1.724233532400749
-2, 26, 0.3284464893126169
63, 15, 3.537091831796467
41, 21, -1.747884870101059
86, 0, -1.754280878248494
83, 4, -0.04121694088297743
57, 17, 0.06425904203494522
84, 3, -1.365554407497786
82, 5, 0.4553308628341131
30, 23, 0.3395141468918575
-1, 26, 1.458470724334431
78, 8, 0.9803557473185519
36, 22, 1.833858124768698
23, 24, -2.850728917119539
14, 25, 1.669284344509818
50, 19, 1.329192401639325
66, 14, -0.8810274125009606
46, 20, -0.661629782960639
0, 26, -2.143261218739464
85, 2, -2.788398863452032
81, 6, 2.463547972568665
54, 18, 4.155200546209283
73, 11, -0.1933976507775974
1, 26, 0.4360530219646028
75, 10, -1.1228286075996
15, 25, -1.443915337601323
71, 12, 0.7270293226552417
24, 24, -2.946621320916979
2, 26, -0.6744608941572493
86, 1, 3.644739907538603
31, 23, 3.787608826291596
42, 21, 1.220763955209527
80, 7, 0.4475022389528741
37, 22, 3.112122321602286
77, 9, 1.439244019935668
61, 16, 1.330424356493301
69, 13, 2.388990297443118
3, 26, -0.3629243348771275
58, 17, -1.733185184159205
64, 15, -1.019946082310376
16, 25, -0.7855724089660011
51, 19, 0.1402887451841177
47, 20, 1.465433232830361
4, 26, 1.090123304479108
25, 24, 0.09257156882381183
84, 4, 1.74344120669098
87, 0, 0.485917694852019
79, 8, 3.418334034949749
85, 3, -0.09270413404505878
83, 5, 0.2680047747057655
55, 18, 0.2121588503215708
32, 23, -0.1879827861423683
67, 14, 0.1149754201659765
17, 25, 1.540327635119227
5, 26, 1.311513305938615
43, 21, 0.3162849060699517
38, 22, 0.9866398661266352
86, 2, -0.01228881073017369
82, 6, 0.5030955598624414
74, 11, 0.368046349093406
6, 26, 0.03297098216453321
72, 12, 1.485754433022426
76, 10, 0.9248119883001962
26, 24, 1.457961577871902
18, 25, -0.4360542438240733
62, 16, 1.24827935874585
59, 17, -0.2412143781474266
52, 19, -0.03493910013974776
48, 20, -0.3811267095515557
7, 26, -1.560387635580895
87, 1, -1.401831691903593
81, 7, -0.793819038892747
33, 23, -0.9991048781645573
70, 13, -1.54562816164984
65, 15, -0.5609625503340899
78, 9, 1.099938309979142
39, 22, -1.826573772708808
8, 26, -0.2777346978612753
56, 18, 0.8386814056920447
44, 21, 2.870317804744118
19, 25, 3.247713905214817
27, 24, -1.012786492112585
68, 14, 1.887320809794899
85, 4, -0.6699066521657941
88, 0, -0.367509779689528
80, 8, -1.565815013189122
84, 5, -1.317278292182558
9, 26, -0.8975368483436841
86, 3, 2.904696328176415
34, 23, -1.189453613713809
20, 25, 0.8932719082829343
75, 11, -0.1049516533286743
49, 20, 0.381030218718403
83, 6, -5.605458901907951
87, 2, 1.049984089988325
53, 19, 0.3374823328209368
73, 12, -3.224551542960541
28, 24, 0.6971159071598175
63, 16, 0.877336123044166
10, 26, -1.520712852315126
77, 10, 2.366367798562384
60, 17, 2.896712290438209
40, 22, 0.9179501788790494
66, 15, -2.788376867368805
45, 21, -2.989015914624091
71, 13, 0.7379391674290314
82, 7, 0.6605369446745256
-13, 27, 0.7193512290507571
57, 18, 0.376630464718718
-12, 27, 1.056071003194974
21, 25, 0.6363451172756067
88, 1, -1.340575410855779
79, 9, -1.777898520961115
11, 26, -1.087575155454417
-11, 27, -2.050161323740057
35, 23, -1.020998116050951
-10, 27, -1.061945464810269
-9, 27, -1.84731542390886
-8, 27, 3.780281963900385
29, 24, 1.542378563360469
-7, 27, -0.6614593118282884
69, 14, 0.9924173078138022
12, 26, 0.5914699620077325
-6, 27, -2.270338311292891
50, 20, 1.649355540747662
41, 22, 0.7238737530257777
22, 25, -2.486597416971428
-5, 27, -2.770580448213149
81, 8, -0.3661130583055224
54, 19, -0.2968153694634252
86, 4, -2.803691902918854
89, 0, 3.346743975404108
85, 5, 0.4752647470357949
-4, 27, 0.3451660028709385
87, 3, -1.254493371394628
46, 21, 1.976877497525653
64, 16, 1.039107605760065
61, 17, -2.346683359235582
76, 11, 0.1140877795788592
36, 23, -0.1910673882874659
13, 26, -0.7172266319674662
-3, 27, -3.027937824859157
74, 12, -0.2297773733643937
84, 6, -1.219591249517057
30, 24, -1.05452405604117
88, 2, -1.899308708563496
78, 10, -1.493744008712424
-2, 27, 0.5825748637183149
67, 15, 0.7772054943011645
58, 18, 0.1211498325181217
72, 13, -0.7938147327011299
23, 25, -1.209142927543704
-1, 27, 1.215099929047193
14, 26, -2.199446483353964
83, 7, -1.136277246195233
80, 9, -1.121180822203174
42, 22, 1.020468156041285
0, 27, 2.55993340607092
89, 1, 1.384168193200215
51, 20, 0.8857671401169132
70, 14, -0.7096458580711217
37, 23, 0.9334380417114262
55, 19, 1.896109576763513
31, 24, 2.297313259928313
1, 27, 0.3990171906104784
47, 21, 0.1091561471384733
24, 25, -1.986006467836117
15, 26, -1.365219453113895
62, 17, -0.5666071301588199
2, 27, -1.079426472839367
65, 16, -0.862481368186695
82, 8, -1.109739844061362
87, 4, 1.656544767626215
90, 0, -4.279223033790267
86, 5, 1.622563762347987
88, 3, 0.7677574885602545
77, 11, -0.3331635098123549
59, 18, 0.6486932353218169
16, 26, 0.2159527551173559
75, 12, -2.607469593532144
3, 27, -2.947713159719936
68, 15, -2.592928878705266
43, 22, -2.545872338905822
25, 25, 1.269261705864247
32, 24, -3.733669217815896
85, 6, -0.1920593186800531
79, 10, -0.9413031949114957
73, 13, 0.09645030277166383
38, 23, 0.5746411398035213
89, 2, 0.648360630369671
4, 27, 0.6130421991921085
52, 20, 1.202854007765711
48, 21, -1.3607278782806
17, 26, 0.6009877958964286
56, 19, -3.228974562692739
5, 27, 1.258474501319082
81, 9, 0.4203815393364296
84, 7, 3.630976044321579
71, 14, -0.5200367095865436
90, 1, -0.6698018994243502
26, 25, -0.4843722457414293
33, 24, 1.361842736044295
6, 27, 1.102564956005754
63, 17, 2.365820506131311
66, 16, 0.2918770581055517
44, 22, 1.483727499808597
18, 26, 0.1956522964366506
39, 23, 1.674908773599216
60, 18, -0.1753167704188705
83, 8, 0.5507194696306187
7, 27, 1.183956562173822
53, 20, -0.04976613562433293
69, 15, 0.5698722228719093
88, 4, -0.01322679518029903
76, 12, 0.436980012469118
78, 11, -1.359517644397982
87, 5, -0.3924865921572724
27, 25, -1.351862914556493
91, 0, -0.5403196607595773
49, 21, -2.121172468651693
89, 3, 2.535816729988325
19, 26, -1.754453559249783
74, 13, 0.6966342936773856
8, 27, 3.55516395264775
80, 10, -1.889833772879532
57, 19, 0.1817845577405168
86, 6, -0.8509246134208445
34, 24, -0.05978772991892536
90, 2, -0.543868925621165
45, 22, 0.4364535722659442
40, 23, 0.5002019127788052
9, 27, 1.318569346990021
72, 14, 0.8578228200069072
82, 9, -1.779108337402987
20, 26, -1.36776676291087
85, 7, -0.7614235297289514
28, 25, -0.565748742374271
64, 17, -3.324373276040429
67, 16, -1.333648977246387
91, 1, -1.068636084850002
61, 18, -1.914810871773201
10, 27, -2.361525838343045
54, 20, 0.4658774924660136
50, 21, 0.475614033341089
35, 24, 0.5309878670927931
21, 26, 0.4462208211866291
70, 15, 0.3575313672088683
-14, 28, 2.924908387111018
-13, 28, -0.9919966553319326
84, 8, -0.2029858927067686
-12, 28, -0.2456920052476254
77, 12, -0.3899175000886362
58, 19, -0.4378603289767903
11, 27, -0.1956763826007674
-11, 28, -0.6054902794446354
79, 11, 2.671299001105449
29, 25, 1.832156314366807
41, 23, -1.19096879549481
-10, 28, 1.2298135373067
46, 22, -0.007981840172774734
89, 4, 0.02262820841112462
-9, 28, -0.4599403688306869
88, 5, -1.076773404197271
75, 13, -1.967528719372345
92, 0, 2.868809110003259
-8, 28, 1.833161450135809
90, 3, 2.218654675145081
81, 10, -1.70309763102318
-7, 28, 2.48973485337382
87, 6, 0.7353385868745503
12, 27, 0.4491118946631819
22, 26, -0.2298258138704835
-6, 28, -0.7527670409797862
36, 24, 1.778738975316134
91, 2, -0.496590346928595
73, 14, -0.7521354779481708
65, 17, 3.031214979143127
-5, 28, 3.360909978294806
51, 21, -0.5234821877936415
62, 18, -0.006031192904727579
55, 20, 1.420178505973931
30, 25, 1.239778764161947
83, 9, -4.57055155766477
68, 16, 2.164121818309706
-4, 28, 1.487436125112981
86, 7, -1.136492550819858
13, 27, 1.887066122780432
42, 23, 0.80865278445199
-3, 28, 1.333397082826079
23, 26, -1.307176206219112
92, 1, 0.07385893688229075
47, 22, 0.4674780801008485
-2, 28, 1.560491322123939
59, 19, 0.231394904895218
71, 15, 1.984678864880413
37, 24, -0.3943209817341766
14, 27, -1.127051329215474
-1, 28, -1.102150416812793
78, 12, -3.444325786767794
85, 8, -1.502028379669448
80, 11, 2.634640880503844
31, 25, 2.442087098237656
76, 13, 1.427304995972295
0, 28, -1.231884163075451
90, 4, -0.913530662283878
24, 26, -0.675061593175969
89, 5, 3.107755929965839
82, 10, 2.043550769441584
52, 21, 2.985367545152391
93, 0, -1.608124554552381
15, 27, -0.8381773997525706
91, 3, 0.3968269739859338
1, 28, 0.6838073764166352
56, 20, 0.8682365182998094
66, 17, 0.8079936407214852
43, 23, 0.6568072987131774
63, 18, -0.7011113200240751
88, 6, 2.53665491944577
74, 14, 1.459108893490047
69, 16, -1.872219903931094
48, 22, 0.3171315534060573
2, 28, 1.361137897786693
92, 2, 0.05992259447418775
38, 24, -0.4096069449110462
32, 25, 1.226422650898004
84, 9, -0.8504225150940884
16, 27, -0.2726975614355994
60, 19, 0.8510960868447432
25, 26, 0.5764276970704973
87, 7, -2.174199445202613
3, 28, -0.735856181508164
72, 15, -1.423127783452166
4, 28, -0.1291869224705469
93, 1, -1.913650900797994
44, 23, -3.694849334769788
17, 27, -3.329554395884233
79, 12, -1.283672531117924
53, 21, -0.7276402950814157
81, 11, 0.3547449977453178
86, 8, 0.7616690961903835
26, 26, -1.215679520547952
77, 13, 0.693656854677266
57, 20, 0.1006070016609563
33, 25, -0.4544426822414139
5, 28, -0.1998205794958287
39, 24, -1.486621694897294
49, 22, -3.131088709239405
67, 17, 0.5317446413015599
64, 18, -0.2021886337926639
83, 10, 2.759617995514783
91, 4, -1.233858084167668
90, 5, 2.080075312815961
6, 28, 0.3608679152532921
18, 27, -1.981823334252024
75, 14, -1.571941910148134
94, 0, 0.3566417247213904
70, 16, 1.487597324074125
92, 3, 0.3027470561092264
89, 6, -2.622692992244647
61, 19, -2.415012429260247
27, 26, 0.5246985568509842
7, 28, 3.320956050008934
93, 2, -0.3113538449793248
45, 23, -0.7282428402672456
85, 9, -1.064810281267342
34, 25, -0.8140168052912848
19, 27, 0.9303537026475931
40, 24, 0.7866040866956973
88, 7, 0.9949286165724917
73, 15, 1.34119497016571
54, 21, -3.007142778808046
8, 28, -0.08361909350085103
58, 20, -0.8608755594338694
50, 22, -0.6264976942909863
94, 1, -0.7251821525077751
80, 12, 0.3087405005902433
28, 26, -0.7050124003242452
82, 11, 1.219594944093395
78, 13, 0.6193335512458251
9, 28, 1.837460624067436
68, 17, -0.6621637342320323
65, 18, -1.053614901603014
20, 27, -1.029029829737352
87, 8, -0.4912148538798938
35, 25, 0.01060143327819665
71, 16, 2.316264928411204
62, 19, 1.373066308933044
46, 23, 3.759994027546058
84, 10, 0.8226602241918015
76, 14, 1.632475806311116
41, 24, 1.914485480033891
10, 28, 0.0923121190387611
92, 4, 2.079957007295767
91, 5, 0.06678519610529361
95, 0, 1.737838587859877
93, 3, 3.622874857943156
21, 27, 3.132815334824989
55, 21, 0.7895955882129034
29, 26, 0.302103834619216
90, 6, -1.752283035424678
-14, 29, -3.019957239319749
-13, 29, -1.616010218965835
51, 22, 1.208753840189796
-12, 29, 1.141707722436825
11, 28, 0.7244273460534371
-11, 29, 1.053322201180291
86, 9, 0.323030243881701
74, 15, 0.4013407306269155
59, 20, 0.003950174890001504
-10, 29, 0.503979246501121
94, 2, -0.1876647080675406
36, 25, 0.1568240594267578
-9, 29, 0.8083828714919226
89, 7, -0.4218499764119567
-8, 29, -0.6227218436270753
22, 27, 1.459970822153485
-7, 29, 0.9350596168269448
12, 28, 1.704972114855941
66, 18, 2.621928720143791
42, 24, 2.138690078622676
47, 23, -0.09767093345183822
69, 17, 0.1720777732823913
-6, 29, -0.5619790466153229
30, 26, -3.000342397320884
81, 12, 4.584197156062626
79, 13, 2.110403491301796
95, 1, -0.7446327911191202
-5, 29, 0.7324218737243975
83, 11, 2.345488244789983
63, 19, -0.4243406607512688
-4, 29, 2.031287079983016
88, 8, -2.738086755120356
72, 16, -3.470288883262237
13, 28, -2.155728539733586
77, 14, -0.6141769931295009
56, 21, -0.9916253050115003
37, 25, -2.003467625842612
23, 27, -2.981635237224134
52, 22, 2.344873978588556
-3, 29, -2.423728927967263
85, 10, -1.529004672219864
93, 4, 1.504780618090406
-2, 29, 1.589013667765008
92, 5, 2.05075953516997
60, 20, -3.644659899718936
31, 26, 0.6247144499492503
14, 28, 0.7528410490677867
96, 0, -4.758497242385733
94, 3, -0.4726472622371028
43, 24, 1.304762177344099
91, 6, -1.036316573257281
-1, 29, -0.7643766318462927
75, 15, 0.4076164086536068
48, 23, -0.2626492457639624
87, 9, -0.9676769910549479
24, 27, -1.450570352012191
0, 29, 3.81635177135932
95, 2, -0.4263919484969546
67, 18, -0.5953394742196857
90, 7, 0.2409039712540952
70, 17, -0.814811657301679
38, 25, -1.426916332048261
15, 28, -0.2045134681170546
1, 29, 0.1110330627831698
64, 19, -0.6893061616490864
82, 12, 1.760894356228888
32, 26, 1.94096706237201
57, 21, -1.077364443563313
80, 13, -0.4344697761209784
53, 22, -0.5736480859956852
84, 11, 0.3290708559151579
73, 16, -2.298374820375879
2, 29, -1.502666385318284
25, 27, -1.313924668172225
96, 1, 1.405532461461028
44, 24, 3.008626365491978
16, 28, 2.591444276089095
78, 14, 0.3763031880160824
89, 8, -1.091129252235169
61, 20, -0.1713240431973855
49, 23, -0.2727347798747581
3, 29, -1.551630754977981
86, 10, -0.6130263965293142
39, 25, 1.783120142829718
33, 26, -2.461001224967803
4, 29, -2.154162394562279
94, 4, -1.093730087570668
93, 5, 0.9746227214413395
17, 28, 1.293828108235154
76, 15, 0.4685391418813399
26, 27, -3.003909450624565
97, 0, 5.009259787191857
95, 3, 1.790122721603426
92, 6, -0.7962655285891143
68, 18, -0.8141020153684324
5, 29, 0.1805485900579648
88, 9, -1.481198242094654
71, 17, -0.4033313049822885
54, 22, -0.8048793664861986
65, 19, 2.357621269706381
58, 21, 1.678199233792721
45, 24, 3.2371092978625
96, 2, 0.6146129240199453
18, 28, -0.7962906266215479
91, 7, -1.274782348593016
6, 29, -0.2709373623963972
83, 12, 0.5346507317367609
50, 23, 0.3297518591520119
81, 13, 0.7902621958009585
40, 25, 1.326455365504034
74, 16, -1.190482435394081
34, 26, -1.021305954558764
27, 27, 2.801402762763686
62, 20, -2.613704745514196
85, 11, 0.06297190465875102
79, 14, -0.1302509355269698
7, 29, 0.5126608245435057
97, 1, 0.8849431872778365
19, 28, -0.408549052639826
90, 8, -1.377482860366204
87, 10, 0.9700512880752334
8, 29, 0.2289009261222108
46, 24, 0.5989188571557519
77, 15, -1.371235835501031
55, 22, 0.2634202282164416
28, 27, -0.8066918153110119
69, 18, -4.611978000023822
59, 21, -2.562354559592956
35, 26, -1.777576314146299
95, 4, -0.06173296623113204
94, 5, -0.2920593261396315
66, 19, -0.4342942066485475
41, 25, -0.5245878020259384
20, 28, -2.660655647768143
72, 17, -1.402304296443132
51, 23, -3.133503518600325
9, 29, -4.607054768482508
96, 3, 0.04392754675202538
93, 6, -0.4292410302420646
98, 0, -2.777781374222304
89, 9, 1.74052853835948
63, 20, 0.2674396999041282
75, 16, 1.257207174508733
10, 29, 3.149324834350579
29, 27, -0.5749981839642943
97, 2, -1.436076722036761
92, 7, -1.694857395648464
84, 12, 1.662391435340608
82, 13, -2.467354111696835
21, 28, 2.763365654101935
36, 26, -0.4681586545788821
86, 11, 1.995401815760896
47, 24, -0.28259376931622
-15, 30, -1.484668719069431
80, 14, -0.5954013594798794
-14, 30, 0.0721132473070575
-13, 30, -1.000133106322432
-12, 30, 1.893613444810152
42, 25, -0.7820153348157449
11, 29, 0.06234008424522358
-11, 30, 2.424653832511201
56, 22, -0.2545543188368063
-10, 30, -0.03350548374416917
60, 21, 2.157588178683461
-9, 30, 0.8696647852406698
98, 1, -2.068721975431193
91, 8, -1.020127933376203
52, 23, 1.989067212152541
88, 10, -1.135246274637024
70, 18, -0.8913170961787225
22, 28, -0.8213924334288318
-8, 30, 0.3528916540960904
78, 15, 1.781823225318091
30, 27, 1.001283447468699
67, 19, 3.741642044765143
-7, 30, -2.719693337673236
12, 29, 0.6749088875918791
73, 17, -1.208195044464548
-6, 30, -0.0805340753235579
37, 26, 1.786833898967472
95, 5, 0.4351237426616067
-5, 30, -2.475045909280898
96, 4, -0.6688510331493076
64, 20, 0.9459001807919978
48, 24, -1.648530110670194
94, 6, 1.039398434648548
-4, 30, 0.9685078014137953
23, 28, 3.714858171727552
13, 29, 3.94106633684778
97, 3, -0.4528436326075489
43, 25, 0.5507559626810099
99, 0, 0.5939701597693644
90, 9, 1.259099181992514
76, 16, 1.385853178755063
31, 27, 2.056601900324746
-3, 30, 1.838707385793933
83, 13, 0.7765786624678395
57, 22, 1.722952832838851
85, 12, 3.324116128943575
93, 7, -2.192790438831025
98, 2, -2.570265422425863
-2, 30, -1.315054957769377
53, 23, -2.735629047636746
81, 14, -1.645612409107091
61, 21, -2.790400495198843
14, 29, -3.962263471234456
87, 11, -0.7499559086396025
38, 26, -1.057534278103684
-1, 30, 0.5953774150325581
24, 28, 0.6534207758077946
71, 18, 3.804559941905379
68, 19, -2.168822210827912
0, 30, -2.355947175524951
79, 15, -1.50937325125617
92, 8, -2.05597270787792
32, 27, -0.2386196165281281
99, 1, 1.812914650445588
89, 10, 1.067848455516253
44, 25, 0.2621410575762846
15, 29, 1.245739602957061
74, 17, -0.550955156673215
49, 24, 0.4377683354834043
65, 20, -1.148591250834467
1, 30, -0.9200204842660731
25, 28, -1.140423148594682
58, 22, -0.3426696916168451
2, 30, -1.214172492427027
96, 5, 2.850974012688988
39, 26, 0.5014321794761969
16, 29, 2.227205185536719
97, 4, -1.208025105521116
77, 16, -1.534415388690054
54, 23, -0.6450811426734923
95, 6, -0.8635613002414769
91, 9, -0.4063105387691594
98, 3, 0.5596941942764543
62, 21, 0.6990992471893973
33, 27, -0.3561717565746945
3, 30, 0.2245256399350056
100, 0, 2.106427597389897
84, 13, -1.205095868346567
86, 12, 0.3768117673490515
45, 25, 1.833749298505365
82, 14, 2.262222614180428
26, 28, 0.549635572722148
94, 7, -3.346649714377197
17, 29, -2.107670735382077
50, 24, -1.796402090704563
4, 30, 0.0009920747235424756
99, 2, 0.9941139887321907
88, 11, 2.402887935967505
69, 19, 1.408968618254026
72, 18, -2.003304837063122
80, 15, 1.918037197440416
5, 30, 0.5404153168100355
66, 20, -0.6752013192841895
40, 26, -1.857073220878844
75, 17, -1.27878192493594
34, 27, -0.8444987196908718
93, 8, -0.1780694465455684
18, 29, -0.5259499772517193
90, 10, 0.4641357240749283
59, 22, -1.00894114785245
55, 23, 1.123060166338217
27, 28, 2.665559519260035
100, 1, 2.60356898607073
6, 30, -0.9925454690767039
46, 25, 2.186378281806165
63, 21, -1.431500260949809
78, 16, -0.4437376959817813
7, 30, -2.573830835070203
51, 24, -0.6123058999958333
19, 29, 1.722718884858259
97, 5, 4.075396846253277
98, 4, -1.567920508153544
92, 9, -0.7019202242535938
41, 26, -0.4478448944897471
96, 6, 0.7165232025876652
85, 13, -1.090098986736253
35, 27, -0.1161911671124959
28, 28, 0.404861473226501
99, 3, -1.208770567360653
87, 12, -0.8022083259626792
101, 0, 1.472314119597152
70, 19, 1.622185112308009
8, 30, -1.051847011054053
83, 14, -2.968419551723396
73, 18, -1.024272859592771
95, 7, 2.991592160945306
67, 20, 2.300524152856434
89, 11, 1.325207291865563
20, 29, 1.49053669471122
56, 23, 1.628713337975004
100, 2, 0.005325494883643454
60, 22, 0.3839104057930057
76, 17, -2.558343367545061
81, 15, -0.3812116340522209
9, 30, -1.162478249128796
47, 25, -1.215065224379584
29, 28, 0.5799812098374232
36, 27, 4.885343411865366
52, 24, -2.464124340461221
91, 10, 1.124459002478949
64, 21, -0.7511642749138685
94, 8, -0.1646806680492268
42, 26, -1.78472735973554
10, 30, -0.3752833326861454
21, 29, 1.188665447910164
101, 1, 1.059191790217339
79, 16, -2.792707447734153
-15, 31, 2.19284381209023
-14, 31, 0.08658207502270827
-13, 31, 0.8988828060700468
-12, 31, 2.698378170271357
-11, 31, -1.816773761321884
11, 30, 0.6478642151829986
-10, 31, 0.07433194703590484
71, 19, -1.162100433567999
30, 28, 1.470101791444386
98, 5, -2.120614841559519
74, 18, 0.372491304428161
-9, 31, -2.7441248834745
99, 4, -1.652808655201263
86, 13, -2.081399853799923
22, 29, -2.652765842271096
93, 9, 2.461339734939183
57, 23, -0.4370545589163355
48, 25, 1.359628986350965
88, 12, 0.3898569998539423
68, 20, -0.6965355865694776
97, 6, 0.7659179197559549
61, 22, -0.3369506438469783
37, 27, -0.4226572524895001
-8, 31, -2.117475613511219
84, 14, 2.904167690338912
100, 3, 1.020307614167516
43, 26, -1.508294951577246
-7, 31, -1.693625554841109
102, 0, -2.835576608435277
12, 30, 0.8199404968136957
77, 17, -0.6536858645240572
53, 24, 0.3746493639389814
-6, 31, 0.2219973892648058
90, 11, -0.7409882833445262
96, 7, 2.584134424754757
82, 15, -0.925397434545126
-5, 31, -0.8040288167413263
65, 21, -2.466545899550098
101, 2, -3.363909277580584
23, 29, -1.030672739511039
31, 28, 1.168851090062411
13, 30, -1.463689808605635
-4, 31, 1.373802938408567
92, 10, -0.8550608595537362
-3, 31, -0.9423220366930046
95, 8, 2.846505045934267
38, 27, 1.937002005840594
80, 16, -1.834394576365793
49, 25, 2.849753940643857
-2, 31, -1.347350856080373
44, 26, -0.6743941542164819
14, 30, -2.32845042638316
102, 1, 0.2765774761828174
58, 23, -1.127331337476708
72, 19, 1.951930024135967
24, 29, 1.420393728685568
62, 22, 1.5927143606656
75, 18, 3.067326406209573
69, 20, -1.678071719599153
-1, 31, -1.910928596734745
32, 28, 0.2434709419127946
54, 24, 1.413223917762078
87, 13, -0.0745793284603871
99, 5, -2.819274367100129
85, 14, -0.4171823350800213
0, 31, -0.8216887342055396
94, 9, -2.581455726126761
89, 12, -2.60406987996733
15, 30, 0.6316513125503418
100, 4, -1.883810284480868
98, 6, 0.5818943022982632
78, 17, 0.6022973366729447
66, 21, -1.937442040395662
39, 27, -2.410293482228384
25, 29, 0.7015873607455591
101, 3, 1.858806122101046
1, 31, 1.003612365454764
103, 0, 2.285641201447906
83, 15, 0.249063749973142
91, 11, 2.282167209048206
50, 25, -1.30266620727089
97, 7, 2.668189962314925
45, 26, -0.5010448692769268
16, 30, -1.544263224043397
33, 28, 3.187077711569667
2, 31, 3.953025433418647
102, 2, 5.230827181504256
59, 23, 3.206194013243938
81, 16, -0.8120022135298777
3, 31, -0.2842007713690634
93, 10, -2.581744598899364
63, 22, -2.625204304153695
55, 24, -1.458322591760443
26, 29, -1.025669758246271
73, 19, -1.162305191394531
96, 8, 3.531234127347367
40, 27, 0.581369999085768
17, 30, -1.154273393431687
70, 20, 2.809652416305656
76, 18, 1.79509461919152
4, 31, -3.144676976109997
103, 1, -0.9631143785211772
34, 28, 0.2869837843960378
88, 13, -0.3466705259145041
67, 21, 0.6613051696611213
46, 26, -1.315451066143905
51, 25, 0.2156798041408903
5, 31, 1.904552037830015
86, 14, -1.239151779436231
79, 17, -0.4620100515560346
27, 29, -0.7433679425987536
90, 12, 2.96344756246877
18, 30, 2.731069729513418
95, 9, -0.1595575612084367
100, 5, 0.681049487888594
101, 4, 2.968491989472316
99, 6, -0.5154364793317504
84, 15, -0.2484728032732113
6, 31, 1.353954064410247
60, 23, -1.514869757258071
92, 11, 1.336638660494505
41, 27, 1.935601259111252
102, 3, -2.997072549701054
104, 0, 0.2764860128574861
56, 24, -1.197714776382025
64, 22, 2.642781628881431
98, 7, 1.521809507491052
35, 28, 2.363672534586846
19, 30, -0.7428251083366078
7, 31, 1.813069992074638
28, 29, -1.270960938926328
82, 16, 1.332309713792039
74, 19, -4.616439099487915
103, 2, 0.003209207885649168
71, 20, -0.7076251273474464
47, 26, 1.024707184772282
94, 10, 1.495351547356746
77, 18, 2.491890338568097
52, 25, 2.008879720000273
8, 31, -2.29451558230759
97, 8, -3.219295755437938
20, 30, 1.642882281720996
68, 21, 2.185118964042676
42, 27, -2.443392116506765
36, 28, -2.938787613955121
104, 1, -1.091374704947153
9, 31, -0.5748169297433476
29, 29, 0.9171274914056229
89, 13, -0.3189695217477652
80, 17, 2.206878775791181
87, 14, -3.036889858962026
61, 23, 0.6435045759365489
57, 24, 0.9724211922013631
91, 12, 0.2416698917385588
96, 9, -0.2659224588760839
21, 30, -3.841193669721382
85, 15, -0.3835109151614637
65, 22, 0.3895208884953861
101, 5, 1.028243180095996
10, 31, 2.563266634990618
102, 4, 1.077002042355436
48, 26, 0.646646854985093
100, 6, 1.836082873985079
93, 11, -1.936580401828809
-16, 32, -2.186906967033433
-15, 32, -1.384000862423611
53, 25, -4.231893929745969
-14, 32, -2.300620536135918
-13, 32, 1.026730775394568
103, 3, 0.7576615298095923
75, 19, -0.2498918942187476
30, 29, 0.2702149549349541
-12, 32, 1.111742932480204
72, 20, 0.3528158332157882
105, 0, 0.05472419771256785
43, 27, -0.3551572388116349
37, 28, 0.1358445179675382
-11, 32, -0.1814782316945089
99, 7, -2.5536125753621
83, 16, 0.04186666596729456
11, 31, -3.489769589812796
-10, 32, 0.04904040282676111
22, 30, -0.5315838569450553
78, 18, 2.679617278219084
-9, 32, 0.1542348565382244
69, 21, 3.070524985807245
104, 2, 3.009660239472777
-8, 32, 3.491899314549844
95, 10, -0.7351763743154158
12, 31, -0.9067363111407661
-7, 32, -3.298307630594021
62, 23, 0.1179403749666226
98, 8, -3.377190858587002
58, 24, -1.881163007738708
-6, 32, 1.998743448756368
49, 26, -1.405890654006456
31, 29, -0.6447213659766835
81, 17, -0.706163197741426
23, 30, 2.989978554703876
90, 13, 0.04364871274855606
-5, 32, -0.6438786489859127
88, 14, 2.217023336068402
66, 22, 4.095795516722435
38, 28, 2.390245792515507