d = 43, symClass = D, D = 10.921875, Y = 0.09648305258947508
[13.33613149229665, 13.33613149231915], 13.33613149230789
1, 0, 1
2, 0, 1.263148469389492
3, 0, -0.7656392279907962
0, 1, -1.040849333819046
1, 1, -0.01993733069320047
4, 0, 0.5955440559709894
2, 1, 0.6175704958838228
3, 1, -0.8300470792716974
5, 0, -0.3493483403602399
4, 1, -0.004992775404834033
6, 0, -0.9671160188104373
5, 1, -0.4301048937723545
-1, 2, -1.327843956796206
0, 2, -1.314747242771199
1, 2, 0.2488046342497225
7, 0, -1.743016227389947
2, 2, -0.02518380881511434
6, 1, -0.9883389506148844
3, 2, 0.6832290969177774
8, 0, -0.5108879069104596
7, 1, -0.9759827397742665
4, 2, 0.7800832266893912
5, 2, -0.07814932584874039
9, 0, -0.4137965726940294
8, 1, 0.4703844993619255
6, 2, -1.048472697833697
-1, 3, -0.856186991598423
0, 3, 0.7969150802297946
10, 0, -0.441278821513494
9, 1, 1.113655783245907
1, 3, -0.4760144281446778
7, 2, 0.02334146053719931
2, 3, 0.3374863527720752
3, 3, 0.01526480246372881
11, 0, 0.9896010227301718
10, 1, 0.177133648195497
8, 2, -0.006306616618134587
4, 3, -0.5364496876525776
5, 3, 0.6264878794441299
11, 1, 0.3301573264518929
9, 2, -0.2886538116692215
12, 0, -0.4559718910051654
6, 3, -0.4728361975682596
10, 2, -0.5432863381276417
12, 1, 0.1691929615270725
13, 0, -1.020564117418116
7, 3, 0.02135911177955135
-2, 4, -1.677264061649738
-1, 4, -1.169846182071788
0, 4, -0.6198716337701551
1, 4, -0.3861704977581
11, 2, -0.6559898297351802
8, 3, -0.6296058485931675
2, 4, 0.3142771930302848
13, 1, 0.1957850054627868
14, 0, -2.201688279769601
3, 4, -0.6392530851627589
9, 3, 0.6355166049476109
4, 4, -0.01187355879496945
12, 2, -1.248418832758804
14, 1, 0.03121758867720827
5, 4, -0.05584300309529732
15, 0, 0.2674747937415058
10, 3, 0.06899009865880275
6, 4, 0.8630197878916293
13, 2, -0.3204103816294409
15, 1, 0.4689276694714624
11, 3, 0.7923167094308554
7, 4, 0.9355911894869604
16, 0, -1.240871333537345
14, 2, -1.232811103979094
-2, 5, 0.06874052563010716
-1, 5, -0.570610709358822
8, 4, 0.3677904378525372
0, 5, 0.363618987360905
12, 3, 0.003822664765629565
1, 5, -0.5793935106814297
16, 1, -0.5127825631427673
17, 0, 0.3795373353067181
2, 5, -0.6167507005061504
9, 4, 0.7778184533301508
15, 2, 0.2529340422116431
3, 5, -0.2198361960062708
13, 3, 0.5471533844607592
4, 5, 0.09069498183418891
10, 4, -0.09871420134232761
17, 1, 0.01062657139310766
18, 0, -0.522686507521428
5, 5, 0.006965073328466851
16, 2, 0.5941654603703289
14, 3, 1.013671414185761
11, 4, -0.2816010330660503
6, 5, 0.2919944870310521
18, 1, 0.3219037348579015
7, 5, -0.4393095735884127
19, 0, -0.6193336423455735
17, 2, -0.3254929403962959
12, 4, -0.4943296041542391
15, 3, 0.3293051787343168
8, 5, 0.08990170305547016
-3, 6, 1.016649421631696
-2, 6, -1.081491288056887
-1, 6, -0.5025339369695394
19, 1, -0.5226912358260345
0, 6, 1.006622063761996
13, 4, -0.927385920290724
20, 0, -0.2080523276809053
9, 5, 0.07376696404973825
1, 6, -0.9462619112693736
16, 3, 0.946460996489551
18, 2, 1.406712598017003
2, 6, -0.6012768963635772
3, 6, -0.1904945880146317
10, 5, -0.2157472278948666
14, 4, 0.02948373029676987
20, 1, 0.640494990072411
4, 6, 0.4262953701065976
17, 3, 0.156847451779364
21, 0, 1.334521598611315
19, 2, 1.167367358554193
11, 5, 0.3655496762213212
5, 6, 0.5297991077707751
15, 4, 0.4114878881062871
6, 6, 0.01928171190685065
21, 1, 1.382085497536226
18, 3, 0.7567110710006305
12, 5, -0.5102915194853248
22, 0, 1.25001301695138
20, 2, 0.2237460966481891
7, 6, -0.3621873011303358
16, 4, -0.002973417739473452
8, 6, -0.6776156016164384
13, 5, -0.3738217589501342
22, 1, -0.4747177205687383
19, 3, -0.04321855467735398
21, 2, -0.04343299218298319
-3, 7, 0.03726621065088984
23, 0, 0.6342474726523607
-2, 7, -0.2562911650795822
9, 6, -0.5231069978148892
17, 4, 0.2795663302000216
-1, 7, -0.2624160432742851
0, 7, 1.814217278960428
14, 5, -1.454928463927722
1, 7, -1.064003007826207
10, 6, 0.7913472059871477
2, 7, -0.1080697028066077
20, 3, 0.02647366409958992
23, 1, 1.535172698885992
3, 7, 0.05943887550785044
22, 2, 0.4170377215976169
18, 4, -0.3646126204987941
15, 5, 0.2899755695483792
24, 0, 0.3911558225013352
11, 6, 1.278178385752728
4, 7, 0.7792454905282118
5, 7, -0.0228455341219783
21, 3, 0.7472506714001573
24, 1, 0.7069595955969677
16, 5, -0.7168805960980283
12, 6, -0.5972623193570378
19, 4, -0.2879540425654855
6, 7, -0.6966708659778245
23, 2, -0.7073976199699835
25, 0, -0.877955737120365
7, 7, 0.03475109093145953
13, 6, 1.346485510058719
22, 3, -0.7096242020131598
17, 5, -0.7126528981960935
20, 4, -0.2561464127138008
8, 7, -0.09825646729817766
25, 1, -0.02125894726656354
24, 2, 0.2137158303069133
26, 0, -1.289124003019446
14, 6, 0.0269797293608208
9, 7, 0.3495240631538205
-4, 8, -0.7907895754242867
-3, 8, 0.8428822248868133
18, 5, -0.8034725437564845
-2, 8, -1.477689414251676
23, 3, -0.2771742256205873
-1, 8, -0.2540659594044467
21, 4, -0.07015956518402007
0, 8, 0.5317573375169699
10, 7, 0.05945469288091425
15, 6, 0.05983418959551638
1, 8, 0.2232570453089641
26, 1, -0.2149685680446601
25, 2, -0.7424619933938406
2, 8, -0.4877906729939677
27, 0, 1.082458116468679
19, 5, -0.8200372508384217
11, 7, 1.192736652056665
3, 8, 0.8389653167258933
24, 3, -0.3601448246905373
22, 4, -0.8286125493465488
16, 6, -0.7952856640438491
4, 8, 0.1481741209763063
27, 1, -0.01861873746852866
12, 7, -0.008624791471966906
5, 8, 0.9205628373493719
26, 2, 0.2473055301271637
20, 5, 0.001744217733977813
28, 0, -1.038042953440277
17, 6, -0.1359121105933635
6, 8, -0.8074715562174316
23, 4, -0.2334446611005848
25, 3, 0.1233005742885069
13, 7, 0.1840082284995002
7, 8, -0.7407762290025528
21, 5, -1.420313861101243
28, 1, 1.234341627652239
27, 2, -0.6756190945673674
18, 6, 0.8027518262503817
8, 8, 0.01018573986999967
14, 7, -1.076435397124757
29, 0, 0.4085324068735843
24, 4, -0.588599386898874
26, 3, 0.1125404423659374
9, 8, 0.07184970229068473
22, 5, 0.2080293438653747
15, 7, -0.04534599605035454
-4, 9, 0.6031373086952019
19, 6, -0.564220327534831
-3, 9, 0.6555303470034001
-2, 9, 0.6018865351342387
29, 1, -0.05873459732559457
-1, 9, 0.03360511339454294
28, 2, 0.03943244939380679
10, 8, -0.07053800377825779
0, 9, 0.4306998870129736
30, 0, 0.3378603762366803
1, 9, -0.6454664315118239
25, 4, -0.5752715200964506
16, 7, 0.550646829800584
27, 3, -0.8526585538013428
2, 9, -0.1699126714486891
11, 8, -0.8092861138026327
20, 6, 0.08714473759866011
23, 5, 0.03887249149823548
3, 9, 0.3644553192766817
30, 1, 0.8222015703512231
4, 9, 0.4197503983094349
29, 2, 0.2942642232149723
12, 8, 0.4068930271908167
17, 7, -0.7270876797663648
26, 4, -0.4047258829630292
5, 9, -0.1227628553099718
31, 0, -0.877187289139523
21, 6, -0.01787113795745322
28, 3, -0.4205535422267941
24, 5, -0.2368076020958759
13, 8, 0.1862060240622492
6, 9, -0.2583927905904578
18, 7, 1.102172998141488
7, 9, 0.4217290783861173
31, 1, 0.4221551857187208
30, 2, 0.5923252679972715
22, 6, 1.000813638812526
14, 8, 1.181790578998814
27, 4, 0.7511528469254675
32, 0, -1.056516818763303
25, 5, 0.1502564308723253
29, 3, -0.4164797909050863
8, 9, 0.4195959688603359
19, 7, 0.4480258258726248
15, 8, -0.2502608073736993
9, 9, 0.008249999161163578
23, 6, 1.273811054446942
32, 1, 0.8414948407405283
31, 2, 0.9408284787064901
28, 4, -0.5812407192941778
-5, 10, 0.4638800827585639
-4, 10, 0.08682948978878265
20, 7, 1.045508654580704
-3, 10, -1.064265077239412
26, 5, -0.3713517283092943
10, 9, -0.04168739179620739
-2, 10, -0.7207660441146785
16, 8, -0.315509297978162
33, 0, -0.757677362807208
30, 3, -0.1356204697478246
-1, 10, -1.191785203611524
0, 10, 0.4593047673801375
11, 9, -0.9973797733063127
1, 10, -1.32091598644717
24, 6, 0.004828593110992879
2, 10, -0.7318600263089214
21, 7, 1.446785528593246
17, 8, 0.3511293792224909
32, 2, -0.6477205099071702
33, 1, 0.9037616888027897
29, 4, 0.0871569118915531
27, 5, -0.5778520851024466
3, 10, -0.6276242042575005
12, 9, 0.4107269245656068
31, 3, 0.3535758718378958
34, 0, 0.4794120040661929
4, 10, -0.779047703255638
25, 6, 1.098510018875897
18, 8, 0.9825001887762898
5, 10, -0.08691948612947877
22, 7, 0.530030417347464
13, 9, -0.578620304930682
30, 4, 0.319493248181128
6, 10, -0.2776857544583134
33, 2, -0.6443939624423226
28, 5, -0.05815092856704206
34, 1, 0.4544042993533137
14, 9, -0.4168265115136948
19, 8, 0.955260505806557
32, 3, 1.010959632008744
7, 10, 0.6297760866977452
35, 0, 0.6089198263649254
26, 6, 0.6911359600800651
23, 7, -0.2566360985050153
8, 10, 0.1145612277699883
15, 9, -0.4796636962268598
31, 4, 0.1809582634178719
29, 5, -0.1468180969136872
20, 8, -0.04654136654567612
34, 2, 0.0134229374405412
35, 1, -0.2490428428526811
9, 10, 0.2533376771824666
24, 7, 0.1175673804108574
33, 3, -0.2527814005886829
27, 6, 0.2210046815596379
16, 9, -0.7768907987854672
36, 0, -0.2464340892353493
10, 10, 0.008797921757684056
-5, 11, 0.6514376040097034
-4, 11, 0.4590075689645901
-3, 11, 0.09560059394569592
21, 8, -0.555997940881787
-2, 11, 0.5115912935531923
-1, 11, 0.3465098586393318
30, 5, 0.3452745723400845
32, 4, 0.2801346925242604
0, 11, 0.01082376873144491
11, 10, 0.6612866854044337
17, 9, 0.006629626719615655
35, 2, -1.337806125505543
25, 7, 1.356787039389344
36, 1, -0.03043901894115366
1, 11, -0.06608641702323756
28, 6, 1.280417495164803
34, 3, -0.5659553579083705
2, 11, -0.5682692747340963
22, 8, -0.3557039139448456
12, 10, 0.3688323893884606
37, 0, -0.9999271705123541
3, 11, -0.3263296116092024
18, 9, -0.2555485545139867
31, 5, -1.829601530609898
4, 11, 1.828670797955539
33, 4, 0.4415460369710641
26, 7, 0.6751805630388978
13, 10, 0.8558255531719678
29, 6, 0.2455188366381102
5, 11, 0.3354723392478868
36, 2, 0.40661220840254
37, 1, 0.9604997079797558
23, 8, -0.9739568603728084
19, 9, -1.247096636726882
35, 3, -0.3258637183490545
6, 11, -0.6877442267340119
14, 10, -0.55491321534296
38, 0, -0.7823103424350338
27, 7, -0.6611433693062297
7, 11, 0.6586589176321037
32, 5, -1.105312008248323
34, 4, -0.4111459094355516
20, 9, 0.2388808610876112
24, 8, 0.4240610149147588
15, 10, -0.2386849513709434
30, 6, 0.4159613324280731
8, 11, 0.632057114593088
37, 2, -0.2395582488819348
38, 1, 1.016957844626525
36, 3, -0.1295407683005628
9, 11, -0.1038445201960219
16, 10, 0.1135591985863455
28, 7, 0.008702488575238808
39, 0, 0.7813839230032663
21, 9, -0.01635337380312675
33, 5, -0.9393309191623815
25, 8, -0.3648280645260896
35, 4, 0.9452518521058568
10, 11, 0.6749713931449947
31, 6, -0.5125485833413927
-6, 12, 1.284179161127959
-5, 12, -0.2920757602436116
-4, 12, -0.5098970734400993
-3, 12, 0.8956801276530124
17, 10, 0.2281385798502585
-2, 12, -0.6347749733032584
38, 2, -0.6602366345088158
39, 1, 1.461840447610877
22, 9, 0.6405575887931634
11, 11, -0.01973000283449817
-1, 12, -0.6476207330382022
37, 3, -0.5264637852001031
29, 7, -0.5064335488155518
0, 12, 0.474598038990971
26, 8, -1.171426105726811
1, 12, 0.6561351210842506
40, 0, 0.1784778423639982
34, 5, 0.3381409205126741
18, 10, 0.09317862779487709
12, 11, -0.8842312077905315
2, 12, -1.195269284910301
32, 6, 1.195520759100631
36, 4, 0.6632310818538869
23, 9, -0.6721245336351288
3, 12, 0.295667281578529
39, 2, 0.7679635802659222
13, 11, -0.7580944714200321
4, 12, -0.2834875632032364
30, 7, -0.5357434538197526
27, 8, -0.5217681961431433
40, 1, 0.3961633607974122
19, 10, -0.3747726110899631
38, 3, -0.8616723779996538
5, 12, 0.3062402115270315
35, 5, 0.3409579503752416
41, 0, 0.1130617335952669
14, 11, -0.7430812945381551
33, 6, 0.5022515465535182
24, 9, 0.4820509359272103
6, 12, -0.2406229472991614
37, 4, 0.5879761317040618
20, 10, -0.2725207806922399
28, 8, 0.01390086817237501
31, 7, 0.7105201228068311
7, 12, 0.6650017855703115
15, 11, -0.6408914791835073
40, 2, 0.8090402664925901
41, 1, 0.1317621131978796
39, 3, -0.1499006806047484
25, 9, -1.468207410232041
8, 12, 0.2009879913761393
36, 5, -0.2365283687798398
21, 10, -0.3514165640584799
34, 6, 0.1981216187412325
16, 11, 0.5711121838023203
42, 0, 1.68569891456148
38, 4, 1.474558292231888
9, 12, 0.4894372386177647
29, 8, -0.02625564635483475
32, 7, 0.9403967585861439
26, 9, -0.8460222657320646
22, 10, 0.4617435141544557
10, 12, 0.6692149319905036
41, 2, 0.9353679474772151
17, 11, -0.9603489395117186
42, 1, 0.1616566983419515
-6, 13, -0.03192145891801457
-5, 13, -0.06357308473041171
40, 3, 0.09240307967981076
-4, 13, 0.3314027051171346
37, 5, 0.001220642067095142
-3, 13, -0.008043060982556237
35, 6, 1.431697292097715
11, 12, -0.3501506494796906
-2, 13, -0.002058112881222461
30, 8, 0.5197702961079823
-1, 13, -0.2313607607593796
43, 0, 0.7631695734141855
39, 4, 0.1671823229964743
18, 11, 0.2496609054968055
33, 7, -0.009894174940171221
23, 10, -0.0345690595355187
0, 13, 1.062253481704259
27, 9, 0.3434706366397004
12, 12, 0.009090862354620019
1, 13, -0.5755101221598932
2, 13, -0.09788127263836095
42, 2, 1.745779180966378
19, 11, -0.360421124179798
43, 1, 1.26905005378569
41, 3, 1.166217184454096
3, 13, -0.7343760034074213
36, 6, 0.9558384311026569
38, 5, -0.6346811746269336
13, 12, -0.1462013851013794
31, 8, 1.043452264945029
24, 10, -0.6445739517761525
4, 13, 0.08195100907762518
28, 9, -0.2959751906643411
34, 7, 0.9401129926197308
44, 0, 0.5893510065688907
40, 4, 0.10549089135068
14, 12, -0.4574963352733354
5, 13, 0.06654210872785965
20, 11, -0.07132438849087845
6, 13, -0.6948339128119301
25, 10, 0.02730133727556114
43, 2, -0.3447197526196459
32, 8, 0.002550748591319771
37, 6, -0.1313438266195517
42, 3, -0.02390141036310963
15, 12, 0.04275559364679353
44, 1, 0.3774415767535235
39, 5, 0.4264490334774465
29, 9, -0.6002579599775832
7, 13, 0.3142631286302233
21, 11, -1.24626803758081
35, 7, 0.7496798091108288
41, 4, -0.3303737299263321
45, 0, 0.1445591459869161
8, 13, 0.3246055338576384
16, 12, -0.3194794226556907
26, 10, -0.4721923823761712
33, 8, 0.0819307659332497
22, 11, 0.6111483942297478
9, 13, 0.136854264011479
30, 9, -0.05282152599919855
44, 2, -0.5996389621358571
38, 6, -0.05459145160154468
40, 5, -0.1643280443181607
43, 3, 0.545903129593078
17, 12, -0.5361574043294476
45, 1, 0.1560391036772379
36, 7, 0.1416570520223148
10, 13, -0.2558011394918757
27, 10, -0.7673458254145022
-7, 14, 2.314453564067334
42, 4, -0.05486231738923374
-6, 14, 0.04707275670882106
-5, 14, 0.6165969077381149
23, 11, 0.5066266538018941
46, 0, 0.8011487245128069
-4, 14, -0.323733793019953
11, 13, -0.5095646046063594
-3, 14, 0.1019992191161017
18, 12, -0.6607618040119733
31, 9, -0.5174961957422376
34, 8, 0.3531337820963678
-2, 14, -0.3314704232998971
-1, 14, -0.2668024794611379
39, 6, 0.2453187571248806
0, 14, 2.29162577900318
45, 2, -0.3477305303527738
12, 13, -0.3148604687374645
41, 5, 1.08586293241402
28, 10, -1.837790662419896
44, 3, 0.5285975447362863
37, 7, 0.8021347510270005
24, 11, 0.5709362486768595
1, 14, -0.5776827606486207
46, 1, 0.6435832518524564
19, 12, 0.2065955866218782
2, 14, -1.343993770792962
43, 4, -0.02119901166452686
13, 13, 0.04028465510016156
32, 9, 0.3422725873696859
3, 14, -0.02522261648948309
47, 0, -0.434520620632784
35, 8, -0.4416718874894303
20, 12, 0.3731011325124809
4, 14, -0.1365080795854577
29, 10, 0.6727301801892871
25, 11, 0.748620843365169
40, 6, 0.0334401682159998
14, 13, 0.1105993769320882
42, 5, -0.1463378678354934
38, 7, 0.1929850882939865
5, 14, 0.03858798740484148
46, 2, 1.939151045034533
45, 3, -0.3590294189014989
47, 1, -0.9515530461731632
6, 14, 0.07508012458031384
33, 9, -0.6066287534741039
21, 12, -0.7163253159769701
15, 13, 1.31235990272681
44, 4, 0.1966232333057961
36, 8, -0.1719060617707016
26, 11, 0.958778911117769
30, 10, 0.3662821969638611
7, 14, -0.433670514946812
48, 0, 0.95005976965085
41, 6, -0.8007962814465098
16, 13, -1.04797717897979
22, 12, 1.614529071584615
8, 14, 0.9843027488811825
39, 7, -1.101330719266864
43, 5, 0.1037889163521946
47, 2, -0.2312105790174477
46, 3, 0.0885554330473778
34, 9, -0.07315701503387442
27, 11, -0.1353562072878203
48, 1, 0.3464870023914702
9, 14, 0.4273138582194372
37, 8, 0.7070564396738553
17, 13, 0.08317233176457445
31, 10, -1.321140238013467
45, 4, 0.4129988230653425
23, 12, 0.8903013866855276
10, 14, -0.02885730124310302
49, 0, 2.038105568661976
42, 6, 0.9438885418014483
18, 13, 0.6253255235423452
40, 7, -0.2925338444764214
-7, 15, -0.2951865115001595
-6, 15, -0.05263044302753663
28, 11, -0.006452554716484872
-5, 15, 0.2991075046926704
44, 5, -0.1332186114314934
35, 9, 0.2494669162403148
11, 14, 0.1583239315142282
-4, 15, -0.223309543898285
-3, 15, 0.4368819428358836
48, 2, 0.8929949310881071
32, 10, -0.9055266277356177
24, 12, -0.2815947869178463
47, 3, 0.3878826500140646
-2, 15, -0.3871022859308154
38, 8, -0.3637287081423463
49, 1, 0.4041287465551771
-1, 15, -0.4428777690028858
19, 13, 0.3560448532406308
12, 14, -0.8799987379090517
0, 15, -0.2784009608020679
46, 4, -0.8935482207417582
29, 11, 0.3281011510115378
1, 15, -0.8199077731311203
50, 0, -1.108988445641896
43, 6, -0.3732893070541559
41, 7, -0.5040737032169373
13, 14, -0.05618541957445243
25, 12, 1.005101014228724
2, 15, -1.012907875284892
36, 9, 0.002065993244843154
33, 10, -0.06085674623035162
20, 13, -0.08275985063468505
45, 5, -0.3890537999945874
3, 15, 0.4436064002911159
39, 8, -0.9072216272931893
49, 2, 1.146129705627813
48, 3, 0.3926064462161741
14, 14, 0.04389578721013667
4, 15, -1.387940207152376
50, 1, 0.4640474604790497
30, 11, -0.438557457867023
26, 12, 1.700811114673999
47, 4, -0.9801563582822096
21, 13, 0.9754593130899526
5, 15, 0.166294850932759
15, 14, 0.7066857767265172
37, 9, -0.1898289551548679
44, 6, -0.8963607240155455
34, 10, -0.9001864173048096
42, 7, 1.722690828801335
51, 0, -0.2905886718246369
6, 15, 0.4722085301056683
46, 5, 1.241558681658885
40, 8, 0.2197353890344597
22, 13, -0.0132084520522502
7, 15, 0.6802063165092483
31, 11, -0.213637376589994
16, 14, -0.1241125058935143
27, 12, -0.595528320087318
50, 2, -0.02685320659438859
49, 3, 0.6995220409057495
8, 15, 0.2787141434401385
51, 1, 0.65064403600071
48, 4, 0.1007618624851846
35, 10, -0.008154300558773583
38, 9, 0.0762995803762125
17, 14, 0.9575275385879159
23, 13, 0.9880945344603405
43, 7, -0.4232601539665614
45, 6, -0.1936562248613644
9, 15, 0.1683152152321624
52, 0, -0.6077908937813531
28, 12, 0.01272029207035668
32, 11, -0.2671192459713751
41, 8, -0.8339930757150558
47, 5, -0.7336206278853049
10, 15, -0.1179002972787512
18, 14, 0.4415007853471963
51, 2, 0.5746993035726118
24, 13, 0.2648506016062829
50, 3, -1.093324971466993
-8, 16, 0.6783794198240469
-7, 16, -1.212820377014562
-6, 16, 1.064685392171348
36, 10, -1.014905114045443
-5, 16, -0.5427940562068236
11, 15, -0.4333720485000448
39, 9, -0.4189220947429355
52, 1, 1.240953897436582
-4, 16, -0.6966949398612076
49, 4, 0.1734749721972593
29, 12, 0.1665061587933581
-3, 16, -0.8503786905057963
44, 7, -0.2961564146111235
33, 11, -0.8214154385289547
19, 14, 0.002097879786307185
46, 6, -0.350112198934091
-2, 16, -0.320923027615074
12, 15, -0.06943963614298083
-1, 16, -0.4617637201111822
42, 8, -0.08862194748736205
53, 0, 0.3131052791160283
25, 13, 0.640522483266508
0, 16, 1.291560100610424
48, 5, 0.2480863587893019
1, 16, 0.2103028130421653
20, 14, 0.07510010430268362
37, 10, 0.08000199678216526
13, 15, 0.1289751653123376
30, 12, 0.0755794649974656
40, 9, -0.1153557639772909
2, 16, 0.2820067950928747
52, 2, -0.2715372177256237
51, 3, -0.008136119937712972
34, 11, 0.2932759349760538
53, 1, 0.01492651302865688
26, 13, -0.6302702881802205
3, 16, 0.01145500152810104
50, 4, -0.9378397304398917
45, 7, 0.3503927131270625
14, 15, 1.295952782953677
47, 6, 0.372041588659889
21, 14, -1.19087940270731
4, 16, -0.2299815443250526
43, 8, 0.4338505594312444
54, 0, 1.367305312977837
31, 12, -0.186264862752038
5, 16, 0.5345266075171343
49, 5, 0.3560303852428602
38, 10, -1.03582879818522
15, 15, -0.005332733507563793
27, 13, -0.1143603015901434
41, 9, -0.7152287042304825
35, 11, -0.7296962692229609
22, 14, 1.506603476627595
6, 16, 1.059737755815258
53, 2, 0.02408022956794308
52, 3, -0.1671772904159919
16, 15, 0.602919376699448
7, 16, 0.03476192647588762
46, 7, -0.03751288349126016
54, 1, 0.6914441040838112
51, 4, 0.4963954490339482
48, 6, -0.4549163842455266
44, 8, -0.3906708435950622
32, 12, -0.3749580207454068
28, 13, -0.1476383629993885
23, 14, 0.1561878617073862
8, 16, -0.1271112788363879
39, 10, -0.266011420314227
17, 15, 0.02991267553230773
36, 11, -0.1029822828275327
55, 0, -0.3457154750337318
50, 5, -0.06188134601699172
42, 9, -0.7761065988685254
9, 16, 0.7347937018975378
53, 3, -0.01714459170960272
54, 2, -0.02351822963642468
24, 14, -0.01089439207230515
33, 12, 0.2156047976531657
18, 15, -0.2235624336424031
10, 16, 1.162807538978407
47, 7, -0.2419349372495496
29, 13, -0.2350400741122617
52, 4, 0.1165985964020531
45, 8, -0.3267099347310895
55, 1, 0.3171338636192563
49, 6, 0.8889888356087932
40, 10, 0.002203206057251556
-8, 17, -1.137660221465351
37, 11, 1.150436476937769
-7, 17, -0.1124562202996801
11, 16, 0.8677514221255475
-6, 17, 0.1997073564799277
-5, 17, 0.1776652123892743
19, 15, -0.6752126889548636
-4, 17, -0.6712329864346244
43, 9, -0.6792908704659482
51, 5, 0.4892307978086832
25, 14, -0.5003512642804684
56, 0, 0.8904859121115755
-3, 17, -0.6854496181854974
34, 12, -0.1716771745100898
-2, 17, -0.6498303048266026
30, 13, 0.1641722475219769
12, 16, -0.3807033751529353
-1, 17, 0.15357999153977
20, 15, 0.1874078080770556
54, 3, -0.2464621269259247
55, 2, 0.6582385236534678
48, 7, 0.6256505873929317
0, 17, -0.3950411823233676
46, 8, -0.2948752663310191
41, 10, -0.7221243340277416
38, 11, 1.251228239671941
13, 16, -1.246474973316068
50, 6, 0.1557469316003272
26, 14, 0.232429712161184
1, 17, -0.300555027161839
53, 4, -0.7394738419718363
56, 1, 0.2516295575617671
2, 17, -0.7363036879954706
44, 9, -0.9508217375863935
31, 13, -0.668361900233619
35, 12, 0.9225359999178659
21, 15, 0.3363526428619184
14, 16, -0.9357103601475778
52, 5, 0.1445711150035936
3, 17, -0.07734629987909902
57, 0, 0.4741861315797127
27, 14, -0.189881905224193
4, 17, 0.1711835731163905
39, 11, 0.07789055992850999
15, 16, 0.1639315263008589
49, 7, 1.701153753029998
42, 10, -1.794067279626887
55, 3, 0.4842092916036372
47, 8, -0.02657657546843234
22, 15, -0.5215156734082873
5, 17, -0.005016785087209996
56, 2, 1.55915673767083
32, 13, 0.8847741540317858
51, 6, 0.2492101634815389
54, 4, -0.8534072258055274
36, 12, 0.3784781362963832
57, 1, 1.695367341161613
6, 17, -1.695600418545335
45, 9, 0.1779759308813036
16, 16, 0.02473966208806487
28, 14, -1.35969772279857
7, 17, 0.09480364019407492
53, 5, -0.4140258313366357
23, 15, -0.3755418583380487
58, 0, 0.5160370844289364
40, 11, 0.3500375664478466
33, 13, -0.5154739266510042
17, 16, -0.6235345445473407
8, 17, 0.8948693439908439
43, 10, -0.8982393310470882
50, 7, 0.4877826677473019
48, 8, 0.5049304178105922
37, 12, 0.1037701102494632
56, 3, -0.4823105529820324
29, 14, 0.07768120284107528
57, 2, -0.14932887025338
24, 15, -0.06883227037143105
52, 6, 0.1421552879217133
9, 17, 0.7372338427933157
55, 4, -0.02036335376180362
46, 9, -0.1684362695576743
18, 16, 0.09075684164790179
58, 1, 0.8802941121722624
10, 17, 0.5573027061974696
34, 13, 0.9870796228818538
54, 5, -0.08790018937815369
41, 11, 0.4230588442131998
25, 15, -0.2188625009903383
44, 10, 0.2627719472942283
30, 14, -0.05727872562039859
59, 0, 0.4667775413687553
19, 16, -0.5331735444065347
-9, 18, 0.5494572785956879
-8, 18, 0.7618519684104207
38, 12, -0.7126940430534702
11, 17, -0.2647827909447858
-7, 18, 0.2426614715486951
-6, 18, 0.8280321546516894
51, 7, -0.3169216854324088
49, 8, 0.3141806802290435
-5, 18, 0.6964893816828952
-4, 18, 0.7602720556389774
57, 3, 0.4001929141638047
-3, 18, 0.3847596955176955
53, 6, -0.3104296306847827
47, 9, 0.3331825395063588
58, 2, -0.07419051662344901
12, 17, -1.28688940736554
-2, 18, 0.04244824759706003
56, 4, 0.0185914492381136
20, 16, -0.03325696841271264
35, 13, -0.07281219358454967
26, 15, 0.3409163875631324
-1, 18, 0.03112732785707785
59, 1, 0.4939952268004093
31, 14, 1.435208286942718
42, 11, 0.2400906646083574
0, 18, 0.5440379032108477
13, 17, -0.6245972146474175
39, 12, 0.7100430399479495
55, 5, -0.1153399140257563
45, 10, 0.1008407300258959
1, 18, 0.07933819057958824
21, 16, -0.2626457697047789
60, 0, 0.1592930233447371
2, 18, -0.8153199350240485
50, 8, -0.726653340121202
52, 7, -1.382949174919506
27, 15, -0.05647888148451095
14, 17, -0.4034018264320483
36, 13, -0.1924081478609162
48, 9, -0.7246476666454766
3, 18, 0.7244952391320624
32, 14, 0.695548700357476
54, 6, -1.077034347312975
58, 3, 0.5321535259627753
59, 2, -1.541950600604647
4, 18, -0.2146249308448129
22, 16, -1.022248516060426
57, 4, 0.9550413256019901
43, 11, -0.9319382054590496
15, 17, -0.3080636781328532
40, 12, 0.0410866432355983
60, 1, 1.009704248345569
46, 10, 0.04910172817636855
28, 15, -1.091966321939958
5, 18, 1.11241335299278
56, 5, 0.5651132679508222
33, 14, -0.8512971142679328
16, 17, -1.258861317654844
6, 18, 0.4603611786383212
37, 13, -0.3457271403299043
51, 8, 0.2720553575452352
23, 16, -0.3109431865482016
53, 7, 0.6587818750021311
61, 0, -1.433457733187682
49, 9, 0.8534821609898599
7, 18, 1.231359914302715
55, 6, -0.5979109035834818
44, 11, -0.004940855698369982
29, 15, 0.5961421264691775
59, 3, -0.04146968999249252
41, 12, 0.06606241535017135
17, 17, -0.007566961330440558
60, 2, 1.038562655275691
8, 18, 0.5302070731335247
58, 4, 0.3716994033116534
24, 16, -0.3490534832387132
47, 10, -0.8127746536054763
34, 14, -0.9184196896840943
61, 1, 0.8493939400579241
38, 13, 1.051769344054933
9, 18, -0.1029545049596534
57, 5, 0.4505160691225932
18, 17, -0.481531316600094
52, 8, -0.1908184980880217
30, 15, 0.1651845409121613
54, 7, -0.1999335241813893
50, 9, -0.2734090586357952
25, 16, -0.007467188415700255
10, 18, -0.1550677126761581
62, 0, -1.108017781642811
45, 11, -0.7336982523278772
42, 12, -0.02257390053314415
19, 17, 1.728338533286554
56, 6, -0.5312215633174996
35, 14, 0.1362155432126487
60, 3, -0.4903880897322838
-9, 19, 0.3615210925483408
11, 18, -0.4801097355367737
-8, 19, -0.1899968401748237
48, 10, -0.299123160158019
-7, 19, -0.02715484502999425
61, 2, -0.008303291828666612
39, 13, 0.8471162650278171
59, 4, 0.04414702438264318
-6, 19, 0.04106547458143728
-5, 19, 0.8526101351433103
31, 15, -0.6185424485690789
26, 16, 0.2352058542452571
-4, 19, 0.8335734173541285
62, 1, -0.5048723052795144
20, 17, -0.4864789290524283
-3, 19, -1.152388614351331
12, 18, -0.3263884580187418
58, 5, -0.4180686171365466
53, 8, -0.3546240354639946
-2, 19, 0.3599807810323887
55, 7, 0.2304692792920723
43, 12, 0.6840408748245459
51, 9, -0.1200885619459813
-1, 19, -0.6639630605839955
46, 11, -0.6696765511481509
36, 14, 1.392208135482355
13, 18, -0.3370407150780219
63, 0, 0.7212541411696196
0, 19, 0.6446330087379464
21, 17, 0.4117506284119251
27, 16, 0.3247498015794733
40, 13, 1.010309440535482
32, 15, 0.9317453728600417
57, 6, -0.8937822429563927
49, 10, -0.189195392573267
1, 19, 0.1673778367634341
61, 3, -1.219662232746094
14, 18, 0.5327064397064716
62, 2, 0.5332446768995734
2, 19, -0.4747960632735365
60, 4, 0.2792670862635284
3, 19, 0.1199457396062104
22, 17, 0.5576324805443389
63, 1, -0.2461101586046004
37, 14, 0.2424937270206836
44, 12, 0.4718595064419713
28, 16, 0.5571857715179893
59, 5, 0.2726081586351774
54, 8, 0.9488175689226468
47, 11, 0.8320555608522139
33, 15, -0.2798791719771934
15, 18, -0.4056349796713463
4, 19, -0.1490977069763954
52, 9, -0.246654289438769
56, 7, -0.8198878154630228
41, 13, 0.5237469176051233
5, 19, 0.8664007239588467
64, 0, -0.09366626895416931
23, 17, -0.7230587820632294
50, 10, 0.1897961806540128
58, 6, -0.526075810471221
16, 18, 0.5300120057425604
29, 16, 0.8370082193376291
6, 19, -0.8374319502776271
62, 3, 0.6898598821909674
38, 14, 0.5659231361072226
63, 2, -1.435161457957397
61, 4, -0.3373050849510281
34, 15, -0.6206725194474656
45, 12, -0.3150512689359505
7, 19, 0.7125035476576749
17, 18, -1.16167530702571
48, 11, 0.3018189036242693
24, 17, 0.3392604839448573
55, 8, 0.05647731969039587
42, 13, -0.2436255748022497
64, 1, 1.136882722664026
60, 5, -0.05910728029653585
53, 9, -0.0317039168941321
57, 7, -0.2598161068794796
8, 19, 0.4142921525238883
30, 16, -0.3161165557143524
51, 10, -0.8126656438938615
18, 18, 0.01042097369543733
39, 14, 0.5623455635638126
9, 19, -0.1528732935228589
65, 0, 0.3565323806292461
35, 15, -0.007461770306587389
25, 17, -0.107239788591621
59, 6, -0.6854426617124306
46, 12, 1.609012483808154
63, 3, -1.058178873213285
10, 19, -1.412467795283058
43, 13, 0.2972931893194813
19, 18, 0.2818985976197236
64, 2, 1.062932920267149
62, 4, 1.188406052827162
49, 11, -1.751114250117469
31, 16, -0.03497380563186425
56, 8, 0.4986177790615803
54, 9, 0.4089712705101876
26, 17, 0.1088905286879527
-10, 20, 0.585949416496107
65, 1, 0.5563531859980594
61, 5, 0.4897710409526966
11, 19, 0.5992338436670964
-9, 20, 0.488851805240478
-8, 20, 0.0409380115242481
58, 7, -0.8817277370589569
-7, 20, 0.8754719104638992
36, 15, 0.3906992049497935
40, 14, 1.320632656820996
-6, 20, -1.344324803322914
52, 10, -0.4690723670485941
20, 18, -0.05265736522758822
-5, 20, 0.4086838222857393
-4, 20, -0.3398238161121381
12, 19, -1.478761101568191
-3, 20, 0.2624064288400962
32, 16, -0.7663255246624576
66, 0, -0.9570590011410537
60, 6, -0.1713087887463283
47, 12, 0.5257910018214458
-2, 20, -1.505401655845402
44, 13, 0.7694259424447094
27, 17, 1.161112092037618
50, 11, -0.6926402796311627
-1, 20, 0.6522204752632077
21, 18, 0.2773048056578689
64, 3, 0.4754635793860871
13, 19, -0.4955421324085497
63, 4, -0.4162813358010297
65, 2, 0.3856311958164707
37, 15, -1.315429840426189
0, 20, 0.2165511264928745
57, 8, 0.006028793563936968
55, 9, 0.2951031733759896
41, 14, -0.4486637643333816
1, 20, -0.3877562061963042
62, 5, 0.6320728816585321
66, 1, 0.9807428906408385
59, 7, 0.9890892691717947
33, 16, -0.9923860719698144
14, 19, -0.9778605232688186
53, 10, -0.3961274254775312
28, 17, 0.07110588151964366
22, 18, -1.259838734136411
2, 20, -1.668513006502855
48, 12, 0.002276565285591857
45, 13, -0.4018834201929966
3, 20, 0.1115743563281394
15, 19, -0.4883962196137566
61, 6, -0.9791954135846533
67, 0, 0.6188559505502063
38, 15, 0.2862286661682443
51, 11, 0.3467488002162835
4, 20, -0.3450543613058139
23, 18, 0.1534862606114142
42, 14, 1.827504926148262
29, 17, 0.1308874081363366
34, 16, 0.4435285381138755
65, 3, 1.121645782169745
5, 20, 0.1349080224876673
64, 4, -0.3053846074973709
56, 9, 0.4261192688031283
16, 19, 0.6351010438810651
66, 2, 1.141585193929691
58, 8, 0.1100921197835952
54, 10, -0.7299129766863608
6, 20, -0.7927825528210638
63, 5, -0.327303090898058
60, 7, -0.09874349152530641
67, 1, 0.7121673355927088
24, 18, 0.5188090861079881
49, 12, 0.05590613899519725
46, 13, 0.0289981020711398
39, 15, 0.286212602776851
17, 19, 0.8157328078222876
30, 17, 0.4722323875895123
7, 20, -0.4850681900074491
35, 16, -0.03099381755479273
52, 11, -0.338671632763243
43, 14, -0.3661130446084156
62, 6, 0.4466188212622186
68, 0, 0.2260312037072304
8, 20, -0.3673022134456035
18, 19, 0.2306995998954697
25, 18, -0.3103130667683762
66, 3, 0.3634625089998321
57, 9, 0.03308982111203669
59, 8, -0.2156772538663111
65, 4, -0.05543992925488021
9, 20, -0.05134785768524175
67, 2, 0.7570955274184291
31, 17, -0.7395782069410483
55, 10, 0.2291689584265406
40, 15, 0.2199517582318834
47, 13, -0.922271861193149
50, 12, 1.387581248993089
61, 7, -0.4481292141133497
36, 16, 0.4632251564677113
64, 5, 0.5164063716354343
19, 19, 0.01234785965751913
10, 20, -0.109792215774677
68, 1, 1.231264308452989
44, 14, 0.669507110442034
26, 18, -0.7308833526036534
53, 11, -0.9638490723906687
11, 20, -0.2996074587732917
-10, 21, -1.033710108776045
63, 6, 0.03325400239193057
-9, 21, -0.02853247256713831
32, 17, 0.6492995686226027
-8, 21, -0.09513412911171214
20, 19, -0.3543867378447469
-7, 21, 1.492347819997199
69, 0, -0.4856047453020526
-6, 21, 0.1962265697913383
41, 15, -0.7156393673269832
-5, 21, 0.7286182882011836
58, 9, -0.3980434999782417
37, 16, -0.3175891754475353
27, 18, -0.2827178587818985
-4, 21, 1.036374419238867
60, 8, 0.1506333652579828
12, 20, -0.1309221397244178
48, 13, -0.8449493330537597
67, 3, 0.1612824352886194
66, 4, -0.8139652474271406
56, 10, -0.07345325632792234
51, 12, -0.2140469490958654
-3, 21, 0.2009160165852167
68, 2, 0.5739800951867335
45, 14, -0.2696857938068993
21, 19, -0.3636729698573177
-2, 21, 0.408966302898896
62, 7, 0.4136096166295826
65, 5, -0.06839716681887474
33, 17, -0.5523114764064736
13, 20, 0.2258023447733629
-1, 21, -0.7888983175114657
69, 1, 0.8210400115827446
54, 11, -1.057909203167906
0, 21, -1.389035916501049
28, 18, -0.5265137699953143
38, 16, 1.206635845853924
42, 15, 1.1139503058041
22, 19, -1.181755955271248
1, 21, -1.248351119244072
64, 6, 1.276992111730537
14, 20, 0.7955006998804771
49, 13, 0.3265433925163111
2, 21, 0.3162173604485579
70, 0, 0.769156146695382
59, 9, -0.6445559011999508
52, 12, 0.3258539456981237
61, 8, -0.9961651319398842
34, 17, -0.3831794357035502
46, 14, -0.3241694951253514
57, 10, 0.5886200843629784
3, 21, 0.8146424412505151
15, 20, 0.2233220044586902
68, 3, -0.4969249481289072
29, 18, 0.4933401482665771
67, 4, 0.7149954405413541
23, 19, 0.1689246424252205
69, 2, -1.407861268391524
63, 7, -1.941120101750818
4, 21, -1.499166548926949
66, 5, -0.2471449600723154
55, 11, -0.4256322425180413
39, 16, 0.09477286218973408
43, 15, -0.8361428159329486
16, 20, 0.05401285748683538
70, 1, 0.4604880786071572
5, 21, 0.5002273772756776
35, 17, -1.033351995441814
24, 19, 1.376312097916934
30, 18, -0.6058864637603332
50, 13, -0.1921382462947746
65, 6, -0.8828844807250699
6, 21, 0.08274240372353267
47, 14, -0.4838177266487265
53, 12, 1.281270492377484
17, 20, -1.26965556512572
60, 9, -0.02026927570095459
71, 0, -0.6530143039656493
62, 8, 0.228577153289278
58, 10, -0.1854530543525529
7, 21, 0.8297008725848131
40, 16, 0.03992554559280322
69, 3, -1.175388439857189
44, 15, -0.463208216802962
25, 19, -0.3933855717494026
68, 4, 0.006328591443597409
64, 7, -0.09983309502232356
56, 11, 0.1198714655780579
31, 18, -0.1716956020977023
8, 21, 0.1925377381331739
70, 2, -0.3145780857493687
18, 20, 0.3200030991106614
36, 17, 0.1678942089551929
67, 5, -0.03999382610037366
9, 21, -0.04550873456145133
71, 1, -0.5904834877074869
51, 13, 0.7584198248677565
48, 14, 0.1485050565275289
26, 19, 0.9783421452857093
19, 20, 0.7140637601206054
66, 6, -0.3193004392165675
54, 12, 0.2791617252178558
41, 16, 0.4475049960072681
61, 9, 0.6647231579070709
10, 21, -0.6277439582914651
32, 18, -0.9813284233570007
59, 10, 1.083242725812862
45, 15, -0.2220166712547209
63, 8, -0.53319029789797
37, 17, 0.5315008129491883
72, 0, 0.2114036649983743
20, 20, 0.004148007967174366
11, 21, -0.2352058444384358
-11, 22, -1.314035737440028
-10, 22, 0.8228624123880959
57, 11, 0.1284158704392281
-9, 22, 0.3330434011492664
70, 3, -0.2697600642032232
-8, 22, 0.5797947081882745
69, 4, -1.228593899456937
27, 19, 1.225652466754834
65, 7, 0.3455073156637747
-7, 22, 0.3303042581722686
71, 2, 0.8371886031357302
-6, 22, 0.1207577438686853
-5, 22, -0.03784248373540067
68, 5, 0.03762920132119968
52, 13, 0.005095447428336172
49, 14, -0.04068454463145406
33, 18, -0.9786235122536801
12, 21, -0.5966209157136153
42, 16, -0.7023079479160581
-4, 22, 0.6462157593136462
21, 20, 0.1589369976467395
-3, 22, -0.06563198964211917
72, 1, -0.04889807013309073
55, 12, 0.5192013672546828
38, 17, 0.5430718087955572
46, 15, 0.1529448699210004
-2, 22, 0.4376933974100698
67, 6, 0.06642674063940843
28, 19, 0.04559434942536121
62, 9, -0.162717841193554
13, 21, 0.3152626276665312
60, 10, 0.4361330473721112
-1, 22, -0.5669708204880854
64, 8, -0.2403137523199418
0, 22, 0.01367202687533999
22, 20, 0.835303264510257
73, 0, 0.4179644129417217
34, 18, 0.008374202789274296
58, 11, 1.125439654450615
14, 21, -0.5882441895718614
1, 22, 0.2478987035356589
71, 3, -1.531055457778716
43, 16, -0.6702833181858681
70, 4, -1.689847759713434
50, 14, 1.713823472240907
66, 7, 0.4524659933943082
53, 13, 0.3014988289517246
39, 17, 0.1631053431271829
29, 19, -0.1514237846184546
72, 2, -0.03844900017731544
2, 22, -0.08347695652722185
69, 5, 0.7186680771060122
47, 15, -0.02913353110678181
23, 20, 0.04225884512518596
15, 21, 0.0174914369829786
56, 12, 0.603685985172974
3, 22, 1.379430647549697
73, 1, 0.3958818510938281
35, 18, -0.3777949553398139
63, 9, 0.4038583127362118
68, 6, -0.7148856441247515
4, 22, -0.7178084643750478
61, 10, -0.6058299332026086
30, 19, 0.1773001784843831
16, 21, 0.4529494578352998
65, 8, 0.09123992389023611
44, 16, -0.1677058214134201
24, 20, 0.1738955811180902
40, 17, -0.6158300081677841
5, 22, 1.556757208975893
59, 11, 0.7123214756942715
51, 14, 1.22954302393763
74, 0, -1.263056474677207
54, 13, 0.0866487313786603
6, 22, -0.4122027493828463
67, 7, 0.001072084461436529
17, 21, 0.5308393184059802
72, 3, -0.5412759988388227
48, 15, 0.5488719060411852
71, 4, -0.6163310623437842
36, 18, -0.322795765681715
57, 12, 0.2204689107237665
73, 2, 0.7222094794363669
31, 19, -0.4677487382735661
70, 5, -0.01090581275573385
25, 20, 0.01950866047135896
7, 22, 1.118035202619683
18, 21, 0.5333985439437632
41, 17, 1.309566549774064
74, 1, 0.1439865677549709
45, 16, -1.062160872563673
64, 9, -0.1771014340890744
62, 10, -2.311058373013042
8, 22, 2.309882719140754
69, 6, 0.5416113675499398
66, 8, 0.5577382004553713
52, 14, 0.8528532946817861
60, 11, -1.029608928942882
26, 20, 1.081034737798295
55, 13, 0.6272148455137652
37, 18, 0.1509694116764064
32, 19, -1.223948067816353
9, 22, 1.198408546974684
49, 15, -0.07302011638210991
19, 21, 0.07687624151076458
75, 0, 0.672197352761718
68, 7, -0.4560102298449526
58, 12, 0.3101267424988338
10, 22, 0.4237513733516861
73, 3, -0.7894373882890382
72, 4, 0.1917078557568717
42, 17, -0.4963355881358488
74, 2, 1.21325373349418
46, 16, -1.23025211699043
27, 20, 0.1675044413556989
71, 5, -1.497858827631194
20, 21, 1.451720278010924
33, 19, -0.4050539463751744
11, 22, 0.24621732041196
-11, 23, 0.4931972916187107
-10, 23, -1.065422359770707
38, 18, -1.575268206394471
-9, 23, -0.7972285762135489
-8, 23, -0.01786790054915992
63, 10, -0.5210431048881186
65, 9, -0.3094307278018102
53, 14, 1.280664160888636
-7, 23, -1.286918399937698
75, 1, 0.9212622028044106
70, 6, -0.4116142573594719
-6, 23, -1.33812492747802
61, 11, -0.5841697341034451
56, 13, -0.585773995796758
50, 15, -0.0241015764548345
67, 8, 0.6546836790329831
-5, 23, 0.5973434367067334
12, 22, -0.8687230677451114
21, 21, -0.02660679837762172
-4, 23, -0.997714843727643
28, 20, -0.2616282052567014
43, 17, -0.1331479485130991
-3, 23, 0.08659957035229293
59, 12, -0.3474329654609009
34, 19, -0.4310311193047673
76, 0, -0.3688404690542281
47, 16, 0.446302552624654
-2, 23, -1.113404368128797
13, 22, 0.3108174003792626
69, 7, 0.3438664659888265
39, 18, -1.030922126203022
74, 3, -0.2158404805446636
73, 4, 0.1382634599645212
22, 21, 0.22239090040006
-1, 23, -0.1319764988303653
75, 2, 0.385685052068168
72, 5, 0.147835924847014
0, 23, -0.6601560594618586
29, 20, -0.03912457425489393
54, 14, -0.8351222347245044
14, 22, 0.8319840039190206
64, 10, -1.396173171580989
66, 9, 0.5433161261892782
51, 15, 0.545635014713041
1, 23, 0.4576625188919295
57, 13, -0.2230957336800833
62, 11, -1.617588512772095
35, 19, -0.7652905421788927
76, 1, 0.4045750654224976
71, 6, 0.141696061856238
44, 17, -0.4257006253822225
23, 21, -0.1562722314123442
2, 23, -0.8494335785338786
68, 8, -0.1938453858352966
15, 22, -0.5029246789483816
40, 18, 0.3017419939659931
48, 16, 1.029981626053225
3, 23, -0.6949134718443905
30, 20, -0.3014945306074839
60, 12, 0.1961157417237264
4, 23, 1.267146990349703
77, 0, -1.724890640994245
70, 7, -0.3087468233565613
24, 21, 0.07522900561089185
16, 22, 0.7983819769811655
74, 4, -0.3025976354807823
75, 3, 0.01627668398014112
55, 14, 1.411572248581128
36, 19, 1.617150395983391
5, 23, 0.7634946279659657
52, 15, 0.7582694416504624
73, 5, -0.4022593398495666
45, 17, 0.1353170032781625
76, 2, 1.284568744899322
65, 10, 0.1119348350741077
58, 13, -0.8318781447307008
31, 20, 0.5246041070918036
67, 9, -0.9362554873308813
41, 18, 0.9343004663625392
17, 22, -0.5094913573552797
6, 23, -0.1234026730878093
63, 11, 0.1069947328863119
49, 16, 0.1783902452258226
25, 21, 0.2192062530034673
72, 6, -0.1636292233401011
77, 1, 1.111116864271667
69, 8, 1.103816779052427
7, 23, 0.9405440953913086
61, 12, -0.8109500050522607
37, 19, 0.5501761943449255
18, 22, -0.1311710467506302
32, 20, 0.05354042472791164
8, 23, 0.5289435197444213
26, 21, -0.5994160696765924
56, 14, 0.01099253515468177
71, 7, -0.3318210878264428
46, 17, -0.318632727872916
53, 15, 0.1409345876900332
78, 0, 0.9870039063096265
42, 18, -0.02065673917586726
75, 4, 0.2216107726315008
76, 3, -0.3032111443252569
19, 22, -0.239398118210012
59, 13, -0.4151348054903754
9, 23, 0.4215180996975462
66, 10, -1.186514412976364
50, 16, -0.460832011248538
74, 5, -0.3111627471464238
77, 2, 0.2284335304928182
68, 9, -0.003464974146498735
64, 11, -0.9753508407540621
38, 19, -0.3824821844599866
27, 21, -0.2676093338475931
33, 20, 0.3832872194523198
10, 23, -0.4383974108098039
73, 6, -1.090988844753539
70, 8, 1.193993430151286
20, 22, 0.8525890821505185
62, 12, -0.647424958702484
78, 1, -0.1594559467417738
47, 17, 0.01600227271843827
43, 18, -0.1301180178123236
-12, 24, 0.6054595199775127
11, 23, -1.485268923476853
-11, 24, -1.710498038111865
-10, 24, -0.3689350493329169
54, 15, 0.6151700979782925
-9, 24, -0.6453436958231581
57, 14, -0.09937653021806944
-8, 24, 0.4374155800263532
-7, 24, -1.306914796289185
28, 21, 0.9350405105637256
72, 7, 0.04955711829014311
21, 22, -0.02920941665581092
-6, 24, 1.131376982140488
51, 16, 0.5481421069273653
39, 19, 0.3991253984861771
34, 20, 0.2881728977646253
60, 13, -0.1702257441537631
12, 23, -0.2318039289342511
79, 0, -0.1650604001004135
-5, 24, -0.8227249655309801
-4, 24, -0.2992810990478956
76, 4, -0.3112856583236369
77, 3, -0.4274164431403858
67, 10, 0.3036826153281326
65, 11, -0.1675674533008003
-3, 24, 0.1945228647370646
69, 9, 0.2122154602572465
75, 5, -0.1638191030222855
78, 2, 1.846521523905939
13, 23, 0.5350779083823886
44, 18, 0.8091193378406023
22, 22, -0.02492192294802535
-2, 24, -0.8180411377130992
48, 17, -0.8930788901861135
29, 21, -0.3053081953576228
63, 12, 0.05371691537552886
-1, 24, 0.02490005059304424
71, 8, 0.006995079756136694
74, 6, -0.6650019244629206
55, 15, -0.276794527655111
35, 20, -0.3268472293760617
79, 1, -0.241856045896198
40, 19, 0.2562981418127953
58, 14, -0.6397007620459195
0, 24, -0.4071342771994048
14, 23, 0.1597880528601068
52, 16, -0.5522991723257453
23, 22, -1.087119420780204
1, 24, -0.2652454902451238
61, 13, 1.097873848804156
73, 7, -0.7172368314542681
30, 21, -0.04552084514410924
2, 24, 0.8287960738738529
15, 23, -0.8615498807071881
45, 18, 0.03233792319792523
80, 0, 0.4334963409940668
68, 10, 0.4271221862941632
77, 4, 0.3442458873149948
66, 11, -0.9780612360565448
49, 17, -0.6943820554312365
36, 20, 0.0439314769573777
3, 24, -0.1709343518888451
78, 3, 0.1645883684555448
70, 9, 0.4367544569719415
24, 22, -1.116915296627517
76, 5, 0.2353144778474812
41, 19, 0.225846514381845
79, 2, 0.07663139014130092
16, 23, 0.0344098884086892
4, 24, -0.5635406565982475
64, 12, 0.5636592205534856
56, 15, -0.01616072656111649
59, 14, 0.2624759719948154
31, 21, 0.6993718106309367
72, 8, -0.5689532721303812
75, 6, 0.5684580272616279
53, 16, -1.262243323441903
5, 24, 1.524971355720577
80, 1, 0.36503154097604
25, 22, 0.929317806025535
17, 23, 0.7419296458589389
46, 18, -0.8489930760208685
62, 13, 0.6808257076420331
37, 20, 0.1704416301922393
6, 24, 0.3734716742186187
50, 17, -0.9750086549825803
74, 7, -0.5050719120099003
42, 19, 0.816818087295234
32, 21, -0.9369195025178161
69, 10, -1.283716550039955
7, 24, 1.325162035923138
67, 11, 0.39516851342722
18, 23, -0.468688976658685
81, 0, -0.4149758235111058
71, 9, 0.2318663215306789
78, 4, 0.9700520210643959
26, 22, -0.9575858712494278
79, 3, 0.1636649407014795
57, 15, 0.6278526875225422
77, 5, 0.2564183386573939
65, 12, -0.2088608208754406
8, 24, 0.2431900148201396
60, 14, -0.6767235237867363
54, 16, -0.6590706982172898
80, 2, 0.5004131429596328
38, 20, -0.4733934503111702
73, 8, -0.7782928798646034
19, 23, 0.7931988959159516
47, 18, 0.0468420442331139
76, 6, -1.08842014538748
9, 24, -0.6423447572967264
33, 21, -0.9132059692909287
43, 19, -0.2547296757884174
63, 13, 0.5243806704216409
51, 17, -0.3150338564563747
27, 22, 0.499483564589406
81, 1, 0.3103803154605103
10, 24, 0.386826854388782
20, 23, -0.5291919324155225
75, 7, -0.2630961387077553
70, 10, 0.4306805133081111
39, 20, -0.3836450514236132
68, 11, 1.024475353008298
58, 15, 0.4525654548742193
-12, 25, 1.000348266146582
55, 16, 0.6648816805513454
34, 21, 0.8274477011213989
11, 24, -0.8085184927393019
-11, 25, -0.6631583551465451
72, 9, -0.1946434938042733
82, 0, 0.1428137556610985
28, 22, -0.9386219997442037
-10, 25, -0.02401438859141096
-9, 25, 0.2194003322803553
61, 14, 0.8409879100982139
66, 12, 0.6344182724176379
48, 18, 0.6089019017973947
79, 4, -0.5285048060018559
80, 3, -0.7535252573705715
-8, 25, -0.5377266133864882
44, 19, -0.009724858010736385
21, 23, 0.6091584045568
78, 5, -0.600279361364809
-7, 25, -0.5451730039715538
-6, 25, 0.06681580044264604
81, 2, -1.392076623887269
52, 17, -0.7817410212079826
12, 24, -0.1134479195780638
74, 8, 0.7427011507777843
-5, 25, 0.1993419043710044
77, 6, 0.7131128300603442
64, 13, 0.7371459832096643
-4, 25, -0.08815378036736646
40, 20, -0.1284869790965538
29, 22, -1.072696096111951
22, 23, 0.8942130065109968
-3, 25, 0.57837567625283
35, 21, -1.091978539973406
13, 24, -0.006764016151437801
82, 1, 0.09787661738110112
-2, 25, 0.6343596554979102
59, 15, 0.2867073431133983
76, 7, -0.2252081992092823
49, 18, 0.0796667577122632
56, 16, -0.01192486982236211
71, 10, 0.5834845866283984
69, 11, -0.5849705640864564
45, 19, -0.5837963115332914
-1, 25, 0.5855281872421036
62, 14, 0.8974924057787618
14, 24, 0.8399959876768576
0, 25, 0.9138196440423775
73, 9, -0.3873117935105334
67, 12, 0.3975313169252065
23, 23, -0.01264520168691851
30, 22, -0.8095410909739587
83, 0, -0.8686778327602732
53, 17, 0.3112009871029251
80, 4, 0.3814429843198863
1, 25, 1.234824806864836
41, 20, -0.3056610754450157
81, 3, 0.01425523581998099
36, 21, 0.006603478602769449
79, 5, -0.2584342664062415
15, 24, -0.7048190200543389
75, 8, 0.001619023326509285
65, 13, 0.4389496212938032
2, 25, -0.01999234027120309
82, 2, 0.1664351116411833
24, 23, -1.533519679042691
78, 6, -0.189346815233556
3, 25, -0.84569553412983
46, 19, -0.9392990492528647
50, 18, -1.85456394309618
31, 22, 1.098041721720966
60, 15, -0.001335441558727143
16, 24, -0.1724176964862601
57, 16, 0.09960051461254756
83, 1, -0.07095190418430547
4, 25, -0.3518929500282676
37, 21, 1.070303356652325
70, 11, -0.3733773046371309
72, 10, -0.298770446939939
42, 20, -0.4438912951000954
77, 7, -0.5754695775168235
63, 14, 0.5031282778380222
54, 17, -0.994596552891423
25, 23, -0.332573202559609
68, 12, 0.09340956768446883
5, 25, 0.2024101614460562
17, 24, -0.31017105108911
74, 9, 0.3681858309114489
32, 22, 0.7213994809143445
84, 0, 0.7947664052129499
6, 25, -0.4954420963089058
81, 4, -0.4128840411656133
82, 3, 0.1658860291650122
66, 13, -1.370037983095034
47, 19, -1.432939108840678
80, 5, 0.1791397375656891
51, 18, 0.1040596436872565
76, 8, 0.6952186913427566
18, 24, 0.6182318988208788
38, 21, 0.5481893726050414
26, 23, 0.4581237629038783
83, 2, 0.03315244596348557
7, 25, -0.03384135013111811
58, 16, -0.03316477949564847
43, 20, 0.9283624477509842
79, 6, 0.009169144780800291
61, 15, 0.03325761500847486
8, 25, 0.1178704461928985
55, 17, 0.1241752789667361
33, 22, 0.6761242126605405
64, 14, 1.187860726348526
84, 1, 0.738233514814618
71, 11, -0.01871742702213876
19, 24, -0.1318447826744392
73, 10, -0.5749945979098205
78, 7, -1.068489162712727
27, 23, 1.022927437229059
69, 12, 0.1787343901906647
9, 25, -0.2246618513651626
48, 19, -0.5127472307600576
75, 9, -0.09440375627730735
39, 21, -0.1408839179335861
52, 18, -1.068651729974246
44, 20, 0.2177009370060496
20, 24, 0.3155187092688054
67, 13, 0.06210849385531342
85, 0, -0.1325907383148589
10, 25, 0.2154608338418098
82, 4, 1.181508591247362
34, 22, -1.213063293164619
83, 3, 0.6963750314280721
81, 5, -0.3804491447019135
59, 16, 0.3847583875600599
28, 23, -0.1602339237026531
77, 8, -0.00229942532991935
62, 15, 0.2068397819003909
56, 17, -0.02836156747662063
-13, 26, 1.355149896037308
84, 2, 0.2041964111658089
-12, 26, -0.04032154200028069
11, 25, -0.06236523118995586
-11, 26, 0.1066199533460558
-10, 26, -0.08030224466691249
80, 6, 0.116718808496561
21, 24, 0.5671673402058577
-9, 26, 0.8440270059747101
65, 14, -0.2026636594020913
40, 21, 0.1850225504443893
-8, 26, 0.4186108198472183
49, 19, 0.2235788768687057
-7, 26, -0.8823405874771326
72, 11, 1.582950731584472
74, 10, 0.001541852238794151
-6, 26, -0.01015958023257031
12, 25, 0.3409928539422529
35, 22, -0.4022073454724318
85, 1, 0.05447556455310887
70, 12, 1.808446243329986
45, 20, -0.271729585844497
53, 18, 0.447191290775415
29, 23, 0.3439103266192811
-5, 26, 0.2178530603030172
79, 7, 0.1004847791788656
22, 24, -0.4422922569391305
-4, 26, -0.002599701963600237
76, 9, 0.6105140846219749
68, 13, 0.1450536403459145
-3, 26, -1.383418386698429
13, 25, -0.432029295551292
60, 16, 0.2450591658390241
-2, 26, -0.2922429905843105
63, 15, 1.087448007921282
41, 21, -0.6757293545852426
86, 0, 0.9639964783652107
83, 4, 1.205037701427316
57, 17, -1.207407806470156
84, 3, -0.9450603707057252
82, 5, -1.058854684927192
30, 23, 1.062054159205514
-1, 26, -0.4054096898824913
78, 8, 0.2111760955100161
36, 22, 0.315358790657866
23, 24, -0.7628080129000868
14, 25, 0.1875552780085698
50, 19, 0.1446323636223334
66, 14, -0.01249781201501253
46, 20, -0.04366585470787082
0, 26, 1.341783859393464
85, 2, 1.553373183046621
81, 6, 0.5172804822067805
54, 18, 0.4338544089794449
73, 11, 0.04212790850946588
1, 26, 0.1516008084949274
75, 10, -0.08836208782709823
15, 25, 0.07679941023221422
71, 12, 0.8816086843589022
24, 24, -0.007798602932041672
2, 26, -0.7269547298012655
86, 1, -0.3646314090279004
31, 23, -0.3684046618032282
42, 21, 0.8241611652977499
80, 7, -0.1683460445546298
37, 22, -0.09909713790358156
77, 9, -0.2661397148421452
61, 16, -0.461464061662255
69, 13, -1.234866081513502
3, 26, -1.840654858712286
58, 17, 0.2619669560881803
64, 15, 0.725616277959514
16, 25, 0.7162469987376348
51, 19, -0.3331404507211201
47, 20, -0.7389459971255823
4, 26, -0.1236385797963013
25, 24, 0.02037803715115223
84, 4, 0.8230928027361925
87, 0, -0.3127884363809896
79, 8, -0.4407497464724606
85, 3, -0.5665421316421604
83, 5, -1.188084672566027
55, 18, 0.535469981383524
32, 23, 1.137117742166734
67, 14, -0.1803544578147687
17, 25, -1.208286636045369
5, 26, -0.2500090579125637
43, 21, 0.9914700266192096
38, 22, -0.4552653914212816
86, 2, 1.602998632950541
82, 6, 1.473105451413701
74, 11, -0.7259062206256928
6, 26, -0.9276259245328181
72, 12, 0.4506547803121558
76, 10, -0.8016965543089181
26, 24, -0.1846740557577048
18, 25, -0.174447854796601
62, 16, 1.318035131471145
59, 17, 0.1340152777810342
52, 19, -0.0001944052905273516
48, 20, -0.3039010811919201
7, 26, 0.2321048670262076
87, 1, 0.219400522567658
81, 7, 0.3094882459963314
33, 23, 0.3448883493184228
70, 13, -0.02646521270527188
65, 15, -0.1911471268142537
78, 9, -0.08616537748717028
39, 22, 0.1908033436667623
8, 26, 0.1035162916331289
56, 18, -0.3738606089414082
44, 21, -0.03593752255074929
19, 25, 0.181988595906799
27, 24, -0.05501095079092254
68, 14, 1.187502287596976
85, 4, 0.06979728571952291
88, 0, -0.5055751952042012
80, 8, -0.09049543886400906
84, 5, -0.6857059555421282
9, 26, -0.9970840377025222
86, 3, -0.07231950746445959
34, 23, 0.8916351272491111
20, 25, -0.03168414136725314
75, 11, 0.165000227398285
49, 20, -0.1696827284574227
83, 6, 0.5127741614297456
87, 2, -0.767197416521449
53, 19, 0.7681083743225114
73, 12, 0.7553089303149595
28, 24, -0.215698494382583
63, 16, -0.7891578527199204
10, 26, 0.08405256261942205
77, 10, 0.4033475134271672
60, 17, -0.527114268139974
40, 22, -0.09009329205183304
66, 15, -0.1592754261378809
45, 21, 0.03471867353670301
71, 13, -0.5244171549712712
82, 7, 0.2492111022631304
-13, 27, 0.2590344560578175
57, 18, 0.4319892158569886
-12, 27, -0.4617855834400406
21, 25, -0.2186321354535659
88, 1, 0.006036364820165813
79, 9, -0.4707902586769862
11, 26, -0.01394808365939121
-11, 27, 0.4614478651504496
35, 23, -0.3583720284142821
-10, 27, 0.4425640141051591
-9, 27, 0.3542872428393762
-8, 27, -0.3429019094419266
29, 24, -0.1184739607346341
-7, 27, 1.113077655755967
69, 14, -0.3076626427163185
12, 26, -0.8776783934951136
-6, 27, -0.4608279421773818
50, 20, 0.03448564237578759
41, 22, -0.05602044704734842
22, 25, 0.6088533753552822
-5, 27, 0.9367287668424894
81, 8, -0.352025515247813
54, 19, 0.1836093371286054
86, 4, -0.4354322279636008
89, 0, -0.437061994188878
85, 5, -0.003712375058916531
-4, 27, 1.239454395005526
87, 3, 0.04496951187726102
46, 21, 0.487896353672436
64, 16, 0.006195391943107535
61, 17, 0.06631348241174242
76, 11, 0.0337018187361702
36, 23, -0.02307332682822728
13, 26, -0.2539210819106007
-3, 27, -0.02572939306192353
74, 12, -0.1659067536097488
84, 6, -0.0301910300818859
30, 24, 0.05400666276605788
88, 2, 0.4767647500921574
78, 10, 0.5386684438178324
-2, 27, -1.015339575873245
67, 15, 1.026821645831747
58, 18, -0.7582149234315859
72, 13, -0.3055963456643279
23, 25, 0.1315334480910753
-1, 27, 0.17723612901172
14, 26, 0.396960989935168
83, 7, 0.1074601192591215
80, 9, 0.5302277546708356
42, 22, -1.574221564148352
0, 27, -1.126675808891532
89, 1, 0.05354147878069674
51, 20, -0.02576196393686032
70, 14, 0.946956903423711
37, 23, 0.01545870973332501
55, 19, 0.8360183214483556
31, 24, 0.8710521310049761
1, 27, 0.5351960362373552
47, 21, -0.5069887955127931
24, 25, -0.5720710644219482
15, 26, -0.2334031140207062
62, 17, 0.1551578423403358
2, 27, 0.3947339181807567
65, 16, -0.6989264795953233
82, 8, -0.4173110714346266
87, 4, 1.097421014268161
90, 0, 0.1825996640837409
86, 5, -0.4083018614839121
88, 3, 0.1953432752908168
77, 11, -0.965833517220789
59, 18, -0.541102042036034
16, 26, 0.4100249830385468
75, 12, 0.4404504423276581
3, 27, 0.4941944201932564
68, 15, -0.3780180358847439
43, 22, -0.1563724737404806
25, 25, 0.01750409382328903
32, 24, 0.2740656581650898
85, 6, -0.1727576108136898
79, 10, -0.4093686918964576
73, 13, -0.5144571708164123
38, 23, 0.58885758436622
89, 2, -0.3168201538829493
4, 27, -0.3134618195016491
52, 20, -0.2226273262396757
48, 21, -0.4215968134853111
17, 26, -0.3682491024739256
56, 19, 0.6205317955062745
5, 27, 1.173328412196704
81, 9, -0.4608269462404112
84, 7, -0.294906077479122
71, 14, 0.5997098847918892
90, 1, 0.4326739263385926
26, 25, 0.4233955697535527
33, 24, 0.6196211953770581
6, 27, 0.1300918066212817
63, 17, -0.9945141118466866
66, 16, 0.1034907215749091
44, 22, 0.7719711588586164
18, 26, 0.1728672543603845
39, 23, -0.8063116242143729
60, 18, -0.06672142958182017
83, 8, 0.1913838181680527
7, 27, 0.5379114386814771
53, 20, 0.3342418618797107
69, 15, -0.02976230444640418
88, 4, -0.2827153165898178
76, 12, -0.02573855346536093
78, 11, -0.9922548803336499
87, 5, -0.2130563995602621
27, 25, -0.2342959829419689
91, 0, 1.778859818077487
49, 21, -0.03722927853458375
89, 3, 1.302248797707391
19, 26, 0.6102678098037757
74, 13, 0.5794841704293112
8, 27, -0.2599719367173441
80, 10, -0.2075707175253476
57, 19, 0.5140760810459456
86, 6, 0.6895567026184584
34, 24, -0.6772464045602523
90, 2, 0.1971005550694824
45, 22, 0.2921511167594256
40, 23, -0.292837528754843
9, 27, 0.1969731389896045
72, 14, 0.178933888425538
82, 9, 0.4645699111785885
20, 26, -0.3231148177953664
85, 7, -0.130624381713036
28, 25, 0.07693372804264327
64, 17, -0.7696893799256618
67, 16, 0.1278482502838688
91, 1, 1.075378348568097
61, 18, -0.02768551311362073
10, 27, -1.102094074843549
54, 20, -0.9692717048559754
50, 21, 0.3011411196846577
35, 24, -0.2954432574015788
21, 26, 0.2411578463634304
70, 15, -0.3541244262319169
-14, 28, 2.923498476756317
-13, 28, -0.1929392841546113
84, 8, -0.02586626012030102
-12, 28, 0.02219367010711701
77, 12, -0.2023875872048513
58, 19, 0.2203418040767407
11, 27, 0.2308043802310349
-11, 28, -0.1920457791685659
79, 11, 0.4373702791157216
29, 25, 0.1029786498182143
41, 23, -0.3668084171570057
-10, 28, 0.7788534402915779
46, 22, 0.6399446822388153
89, 4, -0.7507731423992261
-9, 28, 0.7471249037688665
88, 5, -0.8652460578288342
75, 13, -1.051088373838672
92, 0, 0.3777223122830183
-8, 28, -0.1526326800113605
90, 3, -0.6295097756622189
81, 10, 0.848828346031223
-7, 28, 2.039060878825115
87, 6, -0.2253002327899546
12, 27, -0.3213773708730016
22, 26, -0.6436557502513006
-6, 28, 0.1288401575761144
36, 24, -0.31153326347211
91, 2, -0.1524623366107624
73, 14, -0.0396996822717046
65, 17, 0.7439358195395116
-5, 28, 0.3031954521314843
51, 21, 0.5566868493337697
62, 18, -0.65367452782137
55, 20, 0.09837685361977164
30, 25, -0.1020077893656173
83, 9, -0.9419161948353152
68, 16, 0.1664940659425136
-4, 28, -0.1562803146160556
86, 7, -1.434216390672911
13, 27, -0.6157702693084618
42, 23, 1.1681557197187
-3, 28, -1.615975336596337
23, 26, 0.4437405313595474
92, 1, 0.3470127198947799
47, 22, -0.3430947765024333
-2, 28, -0.3370111435930783
59, 19, -0.576918357884405
71, 15, 0.8134259669853192
37, 24, 0.2792284388448448
14, 27, -0.2783807455220988
-1, 28, -1.097081587780753
78, 12, 0.3098740125737102
85, 8, -0.6628221655570715
80, 11, 0.3696621654539877
31, 25, -0.4224108275406859
76, 13, 0.2897897877597505
0, 28, 1.080446316197803
90, 4, -0.4392352871950299
24, 26, -0.3977155192680977
89, 5, -1.714294225172728
82, 10, 1.371606100986025
52, 21, 0.4164261683558168
93, 0, 0.6716089986704668
15, 27, 0.09399205765448526
91, 3, -0.1973597835716573
1, 28, -0.2643627944019183
56, 20, -0.8664739984918851
66, 17, 0.2457888240985656
43, 23, 0.03713923572876901
63, 18, -0.009658616389322467
88, 6, 0.6676971796558773
74, 14, 1.013215282881061
69, 16, 0.8741888811648065
48, 22, 0.7211772484341404
2, 28, -0.7296990949008507
92, 2, 0.8129411996790888
38, 24, 0.2609608988475246
32, 25, 0.3520850625062798
84, 9, 0.3219922893518153
16, 27, -0.1204340271130377
60, 19, -0.8716575768775577
25, 26, 0.8774431403162782
87, 7, 0.04001630286386378
3, 28, -0.1892615945969059
72, 15, 0.181309189687045
4, 28, -0.6336606665578119
93, 1, 0.4571747706616889
44, 23, 0.6090522793983771
17, 27, -0.1230908397435353
79, 12, 1.024214658222346
53, 21, -1.019094241742083
81, 11, -0.4393622319187752
86, 8, -0.02677749914715272
26, 26, 0.05088550009363118
77, 13, -0.05500203686356604
57, 20, -0.3280476471602344
33, 25, -0.2582956689577495
5, 28, 0.001621027862161648
39, 24, -0.142566636326474
49, 22, -1.407024525504709
67, 17, -0.08320014050953223
64, 18, 0.4323410949478022
83, 10, 0.273358549348348
91, 4, -0.3582090896955327
90, 5, -0.1124565356144284
6, 28, -0.03185990925060412
18, 27, -0.1396506961233188
75, 14, 0.9875493696434874
94, 0, -0.5488640564775188
70, 16, -0.5578971685827672
92, 3, -0.6427278029505735
89, 6, 0.2958322784424795
61, 19, -0.6302722664426265
27, 26, -0.2037727747734991
7, 28, 0.6731014438003325
93, 2, -0.3292295190010055
45, 23, 0.3152923655383522
85, 9, 1.900895485083727
34, 25, -1.878936562889426
19, 27, 0.2539017504223864
40, 24, -0.3200650813912095
88, 7, 0.8430305717691167
73, 15, 0.6990423173248559
54, 21, -0.8438668833960549
8, 28, -0.06436026920881284
58, 20, 0.8497580974414363
50, 22, 0.9456192723126795
94, 1, -0.4400085343660821
80, 12, 0.01576623339030451
28, 26, 0.1397034334449326
82, 11, -0.05393396183189979
78, 13, 1.008663268909181
9, 28, 0.01171387747956653
68, 17, -0.00189494463352329
65, 18, 0.05291674411412119
20, 27, -0.04675814860060598
87, 8, -0.5541481051030627
35, 25, 0.1534720706274036
71, 16, -0.1415463549000252
62, 19, -0.1750093689457381
46, 23, 0.3916925263004639
84, 10, -0.1848464538643789
76, 14, 0.2437688187811708
41, 24, -0.5277175651179873
10, 28, 0.04874235708705846
92, 4, 0.9142629754188648
91, 5, 0.08147380321130236
95, 0, 0.2163631800316504
93, 3, -0.3232185705123842
21, 27, -0.3228923261526143
55, 21, 1.501502110968976
29, 26, 1.455163360755414
90, 6, -0.4535074609958675
-14, 29, -0.2692711512472597
-13, 29, -1.06280484377114
51, 22, -0.8406196952414017
-12, 29, 1.158116393344906
11, 28, -1.271256999663471
-11, 29, -1.298270321337817
86, 9, 0.1536989654520187
74, 15, -0.1435681712625762
59, 20, -0.180552640480277
-10, 29, 0.1916048688245089
94, 2, -1.201952773876131
36, 25, -0.6548701026885253
-9, 29, 0.7522945363162729
89, 7, -0.4358555012190781
-8, 29, 0.4280885553274461
22, 27, 0.8454605036959495
-7, 29, 0.560974866115489
12, 28, 0.03539846871929873
66, 18, -0.7662621817477988
42, 24, -0.9048252263657248
47, 23, -0.2275642237904553
69, 17, 0.3609498559369912
-6, 29, -0.3581522671031238
30, 26, 1.657705402556433
81, 12, -0.5751120856332312
79, 13, 0.03963353140849775
95, 1, 0.6201503311472196
-5, 29, 0.9193976179863169
83, 11, -0.7484851489691728
63, 19, 0.2137182919721049
-4, 29, 0.08598354911663519
88, 8, -0.1686733856464853
72, 16, 0.14746974168734
13, 28, 0.04371311313531287
77, 14, 1.143400918149534
56, 21, 1.097413210752382
37, 25, 1.019410480802331
23, 27, 1.292998615154868
52, 22, 1.211080114343029
-3, 29, -0.5789709798041367
85, 10, 0.1137104186832047
93, 4, -0.9129822965126364
-2, 29, -0.884059489513596
92, 5, -1.742002263932311
60, 20, 0.172693226694529
31, 26, -0.2126575241913438
14, 28, -0.5477902470490317
96, 0, 0.8089107210638961
94, 3, -1.536331884151988
43, 24, 1.533961148546734
91, 6, 0.2228880326471246
-1, 29, -0.3453481390106096
75, 15, -0.1150422174060498
48, 23, 0.3313115224124018
87, 9, 0.3188732655285023
24, 27, -0.3212591337196672
0, 29, -0.4252206834658864
95, 2, -0.4737439087960826
67, 18, 0.1556456487286745
90, 7, -0.7911559278455249
70, 17, 0.782253629005688
38, 25, 0.7886302422514524
15, 28, -0.7800584437402233
1, 29, 0.4881920529594352
64, 19, 0.4242496901017353
82, 12, -1.011524596980996
32, 26, -1.323750769183003
57, 21, -0.3430261471629257
80, 13, -0.6565833402497424
53, 22, -0.6576103898456184
84, 11, 0.2823424820358654
73, 16, -0.06955526846685171
2, 29, -1.153327445614377
25, 27, -1.032687375864624
96, 1, 1.098753266769939
44, 24, 0.7612115400167653
16, 28, 0.4640750200477062
78, 14, -1.391144212449427
89, 8, -0.16756335701161
61, 20, 0.4544714453780692
49, 23, 0.5557564332268049
3, 29, -0.5261510129206692
86, 10, 0.1311008111343317
39, 25, -0.8911235573626588
33, 26, 0.3156951310014054
4, 29, -0.549970420604001
94, 4, -0.292053289090777
93, 5, -0.02008112153834752
17, 28, -0.03926483667699968
76, 15, 1.61812669682119
26, 27, -0.1013365738857393
97, 0, 0.7067482848339247
95, 3, -0.2406359555171224
92, 6, 0.1118586594398094
68, 18, -0.09240817174654908
5, 29, -0.04486751196994045
88, 9, -0.03961750755795219
71, 17, -0.1099519219739046
54, 22, -0.170974986242628
65, 19, 0.7552473739408713
58, 21, -0.3061705714701387
45, 24, 0.1916094910556733
96, 2, 0.4376645270112021
18, 28, 0.5397608457176045
91, 7, -0.341256441922182
6, 29, -0.1201348615477549
83, 12, -0.05042774964021968
50, 23, -0.08305357020202506
81, 13, -1.341314023619871
40, 25, -0.03140701082054548
74, 16, 0.8931172596700645
34, 26, 0.1050590036395696
27, 27, -0.02158132515671391
62, 20, -1.66879626946902
85, 11, -0.7531195990517923
79, 14, 0.07415079420541
7, 29, -0.04145208637138469
97, 1, 0.1625276607092349
19, 28, -0.1679912883987762
90, 8, 0.5216788311918696
87, 10, -0.03710401406365603
8, 29, 0.20647455481499
46, 24, 1.124582834005708
77, 15, 0.2498826788198656
55, 22, -0.07733665315968591
28, 27, -0.2775684288069167
69, 18, -0.9752797124404391
59, 21, 0.963921116347664
35, 26, 0.9322336129547688
95, 4, -0.9332761889326663
94, 5, -0.3222739426456247
66, 19, 0.2888204849421373
41, 25, 0.8857162188988228
20, 28, -0.013605521821293
72, 17, -0.2294752482925936
51, 23, 0.4468598197262421
9, 29, 0.3164748686865876
96, 3, -0.6442814600907379
93, 6, -0.720335189618487
98, 0, 2.574429929667364
89, 9, -0.5620370403713565
63, 20, -0.470620070520915
75, 16, 0.2259983401425819
10, 29, -0.2269039796429871
29, 27, -1.460920246023939
97, 2, -0.9964932110604466
92, 7, -0.2564531872237895
84, 12, 0.4450206951792007
82, 13, -0.8662628521630419
21, 28, 1.11422850095711
36, 26, 0.7898789777369563
86, 11, -0.01472149851516537
47, 24, 0.08813688989860802
-15, 30, -0.3551647880632731
80, 14, -0.3695136779472942
-14, 30, -0.3728643901972605
-13, 30, 0.5411105842799321
-12, 30, -0.0664800635236831
42, 25, -0.8096868807109564
11, 29, -0.1730138774616921
-11, 30, 0.2952816106806478
56, 22, -0.00815053429286668
-10, 30, 0.3778171863955698
60, 21, -0.8004824390189542
-9, 30, 0.8148430921691089
98, 1, 0.2976558880400407
91, 8, -0.3676116075788393
52, 23, -0.01092859518025448
88, 10, -0.1682748849158028
70, 18, 0.3151137536467485
22, 28, 0.1999866317559293
-8, 30, -0.2820731084076721
78, 15, 0.2843214501103794
30, 27, 0.03191750203042906
67, 19, -0.5327373149201056
-7, 30, 0.5675520881867541
12, 29, -0.2220994282449206
73, 17, 0.1257233058857672
-6, 30, 0.5518467575443134
37, 26, -1.515388374870063
95, 5, 0.1826013157116525
-5, 30, 0.1755593965517637
96, 4, 0.4210255849555374
64, 20, -0.4269339773911414
48, 24, 0.2415662949142211
94, 6, 0.4899533756069371
-4, 30, -0.4889676599639544
23, 28, -0.8678110940538266
13, 29, -1.039184095295336
97, 3, -0.165851705402288
43, 25, 0.4414718515461882
99, 0, -0.4094935114091608
90, 9, -0.07329729654320827
76, 16, -0.1714893183803834
31, 27, -0.7317806136222246
-3, 30, 0.9124775029479151
83, 13, -0.7760987029947714
57, 22, 0.7759925905905307
85, 12, -0.02674362407453676
93, 7, -0.6802309807317892
98, 2, 0.5104746074278699
-2, 30, -0.5594203761313837
53, 23, -0.0916080859587888
81, 14, 1.103321107836313
61, 21, 0.1184084423584849
14, 29, 0.1127866658833349
87, 11, 0.5573593208587571
38, 26, 0.4497375114216614
-1, 30, 1.078920225228778
24, 28, -0.414898193144181
71, 18, -0.6967211727728824
68, 19, 0.3351803103776244
0, 30, -0.35166174735839
79, 15, 1.810852352006483
92, 8, -0.4212864476770167
32, 27, -0.5845674989505693
99, 1, 0.8389345806989332
89, 10, 0.5047320294481039
44, 25, 0.4577460181936375
15, 29, 0.7397959376364027
74, 17, -0.2512146563995119
49, 24, -0.8120673353636085
65, 20, 0.3239807317766233
1, 30, -1.048504370781263
25, 28, -1.280979152666607
58, 22, 0.4144404665785613
2, 30, -1.035665248802159
96, 5, 0.01439391379327153
39, 26, -0.6972791003648208
16, 29, 0.01479241934514475
97, 4, -0.582097288715962
77, 16, -0.4081911329609961
54, 23, -0.7380896388456566
95, 6, 0.6238299240910868
91, 9, 0.1912847984842682
98, 3, -0.324970333685203
62, 21, 0.2882632021281761
33, 27, 0.7636330795431399
3, 30, 1.011345096034247
100, 0, -0.5228613206275873
84, 13, -1.09115398060591
86, 12, -0.4715198170524456
45, 25, -0.02577036597129724
82, 14, -0.6367199267534677
26, 28, -0.07097052681992172
94, 7, 0.1997549913806941
17, 29, -0.115908628409678
50, 24, 1.269591807850944
4, 30, -1.279453032115141
99, 2, -0.5821704990261305
88, 11, 0.4654929816761386
69, 19, 0.7488123441003445
72, 18, 0.002609656381444719
80, 15, -0.3306445781764296
5, 30, 0.3305750283700796
66, 20, -0.07687110563421601
40, 26, -0.1045379783689823
75, 17, -1.175421110305318
34, 27, 0.1965863849263088
93, 8, -0.4274293238253913
18, 29, 0.1670477851822973
90, 10, -0.4914327113658441
59, 22, 0.8227371587622703
55, 23, 0.4556430528505234
27, 28, -0.5365638665724566
100, 1, -0.8015505315834608
6, 30, 0.5603407454218672
46, 25, -0.3055515305600789
63, 21, -1.107715755035787
78, 16, -1.145955609916362
7, 30, -0.00218795118438923
51, 24, -0.2688384265281735
19, 29, -0.8442381710551359
97, 5, -0.6626696699935506
98, 4, 1.447731983743625
92, 9, 0.01862135402621282
41, 26, -0.04683880959842089
96, 6, 0.4959202311611038
85, 13, -0.9435305929809834
35, 27, -0.9944091396799937
28, 28, 0.02069580543829497
99, 3, -0.6919554020634038
87, 12, -0.06673075042794141
101, 0, 0.9611426157294644
70, 19, 0.5193157909784258
8, 30, -1.753174547937985
83, 14, -0.800103337871223
73, 18, -0.7984425624493315
95, 7, 0.6200346519156452
67, 20, -1.007038546100431
89, 11, -0.3415362134309831
20, 29, 0.3469556624636875
56, 23, 0.1444347609946995
100, 2, 0.5861608370406456
60, 22, -0.553963182076913
76, 17, 0.7129695916946451
81, 15, 0.4424262240834483
9, 30, 0.4805337109991432
47, 25, 1.614518366996966
29, 28, 0.4254549887548442
36, 27, 0.2219810430792671
52, 24, 0.8018914415924474
91, 10, -0.1537697498450294
64, 21, -0.249606421200581
94, 8, -1.238083007410759
42, 26, 1.232149938196283
10, 30, 0.2100550858005274
21, 29, -1.343474055554652
101, 1, -0.2023860975745246
79, 16, -0.0297639482537628
-15, 31, -0.9868383942760451
-14, 31, -0.5839958080589774
-13, 31, 0.09247182626348194
-12, 31, -0.3461661304141387
-11, 31, -1.000270410663453
11, 30, -0.7113055027161189
-10, 31, 1.212599587811645
71, 19, -1.203291061247084
30, 28, 0.8926490569005443
98, 5, -1.710651746213583
74, 18, -0.2397821550744023
-9, 31, -0.2689288678276524
99, 4, -0.3379180143411338
86, 13, -0.5358758302703207
22, 29, -0.343640573927809
93, 9, -0.2707115573538124
57, 23, 0.273634412530307
48, 25, -0.313603721397927
88, 12, -0.4226124753853218
68, 20, -0.4244161976011334
97, 6, -0.4541600187885028
61, 22, 0.4263720235355649
37, 27, 0.4468227525641579
-8, 31, -0.4312885919664385
84, 14, 2.176014283941708
100, 3, 0.4816009273929565
43, 26, -1.234530229221809
-7, 31, 0.1742977874654503
102, 0, -0.3670566361348161
12, 30, 0.5964694819853553
77, 17, 0.4496691883601898
53, 24, 1.063908265601769
-6, 31, -0.1342965509058255
90, 11, -0.2213672903157166
96, 7, -0.1959225996172382
82, 15, 1.246702254868209
-5, 31, 0.2679241451211964
65, 21, 0.995673301925741
101, 2, 0.6182358469547424
23, 29, -0.6283579139460228
31, 28, -0.07007492671067793
13, 30, 0.2310214323820468
-4, 31, 0.06383310132954483
92, 10, 1.568272948756546
-3, 31, -0.6228036423710356
95, 8, -0.4319339850162585
38, 27, -0.4285527585497824
80, 16, 0.5337048328470833
49, 25, -0.3280427117357753
-2, 31, 0.7461313553647331
44, 26, -0.01668423571072726
14, 30, 0.8592015671604502
102, 1, -0.222793656687221
58, 23, 0.2523318576018697
72, 19, -0.4146503082308082
24, 29, -0.4590854897690654
62, 22, -0.269855725661178
75, 18, -0.8410623626550308
69, 20, -0.6506142126793626
-1, 31, 0.1459389776415734
32, 28, -0.05851605470387156
54, 24, -0.7522406860644428
87, 13, 0.5057177616450462
99, 5, 0.1306414698776397
85, 14, 0.1249138023495862
0, 31, 0.9130198048330044
94, 9, -0.4442141508477011
89, 12, -0.1336886993975072
15, 30, 0.06654896872951571
100, 4, -0.01266063956604512
98, 6, 0.883600195359873
78, 17, 0.6150956845692485
66, 21, -0.4058120795301889
39, 27, 0.4430144031836186
25, 29, -0.2637082457670188
101, 3, -0.3682264867405861
1, 31, -0.3148821516274348
103, 0, -1.551349860334497
83, 15, 1.004529331824799
91, 11, -0.2886821423178099
50, 25, -0.5421995597944881
97, 7, 0.4325726803196362
45, 26, -0.160733320073422
16, 30, 0.3520573438517913
33, 28, 0.08388310904495826
2, 31, 0.7915826396964302
102, 2, 0.8218600186282162
59, 23, 0.8743700959164471
81, 16, -0.04813592178762436
3, 31, 0.1047704559437252
93, 10, -0.2634471793482296
63, 22, -0.2642386615849873
55, 24, -0.1305540097455687
26, 29, 0.6235160793363167
73, 19, -0.4725161748268299
96, 8, -0.08643863797683278
40, 27, -0.06917810683300647
17, 30, 0.01995915237117521
70, 20, -0.01030009223422075
76, 18, 0.09637769804447653
4, 31, -0.5447908893647709
103, 1, -0.4081285898347986
34, 28, 1.209499445262214
88, 13, 0.2994483277621512
67, 21, -0.6870731599132576
46, 26, 1.2481100988782
51, 25, -0.4558959697901023
5, 31, 0.4828360520891181
86, 14, -0.5346404153415522
79, 17, 0.04236379474304928
27, 29, -0.008033683004471881
90, 12, -0.24461656402801
18, 30, 0.2126071062699729
95, 9, 1.220419528460923
100, 5, -0.2237558616508302
101, 4, -0.4311689903095348
99, 6, 0.4933732956328569
84, 15, 0.04452263162068853
6, 31, -0.6226627722848526
60, 23, 0.4197406589529525
92, 11, -0.9303423247487792
41, 27, 0.982331029784983
102, 3, -0.3479097565984065
104, 0, 0.5213938660561594
56, 24, -0.01091211215665886
64, 22, -0.3374112669493051
98, 7, -0.05441276360219709
35, 28, 0.09733526006565156
19, 30, -1.126522175023179
7, 31, 0.6322701911468059
28, 29, -0.3953544405613623
82, 16, -1.053457077112442
74, 19, -1.024088929866692
103, 2, -0.3590806948966088
71, 20, 0.8829556769475541
47, 26, 0.1526724969900514
94, 10, -0.9266717734203335
77, 18, -1.242319106972849
52, 25, -1.052072954640265
8, 31, 0.4784076978400097
97, 8, -0.7909556290062305
20, 30, -0.1489255798536284
68, 21, 0.7052111648527851
42, 27, 0.3191387285059892
36, 28, 0.2081569775125567
104, 1, 0.8359745069934295
9, 31, 0.827124941991073
29, 29, -0.008145045921707677
89, 13, 0.8389911849689485
80, 17, 1.404601647588964
87, 14, -0.4452832110378829
61, 23, 0.4420688242428178
57, 24, -0.7313849163291903
91, 12, 0.2420372888104334
96, 9, -0.774030352021956
21, 30, -0.4821812764636184
85, 15, -0.05479439725004748
65, 22, 0.5838768924765926
101, 5, 0.339145812951423
10, 31, -0.437065023675723
102, 4, 0.7259305455199847
48, 26, 0.334545631342525
100, 6, -1.381031764235437
93, 11, -0.9531437871767316
-16, 32, 1.647683501989061
-15, 32, -0.1298573145846858
53, 25, 0.8815445711084142
-14, 32, -1.531972203276926
-13, 32, 0.4326844657309149
103, 3, 0.4144475052569212
75, 19, -2.424902798300487
30, 29, 2.402681054663387
-12, 32, 0.5019734984713345
72, 20, -0.4785032977676859
105, 0, -0.466212906017387
43, 27, 0.05419029352424365
37, 28, -0.1133215669179016
-11, 32, -0.4493483115468792
99, 7, -0.4308784954023211
83, 16, -0.4470343652964615
11, 31, -0.4294515751861964
-10, 32, -0.6856294813624086
22, 30, -0.5474132396045769
78, 18, -0.5291608028845867
-9, 32, -0.5106232972055031
69, 21, 0.1964906640679337
104, 2, 1.567509016287829
-8, 32, 0.5976602669454171
95, 10, -0.4078178489836115
12, 31, -1.042471239073389
-7, 32, 1.425997018120962
62, 23, -1.430484529706929
98, 8, 0.2191246460244096
58, 24, 0.2103219996908172
-6, 32, -1.07415454142217
49, 26, 0.3308386114599715
31, 29, 0.1600063059608133
81, 17, 0.7054639932185006
23, 30, -1.005751828028231
90, 13, -0.691463621009336
-5, 32, 0.6958503687756139
88, 14, -0.374089521554774
66, 22, -1.037569654446999
38, 28, 0.00264993350266655
105, 1, -0.117475550029855
54, 25, 0.1146105668353301
44, 27, -0.8660295496808673
13, 31, -0.697644331200955
92, 12, -0.1650694622904546
-4, 32, -0.1513074710933654
86, 15, 0.9088098677645353
97, 9, -0.6872989596907333
-3, 32, 0.573131163537654
102, 5, 0.1632005567422656
73, 20, -0.4934593769411331
76, 19, 0.00309219432615796