d = 43, symClass = D, D = 10.312500, Y = 0.09841627134168057
[14.23695072066218, 14.23695072264358], 14.23695072164074
1, 0, 1
2, 0, -0.6589262842918002
3, 0, 0.2605139770872145
0, 1, 0.4069199890466814
1, 1, -1.030746976807286
4, 0, -0.5658161176488403
2, 1, -0.5449595529502126
3, 1, 0.09028088842393997
5, 0, -0.2659444451371399
4, 1, 0.4657329288589881
6, 0, -0.1716595252816546
5, 1, 0.1758998663118592
-1, 2, -0.1452047426461031
0, 2, -0.2681302899853483
1, 2, -0.6228242725764606
7, 0, 0.3998430589565247
2, 2, 0.6791862673336281
6, 1, 0.3535095773900294
3, 2, 1.37281117716755
8, 0, 1.031757407740651
7, 1, -0.03278801690001455
4, 2, 0.359088196442958
5, 2, 0.5018203406651397
9, 0, -0.9321324572431601
8, 1, 0.9722610606258054
6, 2, -0.05948843728022035
-1, 3, -0.5401728673939301
0, 3, 0.1060083512560418
10, 0, 0.1752377955738703
9, 1, -0.5469941520003492
1, 3, -0.8150788530148046
7, 2, -0.3448529843107259
2, 3, -0.07299243865224089
3, 3, -0.2685239905694001
11, 0, -0.9527918802210485
10, 1, 0.2839596474407961
8, 2, -0.3068836812975783
4, 3, 0.2099951756958025
5, 3, 0.4325927123826381
11, 1, -0.8825851610226931
9, 2, 0.04372207064889894
12, 0, -0.147403013965786
6, 3, -0.1419695938723211
10, 2, -0.1159050539966386
12, 1, -0.3811073612790224
13, 0, 0.8706332372901666
7, 3, 0.2542454234709613
-2, 4, 0.09567918344308976
-1, 4, 0.477725145688298
0, 4, -0.2302418924734052
1, 4, -0.7651335169170719
11, 2, 1.136763043619589
8, 3, -1.580272933681725
2, 4, 0.4103952628077003
13, 1, -0.7970328262694765
14, 0, -0.263467126173858
3, 4, -1.412272194532555
9, 3, 0.0235194257765787
4, 4, 0.5832132494120389
12, 2, -0.2329367473765228
14, 1, 1.124319289433885
5, 4, -0.0008884779762883432
15, 0, -0.06928225118435237
10, 3, -0.5005587813466035
6, 4, -0.9045814069734768
13, 2, 1.644574085404548
15, 1, -1.069849464632798
11, 3, 1.627843668639774
7, 4, -1.554369484909706
16, 0, -0.1140360008450542
14, 2, 0.02160488969027002
-2, 5, 0.3340267855344631
-1, 5, 0.3681058328884406
8, 4, 0.3083469067364915
0, 5, -0.1082181146134128
12, 3, 0.1213299449968555
1, 5, 0.006722805925945065
16, 1, 1.157636673481852
17, 0, -1.353243657333405
2, 5, 0.9472055158685272
9, 4, -0.5556969437281194
15, 2, 0.5658691726457821
3, 5, -0.7519826850931079
13, 3, -0.7643979876061668
4, 5, -1.299715461495364
10, 4, -0.3306626238876285
17, 1, -0.1770072339063382
18, 0, 0.6142065833375442
5, 5, 0.2741214308016375
16, 2, -0.6406483837609498
14, 3, -0.01107639762950008
11, 4, -0.7158860195286428
6, 5, 1.094918106721719
18, 1, 0.414806325224864
7, 5, -1.194303477282411
19, 0, 0.7151381981497348
17, 2, -0.7108111371231284
12, 4, -0.05108237573652307
15, 3, 0.04582437671777775
8, 5, -0.3631277821310518
-3, 6, -0.03782784265156335
-2, 6, 0.3559341162459148
-1, 6, 1.883556117735896
19, 1, -1.981954964539146
0, 6, -0.06985168852169664
13, 4, 1.193469484849678
20, 0, 0.1504756548618434
9, 5, -0.3888984902806308
1, 6, -0.1050980892736513
16, 3, -0.8550075223267435
18, 2, 0.3604288212419647
2, 6, 0.5370768733195334
3, 6, -0.1622544161681915
10, 5, 0.144928971490562
14, 4, 0.2272327144613056
20, 1, 1.369530641768808
4, 6, 0.04809661463065935
17, 3, -0.6868992025325927
21, 0, 0.1041647193821686
19, 2, -0.3922967156038245
11, 5, 1.256262977022609
5, 6, -1.113108628052158
15, 4, 0.2114914791434687
6, 6, 0.1769375391981784
21, 1, -0.05908669548489794
18, 3, 0.09209418316375012
12, 5, -1.009394613626037
22, 0, 0.6278195886273298
20, 2, -0.1871084556277373
7, 6, 0.4335733346326837
16, 4, -0.2635192019219182
8, 6, -0.1383713404067369
13, 5, 0.9653530785864596
22, 1, -0.1827692855792384
19, 3, -0.3241099887628964
21, 2, 0.8460081348840662
-3, 7, -1.353619368715959
23, 0, -2.25550729506101
-2, 7, 1.271808587491726
9, 6, 0.3576365204166163
17, 4, 0.30930638636585
-1, 7, -0.6719228940993928
0, 7, 0.1627041430502087
14, 5, -0.2336022909749778
1, 7, -0.5942925289620604
10, 6, -0.2850467107784448
2, 7, -0.884550157803053
20, 3, 0.1496693549066391
23, 1, -0.2519681007352875
3, 7, 0.4896539091448313
22, 2, 0.5815585993629263
18, 4, -0.02880962332434814
15, 5, -0.02400969494574625
24, 0, 0.2687872462733897
11, 6, 0.5074150760247522
4, 7, -0.2197148523198378
5, 7, -0.5793069392644818
21, 3, -0.008541736188324951
24, 1, 0.6712409950308224
16, 5, 0.6127074763201616
12, 6, 0.09354748919841999
19, 4, 0.4421800244188969
6, 7, 0.2923972421038962
23, 2, -0.2921931059383552
25, 0, -0.9292735545477179
7, 7, -0.4121370182003052
13, 6, 0.2227155257419794
22, 3, 0.6612962972146649
17, 5, 0.4559523571084044
20, 4, -0.09952698002841562
8, 7, -0.0485973465426906
25, 1, 0.4257032213471615
24, 2, 0.2511216601017283
26, 0, -0.5736831047227716
14, 6, -0.1675289742345663
9, 7, -0.6087767826805447
-4, 8, 0.08215917027775813
-3, 8, -0.5149423195629281
18, 5, -0.2138155412103433
-2, 8, -0.3147856659687596
23, 3, -1.534924728131903
-1, 8, 1.343208092374824
21, 4, 0.171316008504674
0, 8, 0.4198427316718568
10, 7, 0.6348355276994128
15, 6, 0.1307312197680529
1, 8, -1.246063418350449
26, 1, 1.330156972429609
25, 2, -0.3412814221328768
2, 8, 0.5041666024245572
27, 0, -0.5033475157142672
19, 5, 0.07913068771254955
11, 7, -0.6871528013055777
3, 8, 0.6604685971628088
24, 3, 0.2532876044380731
22, 4, -0.7490430827740815
16, 6, 1.041283407916411
4, 8, 0.35240400457833
27, 1, -1.372501363720981
12, 7, -1.457540558087229
5, 8, -1.06122228791406
26, 2, 0.5251858983695394
20, 5, -0.123859089259821
28, 0, -0.2262376570082873
17, 6, -0.170076473778503
6, 8, 0.9305832921082571
23, 4, 0.1268785922984631
25, 3, 0.2535690362415666
13, 7, 0.4252590088578992
7, 8, 0.03414230735563174
21, 5, -1.384038451418901
28, 1, -1.007183470398064
27, 2, -0.3131917154208147
18, 6, -0.01549757905326253
8, 8, -1.063480820340813
14, 7, -0.2178983114716714
29, 0, 1.240651950403396
24, 4, -0.2000214149847271
26, 3, -0.001185473002735817
9, 8, 0.6575572920971443
22, 5, 1.673831772738265
15, 7, -1.265430310079954
-4, 9, 0.3128417906181449
19, 6, -0.24524949460663
-3, 9, -0.1407225874405699
-2, 9, 1.086422893623176
29, 1, -0.1415931997474075
-1, 9, 0.416167247021085
28, 2, -0.7408435689188823
10, 8, 0.0005854226112471759
0, 9, -0.3793033318254251
30, 0, 0.04565189326773121
1, 9, 0.2489827348044241
25, 4, -0.6342795716559072
16, 7, 0.07926717666673358
27, 3, -0.1424996220059647
2, 9, 0.4674448198391341
11, 8, 0.3238201129613329
20, 6, 0.3298313464295417
23, 5, 0.6555094221306369
3, 9, -0.2123394307945781
30, 1, 0.09249512995411598
4, 9, 1.701325884851035
29, 2, -1.66956509867918
12, 8, -0.7767587057958483
17, 7, 0.07822248611939202
26, 4, -1.083653129300578
5, 9, -0.05010757768626584
31, 0, -0.5160780879518361
21, 6, -0.0898390292367121
28, 3, -0.2453417837253851
24, 5, -0.08908043385493634
13, 8, -0.4148162660877401
6, 9, -0.01901554024176569
18, 7, -0.01310922421303948
7, 9, -0.6234085083878523
31, 1, -0.8728446962597348
30, 2, 0.7049519438144255
22, 6, -1.072629001744329
14, 8, 1.024214923012694
27, 4, 0.7429452696319024
32, 0, -0.9566161095394642
25, 5, -0.04677959531904287
29, 3, 0.09136941952104881
8, 9, -1.125869008165052
19, 7, -0.1726289352912441
15, 8, 0.878845619689932
9, 9, 0.9607927119663023
23, 6, -0.4933586890233209
32, 1, -0.8937616257848181
31, 2, 0.4541473392984358
28, 4, 0.01855199177260261
-5, 10, 0.03861638268298924
-4, 10, -0.2200990622289495
20, 7, -1.031894820034075
-3, 10, -0.9724154717095229
26, 5, -0.1567714349926316
10, 9, 0.04431315873048345
-2, 10, -0.2425545959252609
16, 8, -0.5622660830196721
33, 0, -0.2482155878258283
30, 3, 0.073975445569639
-1, 10, -0.6643219905543445
0, 10, 0.07130776211647286
11, 9, -1.720263668972698
1, 10, 1.275097962315729
24, 6, -0.07994749043768487
2, 10, -0.004429816564927809
21, 7, 0.03609817571804881
17, 8, 0.1654608708617858
32, 2, -0.7627972596096828
33, 1, -1.421459837062058
29, 4, 0.7581160882530018
27, 5, 0.8363622781252396
3, 10, -0.8006259888994042
12, 9, 0.05470667750506252
31, 3, -0.44513432560187
34, 0, 0.8916878466509977
4, 10, -0.624138642298648
25, 6, -1.044099951711313
18, 8, 0.3661633589120133
5, 10, 0.1656366499139273
22, 7, -1.573059439020686
13, 9, 1.292404278342737
30, 4, -0.37286610875694
6, 10, 0.4955011506791208
33, 2, -0.5786726918161691
28, 5, 0.5192685460462386
34, 1, 1.123839973766799
14, 9, 0.6758523916431558
19, 8, 0.6614304631896564
32, 3, -0.4853265876443383
7, 10, 0.5491569080653975
35, 0, -0.1063360474095063
26, 6, 0.503681945629079
23, 7, -0.4258652231082403
8, 10, 0.8564166889143427
15, 9, 0.1126964493498329
31, 4, 0.2776763614351418
29, 5, 0.8358867358719027
20, 8, -0.2839380426467519
34, 2, 0.116634716655574
35, 1, 1.041006979790954
9, 10, -0.877162253764091
24, 7, 0.4142311750268152
33, 3, -0.2299257909335606
27, 6, 0.01139021178125266
16, 9, 0.912584140238559
36, 0, 0.5274155711760293
10, 10, -0.180625827061711
-5, 11, -1.23279206017333
-4, 11, -0.7301229784453992
-3, 11, -0.3192239782021193
21, 8, -0.05642290489339512
-2, 11, 1.184048043626291
-1, 11, 0.4348342172574343
30, 5, -0.09401390808916586
32, 4, -0.5501209846251341
0, 11, -0.7946300391032532
11, 10, 0.6188077465493887
17, 9, -0.06762661534356731
35, 2, 0.3888255088609003
25, 7, 1.29145461843166
36, 1, -2.058668115410592
1, 11, 1.511724525400217
28, 6, 0.007298536270667044
34, 3, -0.02213219462018309
2, 11, 0.2700093866361628
22, 8, 0.4717161515590992
12, 10, -0.7214703623421262
37, 0, -1.643500215621945
3, 11, -0.6569427497468108
18, 9, 0.5079744912455471
31, 5, -0.2378819389563291
4, 11, 0.9487942713358197
33, 4, -1.041512762154599
26, 7, 1.212415229685452
13, 10, 0.3093115289473661
29, 6, -0.4426108046314784
5, 11, -0.6170751228798875
36, 2, -0.2733267849384018
37, 1, -0.1521088000843066
23, 8, 0.3025822809819845
19, 9, 0.4631741278027976
35, 3, -0.1078322787603298
6, 11, 0.2193588605377328
14, 10, 0.7869579820967806
38, 0, -0.4712234008281694
27, 7, -0.232857251600654
7, 11, -0.3472822782115781
32, 5, 0.9649517929947448
34, 4, 0.4683721254706772
20, 9, -0.4311513878530772
24, 8, 0.09314796006383942
15, 10, -0.3650915178802985
30, 6, -0.03019488613422712
8, 11, -1.517774602413214
37, 2, 0.676327847615274
38, 1, 0.05576691111023555
36, 3, -0.09928379521088909
9, 11, 0.5165437352038325
16, 10, 0.2392744441599855
28, 7, 0.1862200879375353
39, 0, 0.2268121147918597
21, 9, 0.06623447848352804
33, 5, -0.4608335038427859
25, 8, 0.8128947492714865
35, 4, 0.9556663977261969
10, 11, -0.9615866591451016
31, 6, -0.3555405170215651
-6, 12, 0.02492578627386642
-5, 12, -0.02839979994308027
-4, 12, 0.3056385187709711
-3, 12, 0.1244540839933274
17, 10, 0.5108260753032954
-2, 12, -1.241124663714733
38, 2, 1.30596227154357
39, 1, -0.1791233840172173
22, 9, 0.0842423936204232
11, 11, 0.9820873539602152
-1, 12, -0.6696234990982498
37, 3, 0.1526743757094573
29, 7, -0.4547548577263703
0, 12, -0.05998123067133748
26, 8, -0.7864084277014251
1, 12, 0.5692409366756735
40, 0, -0.2743901625370548
34, 5, -0.259625539062197
18, 10, 0.2562554513115226
12, 11, -0.1532750414683443
2, 12, 0.06925190263232149
32, 6, 0.5633869488577341
36, 4, 0.3094981059796196
23, 9, 0.6851033409998681
3, 12, -0.1993279830564105
39, 2, 0.458971925865148
13, 11, -0.1296898039652545
4, 12, 0.461184744740507
30, 7, 1.113041177942238
27, 8, -0.5242964151055833
40, 1, -0.6831621457368703
19, 10, 0.250258365898447
38, 3, 0.7676618325046307
5, 12, -0.3694885393229518
35, 5, 0.008719798833361466
41, 0, -1.223986698309026
14, 11, 0.2858682309062022
33, 6, 0.2961426817942107
24, 9, -0.4116832064360376
6, 12, 0.1069137259761145
37, 4, -0.995552588853474
20, 10, -0.0954975068977716
28, 8, 0.1951233865754468
31, 7, 2.117358728915195
7, 12, -1.521179354775817
15, 11, 0.1861083930893742
40, 2, -0.9024197910521831
41, 1, 1.372117717336702
39, 3, -0.2076382022362463
25, 9, -1.124924299727661
8, 12, 0.0413002909649301
36, 5, 1.767976742540316
21, 10, -0.8796067404333392
34, 6, 0.452615942567655
16, 11, -0.02554148526679806
42, 0, -0.0686368625155632
38, 4, 0.2584946418428221
9, 12, -0.3679166582434154
29, 8, 0.9498179881614578
32, 7, -0.6862518020384656
26, 9, 1.050875103367253
22, 10, -0.8277846965915948
10, 12, 0.7334565310189001
41, 2, -0.7096385511520035
17, 11, -0.1821487095808595
42, 1, -2.045530668738973
-6, 13, 2.136140231791598
-5, 13, -1.552443001491644
40, 3, 1.928304880980038
-4, 13, -0.9387144256920614
37, 5, 0.7224833904048884
-3, 13, 0.5562433822865928
35, 6, -1.224386678135694
11, 12, -0.8373990888677996
-2, 13, 0.52723868293966
30, 8, -0.13935730297469
-1, 13, 0.2053545251832901
43, 0, -0.9789155456414632
39, 4, 0.706625779712962
18, 11, -0.6270699542695383
33, 7, -0.8513308338843307
23, 10, 1.058245907550693
0, 13, 0.3542780585282177
27, 9, -0.08415374376180999
12, 12, 0.1519352110984912
1, 13, 1.201567316828866
2, 13, -1.0852162860255
42, 2, 0.03893379120630962
19, 11, -0.06041956321534147
43, 1, 0.9522283134086397
41, 3, -0.5634364813422017
3, 13, -0.4893813068221409
36, 6, -0.06068328790288217
38, 5, 0.1899435639381089
13, 12, -0.01439039258286679
31, 8, -1.225873193975919
24, 10, 0.6651166537755174
4, 13, -0.03469420515428431
28, 9, -0.1844151991141697
34, 7, -0.6050042764327254
44, 0, 0.5391049928750405
40, 4, -0.1606689380433855
14, 12, -0.2856929035676498
5, 13, 0.8262454699416045
20, 11, -0.9692926515769722
6, 13, -0.1422868026401185
25, 10, -0.1334563345574789
43, 2, 0.667015346583068
32, 8, 0.4805234161139306
37, 6, 0.5508051836501501
42, 3, 0.2929009098139281
15, 12, -0.0002314515660412429
44, 1, -0.219691103478329
39, 5, -0.4030051559044153
29, 9, 0.2409501789554943
7, 13, -0.1805023230195159
21, 11, -0.5061011083556386
35, 7, 0.07033234673098097
41, 4, 0.0904370599650775
45, 0, 0.2478954512622877
8, 13, -0.07751802638289076
16, 12, -0.1188186547360307
26, 10, -0.6360965358578602
33, 8, -1.260362788430285
22, 11, 0.519233020873175
9, 13, 0.9508697702836576
30, 9, -0.130402563901025
44, 2, 0.1204314948070244
38, 6, 0.2135646124454134
40, 5, -0.2585674334524731
43, 3, -0.5607665811303874
17, 12, 0.5302256604301634
45, 1, 1.449200908078745
36, 7, 1.24099834961007
10, 13, -0.1738545657643025
27, 10, -0.2523982245615377
-7, 14, -0.05805908262381757
42, 4, -0.5574570117484418
-6, 14, 0.8919354022021951
-5, 14, 0.7441882321913743
23, 11, 1.027925074773709
46, 0, 1.486213097673815
-4, 14, -0.83802813670168
11, 13, -0.8762937922704717
-3, 14, 0.2276365978209866
18, 12, -0.2356561032481357
31, 9, 0.7936274079392911
34, 8, -0.2038101148394066
-2, 14, 0.4427476824094883
-1, 14, 1.349585350418522
39, 6, 0.4284345581231438
0, 14, -0.1072100343804092
45, 2, 1.254511462577574
12, 13, -1.483389216578119
41, 5, 1.251031287749159
28, 10, 0.1539266730340611
44, 3, -0.1970740874643671
37, 7, -0.9522895010393999
24, 11, 0.1102561309736687
1, 14, 0.6753943903158751
46, 1, -0.3229389555632803
19, 12, 0.4473035300898465
2, 14, 0.391594989189132
43, 4, 0.3732771684288827
13, 13, 0.1333443949702849
32, 9, -0.5299474639137143
3, 14, -0.5644971538148873
47, 0, 0.3834444139197583
35, 8, -0.6076242398102504
20, 12, -0.2447679296194617
4, 14, 0.5828533578799283
29, 10, 0.9100638034498266
25, 11, -1.007598365502894
40, 6, -0.09862102084249409
14, 13, 1.249178497110059
42, 5, -0.1785721567337083
38, 7, -0.806255338844328
5, 14, 0.7873345479353815
46, 2, 0.1660283977681768
45, 3, -0.2787107477152914
47, 1, -0.6840978427761611
6, 14, -0.3226458543121111
33, 9, 0.4240760424544943
21, 12, -0.4049349862517654
15, 13, -0.05133127086426578
44, 4, 0.4993809225791428
36, 8, -0.02473865403403972
26, 11, -1.364491597752066
30, 10, 0.01582062410528805
7, 14, -0.2490319473408492
48, 0, -0.02970796197043147
41, 6, 2.081358564641196
16, 13, -2.180124803445455
22, 12, -0.3343491675642167
8, 14, 0.1447759153131098
39, 7, -0.8708646870563445
43, 5, 0.9939311006012702
47, 2, 0.02510872536678413
46, 3, 0.8266170229234815
34, 9, 0.7507010860550419
27, 11, -0.3004122836984126
48, 1, 0.5378686707972532
9, 14, -1.00935973855879
37, 8, 1.476848871589946
17, 13, -1.624020964520726
31, 10, 0.5239318588762243
45, 4, 0.2696697374641118
23, 12, -0.7465890191379276
10, 14, 0.3817205571329877
49, 0, -0.8401255097067069
42, 6, 0.005628375491592879
18, 13, 0.4019700355977431
40, 7, 0.1327177859195675
-7, 15, 0.350236837772415
-6, 15, 0.08701866475386312
28, 11, -0.1129281253188975
-5, 15, 0.1436559768880569
44, 5, 1.147526768995732
35, 9, -1.148249829936772
11, 14, 2.110196312312354
-4, 15, -1.195180294897771
-3, 15, 0.09589670803677952
48, 2, -0.4422983006169906
32, 10, -0.4037290310828995
24, 12, 0.08032868247888798
47, 3, 1.42348169673453
-2, 15, -0.9560531735985768
38, 8, -0.2913640598337513
49, 1, 2.007205531490663
-1, 15, -2.069472781518625
19, 13, 0.6699132993000907
12, 14, -0.1926682436186008
0, 15, -0.02819233343861055
46, 4, 0.1925337287370332
29, 11, -0.2431480834274695
1, 15, -0.1972006130901817
50, 0, 0.6123227662633206
43, 6, 0.2373309215825888
41, 7, 0.7744274427291193
13, 14, -0.7876071034452
25, 12, 0.5929534987680639
2, 15, 1.050124842624041
36, 9, -0.4341247826631185
33, 10, -0.06591740576080571
20, 13, -0.341457349055058
45, 5, 0.145470056158699
3, 15, 0.001751375830798085
39, 8, -0.1993386494781158
49, 2, 1.003221451948112
48, 3, 0.3015805494641174
14, 14, 0.271567943957628
4, 15, 0.09565680193767477
50, 1, 1.612074201648523
30, 11, 1.299316373757393
26, 12, -0.1467531333431269
47, 4, 0.3946769965028942
21, 13, 0.5109510002050995
5, 15, 0.2167656911807382
15, 14, 0.456642090953683
37, 9, 0.9476211792481432
44, 6, -0.4357454979283427
34, 10, -0.3004390200493186
42, 7, 0.141348349424988
51, 0, -0.3525389043430113
6, 15, 0.2467602922891005
46, 5, 0.325470489571065
40, 8, 0.1814859997728362
22, 13, 0.654273422708762
7, 15, 0.6841467471420477
31, 11, -0.8145794294349389
16, 14, 0.0320220768884694
27, 12, -0.1447668390558081
50, 2, -0.2805070306581181
49, 3, 0.9027363672954148
8, 15, 1.105418657197937
51, 1, 0.9662890117090699
48, 4, 0.2156366882975803
35, 10, 0.09171174145595432
38, 9, 0.9270534659755997
17, 14, -0.06227140927470253
23, 13, -0.7990099541740349
43, 7, 0.08504234762029901
45, 6, 0.1474168477261615
9, 15, -0.1959019976886911
52, 0, -0.4926183111642856
28, 12, -0.1438561516899974
32, 11, 0.1255197969722861
41, 8, 0.3115069241204869
47, 5, 0.7556696374623116
10, 15, 0.01941192710181422
18, 14, 0.4011390119561616
51, 2, 0.7079944698854262
24, 13, -0.7195292875985764
50, 3, 0.4967173026004954
-8, 16, -0.1498160259619291
-7, 16, 0.3188509207400335
-6, 16, 0.3393090153173861
36, 10, 0.1408886733570326
-5, 16, -0.3571925277013678
11, 15, -0.5134937503185001
39, 9, -0.1991363695795986
52, 1, -0.8088978144926959
-4, 16, -0.2703045907688438
49, 4, -0.861507955997814
29, 12, -0.8485322426284656
-3, 16, -0.7925523346014927
44, 7, -1.269270020981394
33, 11, -0.08601890608546491
19, 14, 1.320542296369632
46, 6, 1.01140228128801
-2, 16, -0.8850751494698849
12, 15, -0.3385940471919495
-1, 16, 0.8246434680260358
42, 8, -0.1128846239378455
53, 0, 0.006780207316695622
25, 13, -0.7568421630583532
0, 16, -0.04640351796633577
48, 5, 1.464299940827074
1, 16, 0.4839934667657167
20, 14, -0.4183098325914653
37, 10, 1.036517309472571
13, 15, -0.6211411022239531
30, 12, -0.08614223725114226
40, 9, -1.072830886167617
2, 16, 0.821063971898859
52, 2, -0.8764754219794717
51, 3, -0.04611284822591162
34, 11, -0.2619735898347685
53, 1, 1.021251042682648
26, 13, -0.4744598905061118
3, 16, -1.298357958834293
50, 4, 0.2248793064745785
45, 7, -0.6372543357485002
14, 15, 0.004760969546906828
47, 6, -0.6496077687068175
21, 14, 0.5489090497725991
4, 16, 0.4329248634278176
43, 8, 1.247996805468992
54, 0, 0.3316689289854068
31, 12, -1.17741571082221
5, 16, -1.584366488329196
49, 5, 1.622283568114941
38, 10, -0.0521413044438892
15, 15, 0.07141247029294853
27, 13, -0.9911189591210356
41, 9, -1.180898182784836
35, 11, 0.6602164094126916
22, 14, 0.4527830711227216
6, 16, -0.4352001610785955
53, 2, -0.843244143096321
52, 3, 1.115088530035212
16, 15, 1.435685471676933
7, 16, 0.4588946793152104
46, 7, 0.5730042131139936
54, 1, -1.303030856007422
51, 4, 1.60261009082879
48, 6, -0.1668978677930353
44, 8, -0.6431988652361991
32, 12, 0.8941439062021701
28, 13, -0.7971888198903658
23, 14, 0.2940362285037356
8, 16, -0.6426035286623992
39, 10, -0.5233902574517597
17, 15, -0.3854394997639161
36, 11, 0.7962990369795245
55, 0, 0.253389700116311
50, 5, -0.07551748474545351
42, 9, -0.002885557670700148
9, 16, 0.9131898163812726
53, 3, -0.06913101099676935
54, 2, 0.9043772639387482
24, 14, 0.960411837635274
33, 12, -0.1864983337481963
18, 15, 0.2852414940724424
10, 16, 0.6992672886770285
47, 7, 0.3056288530603221
29, 13, 0.5283048096603398
52, 4, 0.4509740256841945
45, 8, 0.5031984539144914
55, 1, 0.9437462339341272
49, 6, -0.9382749598523429
40, 10, 0.08161401143180608
-8, 17, -1.688954012213042
37, 11, -1.70132549975489
-7, 17, -0.02473378079158415
11, 16, -0.2199022923125023
-6, 17, 1.162033321599546
-5, 17, 0.5802095722678572
19, 15, -1.188826594394273
-4, 17, 0.5186788006029026
43, 9, 0.4519249908018959
51, 5, -1.46722883026803
25, 14, 0.9577224505604648
56, 0, 0.4125410679365173
-3, 17, -0.2859155779777328
34, 12, 0.1120678730760356
-2, 17, -0.02215704793039073
30, 13, 0.06299938579555495
12, 16, 0.7990863785680522
-1, 17, -0.8798229003531619
20, 15, -0.05584704907180885
54, 3, 0.1080628431656941
55, 2, 1.866111628658363
48, 7, -1.095237886605646
0, 17, -0.5506619092188859
46, 8, -0.08360362445406645
41, 10, -0.4096931783148072
38, 11, -1.261867373448795
13, 16, 0.502649254804915
50, 6, -0.1670833301980578
26, 14, -0.2802143642789836
1, 17, -0.8670079712506823
53, 4, 0.945117677612879
56, 1, 0.3926906721435627
2, 17, -0.5492630810832615
44, 9, -1.425028448158077
31, 13, 0.9727800291986315
35, 12, -0.3705976790971287
21, 15, -0.3111327650652856
14, 16, -0.02249727394019142
52, 5, -1.468497387457437
3, 17, 1.645037655137834
57, 0, 0.1863035222321316
27, 14, 1.070379535282625
4, 17, 1.1351086541038
39, 11, 1.104836086534026
15, 16, -0.2361347562836019
49, 7, -0.01311006191742858
42, 10, 0.9119793260560241
55, 3, 1.375845415805748
47, 8, -1.987838983679068
22, 15, 1.82847787222146
5, 17, -1.367950884887827
56, 2, 0.6636596887700372
32, 13, 0.7384711108242257
51, 6, -0.1851762271604836
54, 4, 0.2063702520691611
36, 12, -0.01330767341779723
57, 1, -1.320504356311468
6, 17, 0.9992855647535219
45, 9, -0.1639619770552522
16, 16, 0.1175422658625343
28, 14, 0.143578920087953
7, 17, -0.5328595622254823
53, 5, 0.3109420327691563
23, 15, 1.228320442498293
58, 0, -0.8174982433535487
40, 11, 0.7412435738234584
33, 13, -0.389558322683032
17, 16, -0.2325393355762616
8, 17, 0.4104345063830059
43, 10, -0.4784244553234602
50, 7, 0.1846035819054862
48, 8, 0.3647361196319143
37, 12, -0.07286668140452293
56, 3, 0.2470907858842932
29, 14, 0.09495040297467683
57, 2, -0.9821567501407396
24, 15, -0.09459986389247481
52, 6, 0.0007811415663167688
9, 17, 0.4248742547697245
55, 4, -0.529899255006971
46, 9, -0.5278611556020079
18, 16, -0.4332817962609531
58, 1, 0.01737889653506185
10, 17, 1.357383751584621
34, 13, 0.1324681509519911
54, 5, -0.7298600450527832
41, 11, 0.2695236919263788
25, 15, -0.1150456300761675
44, 10, -1.102931827304014
30, 14, 0.8338253617572522
59, 0, 1.875184818142378
19, 16, 0.8940363331488352
-9, 18, 0.1353500446891168
-8, 18, -0.2061396836319394
38, 12, 0.1616013343015608
11, 17, -0.7443172722342125
-7, 18, 0.6002617106967173
-6, 18, 0.09272581465213968
51, 7, -0.7497998489067343
49, 8, 0.06120566719950171
-5, 18, -0.05651739772597338
-4, 18, -0.715872621634973
57, 3, -0.5163269977178064
-3, 18, 0.4906927102879163
53, 6, -0.9810814076989989
47, 9, 0.2222334503366477
58, 2, 0.09329948015371101
12, 17, -0.8903545954962311
-2, 18, -0.2742235193722513
56, 4, -0.6361579886612053
20, 16, 0.0005027092579982928
35, 13, -0.2939410379332524
26, 15, 0.6793441136438527
-1, 18, -1.04554138792216
59, 1, 0.2074535602108887
31, 14, -0.2306353148500045
42, 11, -0.08524849065517366
0, 18, 0.249932947509391
13, 17, -0.1411768987175293
39, 12, 0.3109154894983827
55, 5, 0.234718631301774
45, 10, -0.01162764392503933
1, 18, -0.4719395499517423
21, 16, 1.051093446814323
60, 0, 0.03920101340232684
2, 18, -0.1640612625253332
50, 8, 0.4179434971152578
52, 7, 0.9361988599704616
27, 15, -0.1013134999007375
14, 17, -0.006452315636282756
36, 13, -0.1204596404647424
48, 9, -0.2227414184061122
3, 18, -0.02737952745984102
32, 14, -0.05223120035794449
54, 6, 0.09389675749363716
58, 3, 0.4955482059033459
59, 2, 1.057608573776839
4, 18, -0.3080116413735511
22, 16, -0.2133736422331964
57, 4, 0.3827717676125359
43, 11, -0.3966307996298051
15, 17, -0.1495047551130593
40, 12, 0.2832242304529917
60, 1, 0.3053614814720301
46, 10, -0.4319324165309777
28, 15, -1.479381424916983
5, 18, -0.9070795666204534
56, 5, -0.3420977115146188
33, 14, 0.7943169494361451
16, 17, -0.8033313708259976
6, 18, 0.1399160500657763
37, 13, -0.5642805257311986
51, 8, -0.405412123739744
23, 16, -0.2196796390843563
53, 7, -0.9288502257349726
61, 0, 0.2569405255430738
49, 9, -0.4697843540342128
7, 18, 0.9273251683684171
55, 6, 0.8691017805383356
44, 11, -0.4437465438528242
29, 15, -0.6046030779819677
59, 3, -0.3631364797470186
41, 12, -1.589521946027019
17, 17, 1.394851799712695
60, 2, -0.06094745259586443
8, 18, -1.121048375988596
58, 4, 1.100120351624948
24, 16, 1.416408150969688
47, 10, 0.2509506055697006
34, 14, -0.05154287132524147
61, 1, 0.3481902517446984
38, 13, -0.800724593834622
9, 18, 0.5805547159629845
57, 5, 0.07627999535865283
18, 17, 1.069285876732449
52, 8, -0.9305265384776377
30, 15, 0.03775602326454653
54, 7, 0.5686005280191535
50, 9, 0.9363243377345489
25, 16, -1.005137759345342
10, 18, 0.03301718988925186
62, 0, 0.3400574209135185
45, 11, -1.308750047330537
42, 12, 0.05919729366678646
19, 17, 0.6508088013696159
56, 6, 0.161662158332023
35, 14, 0.2006493871738407
60, 3, 0.3567819035267162
-9, 19, -0.0622523964409871
11, 18, -1.337128407101528
-8, 19, 1.67471437114888
48, 10, 0.05869744872914303
-7, 19, -1.335418298404796
61, 2, 1.381325319982863
39, 13, 0.07860154971109148
59, 4, 0.1054317780234169
-6, 19, 0.4401368141678248
-5, 19, -0.6100856094357953
31, 15, -0.6010099491429443
26, 16, 0.2733333776361537
-4, 19, 0.2610652468140215
62, 1, 0.8016232539347923
20, 17, -0.2064849971570515
-3, 19, 0.5785812942063072
12, 18, 0.01252985268387905
58, 5, 0.5122214978810663
53, 8, -0.8145531784517885
-2, 19, 1.010156514460292
55, 7, -0.3744866307215534
43, 12, -0.5974853116287976
51, 9, -0.1789468449688943
-1, 19, -0.1068706278021533
46, 11, 0.01684710782558841
36, 14, 0.008637984691846731
13, 18, -0.5724628923626438
63, 0, -0.3727067007711846
0, 19, 0.2910040459099013
21, 17, -0.8089305249215916
27, 16, 0.6188978494227889
40, 13, -1.035034238818583
32, 15, 1.121293129749359
57, 6, -0.1021987902060272
49, 10, 0.7553877260280172
1, 19, 0.8204140955467917
61, 3, -0.7578882664998534
14, 18, 0.4107802419786596
62, 2, 0.5751403247853603
2, 19, -0.2160866544242028
60, 4, 0.6053380743481057
3, 19, 0.4800683577719614
22, 17, -1.058554862919267
63, 1, 1.339255750868936
37, 14, 1.340099810192889
44, 12, -0.9210601939634196
28, 16, 0.8794873137726383
59, 5, -0.627824950150485
54, 8, -0.4895462028182739
47, 11, 0.4665236657748604
33, 15, 0.3272740658825876
15, 18, -0.2899803552707885
4, 19, -0.9143703395896393
52, 9, -0.8780824319674282
56, 7, 0.3887518500940806
41, 13, -0.0570234675481413
5, 19, 0.3848925715186409
64, 0, 0.744375516393551
23, 17, -0.2490229358067073
50, 10, 0.0308243046003814
58, 6, -0.06020570096961551
16, 18, 0.7418646945400507
29, 16, -0.09596598039959743
6, 19, 0.4608653234727856
62, 3, 0.4575411696660016
38, 14, 0.1137497418047567
63, 2, -0.9634275420893574
61, 4, 1.490264200584047
34, 15, -1.682696596654
45, 12, 0.05509649125480605
7, 19, -0.964228678052529
17, 18, -1.576295632775268
48, 11, -0.1994768166732126
24, 17, 0.06132296271209834
55, 8, -0.1260375923451365
42, 13, -0.1694903161489565
64, 1, 0.07843565031317713
60, 5, 0.1013533862931758
53, 9, 0.2821988709694948
57, 7, -0.3003538429721546
8, 19, 0.6551504335720743
30, 16, -0.5790944998351425
51, 10, -0.3838951315310851
18, 18, -0.6330915733681483
39, 14, 1.011030748737078
9, 19, -1.297775266385663
65, 0, -0.2315400681259836
35, 15, -0.06761515406495909
25, 17, -1.296685737445573
59, 6, 0.7195553142025414
46, 12, 0.3250869932649689
63, 3, -0.01539291738756769
10, 19, -0.07383872327464361
43, 13, 0.67795612582514
19, 18, 0.4880932653281354
64, 2, 0.5889230646012675
62, 4, -0.2992496485031472
49, 11, -0.715610912992006
31, 16, -0.8051668621391357
56, 8, -0.03382928173745185
54, 9, -0.3295177516645786
26, 17, 1.000883300068613
-10, 20, -0.02544536033728171
65, 1, 1.510897194141641
61, 5, 0.02201610183086201
11, 19, 0.1832398248938046
-9, 20, -1.796234053150411
-8, 20, -0.1889977512363493
58, 7, -0.314112624426671
-7, 20, 0.7170579687199132
36, 15, -0.2629614133064819
40, 14, 0.6799426461421653
-6, 20, 0.6407501147956155
52, 10, 0.1033007954681608
20, 18, -0.0291991350306409
-5, 20, -0.127048351433042
-4, 20, -0.2082802085776554
12, 19, 0.07942614693111906
-3, 20, 0.637385406128145
32, 16, 0.06214499277168787
66, 0, 0.1635558088115059
60, 6, -0.04874438380364468
47, 12, -0.5012895111831391
-2, 20, 0.4377392261103769
44, 13, 0.8035143317106741
27, 17, 0.1677788595082673
50, 11, 0.3422345006656653
-1, 20, -0.3194005754023282
21, 18, 0.1129519336898678
64, 3, 1.457020915853007
13, 19, -1.57834011244122
63, 4, -0.07102909890247447
65, 2, 0.3670485485604576
37, 15, 0.3203586415813642
0, 20, 0.06123155371782307
57, 8, -0.484600072857687
55, 9, 0.3467865051702891
41, 14, -0.6632876566975656
1, 20, -0.2312889702199109
62, 5, 0.1183533203454435
66, 1, -0.7603010533620439
59, 7, 0.6747680137619533
33, 16, -1.496865987751765
14, 19, 0.8010266725716145
53, 10, 0.7133207902969001
28, 17, -0.857234437829666
22, 18, 1.133527008162218
2, 20, -0.840195606243369
48, 12, -0.06865043781051734
45, 13, 0.5686804971380727
3, 20, -0.5943592094840653
15, 19, 0.372621241403952
61, 6, 0.8388229487638686
67, 0, -0.4048894774826341
38, 15, -0.5929604113091336
51, 11, -0.710814176922176
4, 20, -0.003803864620197488
23, 18, -0.1071704216477724
42, 14, -0.02378605092637869
29, 17, 0.6006729954666865
34, 16, -0.1090265014917196
65, 3, -0.2825827909070757
5, 20, 0.2034830122507416
64, 4, -0.6550094985394423
56, 9, -0.6647214485442493
16, 19, 0.409719088321696
66, 2, 0.9366372941233383
58, 8, -0.4995426345858257
54, 10, -0.5511010999995108
6, 20, 0.5275535224236988
63, 5, 0.3790200688838682
60, 7, 0.2938454661544814
67, 1, -0.163148471779863
24, 18, -0.03604767216724473
49, 12, 1.007385879959716
46, 13, -1.37144810057059
39, 15, 0.2514879805032957
17, 19, -0.4577417515835759
30, 17, -1.05120850710613
7, 20, 0.1960877744653028
35, 16, 0.05007427051631918
52, 11, 1.564173309949696
43, 14, -1.965378872646572
62, 6, 0.2933107196470848
68, 0, 0.7656870844833199
8, 20, -0.5359441591591112
18, 19, -0.1232299021485998
25, 18, 1.150158539737014
66, 3, -0.04761395722094633
57, 9, -0.08443519438260479
59, 8, -0.2457176138861857
65, 4, 0.5539858105080053
9, 20, 0.8238233592054298
67, 2, 1.277199978758323
31, 17, 1.184849402667725
55, 10, -0.3023158258430012
40, 15, 0.4202648193281876
47, 13, -0.4197155346721222
50, 12, 0.6879849444486617
61, 7, 0.01059887003456477
36, 16, 0.314422301303822
64, 5, -0.4454196254292638
19, 19, -0.7371265221703674
10, 20, -0.1091423515744165
68, 1, -0.7005134183384504
44, 14, 1.036530217596118
26, 18, -0.8515991582343339
53, 11, 1.01266017256918
11, 20, 0.2519925533723787
-10, 21, 0.8625862802639979
63, 6, 0.2203969522176883
-9, 21, -0.3526367771274021
32, 17, 0.4353199464086119
-8, 21, 0.2460425257260574
20, 19, -0.02029086134335441
-7, 21, -0.2159843800817884
69, 0, -0.5875912049267521
-6, 21, 0.331323929866914
41, 15, 0.4140709441373855
-5, 21, 1.051261924100726
58, 9, -1.146731910987387
37, 16, 1.139404615849616
27, 18, -1.279641865387546
-4, 21, 0.9227076731876501
60, 8, -0.3201779119182405
12, 20, 0.4254839212498071
48, 13, 0.5533532896861618
67, 3, 0.3959188213178984
66, 4, 0.381302677122114
56, 10, -0.342159707962161
51, 12, 0.08057863952457414
-3, 21, -0.1750453198240679
68, 2, -0.7405277227693141
45, 14, 0.2084701073011911
21, 19, -1.470200472470285
-2, 21, -0.3771374327875536
62, 7, 0.7552821027848723
65, 5, 0.2119664577651935
33, 17, 0.8575687968290971
13, 20, -1.416594831521032
-1, 21, 0.2385384741238448
69, 1, 0.5765147870248852
54, 11, 0.4387870077087146
0, 21, 0.04238670326140045
28, 18, -0.4453369029423572
38, 16, -0.4358339426790455
42, 15, -0.06085665441380238
22, 19, -0.449323602781559
1, 21, 0.1300568313864439
64, 6, 0.3197944702362913
14, 20, -0.3618539266222042
49, 13, 1.341323581589133
2, 21, 1.328138161395374
70, 0, 0.07006761534642786
59, 9, 0.1788444212546746
52, 12, 0.4325087089122701
61, 8, -1.769840510148159
34, 17, 1.282422632493461
46, 14, 0.2806138069851813
57, 10, -0.4879698168398355
3, 21, -0.1548215223779611
15, 20, 0.3755859505822619
68, 3, 0.3832904274768634
29, 18, 0.3652953024235434
67, 4, 0.3877958978199527
23, 19, -0.9998149459612585
69, 2, -0.2237453302122471
63, 7, -0.2187118144712722
4, 21, 1.326808859022776
66, 5, -0.9141962068148307
55, 11, -0.1675959588272431
39, 16, 1.014093126288955
43, 15, 0.006323556354929247
16, 20, 0.7353999606999737
70, 1, 1.759170289722832
5, 21, -1.153505525984006
35, 17, -0.5952850645364111
24, 19, -0.7013298197690999
30, 18, -0.07425865851745302
50, 13, 1.233927290304858
65, 6, -0.1954827987316539
6, 21, -0.2304376841754825
47, 14, 0.03580514208229856
53, 12, 0.3053173680090734
17, 20, 0.1242482265735918
60, 9, 0.03899093230865962
71, 0, 1.485567770849588
62, 8, -0.1829682636267035
58, 10, -0.5507877524531818
7, 21, -0.3259036162068355
40, 16, 0.5177568668094557
69, 3, -0.06564120828378908
44, 15, 0.3455978664881
25, 19, -0.1734776386617977
68, 4, 0.1001535449225677
64, 7, -1.633174152077068
56, 11, -2.249765382509604
31, 18, 2.452774438933297
8, 21, 1.633013709051539
70, 2, -0.6859468933115787
18, 20, 0.5779852954109023
36, 17, -0.2614226126608917
67, 5, 0.5518817097649279
9, 21, 0.127561698387699
71, 1, 0.08015102399541812
51, 13, 0.01077192620819301
48, 14, -0.2729478012028217
26, 19, 0.02813489626043466
19, 20, -0.4100474595665159
66, 6, 0.1515041382029887
54, 12, -0.007505309275530404
41, 16, 0.3924238230979794
61, 9, -1.098526304291934
10, 21, -1.361803812839005
32, 18, -0.6013256640000352
59, 10, 0.5781090878452275
45, 15, -0.006254862677893972
63, 8, -0.7298783037157661
37, 17, 0.3748898065544219
72, 0, -0.9617345779403915
20, 20, -0.1551023279439195
11, 21, -0.04123230906472948
-11, 22, 0.1383499213708289
-10, 22, 0.8123191027454437
57, 11, 1.230721372553473
-9, 22, -1.156845126876577
70, 3, 0.3541257707638517
-8, 22, 0.4810972360930088
69, 4, 0.6100072653834356
27, 19, 0.1917046145109363
65, 7, 0.511933376328005
-7, 22, 0.3211986203965476
71, 2, 0.5757283606878913
-6, 22, 0.2103450901672593
-5, 22, 0.8913773354484307
68, 5, -0.6545564167600222
52, 13, 0.4054825616129585
49, 14, -0.1378870838976017
33, 18, 0.1321887400328638
12, 21, -0.05723880158574025
42, 16, 0.03717855044205278
-4, 22, -0.7802003766194094
21, 20, -0.8079640998644753
-3, 22, 0.1508136479952436
72, 1, -0.2411954222735886
55, 12, -1.261857795308026
38, 17, 0.4403720958201226
46, 15, 1.574575968410941
-2, 22, -0.2865237221003871
67, 6, 0.7095302458050936
28, 19, 0.7070544813254964
62, 9, 0.8689850178431053
13, 21, -0.9018924046230186
60, 10, 0.06194823869733974
-1, 22, 0.2463483216253045
64, 8, 1.00313757161251
0, 22, 0.523602655728341
22, 20, -0.4077487326922321
73, 0, 1.079680188661816
34, 18, 0.04456096343248136
58, 11, 1.22046540329263
14, 21, -0.02918550652053855
1, 22, 0.39351380262984
71, 3, 0.2935029614186142
43, 16, -0.6802383062570136
70, 4, -0.2562073253209346
50, 14, -0.8509733841075607
66, 7, -1.044575610823262
53, 13, 1.397434955116639
39, 17, 0.83600978182955
29, 19, -0.3910251100373141
72, 2, 1.356510568112255
2, 22, -0.9961150485446028
69, 5, -0.8987892713912506
47, 15, 0.9131080395629012
23, 20, -0.7201844757874185
15, 21, -0.1509175483781222
56, 12, 0.006267206286610341
3, 22, 0.7298585547743917
73, 1, 0.1146858753910355
35, 18, -0.5681194069747468
63, 9, 0.03056277494472394
68, 6, 0.01458347025461759
4, 22, -0.1779162921221848
61, 10, -0.216040790031263
30, 19, 0.008210103577969837
16, 21, 0.7894707081162443
65, 8, -0.7049103346601436
44, 16, 0.405059860901384
24, 20, -0.6195223283436291
40, 17, 0.0661334011703117
5, 22, -0.6424097632941237
59, 11, -0.03049229484179117
51, 14, -0.04282301284652203
74, 0, 1.08294550829958
54, 13, -0.5216362227608217
6, 22, 0.4328768731711215
67, 7, 0.1697239181498874
17, 21, 0.1272232642581511
72, 3, 0.1748676425532124
48, 15, 0.1596188454772343
71, 4, -0.00360140921544605
36, 18, -0.3347177622614164
57, 12, 0.1151940868030904
73, 2, -1.169683219255355
31, 19, -0.408686788937615
70, 5, -0.2990064799381172
25, 20, 0.0002362805632306042
7, 22, 1.301105085861862
18, 21, 0.0761735761460406
41, 17, 0.2659200266968755
74, 1, -0.07514473850827388
45, 16, 0.01138771147162624
64, 9, 0.5497936914814223
62, 10, 0.1567466571735965
8, 22, -0.625185524176522
69, 6, -0.07612039453144955
66, 8, 0.6862801313655658
52, 14, -0.7988922665779958
60, 11, -0.3953960176366409
26, 20, -0.2038135165574662
55, 13, 0.08005990578687815
37, 18, 0.7055830378333535
32, 19, -1.538072325599709
9, 22, -1.285206788625243
49, 15, -0.2821452356882444
19, 21, -0.4305505247058358
75, 0, -0.2420887466738941
68, 7, -0.7186023534511302
58, 12, 0.2916478980951648
10, 22, 0.406607039335776
73, 3, -0.08258301965440065
72, 4, -0.2347041017818561
42, 17, 0.1175298677590109
74, 2, 0.1002285189695158
46, 16, -0.1993793896592868
27, 20, 0.4822769982327806
71, 5, 0.3438479771354568
20, 21, -0.587665640021245
33, 19, -0.2343713363704849
11, 22, 0.5934219244464444
-11, 23, -0.1193426107526031
-10, 23, -0.7502994103814797
38, 18, -0.3051975988505278
-9, 23, -1.525996125420055
-8, 23, -0.5985316763229079
63, 10, 0.7507176801829594
65, 9, -1.680988668691202
53, 14, 1.178919649312416
-7, 23, 0.2371189022197887
75, 1, 0.0738829633354882
70, 6, 0.07105353889524403
-6, 23, 0.1087351415254505
61, 11, -0.6796832953207923
56, 13, -0.8034274331893112
50, 15, 0.1331208298508899
67, 8, -0.9643147933160175
-5, 23, 0.9763871793937541
12, 22, -0.1445413296398069
21, 21, -0.10736746981276
-4, 23, -0.376857715679298
28, 20, 0.6757561672662572
43, 17, 0.2843890624328052
-3, 23, 0.5243282359383009
59, 12, 0.01459745894947861
34, 19, -0.2077713644354693
76, 0, -0.4046367361085517
47, 16, 0.1526575102043699
-2, 23, -0.20426457004693
13, 22, 0.9020772184884657
69, 7, -1.026369817281987
39, 18, 0.05802051656974688
74, 3, 0.5752993184008921
73, 4, -1.676928893197748
22, 21, 0.4835566725202933
-1, 23, 0.2049585825229439
75, 2, 0.8048173623624426
72, 5, 0.2302313351619652
0, 23, -0.9178110278360606
29, 20, 0.7303392996244988
54, 14, 0.1534357754584938
14, 22, 0.2288334311281281
64, 10, -0.63583210800752
66, 9, 0.1722769213996586
51, 15, 0.1187819766318235
1, 23, -0.6659274194000552
57, 13, 0.5969118872081117
62, 11, 0.2939451366469506
35, 19, -0.4501854553927024
76, 1, 1.029161104881474
71, 6, -1.575998841632076
44, 17, 1.265505598887048
23, 21, -1.013779690281936
2, 23, 0.6226955826709563
68, 8, 0.4021883934635871
15, 22, 0.4291870518780246
40, 18, 0.2840970003306572
48, 16, -0.01029527980342776
3, 23, -0.1580424499662518
30, 20, 0.240568402029753
60, 12, -0.02592817201620959
4, 23, -0.005136357803907921
77, 0, -0.3809672051331975
70, 7, 0.113539281224916
24, 21, -0.01266029303188873
16, 22, 1.000101620222652
74, 4, -0.4456502189540649
75, 3, 0.110901633765852
55, 14, -0.7020099235146133
36, 19, 0.5118950526893717
5, 23, -0.888413559207078
52, 15, -0.6134258094117951
73, 5, -0.05957704564273355
45, 17, -0.2020031397401793
76, 2, -0.03674630436226487
65, 10, -0.4373653533233677
58, 13, -0.06281450995948164
31, 20, 0.4336639116210674
67, 9, -0.8180582101492714
41, 18, 0.07564932941249075
17, 22, -0.6629834171995219
6, 23, -0.3254767105168164
63, 11, -0.1105116916595053
49, 16, 1.603226387542683
25, 21, -2.055331717942565
72, 6, 0.06542070832431779
77, 1, 0.3006052282930046
69, 8, -0.7842642664883102
7, 23, -0.369708441686243
61, 12, 0.37783722822072
37, 19, 0.5553714380797652
18, 22, -0.3403642480417254
32, 20, 0.2054635535582879
8, 23, 0.1784339927870904
26, 21, -0.6720681729630604
56, 14, -0.1227053109583555
71, 7, -1.018901882918595
46, 17, -1.218996816938767
53, 15, -1.09968230196183
78, 0, -0.1494524930036851
42, 18, -0.04364365380627894
75, 4, 0.7317485296835934
76, 3, 0.5154061736013891
19, 22, 0.7862880436012126
59, 13, -0.3520422547477604
9, 23, -0.9634410946991356
66, 10, 0.3036552957752515
50, 16, -0.5356377154456774
74, 5, -0.4096000580713299
77, 2, -0.03313084349480293
68, 9, -0.6867514438454126
64, 11, 0.2565988850767725
38, 19, -0.3897214228900451
27, 21, -0.1585948562893296
33, 20, -0.00634864749414605
10, 23, 0.1281555094179371
73, 6, -0.6241002176915318
70, 8, -0.6297137313739516
20, 22, 0.6336147482336743
62, 12, 0.2342750165121465
78, 1, -0.2336534720417149
47, 17, 1.423210410202757
43, 18, -1.362897968898533
-12, 24, 0.02140361391750677
11, 23, 0.8696932317972936
-11, 24, -1.074754940890739
-10, 24, 0.01871334838992265
54, 15, -0.05570193362157781
-9, 24, -0.1341496655276315
57, 14, -0.808875795068257
-8, 24, -0.5573273706782572
-7, 24, -0.1129262662040529
28, 21, 0.08396511347518447
72, 7, 0.6879576924398556
21, 22, 1.392903193444784
-6, 24, -0.08200606875649766
51, 16, 2.100152058759866
39, 19, -2.033686204924543
34, 20, -0.336596721837288
60, 13, 1.321864693694715
12, 23, -0.5471380770096284
79, 0, -1.679383742482663
-5, 24, 1.183031056340631
-4, 24, -1.065746421351905
76, 4, 1.121422081888369
77, 3, 0.2264116525998451
67, 10, 0.1720882934254883
65, 11, -0.3085842760669361
-3, 24, 0.3499244995589131
69, 9, -0.3998693623538586
75, 5, 0.2845205273277228
78, 2, 0.1180291106938448
13, 23, 1.030499257780823
44, 18, -0.05550955869403231
22, 22, -0.6471231306455584
-2, 24, 0.4412324943560891
48, 17, -0.9212404204362556
29, 21, -0.6368000048156572
63, 12, 0.04463021739003256
-1, 24, -0.604949326076902
71, 8, -0.3418867746788199
74, 6, -0.1006011768350648
55, 15, -0.4329159901259074
35, 20, 0.4133759337381291
79, 1, -0.9525600585488521
40, 19, 0.05875127029972659
58, 14, 0.2996499515337354
0, 24, 0.1093749006399541
14, 23, 0.5790584184592292
52, 16, -0.6752842753606574
23, 22, 0.5011961386800594
1, 24, 0.45667499773489
61, 13, 1.649171458332662
73, 7, 0.3092793784267753
30, 21, 0.1653835394099601
2, 24, -0.3750878467200413
15, 23, -0.440124501287989
45, 18, -0.467763028884347
80, 0, 0.030327233411954
68, 10, 0.1710741228751473
77, 4, -0.1955012697377764
66, 11, -0.3368210582435398
49, 17, 0.3962661869230862
36, 20, 0.2200450386864574
3, 24, -0.3246169513295497
78, 3, 0.346524501175338
70, 9, -0.9283474960101901
24, 22, 0.1009969598059474
76, 5, -0.04980682437638689
41, 19, -0.1506027967032549
79, 2, 0.1714983953279431
16, 23, 0.2242815139724261
4, 24, 0.05946619809073591
64, 12, 0.4837770430147572
56, 15, 0.1108849116119351
59, 14, -1.338163270813851
31, 21, 1.339377164746956
72, 8, -0.5643652667137017
75, 6, -0.08890859089203391
53, 16, -1.082420888041532
5, 24, 0.3894421912217692
80, 1, -0.339478762086054
25, 22, -0.3883399616261161
17, 23, 0.4237623584484231
46, 18, -0.4514326180118368
62, 13, 1.08754830289543
37, 20, -0.8785233898045182
6, 24, 0.1313424520638836
50, 17, 0.3254456729481835
74, 7, -0.229185688584861
42, 19, -0.3096727908451171
32, 21, 0.6943237935158525
69, 10, 0.5812387026506679
7, 24, -0.1148859418279475
67, 11, 0.5822672284402745
18, 23, 0.3935335347371084
81, 0, 0.8010033760266571
71, 9, 0.9058153614140284
78, 4, -0.3024286550416209
26, 22, 0.0854560141378332
79, 3, 0.8855938800209558
57, 15, 0.02061466267550052
77, 5, 0.6636878109887956
65, 12, -1.135150949070428
8, 24, -0.8409636381732682
60, 14, -0.7334120955904345
54, 16, 0.3454726962204218
80, 2, 0.4501535224160375
38, 20, -0.1649018428436456
73, 8, -1.124558904820315
19, 23, -0.8655106202530941
47, 18, 0.07844824601580151
76, 6, -0.5058325837073153
9, 24, 0.1720613213177062
33, 21, -0.1790129274121881
43, 19, 0.4397705041100502
63, 13, -2.021032702365889
51, 17, -0.1221720261900451
27, 22, 2.192061786095895
81, 1, -0.537852294021526
10, 24, 0.2434657218403679
20, 23, 0.6952583262519756
75, 7, -1.271642516190793
70, 10, -0.005745700893043601
39, 20, -0.5226053229659262
68, 11, 0.2245565699987561
58, 15, 1.143478292779061
-12, 25, 1.208509491260281
55, 16, 0.03370285569223112
34, 21, 0.4649429584346969
11, 24, -0.0881651861630704
-11, 25, 0.6344479160637024
72, 9, -0.9062760965658466
82, 0, 0.8065170191793712
28, 22, -0.1883661013497836
-10, 25, -0.08883257543755234
-9, 25, -0.2921215581806308
61, 14, 0.4405921681888652
66, 12, -0.1951361942729692
48, 18, 0.2712688913276087
79, 4, 0.4770615293532395
80, 3, 1.65550519722843
-8, 25, -1.755842794927328
44, 19, -0.1170668392214808
21, 23, 0.4769306360303713
78, 5, -1.03651420537858
-7, 25, -0.2642710056513451
-6, 25, 0.8921820006761456
81, 2, -0.8844035664658136
52, 17, 0.9202732721087131
12, 24, 0.09180617325749887
74, 8, 0.6559957993742713
-5, 25, -0.09789570045225478
77, 6, 0.3410147807603029
64, 13, -0.1030502006160886
-4, 25, 1.17546440116809
40, 20, -0.08200314909711844
29, 22, 0.7706642955352285
22, 23, -1.090772913387898
-3, 25, 0.8529744742477422
35, 21, 0.1729691961579121
13, 24, 0.8254147071946885
82, 1, -0.4015467960164761
-2, 25, 1.123609959188365
59, 15, 0.5444278899608537
76, 7, 0.6557377811022518
49, 18, -0.7898112510364897
56, 16, -0.3558046403596551
71, 10, 1.861597377837697
69, 11, 0.9288807528165408
45, 19, -0.8143323203557868
-1, 25, -0.9297083241921897
62, 14, -1.395183367519026
14, 24, 1.002345078910817
0, 25, -0.3781399807814002
73, 9, -1.191936026626434
67, 12, -1.429889669478204
23, 23, 2.32485731323903
30, 22, -0.1226316939241547
83, 0, 0.9406803870131119
53, 17, -0.05009722835377945
80, 4, -0.7749025308587403
1, 25, 0.6833116769824946
41, 20, -0.6298620389508204
81, 3, -0.3575558098404027
36, 21, -0.3797097159105273
79, 5, 0.5762832834131377
15, 24, -0.2764632559748741
75, 8, 1.056120841569269
65, 13, 0.1531442658440585
2, 25, -0.9666773777563119
82, 2, -0.9041244374846127
24, 23, 0.08205983165494243
78, 6, 0.1368182719623806
3, 25, -0.7741428887529016
46, 19, 0.4377242669471743
50, 18, 0.7412422100513555
31, 22, -0.6349722173215367
60, 15, -0.0322670232117817
16, 24, -0.07531046438708246
57, 16, -0.3698773940950537
83, 1, 0.9731710063618537
4, 25, -0.9147495881692383
37, 21, -0.4717607227279514
70, 11, -0.8802260341579987
72, 10, -1.164966392285449
42, 20, 0.5795960027447578
77, 7, -0.3528955804503226
63, 14, 0.01748197052907178
54, 17, 0.3757515837822563
25, 23, 0.1822133583937126
68, 12, 0.38865864076474
5, 25, -0.001787889276015032
17, 24, 0.4921424650848044
74, 9, -0.01057274691246698
32, 22, 0.01682996601643041
84, 0, -0.05893807323475513
6, 25, -0.1807055169249867
81, 4, 0.04268447548261133
82, 3, 0.6466635501328626
66, 13, -1.047742264530766
47, 19, 1.228997078776547
80, 5, -0.3078670524634163
51, 18, -0.0443073059765205
76, 8, 0.2219678139004608
18, 24, 0.2424299680407624
38, 21, -0.7187335418500376
26, 23, 0.8867971240646032
83, 2, -0.12159243470908
7, 25, -0.3446609857546826
58, 16, -0.625860082801954
43, 20, -0.4308370785843494
79, 6, 0.8372040480126893
61, 15, 0.3879263969826525
8, 25, 0.4733814913127673
55, 17, 0.3062644169713588
33, 22, -1.308003316398279
64, 14, 0.4521893713036677
84, 1, 1.591955257308973
71, 11, -0.1158896495129392
19, 24, -0.1187892732712124
73, 10, 0.4903116375429145
78, 7, -0.8519002174483786
27, 23, 0.8745143098794547
69, 12, 0.03305363939258524
9, 25, 0.05533859342203964
48, 19, -0.3719939912640489
75, 9, 0.0660582925767022
39, 21, 0.1107859299131533
52, 18, -0.6924492637684284
44, 20, -0.7108138388591887
20, 24, 0.6298148031786228
67, 13, 0.3296603474601785
85, 0, 0.3598876416375446
10, 25, -0.2519040528644288
82, 4, 0.467599504489567
34, 22, 0.1200225634292667
83, 3, 0.421575446758624
81, 5, 1.047089555858843
59, 16, 0.776405242998175
28, 23, -0.6815461040091431
77, 8, -0.9019040581872947
62, 15, 0.8623535844595235
56, 17, -0.03691765980495994
-13, 26, -0.1264200920652045
84, 2, 1.347853974627185
-12, 26, -1.407559001851724
11, 25, 1.471669745219882
-11, 26, -1.125215455029549
-10, 26, 1.022945539599406
80, 6, -1.270610804690901
21, 24, 0.008894552219010169
-9, 26, -0.3587847603356368
65, 14, 0.9404819181721006
40, 21, -0.9724426588983209
-8, 26, 0.6185436293488952
49, 19, -0.3283562923304323
-7, 26, 0.33314284406051
72, 11, 0.1694172605958093
74, 10, -0.4760633195103771
-6, 26, -0.3665233833053811
12, 25, -0.1429123811747101
35, 22, 0.6623430994492087
85, 1, 0.4396331517349333
70, 12, 0.8067805702752304
45, 20, 0.1477845252383826
53, 18, -0.3754873913228364
29, 23, -1.117190293775568
-5, 26, -0.5309304158963918
79, 7, -0.5804136545007375
22, 24, 0.5517842759934949
-4, 26, -0.3474114201155454
76, 9, -0.1781150096738833
68, 13, 0.3599593802621405
-3, 26, -0.0541080458678975
13, 25, 1.013986459069431
60, 16, -0.1196652923001841
-2, 26, -0.1353135078415044
63, 15, -0.3605613669013354
41, 21, -1.417804668310173
86, 0, 0.6450332575318297
83, 4, -0.4934608037357804
57, 17, -0.5159577600123357
84, 3, -0.2623853863785558
82, 5, 0.7538400393659719
30, 23, 0.7780246045740506
-1, 26, 0.04985183665188128
78, 8, -0.4656143248616758
36, 22, 0.4131928717520658
23, 24, -0.9132773133847856
14, 25, -0.03749539809049306
50, 19, -0.2316783769342199
66, 14, 0.5609643045014648
46, 20, -0.6973061053551763
0, 26, -0.2334431446933065
85, 2, -0.06936794410748334
81, 6, -0.08159081940225288
54, 18, 0.05545110566290683
73, 11, -1.006908413323435
1, 26, 1.755572985313406
75, 10, -0.150489772649493
15, 25, 0.1999856148298485
71, 12, -0.2456574819671647
24, 24, -0.2770516446515876
2, 26, -0.791744329762525
86, 1, 0.3917441255239144
31, 23, 0.1848233216381694
42, 21, -0.0567655547341551
80, 7, 0.7060580792090839
37, 22, 0.1929051642416867
77, 9, -0.7566073532001574
61, 16, 0.2611604800839243
69, 13, 0.5040497384154163
3, 26, 0.2437197434584625
58, 17, -1.021577774325624
64, 15, 0.5656795575775216
16, 25, -0.1381078429882062
51, 19, 0.3622934745443721
47, 20, 0.2290720583342798
4, 26, 0.7150775521308537
25, 24, -0.3842692920380968
84, 4, 0.03343220907470713
87, 0, 0.3232072079156129
79, 8, -0.6656142762262126
85, 3, 0.3289324000289507
83, 5, -0.748013035396099
55, 18, 0.124008429134268
32, 23, -0.2980200572373075
67, 14, -1.163789680013905
17, 25, -0.9589640532618825
5, 26, -1.100281863455943
43, 21, 1.28820530693488
38, 22, 0.03981204178033928
86, 2, -0.6274482816196335
82, 6, 0.3712631172043952
74, 11, 0.6346803645501572
6, 26, 0.3224662252829157
72, 12, -0.05210837816423202
76, 10, -0.1251587931870223
26, 24, 0.009482199460379474
18, 25, 1.37839460047574
62, 16, 0.8077600944528743
59, 17, 0.6145579133390349
52, 19, -1.156697384983882
48, 20, 0.5711317445179119
7, 26, -1.509160553383848
87, 1, 0.13993553130521
81, 7, 0.9532209404673861
33, 23, 0.2599774208643226
70, 13, -0.05003011650978886
65, 15, 0.2032874044811231
78, 9, -0.0003088351626416568
39, 22, 0.5333845274452688
8, 26, 0.02286092685830542
56, 18, 0.1215160349398378
44, 21, -0.6883621279162492
19, 25, 0.827785945845613
27, 24, 0.1713028736921812
68, 14, 0.3986532349895318
85, 4, -0.8124295059076833
88, 0, -0.9830500520524329
80, 8, 0.2929774462233317
84, 5, -1.137482411444678
9, 26, 1.135482444569618
86, 3, -0.8081235975520316
34, 23, 0.470331964503012
20, 25, 0.3456521107600355
75, 11, -0.5615324233234489
49, 20, -0.4349958385299668
83, 6, 0.111100996854986
87, 2, 0.9695959779091409
53, 19, 0.2246417765948658
73, 12, 1.100591899916627
28, 24, -0.2453227938479449
63, 16, 0.8136915431372841
10, 26, -0.5444348880324444
77, 10, 0.8880970388181881
60, 17, -0.3714424896856061
40, 22, 0.638692416541719
66, 15, 0.4360566134299664
45, 21, -0.329662319942635
71, 13, 0.06698620662762111
82, 7, -0.4305210427713093
-13, 27, 0.2000124287423958
57, 18, -0.06389092061716613
-12, 27, 0.08149966086881261
21, 25, -0.2549705131417582
88, 1, 0.1522421253733231
79, 9, -1.166338372154312
11, 26, 1.364038697631216
-11, 27, -0.2815037459058962
35, 23, 0.2804787602554612
-10, 27, 0.1942470697290022
-9, 27, 0.5035126669361777
-8, 27, -1.266170803246843
29, 24, 0.6296469794174473
-7, 27, 1.264387895152983
69, 14, -0.3096258917300136
12, 26, 0.09375653021028427
-6, 27, 0.2830283597357258
50, 20, 0.08793788904583881
41, 22, -0.3848959462268416
22, 25, 1.404256502769107
-5, 27, -1.682004983933687
81, 8, 0.4444939986561799
54, 19, -0.7248899434463562
86, 4, -0.4395139599458155
89, 0, 1.658492583717368
85, 5, 0.04707409052817251
-4, 27, 0.6420284673406076
87, 3, -0.03688700627364705
46, 21, -0.03271306961031139
64, 16, -0.05311031119139515
61, 17, 1.084694601605927
76, 11, -0.09801698691260509
36, 23, -0.2186834801089555
13, 26, -0.5422515253317568
-3, 27, 0.1084173750478373
74, 12, -0.3629400233326822
84, 6, -0.1930001045170572
30, 24, 0.0001525202460620943
88, 2, 0.1447602773565822
78, 10, 0.2655506661010229
-2, 27, -0.3327794482978532
67, 15, -0.5787719875458718
58, 18, -0.1587684062262144
72, 13, 1.693574124811718
23, 25, -2.242559705465015
-1, 27, -0.02852609747498359
14, 26, 0.118937743182783
83, 7, 0.5194402718126676
80, 9, -0.2792985490841576
42, 22, 0.3334833474502904
0, 27, -0.204822176897022
89, 1, -0.2094371144088309
51, 20, -0.393338039237459
70, 14, -0.04634382928391888
37, 23, -1.106951928117965
55, 19, 0.2294630834710206
31, 24, -0.1650633478116168
1, 27, 0.7036597880809616
47, 21, -0.1013054701010495
24, 25, -0.5684645117816444
15, 26, -0.4819135911985294
62, 17, -0.6484150923058336
2, 27, 0.1515781025462545
65, 16, -0.4705728187596943
82, 8, -0.05959129338884522
87, 4, -0.2729870948990972
90, 0, -0.1633448376772279
86, 5, -0.3248228432478291
88, 3, 0.5390636451494436
77, 11, 0.03124015571620906
59, 18, -0.5576845878442463
16, 26, 0.05107868044069095
75, 12, -0.1652387031885884
3, 27, 0.06486347944826885
68, 15, 2.179914574770669
43, 22, -2.105016401370798
25, 25, 0.9578459030437556
32, 24, 0.2166640796384525
85, 6, -0.3454263688542997
79, 10, -0.2496512516487651
73, 13, 1.023041415130088
38, 23, -1.841087705901495
89, 2, 1.583949104524607
4, 27, -0.4837906163966363
52, 20, -0.5462123361626082
48, 21, 0.02065019456130387
17, 26, -0.4441207193494495
56, 19, 0.7877709559949518
5, 27, 0.7498929598912186
81, 9, 0.5098710039438491
84, 7, -0.1523831342644166
71, 14, 0.6781138957585504
90, 1, 0.6523351300185962
26, 25, 0.5354010976741138
33, 24, 0.08435969546955105
6, 27, 0.1217758885738744
63, 17, 0.2481871150729358
66, 16, 0.8304862056877472
44, 22, -0.3421363203890796
18, 26, -0.6265530838797004
39, 23, -0.2061116571890094
60, 18, 0.08592568034551665
83, 8, -0.2664522154521716
7, 27, 0.05080668599941134
53, 20, 1.011159445424574
69, 15, 0.1707693811075848
88, 4, 0.1034138110360911
76, 12, 0.1833866638013111
78, 11, -0.3892643186090677
87, 5, 1.246904632867431
27, 25, -1.719464544374284
91, 0, 0.3481166457257363
49, 21, 0.1016582553954373
89, 3, -0.1319559453818228
19, 26, -0.01969380296763204
74, 13, -0.01830538711363574
8, 27, 0.1157329241532228
80, 10, 0.1703768840521759
57, 19, 0.06456329321332931
86, 6, 0.3695038383783154
34, 24, -0.3493796237517012
90, 2, -0.9549166074374098
45, 22, -0.6371352223768051
40, 23, 0.9482697944117385
9, 27, 0.7597614507690017
72, 14, -0.8177264346585541
82, 9, 1.110610859051236
20, 26, 0.1145573423404154
85, 7, -0.7009970871359047
28, 25, 0.241870383907544
64, 17, 0.4627713302319436
67, 16, 1.131465309721422
91, 1, -0.6279890850456796
61, 18, -0.4356531436673877
10, 27, -0.1231128560771195
54, 20, 0.1663118292271596
50, 21, -1.004719096839208
35, 24, 1.347597105591724
21, 26, 0.06028210144268015
70, 15, 0.002945709228399524
-14, 28, 0.03825668491945044
-13, 28, 0.817899613429598
84, 8, -0.4786850454407264
-12, 28, 0.7658996643930077
77, 12, 0.1485489013863736
58, 19, -1.334753722277668
11, 27, -1.088491917703782
-11, 28, -0.02850459693579185
79, 11, 1.030322433179127
29, 25, -1.158667770685218
41, 23, -0.1609481402717281
-10, 28, -0.4903651870157159
46, 22, -0.6773268684338177
89, 4, 1.709664725089864
-9, 28, -2.055773218836088
88, 5, 0.05224179892372301
75, 13, -0.9159069476535699
92, 0, 1.276202400944592
-8, 28, -0.7196098085788425
90, 3, 0.02409626369073425
81, 10, 0.2050685954709581
-7, 28, 0.1910150922940194
87, 6, -0.4349450580703306
12, 27, 0.4432191891035776
22, 26, 0.577413005978899
-6, 28, -0.149995720244749
36, 24, -0.2023565094208385
91, 2, 0.4707518949017774
73, 14, 0.4823355325965854
65, 17, -0.6858703691398381
-5, 28, 0.6720997161108466
51, 21, 0.02037806063347932
62, 18, -0.5229419786570118
55, 20, 0.1903859203310763
30, 25, -0.2911874008451113
83, 9, -0.285981279192734
68, 16, -0.1750105410524379
-4, 28, 0.3801848133734047
86, 7, -1.216467233407826
13, 27, -0.5476581807394771
42, 23, -0.8624460871919244
-3, 28, -0.7224927650571416
23, 26, 0.3225646065462072
92, 1, -0.315224961925748
47, 22, 0.4154081008325715
-2, 28, -0.8892772944641664
59, 19, -1.243146780882302
71, 15, -0.09314688567349622
37, 24, 0.09893250091656296
14, 27, -0.9765171242450161
-1, 28, 1.412610082718229
78, 12, -0.2823067925143158
85, 8, 0.5844171680964285
80, 11, 0.6847602175930422
31, 25, -0.7580183880844371
76, 13, 0.6630329027135101
0, 28, -0.09206062453249289
90, 4, -0.8266306027038838
24, 26, 0.9774441800781807
89, 5, 0.9049064236582037
82, 10, -0.8243374068035283
52, 21, -1.772791603112845
93, 0, -0.1344455554372863
15, 27, -0.01305371956881608
91, 3, -0.1461593624618
1, 28, -0.9059974265157671
56, 20, 0.1321759342851007
66, 17, -0.3383404308397032
43, 23, 0.1999253861343669
63, 18, 0.321448663096571
88, 6, 0.1298572883874407
74, 14, 0.6274886183705991
69, 16, 0.9302434709636818
48, 22, -0.07265065399937327
2, 28, -0.4450351265146254
92, 2, 0.2127929815086785
38, 24, -0.294740076351748
32, 25, 0.8074415204060726
84, 9, -0.0639149685748749
16, 27, 1.346932702174612
60, 19, 0.7649438110393361
25, 26, -0.7586817560771176
87, 7, -0.06369348514428608
3, 28, -0.001873510917140439
72, 15, -0.02320670258734273
4, 28, 0.3362603010343962
93, 1, 0.3316942284362382
44, 23, 0.2299688901094798
17, 27, -0.1267100306918818
79, 12, -0.02023645536088874
53, 21, 1.098535512429279
81, 11, 1.047277826977741
86, 8, -0.245962157867596
26, 26, -0.0878641531544876
77, 13, 1.057676848036651
57, 20, -0.7115840407583903
33, 25, 0.9107877895672644
5, 28, -0.7044231455824839
39, 24, -0.1080654538122753
49, 22, 0.3185672387856969
67, 17, -0.7531350042583739
64, 18, 0.3491963262749697
83, 10, -0.4413987371717601
91, 4, -0.259263473570223
90, 5, -0.110315438116737
6, 28, 0.3719620329453139
18, 27, 0.06803861898045627
75, 14, 0.949123516848098
94, 0, -0.2526615562201285
70, 16, 0.4003796311467259
92, 3, 0.191739914681083
89, 6, 0.08708518563092868
61, 19, -0.3565353893754286
27, 26, -0.9259341397926587
7, 28, -0.3059333360278789
93, 2, 0.4167504290802491
45, 23, 0.8382392297534959
85, 9, -0.4272846799517466
34, 25, -0.2432895952826707
19, 27, -0.8610560365067722
40, 24, 0.4463307400118555
88, 7, -0.3332277305737399
73, 15, 0.361014116014843
54, 21, -0.003415118311656478
8, 28, 0.5004927397960276
58, 20, -0.5996649849527678
50, 22, 0.6639330709668482
94, 1, -0.1904376375502965
80, 12, -0.08468531473907923
28, 26, -0.8231165633151748
82, 11, 0.400263709740773
78, 13, 0.3077771905593622
9, 28, -0.2205073240870109
68, 17, -0.630250143284973
65, 18, 1.639852855677983
20, 27, -0.7575632347142935
87, 8, 0.2700649161064199
35, 25, 0.3176183820806063
71, 16, -1.042065995253713
62, 19, -0.3441025201415797
46, 23, 1.229160284480897
84, 10, 0.1176658935183862
76, 14, 0.5312628519019899
41, 24, -0.681979076239426
10, 28, -0.5187954463148524
92, 4, 0.1425676107531289
91, 5, -0.5590258644659748
95, 0, -0.1901870437989908
93, 3, -0.2273882505903899
21, 27, -0.1624066245763946
55, 21, -0.5769902291983688
29, 26, -0.5493956072527989
90, 6, 0.1836498479032309
-14, 29, -0.1586666501115962
-13, 29, -0.5941059347691673
51, 22, -0.106217788339865
-12, 29, -0.03571760265735351
11, 28, -0.4514866700322887
-11, 29, -0.3681995268550671
86, 9, -1.552910865768646
74, 15, -1.21610447482699
59, 20, 1.948446110156681
-10, 29, 1.215791917762021
94, 2, 0.4507700799694899
36, 25, 0.5312901518880364
-9, 29, 0.4615326055312647
89, 7, -1.229401816541604
-8, 29, 0.7117890591101875
22, 27, -1.217839564778182
-7, 29, 0.9629516297730548
12, 28, -0.2770540793303541
66, 18, -0.279434864013576
42, 24, 0.2668223239249724
47, 23, -0.01202490602369108
69, 17, -0.4905251253076958
-6, 29, 0.1373582112398486
30, 26, 0.03382350433594034
81, 12, 0.1935476455494709
79, 13, 1.289322645960467
95, 1, -0.3444810681052881
-5, 29, 0.5599760268522358
83, 11, -0.1609449617365327
63, 19, 0.8513021248469599
-4, 29, 0.6135180787367147
88, 8, -0.9106138222501738
72, 16, 0.04511057342003555
13, 28, 0.4835686104966817
77, 14, 0.4545268386693069
56, 21, -0.6318611886981391
37, 25, -0.07747804101803972
23, 27, 0.4152388650551081
52, 22, 0.8990994064782827
-3, 29, -0.6161054145546363
85, 10, 0.18903627147063
93, 4, 0.864583629638453
-2, 29, -0.6099760540370097
92, 5, -1.316849398778694
60, 20, 0.01358507602405901
31, 26, 0.8337227351213548
14, 28, 0.1640937241425209
96, 0, -0.2492118775528288
94, 3, -0.3935478748942111
43, 24, -0.9151617215936234
91, 6, -0.7536233957414388
-1, 29, 0.6834032028182669
75, 15, -0.01218673715835136
48, 23, -0.7612818513264862
87, 9, 0.02380300577200261
24, 27, -0.2933046210269599
0, 29, 0.5048461052931299
95, 2, 0.8557362881672528
67, 18, 0.9034584845827712
90, 7, 1.55740835881556
70, 17, 1.011343830458903
38, 25, -1.030320515461324
15, 28, -1.711790022891436
1, 29, 0.5920157354467367
64, 19, 0.5374808509597628
82, 12, -1.371461923654105
32, 26, 1.4365415770169
57, 21, -0.04497225001393244
80, 13, -0.3350431614453491
53, 22, 0.9827739682556006
84, 11, -0.2761805093121578
73, 16, -0.3978884087221794
2, 29, 0.369520693480743
25, 27, 0.5118346724803414
96, 1, 0.1455697569192462
44, 24, -0.2871036405339953
16, 28, 0.124318217097892
78, 14, 0.5738356796330073
89, 8, 0.8777546459950134
61, 20, 0.1878273191651618
49, 23, 0.9908324774186131
3, 29, -0.2872828980730052
86, 10, -0.6549273470948919
39, 25, 0.8684213017531133
33, 26, 0.5186991643738129
4, 29, -0.5196639540028409
94, 4, -0.01654479342287044
93, 5, -0.2339867732495597
17, 28, 0.05789032451774937
76, 15, -0.8962802527591186
26, 27, -0.4563792831304001
97, 0, -0.1143510703483356
95, 3, -0.3020754626777731
92, 6, -0.5446797132817758
68, 18, -0.4946566880647327
5, 29, 0.3431591392357082
88, 9, -0.8973746291812635
71, 17, 1.432521049596623
54, 22, 0.19794955162136
65, 19, -0.4974939553926255
58, 21, 1.314464568247788
45, 24, 0.2289515776510464
96, 2, -0.3544158137934333
18, 28, 0.6650936870226621
91, 7, -0.3186880548693682
6, 29, -0.1027513423417861
83, 12, 0.08505969212424293
50, 23, 0.8790284354789449
81, 13, -0.1196969374588428
40, 25, 0.09657181444779558
74, 16, -0.9731345937472952
34, 26, 1.070110117349502
27, 27, 0.5188239232513562
62, 20, -0.3452325078614457
85, 11, 1.021001703649724
79, 14, 0.00012903068323917
7, 29, -0.1632564514940995
97, 1, -0.4195641601306815
19, 28, -0.2924464841991303
90, 8, -0.1776924809908904
87, 10, 0.08005996681219917
8, 29, 0.7569444560615919
46, 24, 0.4919471702318008
77, 15, -1.053547837235516
55, 22, -0.4781303397429044
28, 27, 1.338541277474324
69, 18, -0.1285268273782942
59, 21, -1.04367161256559
35, 26, 1.318296453658407
95, 4, 0.8370158042349641
94, 5, -0.5824126426181895
66, 19, -0.7791393606829692
41, 25, 0.5795455216190172
20, 28, 0.3277811979942534
72, 17, -0.9397835873374972
51, 23, -0.3002781510047672
9, 29, -0.2406858973577289
96, 3, -0.2328374148034699
93, 6, 0.1183117465588285
98, 0, 0.5535807910430277
89, 9, -0.1488826116573376
63, 20, -0.956874265405003
75, 16, -0.6061453002946701
10, 29, -0.604495281601085
29, 27, -0.6179521989414609
97, 2, 0.3169154488734834
92, 7, 0.5672589533817559
84, 12, 0.004833050445378262
82, 13, 0.412863399604554
21, 28, -0.564687245282952
36, 26, -0.2648686245386111
86, 11, -0.2998355297522969
47, 24, -0.2338476497270568
-15, 30, 0.01006011288317422
80, 14, -0.08745124914538109
-14, 30, -0.2307802516591914
-13, 30, -0.004525262771873552
-12, 30, -0.05733886995430952
42, 25, 0.3750069228023373
11, 29, -1.865759719050561
-11, 30, 1.750525517439116
56, 22, 0.07441130784831544
-10, 30, -0.09465870193315783
60, 21, -0.2688230406962399
-9, 30, -0.2533278249701233
98, 1, 0.7708402056033381
91, 8, -0.4321466788201719
52, 23, -1.277730735621835
88, 10, -0.7561355831284073
70, 18, 0.7566120422095751
22, 28, -1.390463853509433
-8, 30, 0.7875357446116151
78, 15, -0.04084114049888771
30, 27, 0.01154421414871684
67, 19, 0.1642427612364148
-7, 30, -1.134889552054509
12, 29, 0.4067363760680265
73, 17, -0.5263318950126209
-6, 30, -0.06318887758111004
37, 26, 0.1054996089036655
95, 5, 0.5270899246160546
-5, 30, -0.5009212972745273
96, 4, -0.3797989623419348
64, 20, -0.3466797572934854
48, 24, -0.1464781761637081
94, 6, -0.9379695108004693
-4, 30, 0.6299685693912047
23, 28, -0.6070595671524516
13, 29, 1.198002364176189
97, 3, 0.3051026616032774
43, 25, 0.2734580830395983
99, 0, 0.888128228642632
90, 9, -0.2646880026748917
76, 16, -0.250192587393829
31, 27, 0.11097938542674
-3, 30, -0.1730651637830014
83, 13, -0.6267026690767221
57, 22, 0.4618264745313239
85, 12, 0.2366988183360241
93, 7, -0.2442499933473166
98, 2, -1.322600510663295
-2, 30, 1.363630054894599
53, 23, 0.07268350259959547
81, 14, 1.582214185089338
61, 21, -0.4605484792459871
14, 29, -0.5858284178226453
87, 11, -0.159048196427404
38, 26, -0.4414235074585226
-1, 30, 0.4724518496534606
24, 28, -0.1654430819288707
71, 18, 0.7728903266978109
68, 19, -0.2719719039147984
0, 30, 0.01857667082574098
79, 15, -0.5140324340165291
92, 8, 0.1653275723467788
32, 27, 0.9112584424208883
99, 1, 0.3834369466717771
89, 10, -0.1808048465215824
44, 25, 0.4202762955940828
15, 29, -0.9364783776497104
74, 17, 0.5579864541477038
49, 24, -0.3107016180445518
65, 20, -0.3173965835464718
1, 30, -0.6683832429031981
25, 28, -0.3083439515696588
58, 22, 0.1602166426846658
2, 30, 0.1299406549539477
96, 5, 0.4366848295982537
39, 26, 1.195215020497106
16, 29, 0.2613770521445015
97, 4, -0.1118606168376501
77, 16, 0.179976238838348
54, 23, -0.1154654644523719
95, 6, -0.2164434814067881
91, 9, 1.097010442912902
98, 3, 1.294321689600511
62, 21, 0.8933816222074538
33, 27, -0.4481527627458608
3, 30, 0.3321808630901606
100, 0, 0.5257979531323215
84, 13, 0.596000091802899
86, 12, -0.1563835868416075
45, 25, 0.1034253973351489
82, 14, -0.5102906344168798
26, 28, 0.5189750243680742
94, 7, 1.586296515865265
17, 29, -1.375536810851547
50, 24, -0.3907126555743008
4, 30, -0.6919548936906692
99, 2, 0.3345266225772313
88, 11, -0.9263624357713743
69, 19, 0.2176391796787763
72, 18, 0.2860562402275398
80, 15, 0.2273845067679642
5, 30, 0.02795026041870305
66, 20, 0.04343470372985901
40, 26, 0.2249952402369812
75, 17, -0.20274315797181
34, 27, -0.2743409880551284
93, 8, -1.679733448772291
18, 29, 1.5557057149208
90, 10, -0.09585404786570524
59, 22, 0.5071462554387189
55, 23, 0.3088249753967719
27, 28, 0.2246548161055758
100, 1, 0.04645795663406349
6, 30, -0.00115403693340294
46, 25, -0.5101956488130954
63, 21, 0.009404087146170723
78, 16, 0.1313495013625267
7, 30, -0.5478406890420514
51, 24, 0.04310485936389778
19, 29, 0.1500130712109259
97, 5, 1.332872109663749
98, 4, -0.661049013133432
92, 9, -0.7768475962664133
41, 26, 1.408245277289007
96, 6, -0.1987193558344249
85, 13, 0.3767236817951321
35, 27, -0.4475574554080387
28, 28, 0.2331937794373941
99, 3, -0.3703101820903721
87, 12, 0.1974998449251826
101, 0, -1.706427344714675
70, 19, 1.304832549200096
8, 30, -0.06303078320326572
83, 14, 0.5862539893516391
73, 18, 0.7253988804107877
95, 7, -0.1023242261025692
67, 20, -0.4611932460703599
89, 11, 0.06384964568740667
20, 29, 0.2867619684921098
56, 23, -0.3763441241923303
100, 2, -1.062238084882849
60, 22, -0.8561537299397837
76, 17, 0.4908415351065094
81, 15, 0.2178840719393021
9, 30, -0.208574266175815
47, 25, -0.1073453278493421
29, 28, -0.2387999053595515
36, 27, -0.1957433143612557
52, 24, -0.1260160396399557
91, 10, -0.1054021127741276
64, 21, -0.270970648331389
94, 8, -0.2600630337636684
42, 26, -0.3366790771423467
10, 30, -0.1428326233618778
21, 29, 0.2263386347997509
101, 1, -1.429629297668173
79, 16, -0.6800385877608303
-15, 31, 0.1024810548818399
-14, 31, 0.4685015732217594
-13, 31, 0.1308081733217674
-12, 31, 1.019577469346223
-11, 31, -0.7812024695639606
11, 30, 0.8564786845634392
-10, 31, -0.2046355589473467
71, 19, -0.05692389755672259
30, 28, -0.3008935097140021
98, 5, -1.130864390906077
74, 18, -0.6244125374453376
-9, 31, -0.8523003759823133
99, 4, 1.079133452045065
86, 13, 0.3054735993798629
22, 29, -0.5064584669283453
93, 9, -0.1159637161754021
57, 23, -0.6771112329453945
48, 25, 1.049671693096112
88, 12, -0.3741720961378339
68, 20, -0.2579852057892083
97, 6, -0.07198188207864251
61, 22, 0.07308863666279423
37, 27, -0.804686978775156
-8, 31, -0.5958196608375661
84, 14, -0.0931381570753496
100, 3, 0.7532864967378061
43, 26, -1.01355395105147
-7, 31, 1.905240683674414
102, 0, 0.2322971544972792
12, 30, -0.1625968403834435
77, 17, -1.664952348529246
53, 24, 1.728612946407939
-6, 31, -0.6017417798651681
90, 11, 0.1198012987404377
96, 7, -0.4374490427839418
82, 15, -0.5439302324420753
-5, 31, -0.3764978815873834
65, 21, -0.6220056107202867
101, 2, 0.6415444611255525
23, 29, -0.6518617475185231
31, 28, -0.7954801297138764
13, 30, 0.9047216748054007
-4, 31, -0.06871606671518922
92, 10, -0.2144610584485081
-3, 31, -0.03224000881497265
95, 8, -0.4290529270718795
38, 27, 0.1103635626287072
80, 16, -0.0200589080891712
49, 25, 0.1200493249885019
-2, 31, -0.3895158456790218
44, 26, -0.431117932143221
14, 30, -0.4508023194995933
102, 1, -0.1789454809539257
58, 23, 0.1085613232592336
72, 19, 1.339791829523593
24, 29, -1.021324961003468
62, 22, 0.5367478163123602
75, 18, -0.2720026545674625
69, 20, 0.1318063313839624
-1, 31, 0.276533930872062
32, 28, 0.0274971626016707
54, 24, 0.09539066098309208
87, 13, 0.9833310478641338
99, 5, -0.8637409118686626
85, 14, 0.8229613719086823
0, 31, -0.2100024934530174
94, 9, -0.2913916177399962
89, 12, 0.3702486732389132
15, 30, 0.04315066482596043
100, 4, -0.240869737324852
98, 6, -0.5948367363523841
78, 17, -0.0177647168569899
66, 21, -0.4098039748403491
39, 27, 0.3366893838743326
25, 29, 0.17345899432036
101, 3, -0.3501491614523978
1, 31, 0.3883364381552194
103, 0, -0.3975774184428381
83, 15, 0.7262844903597364
91, 11, -0.2126274596226062
50, 25, 0.5064164985443311
97, 7, -1.329430850679797
45, 26, 1.187248273611498
16, 30, -0.7283894138167004
33, 28, -0.0424769003455041
2, 31, -0.1571920620123466
102, 2, -0.6367132347693577
59, 23, 0.3126850393702211
81, 16, 1.420879554948094
3, 31, 1.432307337640913
93, 10, -1.058798403666673
63, 22, -1.04196933075035
55, 24, -0.009948144340352015
26, 29, -0.06254907952027935
73, 19, -0.3969694781150905
96, 8, -0.3932103496951754
40, 27, 1.020905450035917
17, 30, 1.055397174585915
70, 20, -0.06043126933330009
76, 18, -0.6108599345350778
4, 31, 1.334648583637878
103, 1, 0.7430018813873679
34, 28, 0.04103226975830195
88, 13, 0.2867774416091176
67, 21, -0.6243715379046275
46, 26, 0.5264886847409772
51, 25, -0.1287447850828855
5, 31, 0.774387624307628
86, 14, -0.05603663451491512
79, 17, 0.3030544424075232
27, 29, 0.3204658613883481
90, 12, -0.09713681917800171
18, 30, 0.12908499121839
95, 9, -0.0138386986196205
100, 5, -0.3642190854015361
101, 4, 0.1610176936575383
99, 6, -0.1507523433716603
84, 15, 0.1352767181836892
6, 31, 0.1553471927752772
60, 23, 0.142984705522694
92, 11, -1.730020472727538
41, 27, 2.107285604921645
102, 3, 0.2927760388258122
104, 0, 0.8982822653271113
56, 24, 0.2623195768258356
64, 22, -0.0827083217849222
98, 7, 0.4495512863407168
35, 28, -0.0003552346219852924
19, 30, -0.3051418533718041
7, 31, 0.3023644385488177
28, 29, -0.6061122417794121
82, 16, -0.2052601035298273
74, 19, -0.2176776090411824
103, 2, 0.7894092989675763
71, 20, 0.1185089030761055
47, 26, -0.1269881351221168
94, 10, -0.4979306115733743
77, 18, 0.2257018037731357
52, 25, -0.2363705890704564
8, 31, -0.984949908816623
97, 8, 0.3096851361868038
20, 30, -0.01279102970722307
68, 21, 0.6054489448546941
42, 27, 0.1760689902762703
36, 28, 0.3444557075256016
104, 1, 1.261434163436809
9, 31, -1.504176095740434
29, 29, -1.278798233839471
89, 13, 0.05954793549513964
80, 17, 0.5828092223141061
87, 14, -1.025957979106197
61, 23, 1.412335900180234
57, 24, 0.1723118955824822
91, 12, 0.2789385997775994
96, 9, -0.126434371586621
21, 30, 0.1430630554294241
85, 15, 0.1826770291671899
65, 22, -0.320420417210085
101, 5, 1.053971870024875
10, 31, -0.6198042051409816
102, 4, -0.4665161911388358
48, 26, 0.474116785218771
100, 6, -0.3273000964248689
93, 11, 0.2932155770689349
-16, 32, 0.01655859378018223
-15, 32, 0.7750843599462369
53, 25, -0.6952314892430609
-14, 32, -0.2100992631191856
-13, 32, -1.302005254328555
103, 3, 1.119747177561362
75, 19, -1.115026176472782
30, 29, 1.677190916749776
-12, 32, 0.2913626582979985
72, 20, 0.1209802736951676
105, 0, -0.02770201671485642
43, 27, 1.095977751259353
37, 28, -0.9784671940930728
-11, 32, 1.565762823842813
99, 7, -2.062714034798212
83, 16, 1.555359290569056
11, 31, -2.276118736603175
-10, 32, 0.2353635560435126
22, 30, 0.3383545353648535
78, 18, 0.1312161880782509