d = 43, symClass = D, D = 10.312500, Y = 0.09069527172188904
[14.26964801296169, 14.26964875430512], 14.26964801436838
1, 0, 1
2, 0, -0.2069389765393169
3, 0, 0.6699009930318495
0, 1, 0.4381266658132922
1, 1, 0.8167921134894605
4, 0, -0.9571762607080015
2, 1, 0.4905659944543179
3, 1, 0.5701867211019328
5, 0, 0.6243862401318263
4, 1, 0.2698987874848655
6, 0, -0.1386286253704681
5, 1, 0.08261270505422089
-1, 2, 0.3455271665943746
0, 2, -0.09066548353339939
1, 2, 0.7677068016701193
7, 0, -1.390280987650053
2, 2, -0.1690261237028026
6, 1, 0.1650156610308088
3, 2, 0.7888657969661179
8, 0, 0.4050160516456508
7, 1, 1.336190899326128
4, 2, -0.1015172246373486
5, 2, -0.8863225973242839
9, 0, -0.5512326598070936
8, 1, 0.5469357918782166
6, 2, -0.117993856534957
-1, 3, -0.3775434933157205
0, 3, 0.2935014881120813
10, 0, -0.1292098492794103
9, 1, 0.1513974886651476
1, 3, 0.1231140766960208
7, 2, -0.08873482110588554
2, 3, -0.5775607825126122
3, 3, 0.5471698473669718
11, 0, -1.249482206257551
10, 1, 0.6333921564584695
8, 2, -0.0558525788465609
4, 3, 0.4257958919577742
5, 3, 1.136684121011901
11, 1, -0.7417223997412419
9, 2, 1.457439209383781
12, 0, -0.6412133272508519
6, 3, 0.328630646495037
10, 2, -0.01709578862299412
12, 1, -0.947016474113736
13, 0, -0.1716509480654684
7, 3, 0.505949658420132
-2, 4, -0.07150303782743229
-1, 4, 0.8496017573893506
0, 4, -0.4193644437070111
1, 4, 1.607996874484011
11, 2, -0.4649701750372916
8, 3, 0.8948302622408278
2, 4, -0.1588684597995901
13, 1, 0.5881170723078258
14, 0, 0.2877033238892816
3, 4, 0.5049739705461087
9, 3, 0.381968650589542
4, 4, -0.7818140203230725
12, 2, -0.03414817183832262
14, 1, -0.1179622256970024
5, 4, 0.9193430954061137
15, 0, 0.4182769622739245
10, 3, 0.8421064893588205
6, 4, -0.1632470801518243
13, 2, 0.2877041398486394
15, 1, -0.005594949830816375
11, 3, -0.0287376956492656
7, 4, 0.5283657096267306
16, 0, 0.8733626533337538
14, 2, -0.2765099768132073
-2, 5, -0.2423337863219598
-1, 5, -0.2088784786866535
8, 4, -0.4695581235264519
0, 5, 0.2735602615173686
12, 3, 0.1808054656331399
1, 5, 0.6778942621362112
16, 1, -0.06829489145289244
17, 0, -0.08004181526500026
2, 5, -0.4386481949046673
9, 4, -0.4412781744742335
15, 2, 0.2532346288769474
3, 5, 0.6782134052474036
13, 3, -0.6799474223048659
4, 5, -0.2056718888666179
10, 4, 0.1834146910960498
17, 1, 0.2006208360856789
18, 0, 0.1140715223966011
5, 5, 0.5099937562317071
16, 2, -0.1131823327536633
14, 3, 0.1221717839027611
11, 4, -0.7870696529483269
6, 5, 1.023569364226237
18, 1, 0.02431194953087298
7, 5, 1.12550024597763
19, 0, -0.9322343105955869
17, 2, 1.171832809978809
12, 4, -0.5457691937134587
15, 3, 0.0553423327932094
8, 5, -0.8794338224579352
-3, 6, 0.2314689913697765
-2, 6, 0.07812846402958809
-1, 6, 0.4111020867219062
19, 1, 0.1483263446914754
0, 6, -0.06073689735021043
13, 4, -0.3599269823269093
20, 0, -0.5976476862464338
9, 5, 0.5318048546043666
1, 6, 0.9110619093864776
16, 3, -0.4701595074891353
18, 2, -0.03133004116906888
2, 6, -0.02547710071182591
3, 6, 0.5142875482124971
10, 5, 0.3063026567686798
14, 4, 0.01836269298082868
20, 1, 0.1623878321069802
4, 6, 0.1195198369478274
17, 3, -1.224299370568931
21, 0, -0.9313506135572091
19, 2, 0.0145642864192993
11, 5, 0.624542450484162
5, 6, -0.5521527938909662
15, 4, -0.3865890039676048
6, 6, -0.113230767722004
21, 1, 0.151384664409489
18, 3, 0.1105441551329959
12, 5, 0.2187501552754071
22, 0, 0.2585665683470009
20, 2, -0.1310735246852665
7, 6, -0.5205406513956098
16, 4, -0.2583407123569885
8, 6, -0.08811376580706393
13, 5, 0.3086511610614249
22, 1, 0.5596718568611716
19, 3, 0.1130337849771788
21, 2, -0.2946199041527265
-3, 7, 0.5594262382041746
23, 0, 0.2712839466874625
-2, 7, -0.6210581531743841
9, 6, 0.5284619800851974
17, 4, 0.5162904100935874
-1, 7, -0.3813355981528362
0, 7, -0.6091191737428799
14, 5, 0.5786793598448973
1, 7, -0.7666779236650966
10, 6, -0.235224248168153
2, 7, -0.03915284426567803
20, 3, 0.2822238637371727
23, 1, 1.214654210568781
3, 7, -0.4218838037060705
22, 2, 0.1534912736469555
18, 4, -0.3016009779932939
15, 5, 0.3560167429406107
24, 0, 0.2713206547434512
11, 6, -0.135583103895904
4, 7, 0.2801786268451513
5, 7, 1.448689544986834
21, 3, 0.8951156094473364
24, 1, 0.7974127575194305
16, 5, 0.4567009623063151
12, 6, -0.06800648957371171
19, 4, 0.8414691096872453
6, 7, 0.1325834936302764
23, 2, -1.207716871573227
25, 0, -0.6101418233548489
7, 7, -1.135570545127003
13, 6, -0.4500014523755685
22, 3, -0.1979900312127691
17, 5, 0.8892363130088488
20, 4, -0.07907492000469472
8, 7, -0.2568057561812996
25, 1, 0.1908045572477395
24, 2, 0.1959746195495607
26, 0, 0.03552127123210136
14, 6, -0.1047007044319271
9, 7, 0.02671988819525069
-4, 8, -0.3307304000003122
-3, 8, 0.293362588760925
18, 5, -0.0237956084647727
-2, 8, -0.1758157180177962
23, 3, 0.318040067609129
-1, 8, -0.2369860998778454
21, 4, -0.4711624176752817
0, 8, 0.1774483321983267
10, 7, -0.6110191092859344
15, 6, -0.5937483872451385
1, 8, 0.3288419114663104
26, 1, -0.02105650201476996
25, 2, -0.4043742872693765
2, 8, -0.3327572276311074
27, 0, -1.039172300623704
19, 5, 0.1695038780787827
11, 7, 0.06068141536638516
3, 8, 1.110160311913536
24, 3, 0.3663928280249917
22, 4, 0.09622045135553965
16, 6, -0.1851752582646813
4, 8, -0.7348307250424652
27, 1, 0.2296514262664177
12, 7, 1.059027295925027
5, 8, 0.2196273719156797
26, 2, -0.1217043446622929
20, 5, 0.16852108912776
28, 0, 1.330743955968451
17, 6, -0.3030685329355268
6, 8, -0.1044987965961777
23, 4, -0.9458469583093476
25, 3, 0.4819464577405838
13, 7, 0.271275242465724
7, 8, 0.2517081565752473
21, 5, -0.5450857766398792
28, 1, 0.156615612451304
27, 2, -0.822472125080725
18, 6, -0.0790442012362241
8, 8, 0.3308139165027462
14, 7, -0.6820245751377089
29, 0, 0.1327589813884663
24, 4, -0.1579490729852482
26, 3, -0.3955924098288203
9, 8, 0.614940328709724
22, 5, -0.3807233347983959
15, 7, -0.3959197935221191
-4, 9, 1.491680557081816
19, 6, 0.691099817883557
-3, 9, -0.2529167609063345
-2, 9, 0.276138367497072
29, 1, -0.6517898523147918
-1, 9, -0.5349838543322436
28, 2, 0.02441098258601913
10, 8, -0.1902479187123939
0, 9, -0.2415097275110751
30, 0, -0.08655780637170819
1, 9, 0.1790047694179176
25, 4, -0.01710262598611942
16, 7, -1.511441394602096
27, 3, 0.1014213277766196
2, 9, -0.1855943588880154
11, 8, 0.6648486686199779
20, 6, -0.1742646548305194
23, 5, 0.2852465685237326
3, 9, 0.08247424225244611
30, 1, -0.7347133334168762
4, 9, -0.06659104860794647
29, 2, 0.1608003834073592
12, 8, -0.7550836132269521
17, 7, -0.6880913326402931
26, 4, -0.05953719984472647
5, 9, -0.3585530972786316
31, 0, -0.4957561920509442
21, 6, -0.05944354461940729
28, 3, -0.7043101057999973
24, 5, -0.7051333283668904
13, 8, 0.08843565511444919
6, 9, -0.3869085415219582
18, 7, 0.1970150020629989
7, 9, 0.6434033748085971
31, 1, 0.1305780933519612
30, 2, 0.00115781323647821
22, 6, 0.005946949460799691
14, 8, -0.1093394588997261
27, 4, -0.3729577547324685
32, 0, -0.5857488248563709
25, 5, 0.05158223665178344
29, 3, -0.7181451006172674
8, 9, -0.7297375129482472
19, 7, -0.6219567263317491
15, 8, 0.3378350738261328
9, 9, -0.4502424894502999
23, 6, 0.06529865451413626
32, 1, 0.1164362445167854
31, 2, -0.4472599886239161
28, 4, -1.278970207883331
-5, 10, 0.2157424079409054
-4, 10, 0.05014830579313425
20, 7, 0.7711073058830176
-3, 10, 0.1223583769796111
26, 5, 0.4808916930092049
10, 9, 0.3945807548523264
-2, 10, 0.043225098729409
16, 8, 0.1986871020346371
33, 0, -0.8370293702694046
30, 3, 0.4243100349638746
-1, 10, 0.3239756221610063
0, 10, -0.05661027994582503
11, 9, 0.2892859995569591
1, 10, -0.1566234459569316
24, 6, -0.03741569781725556
2, 10, -0.1402827451247321
21, 7, -0.792719757767845
17, 8, -0.07349084462377618
32, 2, 0.01413287507424337
33, 1, -0.1003287732988253
29, 4, 0.208207892934554
27, 5, 0.4079795761380131
3, 10, 0.9030000573761923
12, 9, 0.2852410902774595
31, 3, -0.2012226184723206
34, 0, 0.01656377116396301
4, 10, 0.09077340833116881
25, 6, 0.2349886456619134
18, 8, 0.09131765301139053
5, 10, 0.4793455630915571
22, 7, 0.1078379594739407
13, 9, -0.1855921405181808
30, 4, -0.05240411553118954
6, 10, -0.1403487888480614
33, 2, -0.2813402777462549
28, 5, -0.2247492815692553
34, 1, -0.02056929030818921
14, 9, -0.181625196344179
19, 8, -0.1746171325096149
32, 3, 0.0539176331069578
7, 10, 0.1342618458193177
35, 0, -0.8680723173650794
26, 6, 0.1407076232376883
23, 7, 0.0634536167661542
8, 10, 0.04256153005640772
15, 9, 0.7614658214763702
31, 4, -0.09337053495489923
29, 5, -0.5233785615280174
20, 8, 0.8483669483245192
34, 2, -0.04151627050751105
35, 1, 0.3918189508360099
9, 10, -0.3472248131372195
24, 7, -0.757107147330403
33, 3, -0.4968805711780319
27, 6, 0.9763399732994948
16, 9, 0.2635409024095098
36, 0, 0.5276268160980804
10, 10, -0.1055375861360777
-5, 11, -1.457341796349216
-4, 11, 0.3179685834870069
-3, 11, 0.1301955725403069
21, 8, 0.2937382608910226
-2, 11, -0.04641771195704797
-1, 11, -0.0788758212989161
30, 5, 0.1030335083043929
32, 4, -0.5235139557042442
0, 11, -0.9855581388773575
11, 10, 1.102443460073231
17, 9, 0.09325736307176646
35, 2, -0.01712289953308303
25, 7, 0.218240111906245
36, 1, -0.4312157765585207
1, 11, -0.4383836761250759
28, 6, -0.02528210387603949
34, 3, 0.344749832077257
2, 11, 0.5548517723770309
22, 8, 0.1628753880436568
12, 10, -0.2118163960731134
37, 0, -0.4862181967788254
3, 11, -0.7152701589548826
18, 9, -0.2704159979724127
31, 5, 0.03944168472542964
4, 11, -0.184397488300906
33, 4, 0.5912783008983833
26, 7, -0.2181732319149635
13, 10, 0.1773487965690526
29, 6, 0.4688775070777504
5, 11, 0.06773869413913328
36, 2, -0.00503108999619411
37, 1, -0.4933319276815215
23, 8, -0.4501622562728511
19, 9, -0.04268270123469059
35, 3, 0.3156408380142104
6, 11, -0.7684710920846188
14, 10, -0.2329098686642128
38, 0, 0.1929156143242861
27, 7, 0.3474625107263603
7, 11, 0.06694375873615258
32, 5, 1.169666411780285
34, 4, -0.2424978819368925
20, 9, 1.581702903368498
24, 8, 0.2309347745126765
15, 10, 0.4925569489512837
30, 6, -0.01145248574488934
8, 11, -0.1345539596106507
37, 2, -0.5199264577372571
38, 1, -0.3475429386779694
36, 3, -0.6344072757137573
9, 11, 1.122206307829952
16, 10, 0.1819891346049972
28, 7, -0.3752351530940499
39, 0, -0.1149891401196568
21, 9, 0.3389361783664401
33, 5, 1.521483261934338
25, 8, -0.5254600140706188
35, 4, 0.6604746057291392
10, 11, 0.8632820093340686
31, 6, -0.07142350787991646
-6, 12, -0.04789995628348111
-5, 12, -0.5051613493877851
-4, 12, 0.3613756690548744
-3, 12, 0.5691490607512368
17, 10, -0.3877308703284355
-2, 12, -0.08507304472585214
38, 2, -0.03069450189442263
39, 1, 0.2925143583763116
22, 9, 1.48086106065712
11, 11, -1.020567211842837
-1, 12, -0.4461616246871618
37, 3, -0.4891096038352488
29, 7, -0.6078450245113012
0, 12, -0.2809326565668606
26, 8, 0.07448292109274805
1, 12, -1.311536873869119
40, 0, 0.2528864501528318
34, 5, -0.05979540785779437
18, 10, -0.1100511522179338
12, 11, -0.6170725859233001
2, 12, -0.1885342188885855
32, 6, 0.09729432672133533
36, 4, -0.1449140820555372
23, 9, 0.1288379595396724
3, 12, 1.077198702234307
39, 2, -0.08602563976565968
13, 11, 0.1751006933046556
4, 12, -0.1178418714422557
30, 7, -0.05226726837564968
27, 8, -0.3181527304589487
40, 1, 0.6565262880927092
19, 10, 0.03904716507874992
38, 3, -0.5977263779740917
5, 12, 0.1746832713291262
35, 5, 0.8342992112919342
41, 0, -0.2333194421914934
14, 11, -0.7530308404175999
33, 6, -0.3114839815791633
24, 9, 0.5994476810066902
6, 12, -0.1064261392490142
37, 4, -0.2802159445348093
20, 10, -0.06338595787253827
28, 8, 0.08493486379152303
31, 7, 0.179434226884626
7, 12, -0.03089330724955558
15, 11, -0.03818132927112413
40, 2, -0.03360437161891677
41, 1, 0.1256310268848687
39, 3, 0.3939802105467024
25, 9, 1.492900698117585
8, 12, 0.552827469595463
36, 5, -0.01237004343726088
21, 10, 0.1331612017210605
34, 6, 0.253355258525792
16, 11, 0.02854493383055091
42, 0, 0.1927327421591338
38, 4, -0.003013918320552383
9, 12, 0.3382825643603139
29, 8, -0.598167289238444
32, 7, 0.7186031273197747
26, 9, 0.8189645988431333
22, 10, -0.1292421754902618
10, 12, 0.1142619336158544
41, 2, 1.709176082447794
17, 11, 0.1476931672377418
42, 1, -0.5039010495046842
-6, 13, -0.5068377019948801
-5, 13, -0.112733158844332
40, 3, 0.02567258765459278
-4, 13, 1.390404298194932
37, 5, -0.1285117162799081
-3, 13, 0.5543395601932941
35, 6, -1.194422301200857
11, 12, -1.553747204877107
-2, 13, 0.7239208651297387
30, 8, 0.08000033285452417
-1, 13, -0.3448731412110935
43, 0, -0.8806109775869096
39, 4, -0.2966781613288962
18, 11, -0.26998519772932
33, 7, 2.017927894120862
23, 10, -1.574587819655784
0, 13, -0.07520485774511691
27, 9, -0.3143055432018885
12, 12, -0.523737987452041
1, 13, 0.1531158734487926
2, 13, 0.8975017262883765
42, 2, -0.0313273867310704
19, 11, -0.6160376396090428
43, 1, -0.08282334495640326
41, 3, 0.8272897152534279
3, 13, 0.07278132354951479
36, 6, -0.02287589419481104
38, 5, 0.3940278039183696
13, 12, 0.2296832483788369
31, 8, -0.5537930502011048
24, 10, -0.04526793262105757
4, 13, 0.1545738775563831
28, 9, -0.02772920917679684
34, 7, -0.9582268960035939
44, 0, 1.195974707900444
40, 4, -0.6062679350356744
14, 12, 0.1077201538893525
5, 13, -0.522617042925572
20, 11, -0.1731256919026518
6, 13, -0.4125982213842814
25, 10, -0.553407633993339
43, 2, -0.9512008942274195
32, 8, 0.109313340226231
37, 6, 0.7616563025236177
42, 3, -0.07902301258508963
15, 12, 0.6158688522224436
44, 1, 0.7300072886950516
39, 5, 0.6790053298166945
29, 9, 0.4950805498476309
7, 13, 0.3117763727048102
21, 11, -0.1485770982052206
35, 7, -0.1148548731188963
41, 4, 0.2652635552079964
45, 0, -0.3441820879953577
8, 13, -0.07056715018211851
16, 12, -0.407561720200405
26, 10, -0.06387195466296341
33, 8, 0.9064854840352375
22, 11, -0.6129534812617963
9, 13, -0.2850441783056056
30, 9, 0.5641279727467482
44, 2, -0.1158179209328158
38, 6, -0.02339109611912266
40, 5, 0.3414991826611972
43, 3, 0.03106463497800292
17, 12, 0.6902079726895416
45, 1, -0.5385474005677942
36, 7, -0.2722191969514558
10, 13, 0.2129729864499619
27, 10, -0.6607639748475737
-7, 14, -0.4803798506342816
42, 4, 0.06096834124486621
-6, 14, -0.1157670927724286
-5, 14, 0.03771617414760614
23, 11, 0.3002695398715887
46, 0, -0.05613922248988325
-4, 14, 0.1285211383308793
11, 13, -0.5374619418537987
-3, 14, 1.052801485277374
18, 12, -0.109359380960823
31, 9, 0.1994637603500761
34, 8, -0.106840608752051
-2, 14, 0.07891319834085411
-1, 14, 0.1538371999036136
39, 6, 0.1927332889044318
0, 14, 0.1260504980855483
45, 2, 0.3997829127311754
12, 13, 0.0179790581137183
41, 5, 0.4558926381755605
28, 10, -0.119751314173645
44, 3, 0.8148120246502053
37, 7, -0.372326900362804
24, 11, -1.642259684428855
1, 14, 0.09522851087279169
46, 1, 0.09848257596603502
19, 12, -0.07121779607414666
2, 14, 0.1586555445449223
43, 4, 0.9667145213695572
13, 13, -0.9569952530563134
32, 9, -0.365004806018271
3, 14, 0.5850985376186689
47, 0, 0.5547753517188432
35, 8, -0.3760278877494946
20, 12, -1.088007056246237
4, 14, 0.008102249569324774
29, 10, -0.1608043179627421
25, 11, -0.2697362553077385
40, 6, -0.05840311808519195
14, 13, 0.9570953760666936
42, 5, 0.3468143125704015
38, 7, 1.041081716669806
5, 14, -0.4906639458906956
46, 2, -0.2513592989194056
45, 3, -0.003748062511571624
47, 1, 0.0980905151789677
6, 14, 0.08730420264794087
33, 9, -0.01925141075446708
21, 12, 0.3539527130249847
15, 13, 0.05701739387558095
44, 4, 0.7099590720330483
36, 8, -1.395026212199665
26, 11, -0.6483664283102949
30, 10, -0.07367374046773163
7, 14, -1.067328169930714
48, 0, 0.5850665081706899
41, 6, 0.1294099042804841
16, 13, 0.04323977126153653
22, 12, 0.02805742913666164
8, 14, -0.05797987819927452
39, 7, 0.8224111021463455
43, 5, -0.06366727492724333
47, 2, 1.338604286829378
46, 3, 1.332852240495886
34, 9, 1.293946087940718
27, 11, 0.8220095329060092
48, 1, 1.040371899418337
9, 14, 0.07486525282119746
37, 8, 0.04038630158558588
17, 13, 0.1000097216519789
31, 10, -0.196132427986913
45, 4, 0.6763332466524355
23, 12, -0.06219427088365963
10, 14, -0.2997903312469641
49, 0, 0.9328812244408412
42, 6, -0.1852343079713041
18, 13, 0.5217833385456749
40, 7, 0.2870554952683351
-7, 15, -0.1567148213074548
-6, 15, -0.1623396443477452
28, 11, -0.1859564174006809
-5, 15, -0.2357329621606437
44, 5, 1.49754281135664
35, 9, -0.6919653612566907
11, 14, -0.03576221133371951
-4, 15, -0.067602581502197
-3, 15, -0.1399278999440779
48, 2, -0.1650157799945731
32, 10, -0.09450922962434156
24, 12, -0.31455745312858
47, 3, -0.2344451956378112
-2, 15, -0.2439895932650652
38, 8, -0.1741327560124123
49, 1, -0.02224334749076862
-1, 15, -0.07894748535677862
19, 13, -0.219893271805018
12, 14, -0.02743669243582288
0, 15, 0.1832582904333201
46, 4, 0.2499236928612645
29, 11, 0.1588902201963144
1, 15, 0.09447707070259513
50, 0, 0.1262621238853355
43, 6, 0.2439245205898211
41, 7, -0.3347854752872788
13, 14, -0.3238495021605163
25, 12, -0.1261860582546197
2, 15, 1.086924829633137
36, 9, -0.1487770266949663
33, 10, 1.282962534302332
20, 13, -0.5450639175198739
45, 5, 0.09453050869482976
3, 15, 0.4541220390509067
39, 8, 0.2725745631427209
49, 2, 1.286048096972891
48, 3, -0.04575081529680935
14, 14, 0.2349938058911106
4, 15, 0.4149638929174273
50, 1, 0.865255169970182
30, 11, -0.04033765818235097
26, 12, 0.09312284006390094
47, 4, 0.4146850198726405
21, 13, -0.1194504057931922
5, 15, 0.07687073515918537
15, 14, 0.9554793458776251
37, 9, -1.072033537906564
44, 6, 0.04097185402757192
34, 10, -0.1840176520763697
42, 7, -0.2294181361171188
51, 0, -0.05362009182506088
6, 15, -0.2938508611790234
46, 5, 0.4521969711769008
40, 8, 0.03345947159311425
22, 13, -0.1597800841236278
7, 15, 0.4118817947767721
31, 11, 0.02949947339519174
16, 14, 0.05314312014467773
27, 12, -0.2956126874208271
50, 2, -0.03948489968535379
49, 3, 0.7480078067662386
8, 15, -1.004471355074279
51, 1, 0.3976961294759201
48, 4, 0.9064616870023737
35, 10, -0.05540480103749715
38, 9, -0.2294134174987672
17, 14, -0.2332922247173969
23, 13, 1.233589957596975
43, 7, 0.4042757945846265
45, 6, 0.1696421292028357
9, 15, 0.4543358332831897
52, 0, 0.164300211704603
28, 12, -0.4842830021959735
32, 11, -0.6677918475753674
41, 8, 0.0016942443355544
47, 5, -0.1467718576786957
10, 15, -0.3606210052145982
18, 14, -0.005529386113088512
51, 2, 0.3245678635536426
24, 13, -0.1037951748552248
50, 3, 0.2072484846371283
-8, 16, 0.1399440484459063
-7, 16, -0.07887956220517743
-6, 16, -0.06070815359192214
36, 10, 0.004924239063059439
-5, 16, -0.4228551565816526
11, 15, 0.4179525623950225
39, 9, -0.4554974534829475
52, 1, 1.102161187597784
-4, 16, -0.8132186329841232
49, 4, 0.6898385599807419
29, 12, 0.5213967148369301
-3, 16, 0.1687653592410978
44, 7, 0.6052336543897613
33, 11, -0.7124381621928094
19, 14, 0.1170699399111673
46, 6, -0.06581488627518903
-2, 16, 0.04904166103699636
12, 15, -0.1377798025542606
-1, 16, 0.7333606520678935
42, 8, 0.09750186840627469
53, 0, -0.002749947951399313
25, 13, -0.9427897159379321
0, 16, 0.3826434671628905
48, 5, -0.7877572113515634
1, 16, -0.5594793185119528
20, 14, 0.1264436687785119
37, 10, -1.00174178733622
13, 15, 0.07259363142746567
30, 12, 0.1228696836851613
40, 9, 0.8568796811530026
2, 16, -0.06805020825927367
52, 2, 0.004357411101202064
51, 3, 0.1343960974062506
34, 11, 0.5109772430439283
53, 1, 1.095464501447886
26, 13, -0.08420611784297621
3, 16, -0.5990611069714948
50, 4, 0.08368080084245488
45, 7, 1.495494902203641
14, 15, 0.461690254524155
47, 6, -0.2672088354266169
21, 14, -1.09674511964245
4, 16, -1.539136434693403
43, 8, -0.2735302268423156
54, 0, 0.215045251368053
31, 12, 0.3067265997644709
5, 16, 0.1645716038237262
49, 5, 0.3209947234910338
38, 10, -0.03507695883643182
15, 15, 0.3416453238200465
27, 13, 0.07111389031125162
41, 9, 0.2021436795384152
35, 11, 0.6314277822668305
22, 14, -0.0125573505652628
6, 16, -0.2297354374687569
53, 2, 1.208135856947564
52, 3, -1.420481644757371
16, 15, -0.2448188676916143
7, 16, -0.009416654183895361
46, 7, 1.385068531145356
54, 1, 0.4156827168668956
51, 4, -0.5987131793787625
48, 6, -0.07582095701876211
44, 8, 0.4450584133727508
32, 12, -0.8565102837574817
28, 13, 0.07512104464805254
23, 14, -0.2789181068365327
8, 16, 0.3109335772527574
39, 10, 0.01896450395036683
17, 15, 0.5114000468249971
36, 11, 0.6607871206829198
55, 0, -0.7801594970265077
50, 5, 0.3954813473604787
42, 9, 0.0818429996548225
9, 16, 0.627338016121925
53, 3, -0.823526921151291
54, 2, -0.04752383120937844
24, 14, -0.2191540249265598
33, 12, -0.5272587417793172
18, 15, 0.6856901331004632
10, 16, -0.04544946383912817
47, 7, 0.8008569426688221
29, 13, 0.7768002276987814
52, 4, -0.5629317000047424
45, 8, -1.059443834253494
55, 1, 1.285685809868772
49, 6, -0.6916787043934435
40, 10, -0.03487358113955071
-8, 17, 0.4530367281246064
37, 11, 0.01695221693481226
-7, 17, -0.9270708044631776
11, 16, 1.534146492178657
-6, 17, -1.593990117848682
-5, 17, -0.824330480878112
19, 15, 0.777043388221662
-4, 17, 0.2085738939594403
43, 9, 0.05177652772861348
51, 5, 0.1808925619469573
25, 14, -0.0991685644389951
56, 0, -0.5630861163474481
-3, 17, 0.8066508338767235
34, 12, 0.06271669175666397
-2, 17, 0.9445059874162434
30, 13, 1.107099694133348
12, 16, -0.4833490971544012
-1, 17, 1.320062839324366
20, 15, 0.2658610961568036
54, 3, 0.0162865990875949
55, 2, 0.4748883817477739
48, 7, -0.8592553244120946
0, 17, -0.03506845419546428
46, 8, 0.1957326005854793
41, 10, 0.9123788614443303
38, 11, -0.06366255010537111
13, 16, 0.1301192300198808
50, 6, -0.09973350663506478
26, 14, -0.05613742067342011
1, 17, 0.4503405818612848
53, 4, 0.845903802188227
56, 1, -0.1710529007652545
2, 17, 0.1569227745483811
44, 9, -1.625899123724885
31, 13, 1.239227653578813
35, 12, -0.5569575477661424
21, 15, 0.753973732107332
14, 16, -0.05208822808258728
52, 5, -0.07632285648402977
3, 17, -0.0701201584273002
57, 0, -0.6245046908827395
27, 14, 0.3161294706948215
4, 17, -0.3252692936010608
39, 11, -0.08653921632063728
15, 16, 0.6635596885415959
49, 7, -1.857680802172542
42, 10, 0.1127994925148411
55, 3, 1.151628584025433
47, 8, -0.5573418291997895
22, 15, -0.2884986970803846
5, 17, 0.5103963834453016
56, 2, -0.03240987437824788
32, 13, 0.3450423639695548
51, 6, 0.7850119615093462
54, 4, 0.1702015393390795
36, 12, -0.3656113238631047
57, 1, 0.0681975003861349
6, 17, -0.1160963406571488
45, 9, -0.04553882071459675
16, 16, 0.7133557275738518
28, 14, 0.1411374679454049
7, 17, -1.708058876362322
53, 5, 0.527699190901002
23, 15, -0.03225307411116857
58, 0, -0.02747300726385473
40, 11, -1.03316357643985
33, 13, -0.3296799866710399
17, 16, -0.266126209382757
8, 17, -0.1381114793822216
43, 10, -0.1736544303358941
50, 7, -0.9933138854399628
48, 8, 0.06683399058398386
37, 12, -0.3062485367906544
56, 3, -0.1283777023804687
29, 14, 0.218745390200403
57, 2, -0.4388817703303729
24, 15, -0.5891335941009909
52, 6, 0.08186348770212931
9, 17, 0.1882073943940551
55, 4, 1.942306103713889
46, 9, -2.122526781526174
18, 16, -0.1272551192239675
58, 1, 0.2924378985816961
10, 17, -0.7708801356425934
34, 13, -0.5123386251154004
54, 5, -0.733794684455591
41, 11, 0.4248535227527791
25, 15, 0.709729921430315
44, 10, 0.07878650125034321
30, 14, 0.08193123701137738
59, 0, 0.4172949110653498
19, 16, -0.1726764231812369
-9, 18, -0.1904658549498423
-8, 18, -0.3086868472907459
38, 12, -0.1430154870960538
11, 17, 1.361775198466339
-7, 18, -1.185980522724883
-6, 18, 0.05233833528077949
51, 7, 0.8046662790477465
49, 8, -1.200538932578398
-5, 18, -0.3789511999664694
-4, 18, -0.05714379250961934
57, 3, 0.09936396366623394
-3, 18, 0.2753976949319412
53, 6, 0.2162987829566667
47, 9, -0.557519368947739
58, 2, 0.1348807255063007
12, 17, 0.1974856546298048
-2, 18, 0.1107090128166563
56, 4, 0.1129106434535995
20, 16, -0.8799733844424205
35, 13, -0.461108719598058
26, 15, 1.665451310209976
-1, 18, -1.176399233308957
59, 1, 0.1448156677269057
31, 14, 0.2961691798823352
42, 11, -0.2745914610674276
0, 18, 0.04997777584657284
13, 17, 0.1889811738426329
39, 12, -0.2411154424626228
55, 5, -0.4631212611599854
45, 10, 0.9100049871345091
1, 18, 0.1986100886119392
21, 16, -0.1498525606055094
60, 0, -0.4003647775932349
2, 18, -0.03704306443434015
50, 8, 0.003539199606988022
52, 7, -0.3008355351120819
27, 15, 0.3562566002953116
14, 17, 0.3194309803517854
36, 13, -1.19571402114719
48, 9, -0.31496032086844
3, 18, 0.61032127732985
32, 14, 0.312776135120587
54, 6, -0.02098802590440956
58, 3, 0.4644324328587655
59, 2, 0.05103616748222925
4, 18, 0.03840670633393567
22, 16, -0.1375831022861077
57, 4, 1.307901537252607
43, 11, -0.2005041644531677
15, 17, 1.217737046541458
40, 12, -0.8060443404215474
60, 1, 0.2582061460693807
46, 10, -0.0590286328665728
28, 15, 1.137345565663482
5, 18, -1.248911021617574
56, 5, 0.577501782443342
33, 14, -0.989764894385422
16, 17, 1.096818326822311
6, 18, -0.01706713524132147
37, 13, -0.7982449844237008
51, 8, -0.681613064804662
23, 16, -0.6792587071675114
53, 7, -0.6529295230612799
61, 0, 0.03437740368348331
49, 9, -0.9736916447379532
7, 18, -0.6545361288210448
55, 6, 0.9642410101442617
44, 11, -0.3372337324657358
29, 15, -0.6223374599515786
59, 3, 0.150582329969462
41, 12, -0.8671511012470324
17, 17, -0.06537752426086428
60, 2, 0.1520408251818784
8, 18, 0.01378028342365683
58, 4, -0.03327586619693584
24, 16, 0.3195033105475295
47, 10, 1.103991017186956
34, 14, 0.1423929159390309
61, 1, 0.828847239785788
38, 13, -0.1760058135760181
9, 18, -0.423185062634969
57, 5, -1.453244084340796
18, 17, 0.7323790189549759
52, 8, -0.2753835724394819
30, 15, 0.2051924537101911
54, 7, -0.0501877269795402
50, 9, -0.7600511289143582
25, 16, -0.3199013074412372
10, 18, 0.07419861108939381
62, 0, 0.1025912788338969
45, 11, -0.5020539186658421
42, 12, 0.0123011864966921
19, 17, 0.466953471035175
56, 6, 0.1457492119994697
35, 14, 1.232237455655841
60, 3, 0.108783769589831
-9, 19, -0.2171417333470536
11, 18, -1.436073523813095
-8, 19, 1.457376950733356
48, 10, 0.1459195689983876
-7, 19, -0.05863353556381484
61, 2, 0.6356050889323831
39, 13, -0.09787309127453285
59, 4, 0.8442325493171817
-6, 19, -0.01801493478606499
-5, 19, 0.4857650627578229
31, 15, 0.3540075923431604
26, 16, -0.0183007840787837
-4, 19, 0.5149127991154053
62, 1, 1.435889272801137
20, 17, -0.6083475882492758
-3, 19, -0.8994574001936909
12, 18, 0.08006645732481689
58, 5, 0.4649529978208418
53, 8, 0.3691168004575668
-2, 19, -0.1392732100126053
55, 7, 1.14793401992998
43, 12, -0.1617106799975329
51, 9, -0.8201593638984223
-1, 19, 1.251971729792353
46, 11, 0.8561788667033184
36, 14, -0.04077008265570398
13, 18, -0.5364966711984813
63, 0, 0.7663682876766275
0, 19, -0.4084367102100511
21, 17, 0.08385131485899187
27, 16, -0.1462310937604721
40, 13, 0.396493870760398
32, 15, 0.5723694097822926
57, 6, 0.009756629721556335
49, 10, -0.5796162601038901
1, 19, -0.5311351238120812
61, 3, -1.030264741771544
14, 18, -0.1331452357888125
62, 2, -0.02702169714509245
2, 19, -0.4109803025111913
60, 4, 0.005355353295112838
3, 19, 0.4477668420939507
22, 17, 0.5790555611122058
63, 1, 1.382410138922652
37, 14, -1.718392493048377
44, 12, 0.02750703975969284
28, 16, -0.5057391139113453
59, 5, 0.5856016671189055
54, 8, 0.07717949618466045
47, 11, -0.3057462091386366
33, 15, 0.418381608095907
15, 18, -0.3698877043669763
4, 19, 0.2759592251187465
52, 9, 0.00631650987724205
56, 7, -0.7603944331263182
41, 13, 0.2297989984059698
5, 19, 0.7731633025825506
64, 0, -0.7521483917664402
23, 17, -1.030770477361268
50, 10, -0.01067437461740723
58, 6, 0.1486122117582374
16, 18, 0.1510111335144549
29, 16, 1.135625965547196
6, 19, -0.8078949317013552
62, 3, 0.8768530933809581
38, 14, 0.1287070881016777
63, 2, 1.021921326498992
61, 4, -0.07849548666979433
34, 15, 0.1035101989802586
45, 12, -0.2589763572385729
7, 19, 0.3266530713239902
17, 18, -0.8912986710987744
48, 11, 0.9217864229662484
24, 17, 0.911930507581621
55, 8, -0.6475874492510189
42, 13, -0.123019367513948
64, 1, -0.1304515333461939
60, 5, -0.5913040554871766
53, 9, -1.483527728511388
57, 7, -0.1451613092774324
8, 19, -0.1473529092079583
30, 16, -0.06991124445382797
51, 10, 0.9882425566220631
18, 18, 0.09317271972339729
39, 14, 0.07313808626463431
9, 19, -0.05279651273625691
65, 0, -0.1071764895653312
35, 15, 0.3159080051118174
25, 17, 0.1604096154320573
59, 6, 0.2131471548785365
46, 12, -0.01351283669306892
63, 3, 0.1014127375605818
10, 19, -0.2075972845636276
43, 13, 0.1955523121733144
19, 18, -0.2010416972859499
64, 2, -0.02409519741866612
62, 4, 0.09255552431286425
49, 11, -1.004121692573252
31, 16, -1.152393076169797
56, 8, 0.5411787619186662
54, 9, -0.09096202152575909
26, 17, -0.6536001459300079
-10, 20, -0.04464551294253664
65, 1, 0.7044328556825392
61, 5, -0.344203282052335
11, 19, -0.1860363563371295
-9, 20, 0.3160078107873075
-8, 20, 0.231956147071393
58, 7, 0.9495986985043879
-7, 20, -0.3360193665755357
36, 15, 0.146540946115611
40, 14, -0.1595721565766534
-6, 20, -0.02532071737243898
52, 10, -0.09951523437990756
20, 18, -0.08165413728485021
-5, 20, 0.5304796466421587
-4, 20, 0.1999335208715844
12, 19, 0.05231194507987938
-3, 20, 0.2570996397813825
32, 16, 0.4284420185762044
66, 0, 0.173214000631276
60, 6, -0.08780628411536684
47, 12, 0.2080281744520298
-2, 20, -0.06704318361953918
44, 13, 0.04385508261947704
27, 17, -0.3592422995510774
50, 11, -0.6960719057977385
-1, 20, 0.8956498053235418
21, 18, -0.3487106989624509
64, 3, -0.06721492015446349
13, 19, 0.05255367332442754
63, 4, 0.7579009860433821
65, 2, 0.151577472271122
37, 15, 0.02892846972559988
0, 20, -0.2618453881690057
57, 8, -0.6933833247237806
55, 9, 0.06093719114650443
41, 14, 0.4050585842001545
1, 20, 0.1869672405311705
62, 5, 0.04253925753140009
66, 1, 1.435393876234589
59, 7, -0.6370728434306868
33, 16, 0.2366928909102319
14, 19, -0.6486717255282929
53, 10, 0.1816806690794233
28, 17, 0.4889924209651454
22, 18, -0.05986454863342152
2, 20, 0.03241149584853835
48, 12, -0.1730626995039343
45, 13, -0.03616455996872939
3, 20, -0.05926315664090166
15, 19, 0.3253410309568688
61, 6, -0.3080822620044114
67, 0, 1.594380459982717
38, 15, 0.976431775755857
51, 11, 1.104040056346735
4, 20, -0.6488642944263354
23, 18, -0.3008297064388002
42, 14, 0.1640446151692523
29, 17, -0.6958613587744824
34, 16, 0.01520812002646427
65, 3, 0.1175613251242001
5, 20, 1.004011122333174
64, 4, 0.06537024823386374
56, 9, 0.4026342666696198
16, 19, 0.1732246381639762
66, 2, 0.02076193343791511
58, 8, -0.04308632805075385
54, 10, -0.08442687541873813
6, 20, -0.1868659073552325
63, 5, -0.3335088835924991
60, 7, -0.2461765315657297
67, 1, -0.3936354068582685
24, 18, -0.05902749944081811
49, 12, 0.5010552891006401
46, 13, -0.7388167183374649
39, 15, 0.2067657189446947
17, 19, -0.2751324961440769
30, 17, -1.083756916910634
7, 20, 1.123472534754869
35, 16, -0.03066029116603095
52, 11, 0.1367675500892
43, 14, -0.3417049070511558
62, 6, 0.04164080265941407
68, 0, 0.07661412546877665
8, 20, 0.4198636390200137
18, 19, -0.09824345733365143
25, 18, -0.001307772408121355
66, 3, 0.3749247322319703
57, 9, 0.07572144487536575
59, 8, -0.005497673665968974
65, 4, -0.6963240411188953
9, 20, -0.7020551232479538
67, 2, 1.41882207180553
31, 17, 0.4197773749724141
55, 10, -0.2903209787038902
40, 15, 0.5587197025647833
47, 13, 0.1227298453302565
50, 12, -0.04862830978990069
61, 7, -0.1995629405737224
36, 16, 0.4223809930748612
64, 5, -0.49327917794788
19, 19, -0.7614416321790267
10, 20, -0.09919527987865195
68, 1, 0.2412189967701328
44, 14, -0.02231587724939932
26, 18, 0.03840624788395419
53, 11, 0.05866745080197758
11, 20, -0.1370069369359925
-10, 21, 0.2792998151898172
63, 6, -0.197366165819459
-9, 21, 0.3747601917840107
32, 17, 0.0816869434785772
-8, 21, 0.1507708195339433
20, 19, 0.8360745062837924
-7, 21, 0.5248915413472895
69, 0, 0.181733385194381
-6, 21, -0.4160474730775203
41, 15, 1.007219705286998
-5, 21, 0.9070678866499606
58, 9, 0.7988956657218573
37, 16, -0.1337919206120803
27, 18, -0.4348485919049861
-4, 21, 0.08006248506128792
60, 8, -0.2423901748773955
12, 20, -0.6491697706116769
48, 13, 0.9070294483719286
67, 3, 0.3992301595279537
66, 4, 0.05822026866375636
56, 10, 0.04650938660100194
51, 12, 0.345863458096998
-3, 21, -0.2554570958034382
68, 2, 0.004256588010042016
45, 14, 0.704239981403746
21, 19, -0.7712462836476506
-2, 21, -0.03889713277336117
62, 7, 0.1011174986559103
65, 5, 0.3672122072012177
33, 17, -0.08290036286004633
13, 20, -0.9898960385653356
-1, 21, 0.6570236264053151
69, 1, 0.1184160036540976
54, 11, 0.07061502308480412
0, 21, -0.4080495392308567
28, 18, 0.03758533188677856
38, 16, 0.03613509054039774
42, 15, 0.3876578773053963
22, 19, -0.3169741556511773
1, 21, 0.3297361592699468
64, 6, -0.01115765967269219
14, 20, -0.02778400874432493
49, 13, 0.5918238988017541
2, 21, 0.2710939796058974
70, 0, 0.1796379965713464
59, 9, 0.7745780252264997
52, 12, 0.6508295309469095
61, 8, -0.3911059824699432
34, 17, -0.5298317877122359
46, 14, -0.01313102642836669
57, 10, -1.51192318483487
3, 21, -0.5135983018113536
15, 20, 0.3152987984430399
68, 3, -0.9183944334949228
29, 18, -0.5182347864490817
67, 4, 0.3737475348467948
23, 19, -0.6630994085484349
69, 2, 0.8515866720867239
63, 7, -0.2104850502436324
4, 21, -0.5052680194025462
66, 5, -0.4632153247585236
55, 11, -0.1032231048185353
39, 16, 0.567867803479812
43, 15, 1.270204060969236
16, 20, 0.1968642494062268
70, 1, -0.8921906755334903
5, 21, 0.4592385419237657
35, 17, 0.5778619055306459
24, 19, -0.2186046746020651
30, 18, -0.1575769572939048
50, 13, 0.2095526692207382
65, 6, -0.1607392900929199
6, 21, -0.02622852901497276
47, 14, 0.136388413858077
53, 12, -0.09085260055757444
17, 20, -0.04539205029799359
60, 9, 0.1890620466988012
71, 0, -0.7535683583813579
62, 8, 0.01932200293595389
58, 10, 0.1083074235467372
7, 21, -0.1711631599074436
40, 16, -0.3589748789120453
69, 3, 0.8136980612597603
44, 15, 0.4786261853997584
25, 19, -0.8173760876329667
68, 4, -0.1920295019414202
64, 7, 0.735753870646823
56, 11, -0.06418398509618102
31, 18, -0.07033700430396271
8, 21, 0.3126405799718507
70, 2, -0.08108261246703458
18, 20, 0.07185434713391353
36, 17, 0.2824411749330728
67, 5, 0.3569685765592263
9, 21, -0.2826203789317479
71, 1, -0.4390135751802799
51, 13, -0.4477811065686606
48, 14, 0.1566749776319766
26, 19, -0.02165308050519791
19, 20, -0.1029480976516307
66, 6, 0.1028239568337646
54, 12, -0.2020427943516837
41, 16, -1.463522447512227
61, 9, -0.1402368339158217
10, 21, -0.4477342051415554
32, 18, -0.05453688466639969
59, 10, -0.1762100554437359
45, 15, 0.2384959697300578
63, 8, -0.9708629756131253
37, 17, 0.4596657796297848
72, 0, -0.2232580754061617
20, 20, -0.4881539163455796
11, 21, 0.2188541970251753
-11, 22, -0.4317300467989218
-10, 22, 0.3015808192006691
57, 11, -0.1300197010175028
-9, 22, 0.2003720018119498
70, 3, -0.331931990352344
-8, 22, -0.06580009299313121
69, 4, 0.3031198418673223
27, 19, 0.5656281795822963
65, 7, -0.3485476749219515
-7, 22, -0.3185704919226247
71, 2, 0.522813706048704
-6, 22, -0.02694253874759207
-5, 22, -0.9916155604050885
68, 5, 1.264725959144932
52, 13, -0.04632838269165289
49, 14, 0.1233663348865258
33, 18, -0.09082725622744449
12, 21, 0.1876919401652068
42, 16, -0.06078589500340032
-4, 22, 0.009605633891739683
21, 20, 1.085347037125041
-3, 22, 0.3035287075493643
72, 1, 0.656787168234747
55, 12, 0.238974872315499
38, 17, -0.04729432008701662
46, 15, -0.1994218820479093
-2, 22, 0.01632248188683226
67, 6, 0.857758962700271
28, 19, -1.05955023205773
62, 9, -1.181530135740853
13, 21, -1.187062239801423
60, 10, -0.02132164874861973
-1, 22, -0.1673293533854016
64, 8, 0.2215177749254883
0, 22, 0.2039503920531143
22, 20, -0.2281385207048357
73, 0, 0.3840388819731368
34, 18, -0.01929858313576806
58, 11, 0.2989217712305834
14, 21, 0.8029717748574223
1, 22, -0.6419894570025686
71, 3, 0.05713699085497301
43, 16, -0.007171077526911139
70, 4, 0.003543395142901771
50, 14, -0.04516238557793706
66, 7, -0.04757760280278425
53, 13, -0.4085478775968704
39, 17, -0.05649962606697456
29, 19, 0.5151125944938516
72, 2, 0.08923535105066129
2, 22, 0.0907186691019803
69, 5, -0.08047458763164847
47, 15, 0.6992832336344529
23, 20, -0.5024477137749453
15, 21, 0.9704785637663933
56, 12, -0.1169399315407102
3, 22, 0.5164153310979811
73, 1, 0.2880115614904474
35, 18, 0.1610503824222766
63, 9, -0.7365520639011117
68, 6, -0.07134217697353375
4, 22, -0.1148204573676782
61, 10, 0.2060593990711732
30, 19, 0.01728167189723542
16, 21, -1.578437273700368
65, 8, -0.05065693557548253
44, 16, 0.7533643865127402
24, 20, -0.9797362962411743
40, 17, -0.001932485198821949
5, 22, 0.04256398687241306
59, 11, 0.1471240482934005
51, 14, 0.6424945282754034
74, 0, 0.1006174957500365
54, 13, -0.9977861551691644
6, 22, 0.1480172741507227
67, 7, 0.1088094473243103
17, 21, 0.2192807125535745
72, 3, 0.5341875986144231
48, 15, 0.3059444283457606
71, 4, -0.7503554910889124
36, 18, 0.05595960983586536
57, 12, 0.5637009918257356
73, 2, 1.138987365185695
31, 19, -0.388351431630325
70, 5, -0.07365399040965578
25, 20, 0.5740251784560293
7, 22, 0.37981054698698
18, 21, 0.08881781376423156
41, 17, 0.1602959435385967
74, 1, 0.8856078701963873
45, 16, 0.5760133847938546
64, 9, -1.222893997416081
62, 10, -0.008162021872609658
8, 22, 0.0381590274904317
69, 6, -0.80905073074931
66, 8, -0.1223585261763323
52, 14, 0.04514854499489025
60, 11, -0.9104599605713233
26, 20, -0.03670037821273308
55, 13, -0.7141966987848871
37, 18, 0.9846533072385957
32, 19, -0.02614987953104222
9, 22, 0.2914240808152142
49, 15, 0.4500127371492873
19, 21, 0.4179800761966343
75, 0, -0.4087346130193332
68, 7, -0.4750328804294714
58, 12, -0.09702903126853922
10, 22, -0.01401777611495985
73, 3, -0.07100025497465658
72, 4, -0.02327082109494088
42, 17, -1.229734228500053
74, 2, 0.1020896039723694
46, 16, 0.09315611613837005
27, 20, 0.761724459415686
71, 5, 0.00651628333683805
20, 21, -0.03580155336597421
33, 19, 0.2905754178589522
11, 22, -0.9592359882689105
-11, 23, 0.6819435158562327
-10, 23, -1.377195029269193
38, 18, 0.008832714197021863
-9, 23, 0.9830381852756997
-8, 23, 0.5116522759153643
63, 10, -0.3238431761571521
65, 9, 0.4969048002094537
53, 14, -0.6540533949341445
-7, 23, -1.345942745160923
75, 1, 0.2258495907966214
70, 6, -0.06531839200942141
-6, 23, -1.250243338777207
61, 11, -0.1915369928579953
56, 13, -0.4041253047226351
50, 15, 0.5257997042514172
67, 8, -0.4321687286562703
-5, 23, 0.5520353735790902
12, 22, 0.1590266213103161
21, 21, -0.7607198348424589
-4, 23, -0.2785945016685722
28, 20, -1.077302116110886
43, 17, -0.2347711025108994
-3, 23, 0.2585630900934823
59, 12, 0.07805111989938152
34, 19, -0.08443145244788534
76, 0, 0.8923125512163905
47, 16, -0.09938728774191478
-2, 23, -0.0912258601939742
13, 22, 0.1299884400924138
69, 7, -1.278104274122276
39, 18, -0.3014564196426338
74, 3, -0.382523657277808
73, 4, 0.8727227621116976
22, 21, 0.1315338841987924
-1, 23, -0.3896955561873079
75, 2, -0.5897551015708616
72, 5, 0.04555082593384382
0, 23, 0.11885673111313
29, 20, 0.9985082074712079
54, 14, -0.07190353670572874
14, 22, -0.01385327285663897
64, 10, -0.2420495696141478
66, 9, -0.1326337177631288
51, 15, 0.595700288447329
1, 23, 0.6080681764521282
57, 13, -0.7814202398124983
62, 11, 1.419397350824853
35, 19, 0.4563195455524897
76, 1, -0.5567916479704483
71, 6, 0.2226450595255627
44, 17, -0.3451964467533967
23, 21, 0.7975976382104583
2, 23, 0.884653768210479
68, 8, -1.121650546207331
15, 22, -0.3111684057753131
40, 18, -0.3273159795957469
48, 16, 0.4979797877242051
3, 23, -0.01691885339017545
30, 20, -0.1019292306747074
60, 12, -0.05297236704864075
4, 23, 0.8253022973285201
77, 0, 1.737131356172515
70, 7, -0.8805930726748491
24, 21, -0.1720344308891281
16, 22, 0.0278444584936189
74, 4, 0.1075930491286092
75, 3, 0.1278201625470448
55, 14, -0.6702913265005404
36, 19, 1.177361042859741
5, 23, 0.03534877228508494
52, 15, 0.2035158288606158
73, 5, 0.2641830330198225
45, 17, 0.3895897717693009
76, 2, 0.07192017990648891
65, 10, 0.1796385061727581
58, 13, 0.3927552431785759
31, 20, 0.3309047567657914
67, 9, -0.34066411616071
41, 18, 0.6581282858688848
17, 22, -0.5789646817721142
6, 23, -0.8100817275276481
63, 11, 0.1785560298804357
49, 16, -0.6704678846128769
25, 21, 0.6943211161112088
72, 6, 0.1312835923845808
77, 1, 0.671293437987981
69, 8, -1.343097523113866
7, 23, -0.3678578391355867
61, 12, 0.03172654966583521
37, 19, 0.9352200639635487
18, 22, -0.2322282244578212
32, 20, 0.841773177210652
8, 23, 1.108995286641395
26, 21, -0.1260662168101907
56, 14, 0.07765077853719679
71, 7, 0.03894084297521228
46, 17, 0.1553001253334118
53, 15, 0.8853315985725965
78, 0, 0.02379573498687899
42, 18, -0.07013910557622202
75, 4, 0.644217215930328
76, 3, 0.8610001736533682
19, 22, 0.243264119241331
59, 13, 0.5090934114334503
9, 23, -0.2365096866043647
66, 10, -0.3148541882745421
50, 16, 0.1087381569991338
74, 5, -0.468328938574276
77, 2, -0.1385103945490823
68, 9, 0.1042025837574621
64, 11, -1.367146431509401
38, 19, -0.4573224512443753
27, 21, 0.0178996794722995
33, 20, 0.5035848399155972
10, 23, -0.2562852385793043
73, 6, -1.528515848047214
70, 8, -0.1366779385657874
20, 22, -0.1786466954280865
62, 12, 0.01478030742895352
78, 1, -0.7859247299707264
47, 17, 0.115809157846693
43, 18, -0.3921601717872226
-12, 24, -0.2215566237552467
11, 23, -0.332236432034805
-11, 24, 1.396581230195381
-10, 24, 0.1045375727475661
54, 15, -0.01594070154560011
-9, 24, 0.1965238894635714
57, 14, 0.8963159817008378
-8, 24, -0.152911174794917
-7, 24, -0.3087205748034613
28, 21, -0.5919759333628795
72, 7, 0.2878616866536275
21, 22, 0.06948511580697091
-6, 24, -0.1177791236415833
51, 16, -0.02108585478105723
39, 19, -0.2171136149224894
34, 20, 0.08023662924958963
60, 13, 0.6058246012038023
12, 23, 0.5438980537828594
79, 0, 0.7855276946466709
-5, 24, -0.2143922018100859
-4, 24, -0.3934971582381243
76, 4, -0.1419744556394365
77, 3, 0.01937262466913542
67, 10, -0.3890497128854474
65, 11, -0.04909950706494663
-3, 24, -0.1587572235731886
69, 9, 0.2130553568030456
75, 5, -0.003493409923620074
78, 2, -0.06053262174131223
13, 23, 0.7454382172668441
44, 18, -0.3064478718597134
22, 22, 0.2111951335678788
-2, 24, 0.09232823007285601
48, 17, 1.178926593247314
29, 21, -0.1495396664566213
63, 12, -0.3156321710731009
-1, 24, -0.1253309161380625
71, 8, -0.01466881422634938
74, 6, 0.1012158407643209
55, 15, -0.01794342163428638
35, 20, 0.3299042783695839
79, 1, -0.2874928594299312
40, 19, -0.5628541377287603
58, 14, 0.1257868267472451
0, 24, 0.1188728136109222
14, 23, 0.2393535494838487
52, 16, 0.3445135624325278
23, 22, 0.8104608858241005
1, 24, -0.719702620787711
61, 13, 0.8506513982948783
73, 7, -0.1678390994952104
30, 21, -0.4093223072183911
2, 24, 0.2714080980859807
15, 23, -0.1403354197124489
45, 18, 0.4885699634360526
80, 0, 0.5453156229814808
68, 10, 0.01237400063689761
77, 4, 0.2866759263567764
66, 11, -0.2061841320418873
49, 17, -0.07763667566178836
36, 20, -0.5090309819075237
3, 24, 0.2202915224468969
78, 3, -0.01410577079850282
70, 9, -0.1332603160596814
24, 22, 0.12769636917346
76, 5, -0.4662891054667212
41, 19, -0.4449467882973047
79, 2, -0.5551350333212632
16, 23, -0.307705621922748
4, 24, -0.8720468312799896
64, 12, 0.4500255191427506
56, 15, -0.6205390768602398
59, 14, 0.5775850146745952
31, 21, 0.195467598099601
72, 8, 0.06131841315014824
75, 6, -0.2708907366944241
53, 16, 0.4570153028465171
5, 24, 0.7365993954555522
80, 1, -0.3450426735808704
25, 22, -0.4018664545117687
17, 23, -0.6070739051325381
46, 18, -0.02666159552919306
62, 13, 0.2633088134858275
37, 20, -0.3411904934743425
6, 24, -0.2229143964180098
50, 17, -0.8483071641902719
74, 7, 0.7140756767479618
42, 19, 1.031204583969706
32, 21, -1.04169714466561
69, 10, -0.218185045962262
7, 24, -0.2822057181592846
67, 11, -0.4870030162663787
18, 23, -0.4825200871170361
81, 0, -0.1449098941433447
71, 9, -0.5055228781573892
78, 4, 0.01780205798205435
26, 22, -0.03623515814724692
79, 3, -0.2284980390402636
57, 15, 0.1135508160137274
77, 5, 0.3976429691516127
65, 12, 0.8717760702897133
8, 24, 0.04986317713853582
60, 14, 0.01081613531965774
54, 16, 0.06583820045982461
80, 2, -0.1358608778552513
38, 20, -0.008080380264379511
73, 8, -0.3958685082550502
19, 23, 0.9000761772718172
47, 18, -0.2472682761356329
76, 6, 0.1236928849978055
9, 24, 0.7436974927111215
33, 21, 0.04065054140041674
43, 19, -0.5587642439580219
63, 13, -0.1212025319026678
51, 17, -0.04563878042787181
27, 22, -0.379020219859277
81, 1, 0.788240190797214
10, 24, -0.03614877742204532
20, 23, 0.8041341265429527
75, 7, -0.07681425254413286
70, 10, -0.1726490251308482
39, 20, -0.8324352503011506
68, 11, -0.09376836263846079
58, 15, 0.8907796116580774
-12, 25, -0.9601745102839357
55, 16, 0.8618433046296168
34, 21, -0.4616575647898971
11, 24, 1.375928681058783
-11, 25, -0.6771930959133553
72, 9, -0.3014888713702077
82, 0, 0.04828288616956081
28, 22, 0.1558314309904934
-10, 25, -0.1513098816752917
-9, 25, 0.01189434078795211
61, 14, 0.1286316408026715
66, 12, 0.06445817613948658
48, 18, -0.1240490893363411
79, 4, -1.124603322347851
80, 3, -0.5284478350521753
-8, 25, 0.02522592334838664
44, 19, -0.9386738838438734
21, 23, 1.676013993844167
78, 5, -0.08150101344201789
-7, 25, -0.2716348619116524
-6, 25, -0.4549124306323568
81, 2, 0.283460175733399
52, 17, 0.1211317169940412
12, 24, -0.4922638319958448
74, 8, 0.05798760061165013
-5, 25, -0.1304208476856949
77, 6, -1.290441316029153
64, 13, 1.406618044923248
-4, 25, 0.5496714855386885
40, 20, -0.2931856309729977
29, 22, -0.9320259648825675
22, 23, -0.005800707713009206
-3, 25, -1.052465223560946
35, 21, -1.580310322220204
13, 24, 0.3420433395955398
82, 1, 0.1797274143332225
-2, 25, 1.201898631699235
59, 15, -0.2598157725448278
76, 7, 0.3865992991910875
49, 18, -0.5430704843507899
56, 16, -0.03593902644111664
71, 10, -0.02183891470268864
69, 11, 0.9357087912661822
45, 19, -0.04183680889330663
-1, 25, -0.439449618308722
62, 14, -0.03713193523704112
14, 24, 0.00639302912299626
0, 25, -0.2673194028045011
73, 9, -0.749592655461971
67, 12, -0.2649581454526974
23, 23, 0.2215825876148385
30, 22, 0.00790120480454015
83, 0, 0.1736991384139476
53, 17, -0.5754216179377887
80, 4, -0.1554337778603091
1, 25, 0.2206636085872038
41, 20, 0.1083442086009628
81, 3, 0.1538437180786046
36, 21, 0.7094434369651105
79, 5, -0.4794518503466674
15, 24, 0.1471285948632194
75, 8, -0.69137597413062
65, 13, -0.01418054921000024
2, 25, 0.7749717140647784
82, 2, -0.02599795598231828
24, 23, 1.258222556078294
78, 6, -0.08152986141348315
3, 25, -1.045558307710629
46, 19, -0.02745250887420875
50, 18, -0.3089393420613675
31, 22, -0.7060246944389095
60, 15, 0.112892444890464
16, 24, -0.2339213879011882
57, 16, -0.8768761310111406
83, 1, 0.3910158123433912
4, 25, -0.06234439963323003
37, 21, -0.6498004903417467
70, 11, 0.09093257305569319
72, 10, 0.002559844170599165
42, 20, -0.02755624293462849
77, 7, 1.03120254989715
63, 14, -2.02625002342312
54, 17, -0.2317504548764844
25, 23, 1.249152549671174
68, 12, 1.17187029304988
5, 25, 0.4232678491273568
17, 24, 1.177389011789415
74, 9, -0.2320675390117986
32, 22, -0.005907059429911961
84, 0, 0.8914666972015068
6, 25, -0.3815562412114344
81, 4, -0.3938377422595781
82, 3, -0.4407424168013734
66, 13, 1.223609056652728
47, 19, -1.617924328541081
80, 5, -0.04264238991443534
51, 18, -0.2030259111894079
76, 8, -0.01394058849604953
18, 24, -0.0700038475463091
38, 21, 0.2559271261188714
26, 23, -0.115551327265736
83, 2, 0.8013453074885065
7, 25, -0.3467782664185866
58, 16, 0.1237841269289807
43, 20, 0.4938445565588656
79, 6, 0.1421089310273899
61, 15, -1.394541893562045
8, 25, 0.0233185557673583
55, 17, 0.9760042613606883
33, 22, -0.985673776529885
64, 14, -0.1487069957461322
84, 1, 1.331579471604315
71, 11, 0.2754845909401407
19, 24, -0.5100273500429193
73, 10, -0.3844749576965006
78, 7, -0.06515664986361355
27, 23, -0.1719766705756971
69, 12, -0.633623816269992
9, 25, -0.3272199184447827
48, 19, 0.5260075667030519
75, 9, 0.322856410093975
39, 21, 0.181727554282349
52, 18, -0.1694756953369877
44, 20, -0.5977972075415534
20, 24, 0.5285075458692395
67, 13, -0.07183212706699808
85, 0, -0.04997700815846214
10, 25, -0.2738858969117792
82, 4, -0.3536951489646396
34, 22, -0.03056347278006086
83, 3, 0.005370824414383728
81, 5, -0.1245548867022228
59, 16, 0.06059541694428641
28, 23, 0.9139277314836531
77, 8, -0.78925081582085
62, 15, 0.5642239163522577
56, 17, 0.1748193518069364
-13, 26, -0.05931006515915176
84, 2, 0.1042767669552456
-12, 26, 0.1048844754864457
11, 25, 0.5321855429308986
-11, 26, -0.3649924131189132
-10, 26, 0.02332888426688829
80, 6, -0.005312658945449275
21, 24, 0.1686195442757055
-9, 26, 0.8083013013461295
65, 14, 0.3605629013736565
40, 21, -0.131780227511595
-8, 26, -0.2877288419802352
49, 19, -0.7820321267275812
-7, 26, -0.7614307946650216
72, 11, -0.6430633642503139
74, 10, 0.02659408320003852
-6, 26, -0.1147144612479533
12, 25, 1.651522531480062
35, 22, 0.332717425666666
85, 1, 0.4292199425400696
70, 12, 0.2471725280780523
45, 20, -0.2755280204535612
53, 18, -0.01852028776286798
29, 23, 0.1778441848379575
-5, 26, 0.4339290393462743
79, 7, -0.3508653199137332
22, 24, 0.3215308557496935
-4, 26, -0.1498074426292473
76, 9, -0.5028013196748496
68, 13, 0.3351734856482181
-3, 26, 0.03996787751235738
13, 25, 0.6574756160880386
60, 16, 0.3700338164951775
-2, 26, 0.07136769503404231
63, 15, -0.3651535033519031
41, 21, -0.8747675125476402
86, 0, 0.1822327333125454
83, 4, -0.1888116427748134
57, 17, -0.5003710840519849
84, 3, 0.1049169539450881
82, 5, -0.1018700579201714
30, 23, 0.2571720545072663
-1, 26, -0.09508856118927966
78, 8, 0.06139427499935329
36, 22, 0.0558704607322003
23, 24, -0.658870319040889
14, 25, 0.1432496388432562
50, 19, 0.1224323036352734
66, 14, -0.4175879330128222
46, 20, 0.3258435918470987
0, 26, 0.01556281607794106
85, 2, 0.2935604877219541
81, 6, -0.5509748925610677
54, 18, 0.06504206757673273
73, 11, -0.3866927930509564
1, 26, -0.8145064828330958
75, 10, 0.158116217837369
15, 25, 0.423467117810329
71, 12, -0.4850863567352719
24, 24, 0.2216125716496162
2, 26, -0.03168564194566443
86, 1, 0.4885311577319373
31, 23, 0.1832604738407004
42, 21, -0.4568889401870936
80, 7, -1.059125866034689
37, 22, -0.05133335351056727
77, 9, 0.3439213303636459
61, 16, -0.3205079392800295
69, 13, 0.8834652429055404
3, 26, -0.6554391155761559
58, 17, 0.4176202459134884
64, 15, -0.1453761192080373
16, 25, 0.1596656055772926
51, 19, -1.232462299528781
47, 20, -1.065251272908362
4, 26, -0.1857280884499237
25, 24, 0.4097231594927438
84, 4, -0.1449018080710465
87, 0, 0.08893537328476253
79, 8, -0.9868692314129346
85, 3, 0.4797734776356053
83, 5, -0.222713531360298
55, 18, -0.02207809219510215
32, 23, 0.001227111435491824
67, 14, -0.8398592893549722
17, 25, 0.3609201745965601
5, 26, 0.5056899706110416
43, 21, 0.42760376653386
38, 22, 0.1274821982299758
86, 2, 0.01713937809739174
82, 6, -0.171198487032941
74, 11, -1.549581730076638
6, 26, -0.01506129278215107
72, 12, -0.1058102409021578
76, 10, -0.08153971020225809
26, 24, -0.04753041608476325
18, 25, -0.8744698791500566
62, 16, 0.1146013663137887
59, 17, 0.3331396272690386
52, 19, 0.3361110325682219
48, 20, -0.2093824551629213
7, 26, 0.4841335670794445
87, 1, 0.1286250103122348
81, 7, -0.3362848700793844
33, 23, -0.2054498981760513
70, 13, 0.4806684764952727
65, 15, -0.4245498146813279
78, 9, -0.2650077481038755
39, 22, 0.07874370195115431
8, 26, -0.03198736040967579
56, 18, 0.005738253425191231
44, 21, -0.1377679204197328
19, 25, -0.2750897176557903
27, 24, 0.4119491364860236
68, 14, 0.1982944924242485
85, 4, 1.379880168464048
88, 0, -0.5060603500036294
80, 8, 0.2565339907226625
84, 5, -0.1319510077556927
9, 26, 0.2712724659375499
86, 3, 0.02547543394799714
34, 23, -1.438098292478067
20, 25, -0.1284186970852097
75, 11, 0.2625318318188262
49, 20, -0.2655519722139255
83, 6, 0.5556066032755688
87, 2, 1.002435190815339
53, 19, 1.36412119662755
73, 12, -0.2483100794815536
28, 24, 0.4982491538727992
63, 16, -0.570757757003782
10, 26, 0.1081498362512898
77, 10, -0.3190882978224658
60, 17, -0.2163192316217923
40, 22, 0.03582645376406707
66, 15, -0.255046940429462
45, 21, -0.2652270628036242
71, 13, 0.04583391094145067
82, 7, 0.1160031640856124
-13, 27, -0.4952980014759399
57, 18, 0.4629684538047542
-12, 27, 0.9992782860311876
21, 25, 0.4381163232611445
88, 1, -0.4473075196662987
79, 9, 0.7354563389842373
11, 26, 0.4317949807846491
-11, 27, -0.4502458102534534
35, 23, -0.5505936640989686
-10, 27, -0.9034683116220154
-9, 27, 0.2081143041104771
-8, 27, 1.486134398795824
29, 24, -0.07130353791201548
-7, 27, -1.164407385074381
69, 14, 0.3476580141013909
12, 26, 0.08538265265151604
-6, 27, 0.1849853665769673
50, 20, 0.1145216093071587
41, 22, 0.1623269004042362
22, 25, 0.4339258124857358
-5, 27, -0.7882601289940202
81, 8, 0.3731327620746307
54, 19, -0.2759608775784842
86, 4, 0.1968405393895851
89, 0, 1.342412148116865
85, 5, 0.1252648899232349
-4, 27, -0.2503449796075129
87, 3, -0.4366346692834714
46, 21, 0.2323926037291673
64, 16, 0.2357195209220902
61, 17, -0.2240134393142299
76, 11, 0.1101302868039818
36, 23, 0.6667117013359258
13, 26, -0.1317775996992566
-3, 27, -0.3583862147352507
74, 12, -0.157616375312921
84, 6, 0.01635294096925102
30, 24, -0.1274472699351954
88, 2, -0.1510669613125421
78, 10, -0.1405126676337553
-2, 27, 1.684594924541959
67, 15, -0.3099842604044776
58, 18, -0.1024514618681624
72, 13, -0.1353622741159908
23, 25, -0.1330117564985238
-1, 27, -0.2793877911113488
14, 26, -0.06451868387733413
83, 7, 0.4470634336610781
80, 9, 0.2249482950335429
42, 22, 0.03074639236371647
0, 27, -0.4552890942365284
89, 1, -0.9204144253602609
51, 20, 1.137000729293092
70, 14, 0.02376795016726964
37, 23, 0.1469296055807882
55, 19, 0.3091881643050329
31, 24, -0.1606598270304265
1, 27, -1.38567053006655
47, 21, -0.5872367003272085
24, 25, -0.2896367638684174
15, 26, -0.123347334961537
62, 17, -0.2005584200690845
2, 27, 0.2839929516673858
65, 16, 0.7037157577305163
82, 8, -0.05489336881045623
87, 4, 1.484441738735942
90, 0, 0.07122468941379943
86, 5, 0.7007097204730318
88, 3, 1.306137522894493
77, 11, -1.669546752184907
59, 18, 0.3865281472830951
16, 26, 0.01460309358079664
75, 12, -0.01145706632828583
3, 27, 0.1199154727532225
68, 15, -0.2657112468403905
43, 22, 0.2934359480077495
25, 25, -0.4983590294384661
32, 24, 0.1724541712501593
85, 6, 0.7227460631195833
79, 10, 0.5817440314489288
73, 13, -0.108305595471639
38, 23, -0.1099319801631362
89, 2, 0.174825423986975
4, 27, 0.0397973507386955
52, 20, -0.2954335640211418
48, 21, -1.012516090075397
17, 26, -1.470131661517418
56, 19, 0.5040984558333563
5, 27, 0.6483738558904946
81, 9, -0.08345524078801964
84, 7, 1.316618998548383
71, 14, 0.3105665791600065
90, 1, 1.282675900145854
26, 25, 0.5107065492303653
33, 24, 0.4453827826837274
6, 27, -0.1243298449368236
63, 17, 0.4192032545791866
66, 16, -0.1875871784162477
44, 22, 0.1268439662150325
18, 26, 0.05898675080321808
39, 23, 0.7493377379796234
60, 18, -0.1167400651820368
83, 8, 0.7682869730387007
7, 27, 0.5152036162900706
53, 20, -0.3715791123627518
69, 15, 0.1910869593312079
88, 4, -0.5357046144101822
76, 12, -0.1081932556928685
78, 11, 0.469461801961207
87, 5, -0.1702279209484933
27, 25, -0.3404911631168215
91, 0, 0.2386430489189344
49, 21, -0.703412190599113
89, 3, 0.8319680919051512
19, 26, 0.559122843726645
74, 13, 1.080261615178017
8, 27, 0.2032104252642483
80, 10, -0.07066949155311321
57, 19, -0.5315476251170949
86, 6, -0.006428483901059823
34, 24, -0.1428309312777207
90, 2, 0.1114464479789735
45, 22, 0.7600687076464071
40, 23, -0.8908798982006942
9, 27, -0.06786450037724306
72, 14, 0.05633276187730474
82, 9, -0.103180707955434
20, 26, -0.04407241206210033
85, 7, 0.7162549649822556
28, 25, -1.451370239394883
64, 17, -0.2151063338550429
67, 16, 0.2144367481746391
91, 1, 0.01703344186553969
61, 18, 0.1485759688590808
10, 27, -0.1979409705114479
54, 20, 0.1367378207499376
50, 21, 0.2621783798428664
35, 24, -0.3749304767520166
21, 26, 0.4506204936367926
70, 15, 0.07628238109330251
-14, 28, 0.09940931397134868
-13, 28, 0.4214867181611023
84, 8, 0.2820031776644158
-12, 28, -0.5354695144243794
77, 12, 1.775428736328472
58, 19, -0.8474525397055676
11, 27, -0.3227863223132759
-11, 28, 0.5240191495473107
79, 11, 0.6808490052777884
29, 25, 0.6554780100165504
41, 23, 0.8503440536895853
-10, 28, -0.007804946654242632
46, 22, -0.06213747139174541
89, 4, 0.07787429927211005
-9, 28, 0.0794210543926199
88, 5, -1.092663554889812
75, 13, 1.28511277176699
92, 0, -0.2596665542086287
-8, 28, 0.5944621202122481
90, 3, -0.4921851911608852
81, 10, 0.1744822248960503
-7, 28, -1.181185170243601
87, 6, 0.1077203363148649
12, 27, -0.04460940912219871
22, 26, 0.111221824126195
-6, 28, -0.2178656618557565
36, 24, -0.5058312619015798
91, 2, 1.230519319466617
73, 14, 1.238420953019318
65, 17, 0.7162805858849152
-5, 28, 0.4216086057113548
51, 21, -0.4609530670861254
62, 18, -0.04127682604870288
55, 20, -0.4914354609964116
30, 25, 0.6391026266527972
83, 9, -1.262865087085036
68, 16, -0.4941809235656114
-4, 28, 0.3650053817734488
86, 7, -0.4442431284896455
13, 27, -0.9227341125039362
42, 23, 0.1128443904513802
-3, 28, 0.02182659949291562
23, 26, -0.30955445006732
92, 1, -0.7259968374567232
47, 22, 0.3064830057353753
-2, 28, -0.03183491263198936
59, 19, 0.1774547458013368
71, 15, 0.5870984988778584
37, 24, 0.4980476758288668
14, 27, -0.1863523602728308
-1, 28, -0.5142322339735843
78, 12, -0.03988402975622841
85, 8, -0.7970616592995848
80, 11, 0.5120543265619285
31, 25, 0.5117560190040858
76, 13, -0.4293316063421266
0, 28, 0.5830344125421518
90, 4, -0.08273066618648019
24, 26, -0.003720567834769714
89, 5, -1.114330274164148
82, 10, -0.09434195558642669
52, 21, -0.747081182724386
93, 0, -0.3321075653451252
15, 27, -0.2401950757703024
91, 3, -0.2492448649918926
1, 28, 0.5520723931187812
56, 20, -0.5538981454351064
66, 17, 0.9133384295471305
43, 23, -1.178903240609309
63, 18, 0.04891353150715083
88, 6, -0.1686163659537153
74, 14, 0.07704894660690562
69, 16, 1.099349510470271
48, 22, 0.3398475374396325
2, 28, -0.01970649031796683
92, 2, -0.02037988379109603
38, 24, 0.0147377379873173
32, 25, -0.4475901192816821
84, 9, -0.4718180388735962
16, 27, 0.09195008405961931
60, 19, 0.8039218013668573
25, 26, -0.4379961221335083
87, 7, -0.5521267807069926
3, 28, -0.4507561947116322
72, 15, -0.4723695164407552
4, 28, 0.7338459080889616
93, 1, 0.6543725401911686
44, 23, -0.6067364429234741
17, 27, -0.222065105423788
79, 12, 0.9639073942727213
53, 21, -1.000772811062968
81, 11, 0.7968484744627198
86, 8, -0.2000509135337833
26, 26, 0.1980396179575361
77, 13, 0.5312642142846378
57, 20, -0.2935583789674248
33, 25, 0.8426703408648215
5, 28, -0.4203631515398257
39, 24, 0.05924313388398019
49, 22, 0.5432414233629947
67, 17, 1.131678330713003
64, 18, 0.07553372096781853
83, 10, 1.247491836280671
91, 4, 1.397413932028274
90, 5, 0.01518004694908479
6, 28, -0.1210796926280452
18, 27, 0.3183703665244019
75, 14, 1.337286913357308
94, 0, -0.1148046440421829
70, 16, 0.07781482561265685
92, 3, 0.2938474409113114
89, 6, -0.3205126618529318
61, 19, 0.007967562928710157
27, 26, 0.5251058663874385
7, 28, -2.235567482235583
93, 2, 0.2752500214663751
45, 23, -0.231600835110523
85, 9, -0.09181293933440886
34, 25, -0.005251559646341664
19, 27, -0.1537402556660449
40, 24, 0.4603753145321771
88, 7, -0.06577184300401771
73, 15, 0.2863319535583903
54, 21, 0.1319805449215324
8, 28, 0.03747617300973433
58, 20, 0.03327668069140863
50, 22, 0.05581894434245614
94, 1, 0.9266235857393281
80, 12, -0.2701379830698066
28, 26, -0.1980603375351136
82, 11, 0.342541931773361
78, 13, -0.0283250943802214
9, 28, -0.1755626965300091
68, 17, -0.02160318887166233
65, 18, 0.3005753780849512
20, 27, -0.537356610200465
87, 8, -1.252796665915638
35, 25, 0.7027468672848997
71, 16, -0.4545012492533168
62, 19, -0.1548387703542846
46, 23, 0.1330826789356679
84, 10, -0.07176939902329602
76, 14, -0.2154403846987735
41, 24, -0.04144694970754256
10, 28, 0.101537494411644
92, 4, -1.162638174582212
91, 5, 0.4487521836949629
95, 0, -0.5820742756278322
93, 3, 0.08747439436959854
21, 27, 0.4310165590322034
55, 21, -0.2853065299068849
29, 26, -0.1923266980423223
90, 6, 0.0007756203174232523
-14, 29, 0.1571684520542109
-13, 29, 0.6895122876629377
51, 22, -0.3075415404898103
-12, 29, -0.3242357867873211
11, 28, 0.08701921795918256
-11, 29, 0.05021573394140751
86, 9, -0.01624327835514991
74, 15, -0.3708934752741485
59, 20, -0.003247078719805388
-10, 29, 0.5227923153590808
94, 2, -0.02029875105249363
36, 25, 0.5746896731375734
-9, 29, 0.3283132789787406
89, 7, -1.018846613371568
-8, 29, 0.7806457244687531
22, 27, -0.8849647565902149
-7, 29, 0.1642708169497745
12, 28, 0.4038171615673519
66, 18, 0.003983867760956985
42, 24, -0.07324661178950612
47, 23, 0.7859735859328819
69, 17, -0.3324647116337006
-6, 29, -0.4372187818948217
30, 26, -0.01179912062866959
81, 12, -0.2498447704201879
79, 13, 0.6470965951363766
95, 1, -0.1662771442827901
-5, 29, -0.2441740264550367
83, 11, -0.8091679473947251
63, 19, 0.9759914897775434
-4, 29, 0.5837305810542958
88, 8, -0.3004094776484316
72, 16, 0.5902862737296456
13, 28, -0.5224639144141695
77, 14, 0.6464391938729656
56, 21, -1.244065498857358
37, 25, 0.07457035429970697
23, 27, 0.2058248368384929
52, 22, 0.1341722858262137
-3, 29, -0.7102102255729481
85, 10, 0.7316762822606622
93, 4, -0.1518719244611666
-2, 29, 0.7196327556639167
92, 5, -0.8998691051317866
60, 20, -0.3407707750953201
31, 26, -0.1549274018580133
14, 28, 0.2208717992611764
96, 0, -0.3923937195383913
94, 3, -0.5382735821408726
43, 24, -0.4598775943398271
91, 6, 0.2699780568342691
-1, 29, 0.3364780755516775
75, 15, 0.03455499108344032
48, 23, 1.546876531477484
87, 9, -0.4810861158919599
24, 27, -0.4888518844105291
0, 29, 0.05816524979987842
95, 2, 0.2957113980272719
67, 18, 0.4796325041409611
90, 7, -0.1825322050036093
70, 17, 0.7197231619708355
38, 25, 0.3192276430747207
15, 28, -0.3536252110171084
1, 29, 1.433352040981282
64, 19, 0.1674127360886447
82, 12, -0.02677995267827798
32, 26, -0.008947993611823539
57, 21, -0.4166494280947693
80, 13, 0.09897003239363418
53, 22, -0.8511822684026621
84, 11, -0.6358030868517279
73, 16, 1.891410636616405
2, 29, 1.146243317826463
25, 27, 0.8509609036520182
96, 1, -0.4230259581601204
44, 24, 0.1297769286436198
16, 28, -0.2681803298606811
78, 14, -0.1701889118813849
89, 8, -0.264170189979417
61, 20, 0.7964648336967817
49, 23, 0.1358742555199663
3, 29, -0.796453713395998
86, 10, 0.01317524092062301
39, 25, -0.02818444880188229
33, 26, -1.457325556695151
4, 29, 1.110686389363119
94, 4, -0.2770094017533933
93, 5, -0.3035016790346887
17, 28, 0.4426390685961238
76, 15, -0.4207925635092033
26, 27, 0.401339504280745
97, 0, 0.0874285632279525
95, 3, -0.8023503848982025
92, 6, -0.275819077659603
68, 18, -0.2677678787934763
5, 29, -0.3620444403148487
88, 9, -0.4068090432786068
71, 17, 0.9456525552128563
54, 22, -0.1701058114020439
65, 19, -0.4838243692594462
58, 21, 0.2946143168106752
45, 24, 0.2263160509842521
96, 2, -0.2152934958652866
18, 28, -0.01549253879176585
91, 7, -0.8176479834755399
6, 29, -0.4463982470567632
83, 12, -0.07644874673548099
50, 23, 0.03803463781674526
81, 13, -0.610894735698516
40, 25, -0.5491063779949581
74, 16, -0.008357500141431343
34, 26, -0.02069590979202767
27, 27, -0.848787737603714
62, 20, 0.04058744430834684
85, 11, 0.1046343033792885
79, 14, 0.3176580143034395
7, 29, -0.04075915323720443
97, 1, -0.2034750081584627
19, 28, -0.1635589618590375
90, 8, -0.139959709414997
87, 10, -1.201631098223483
8, 29, 0.06019193851681614
46, 24, 0.01287041836819031
77, 15, -0.5680477546260473
55, 22, 1.107444314477328
28, 27, -0.55473180733642
69, 18, 0.04374363243949588
59, 21, 0.1881418174989701
35, 26, 1.003594283573286
95, 4, -1.244307875494201
94, 5, 2.551397933498922
66, 19, -0.7378575637516637
41, 25, 1.343436080374709
20, 28, -1.386651240903114
72, 17, 0.1404720811504327
51, 23, 0.2690223613951409
9, 29, 0.2616669730881748
96, 3, 0.07800075579868472
93, 6, -0.2996199108985615
98, 0, -0.1930494849174989
89, 9, -0.9599010772078522
63, 20, -1.289753055539157
75, 16, 1.220983641188242
10, 29, -1.332004827863594
29, 27, -0.4537900017577994
97, 2, 2.027439962251961
92, 7, -1.785472797251863
84, 12, -0.8567834116545892
82, 13, 0.08709016244630094
21, 28, -0.7020557110875861
36, 26, -0.1079773100701248
86, 11, -0.1106390801223949
47, 24, -0.3032846149746634
-15, 30, 0.1445260527046817
80, 14, -0.05940297070688949
-14, 30, 0.03243040435212809
-13, 30, -0.0125770772831754
-12, 30, 0.03359439945323316
42, 25, 0.06424887092573352
11, 29, -0.5187695424648251
-11, 30, -0.05236348698501653
56, 22, 0.0384816308500088
-10, 30, 0.04878233792635408
60, 21, 0.5165655493037689
-9, 30, 0.08196799806729337
98, 1, -0.7647186965925519
91, 8, 0.2959373124805366
52, 23, 0.5193154282280211
88, 10, -0.3098999761896607
70, 18, 0.1431946029672565
22, 28, 0.007400595770383246
-8, 30, 0.01398960905376511
78, 15, 0.3221498218718345
30, 27, 0.2643300389154904
67, 19, -0.4608466731996162
-7, 30, -0.20225526028462
12, 29, 0.7457440226871171
73, 17, -0.3099900548744947
-6, 30, 0.02895653656511459
37, 26, -0.09167545592340069
95, 5, 0.09261292871155584
-5, 30, 0.2566864858788236
96, 4, -0.7632645614718461
64, 20, -0.437143318912307
48, 24, 0.1331006862729657
94, 6, 0.04851584755172729
-4, 30, 0.0504909561796285
23, 28, -0.1007540771096928
13, 29, -0.0135641966743694
97, 3, 0.1404348800911097
43, 25, -0.09289884524639198
99, 0, 0.6887554009471847
90, 9, -0.3491464435266168
76, 16, -0.8054342549012443
31, 27, 1.187045016196491
-3, 30, 0.2170315912506225
83, 13, 0.8542283048057414
57, 22, -0.7459336634606312
85, 12, -0.3660343542385736
93, 7, -0.6815672704291269
98, 2, 0.004603016259088743
-2, 30, 0.0163373114700123
53, 23, 0.2909706688749947
81, 14, 0.1277099943006607
61, 21, -1.17656051908255
14, 29, -0.3175772909394722
87, 11, -0.8858710612082742
38, 26, 0.04550448882586081
-1, 30, -0.1869934109860621
24, 28, -0.1269057730164103
71, 18, -1.241561573421315
68, 19, -0.1920936724353547
0, 30, -0.03792328257441543
79, 15, -0.2496960205752682
92, 8, 1.15599791844724
32, 27, -1.120721339729828
99, 1, -0.1357467046302482
89, 10, 0.2926002302038607
44, 25, -0.01770801715159661
15, 29, 0.002721783760750931
74, 17, 0.05236661703711026
49, 24, 0.1328161550188011
65, 20, -0.2247334546688091
1, 30, -0.5678020097756431
25, 28, -0.3900628957609154
58, 22, -0.03288057997757293
2, 30, -0.01955098812041332
96, 5, 1.076554050617505
39, 26, -0.1354095616342443
16, 29, -0.2783012892323778
97, 4, 0.7132527591379134
77, 16, -0.6281716518435714
54, 23, -0.6962339056738074
95, 6, -0.01631641277240161
91, 9, -0.07664542357184738
98, 3, -0.7275373063352913
62, 21, 1.086317116526091
33, 27, 0.1937929785044755
3, 30, -0.104922201799138
100, 0, 0.5840132676989231
84, 13, 0.5978856197857462
86, 12, -0.05047749023487645
45, 25, 0.3320516335309165
82, 14, 0.06928016316652495
26, 28, 0.06701708476846975
94, 7, -0.379525946626304
17, 29, -0.3752590945964369
50, 24, 0.02611281387220208
4, 30, -0.2249271112594131
99, 2, -0.02617692717393921
88, 11, -0.6833865399651887
69, 19, 0.71902660863318
72, 18, 0.03078776562732031
80, 15, -0.2935611274000454
5, 30, 0.5688545202352745
66, 20, -0.2654949527042665
40, 26, 0.1127949686318319
75, 17, 0.4898977526510639
34, 27, 0.5828153370723802
93, 8, -0.6104426845201707
18, 29, -0.7857158034872491
90, 10, -0.01956204631499771
59, 22, 1.040772881491834
55, 23, -0.4218107686947185
27, 28, 0.6717590246903968
100, 1, 0.7673680685169009
6, 30, -0.09397554964441089
46, 25, 0.4947579621350078
63, 21, -0.5310437534703714
78, 16, -0.05640630102291468
7, 30, -0.02465809614554727
51, 24, -0.04923158904997445
19, 29, 0.3214321396713115
97, 5, 0.05791192940930104
98, 4, -0.2661334763839425
92, 9, 0.598857762092468
41, 26, 0.8224978915861215
96, 6, 0.009467627253629528
85, 13, -0.0541826691359657
35, 27, 0.07079139310463631
28, 28, 1.086941167932527
99, 3, -0.06721034511403372
87, 12, 0.139478674649818
101, 0, -0.01156438693384259
70, 19, -0.9425932132250838
8, 30, -0.0858722036281004
83, 14, 0.49860504590475
73, 18, 0.8418384892935209
95, 7, -0.01762360032927853
67, 20, 0.211720655092277
89, 11, 0.5504751039323913
20, 29, -1.045563078656938
56, 23, -1.122835684537684
100, 2, -0.1790550184545882
60, 22, 0.008347433198096412
76, 17, 0.1324250101800052
81, 15, 0.2733059227692773
9, 30, 0.6049206345081513
47, 25, -0.9462344365281924
29, 28, 0.0994095954071943
36, 27, -0.2347126024687243
52, 24, 0.4307307078718105
91, 10, -0.1720573514317869
64, 21, 0.1711329235837668
94, 8, -0.08581449348785852
42, 26, 0.02471894489028471
10, 30, -0.01590755150286702
21, 29, -0.5200893150260717
101, 1, -0.409970500446893
79, 16, -0.2825133348394098
-15, 31, 0.5600738167510506
-14, 31, 0.3779087968408877
-13, 31, -0.3253767875609998
-12, 31, 0.8169956130833556
-11, 31, -0.1244013397927237
11, 30, -0.5193936655103439
-10, 31, -0.6258396793069383
71, 19, -0.9192809918137608
30, 28, -0.1977259169098299
98, 5, -0.6676134281723713
74, 18, 0.2218455225372117
-9, 31, 0.428930847282805
99, 4, 0.2832807782458434
86, 13, -0.3416314058970012
22, 29, -0.288028974680486
93, 9, -0.1347992327875997
57, 23, 0.004813663112786547
48, 25, 0.06218884507497719
88, 12, 0.1895113570102908
68, 20, -0.8511558889155586
97, 6, 0.5361778425204875
61, 22, 0.8753940509933413
37, 27, -0.09302688544682564
-8, 31, -0.08809391994388328
84, 14, 0.04747555468063144
100, 3, 0.780188738173895
43, 26, 0.04250066182778729
-7, 31, -0.005222338489437183
102, 0, 0.01109608635700358
12, 30, 0.06080919698196531
77, 17, -0.8525758369341266
53, 24, 0.2496335143183715
-6, 31, 1.029446957062545
90, 11, -0.2038546964363806
96, 7, -0.2242593296333571
82, 15, -0.5063855819973888
-5, 31, -0.002274654098601561
65, 21, 0.1689318817191472
101, 2, -0.6222832927220111
23, 29, 0.6882313255560659
31, 28, 0.4694044184497635
13, 30, -0.9747234953599965
-4, 31, 0.7938991600624977
92, 10, -0.0935771781207031
-3, 31, -1.079500290910212
95, 8, -0.5710364527042864
38, 27, 0.7011183602630059
80, 16, 0.07215085139759859
49, 25, -0.01122856018809776
-2, 31, 0.6057921439658718
44, 26, 0.0330647269599374
14, 30, -0.08523439652570659
102, 1, 0.071294433593534
58, 23, 0.3398920398061642
72, 19, -0.3456183336256391
24, 29, -0.8393113232674732
62, 22, -0.006104591116604101
75, 18, 0.157419126719482
69, 20, 0.113489601879746
-1, 31, 0.3522764248885662
32, 28, 0.2458083729277224
54, 24, 0.06117378654029613
87, 13, 1.550067961221105
99, 5, -0.6457809480913813
85, 14, 0.3315976022606065
0, 31, -0.2172040077804626
94, 9, 0.2235870107514192
89, 12, 0.2125216200357934
15, 30, 0.3211140682640092
100, 4, -0.1826335915522936
98, 6, -0.1547919689000881
78, 17, -0.6989457606876485
66, 21, 0.0722407558937649
39, 27, -0.1243283606727895
25, 29, 1.467024704778752
101, 3, -0.09520440943466381
1, 31, -0.3456514240590012
103, 0, -0.001353333279437252
83, 15, -0.9683325149412838
91, 11, -0.8719596614687112
50, 25, -0.2993148303771481
97, 7, -1.108840302398403
45, 26, 0.3744950057972433
16, 30, 0.2078642738244004
33, 28, -1.206251522935519
2, 31, 0.5890974466957786
102, 2, -0.08229882944644783
59, 23, -0.6628453036603218
81, 16, -0.4806859659789396
3, 31, -0.4097575624943019
93, 10, 1.278110990823112
63, 22, 1.258876480239371
55, 24, 0.2056334121378515
26, 29, -0.8235088407459713
73, 19, 1.711343651082646
96, 8, -0.3835568734318381
40, 27, 0.1419599149162851
17, 30, 0.1138848777878803
70, 20, 0.01146541361492676
76, 18, 0.04747457847156125
4, 31, -0.4207203663674146
103, 1, 1.342826961742468
34, 28, 0.04827725403920264
88, 13, 1.650833357765803
67, 21, -1.573341320224398
46, 26, -0.2552778429558716
51, 25, -1.071986307854803
5, 31, -0.2715911813544488
86, 14, -0.08366041954273057
79, 17, 0.5048846022998017
27, 29, 0.788097155013297
90, 12, -0.03510556860441111
18, 30, -0.09401979274857955
95, 9, -0.1856419814962013
100, 5, 0.1013927276415642
101, 4, -0.5391834589959718
99, 6, -0.1884701302408392
84, 15, -0.1505597681177833
6, 31, -0.001933207160771219
60, 23, 1.155915269275495
92, 11, -0.0361274220043659
41, 27, 0.009258964505136099
102, 3, -0.01377938786000225
104, 0, -0.06952138898734975
56, 24, 0.2049177327240817
64, 22, 0.1381921623368968
98, 7, 0.1640006389700884
35, 28, -1.27814522689167
19, 30, 0.7562397410174407
7, 31, 0.7411194712742328
28, 29, -0.9722281922274761
82, 16, -0.0003506051085189594
74, 19, -1.022220129847019
103, 2, 1.287701678561756
71, 20, -0.2321893423687105
47, 26, 0.1621275395621893
94, 10, 0.03037281860119628
77, 18, 0.1825647058010472
52, 25, -0.009929654809051164
8, 31, 0.07690055276055208
97, 8, 0.1450888268054371
20, 30, 0.07462654135148911
68, 21, -1.160206151383637
42, 27, -0.1216708974822919
36, 28, -0.02557564256490982
104, 1, 0.4493949069193031
9, 31, -0.8909057264184514
29, 29, 0.1084364888681471
89, 13, 1.168094330078702
80, 17, 0.5299402082993627
87, 14, -0.9020789972724153
61, 23, 0.9152025281330082
57, 24, -0.116976189547925
91, 12, 0.4292340558765233
96, 9, 0.03611947561095048
21, 30, 0.08994214380366918
85, 15, -0.7644356811924859
65, 22, 0.6588922720515169
101, 5, -1.012863834886383
10, 31, -1.00207380932514
102, 4, -0.06716574052305439
48, 26, 0.0214792667172244
100, 6, -0.04288778855093787
93, 11, -1.092604434435293
-16, 32, 0.3017705217640189
-15, 32, -0.09181786640698104
53, 25, -0.08306463793275942
-14, 32, 0.01632325627410667
-13, 32, 0.09706827261596031
103, 3, 0.1523885946129235
75, 19, 0.004777522563105237
30, 29, -0.02662653224527253
-12, 32, -0.2807997062751035
72, 20, 0.02277659075978634
105, 0, -0.581522507097515
43, 27, -0.5564777944531376
37, 28, 0.5164380956714566
-11, 32, -0.2124621465231825
99, 7, 1.08492033932446
83, 16, -0.5211359885765241
11, 31, 0.3268816355729928
-10, 32, 0.08750521306937954
22, 30, -0.08649067533618304
78, 18, 0.09426017698828563
-9, 32, -0.7436209794845146
69, 21, 0.04250764094778743
104, 2, -0.2280801083946065
-8, 32, 0.344102349335353
95, 10, 0.009093739099924851