d = 43, symClass = D, D = 13.003906
[7.625566883042092, 7.625632309337918], 7.625612161881278
1, 0, 1
2, 0, -0.7772823185615536
3, 0, 0.8988193786787023
0, 1, 0.6858146125977412
1, 1, 0.7501108812926501
4, 0, 0.3921609190325253
2, 1, 0.3337409454549243
3, 1, 0.5294422109073189
5, 0, 0.564363274203677
4, 1, 0.01486360981142761
6, 0, -0.4728801586761292
5, 1, -0.09692695515575338
-1, 2, -2.196898872937227
0, 2, -0.5121036934356163
1, 2, -0.5295121192049945
7, 0, 0.7286204306304014
2, 2, 0.816343551622303
6, 1, -0.05034242123003181
3, 2, 0.9205681442857084
8, 0, 0.003681022013322308
7, 1, 0.1494591850864294
4, 2, -0.05677176008991557
5, 2, -0.4304525976381847
9, 0, -0.8171631621085091
8, 1, 0.03506050157022885
6, 2, -0.5795603664058335
-1, 3, 1.554197957568862
0, 3, 0.8789575382507021
10, 0, -3.730716173211168
9, 1, -0.1326038367353174
1, 3, 2.65894844709413
7, 2, -0.1761741374611977
2, 3, -1.189635468044475
3, 3, 0.6041861494350922
11, 0, 0.3853826583736327
10, 1, 0.5487382658727745
8, 2, 0.8922754177942051
4, 3, -0.9953400961802276
5, 3, -0.3913465834674575
11, 1, 0.8683626130559787
9, 2, 0.09369523775942662
12, 0, 1.334167784872999
6, 3, -0.7039975284207964
10, 2, 0.6343220373758558
12, 1, 0.3701431843129283
13, 0, 0.2473429224964877
7, 3, 0.5077873194927249
-2, 4, -1.11087951646637
-1, 4, 0.5809974175697357
0, 4, -0.1430665639477604
1, 4, 0.3465252152956478
11, 2, 0.1346362152338694
8, 3, 0.07834659953909502
2, 4, -0.436937454564954
13, 1, -0.9498956766579955
14, 0, 1.281160086697453
3, 4, -0.9701858321922486
9, 3, 0.7796106481246873
4, 4, 1.157338294104131
12, 2, -1.70668193914645
14, 1, -0.5495062182801616
5, 4, -0.1518703665512112
15, 0, -6.598636573819745
10, 3, 17.40294386293545
6, 4, 10.31699408888596
13, 2, -4.599111678704218
15, 1, -2.588508099883108
11, 3, 2.683503048429253
7, 4, -0.2565824920852669
16, 0, -0.4408249718627653
14, 2, 0.6497268880329107
-2, 5, 0.3001929281016618
-1, 5, 0.3699641274765465
8, 4, -1.487944405275273
0, 5, 0.6436963908778097
12, 3, -0.8091689730847373
1, 5, 0.2444222193475131
16, 1, 0.4408324956476879
17, 0, 0.3855967240429415
2, 5, -0.1483360863071324
9, 4, -0.2137251423560265
15, 2, -0.1143485203612919
3, 5, 0.8190249322657945
13, 3, -0.319932156866915
4, 5, 1.062199006771592
10, 4, -0.6852903667397108
17, 1, -0.5605106774655837
18, 0, -0.6196599563636166
5, 5, 0.03732971423581374
16, 2, 0.04010381832384886
14, 3, -0.2136824593124051
11, 4, -1.109579808715033
6, 5, -0.5085357434290331
18, 1, 0.5746610043689633
7, 5, 1.109416419572165
19, 0, 0.6836527401880165
17, 2, 0.3621915692131879
12, 4, 0.4319572618911641
15, 3, -0.9264102542844869
8, 5, 0.2364473609888287
-3, 6, 0.2070893091431857
-2, 6, 0.1082529366609754
-1, 6, 0.2624775170006622
19, 1, 0.3808825456459431
0, 6, 0.466460084535249
13, 4, -0.7540565784412514
20, 0, -0.1366922836651761
9, 5, 0.09043290312294185
1, 6, 0.2883529055645974
16, 3, 0.356222062147844
18, 2, 0.7388249177723279
2, 6, -1.246501676444948
3, 6, 0.001023805156543737
10, 5, 0.7455920198285947
14, 4, -0.7104543451560732
20, 1, 0.3948998014795262
4, 6, -0.09243495202446649
17, 3, -0.2931743806028111
21, 0, 1.133378798856949
19, 2, -0.08840073878274568
11, 5, 0.4629751494066728
5, 6, 0.007758885238610408
15, 4, 0.6014153824108377
6, 6, 0.04500788514680704
21, 1, 0.1914795679415126
18, 3, -0.8075241866491558
12, 5, -1.351925259839888
22, 0, -2.038019719500023
20, 2, -0.1464033015171916
7, 6, 0.01168325557356502
16, 4, -2.072918965362103
8, 6, -2.610952933447405
13, 5, -2.417876097009369
22, 1, -1.703830521207024
19, 3, -3.05956701300906
21, 2, 1.676116048883936
-3, 7, 2.769802317275158
23, 0, 0.428427418954383
-2, 7, 1.537068054756001
9, 6, 0.2297902292521879
17, 4, -1.515434420205303
-1, 7, -4.914305435865766
0, 7, -10.9510558474703
14, 5, -3.95520782200932
1, 7, -13.54198942689404
10, 6, 13.05682556766263
2, 7, 5.695527992668361
20, 3, 13.40181907900933
23, 1, -2.34691691427079
3, 7, -6.166745107388796
22, 2, 0.5934304927575473
18, 4, -1.434574067339817
15, 5, 3.617593724268158
24, 0, -6.453723339589259
11, 6, -2.327136736758853
4, 7, -5.229065244254583
5, 7, -0.3227599044104124
21, 3, -2.00461943144653
24, 1, 1.310693328727829
16, 5, -0.2703889504683481
12, 6, 3.24944595909669
19, 4, -3.384955502029114
6, 7, 0.8549626930252536
23, 2, 0.9271557409867468
25, 0, 1.498714604853266
7, 7, 0.1164504674047088
13, 6, -1.447456530454823
22, 3, 0.2766475365360354
17, 5, -0.4592651468242925
20, 4, -1.1038320845951
8, 7, -0.4362913869285053
25, 1, -0.1024644470208954
24, 2, -1.178043618542216
26, 0, -0.1188819490853851
14, 6, 0.6483820312633392
9, 7, 1.102343033689806
-4, 8, 0.1046639855466611
-3, 8, -0.1311563520195256
18, 5, 0.04004420147659737
-2, 8, -1.7584035727337
23, 3, 0.8938909833770003
-1, 8, 0.1301278553473556
21, 4, -0.4348215328508817
0, 8, 0.1780886837715046
10, 7, 0.1604852978398297
15, 6, -0.7877920716078215
1, 8, -0.54783372824358
26, 1, -0.2897160468835416
25, 2, 0.379490772904002
2, 8, -0.2855235112773921
27, 0, -0.471395427310183
19, 5, 0.4044959032516407
11, 7, 0.2846120624901883
3, 8, 0.5966886034368248
24, 3, -0.5408029962496719
22, 4, -0.08299168338411023
16, 6, -0.05205897257795758
4, 8, 0.00368563750923174
27, 1, 1.114110559658945
12, 7, 0.410975180501863
5, 8, 0.04662865326730913
26, 2, -0.4347031936966969
20, 5, -0.9162572593031153
28, 0, 1.174063995948805
17, 6, 0.6913199490715406
6, 8, -0.7300316110821458
23, 4, -0.243638570710737
25, 3, 0.0225971581443535
13, 7, 0.1792120093360919
7, 8, 0.6312890148411033
21, 5, 0.09036849309093503
28, 1, -0.3358105134539517
27, 2, 0.3745943857311771
18, 6, 0.7943077449958084
8, 8, 0.4207944668892328
14, 7, 0.3162469865193758
29, 0, 0.2070933839185521
24, 4, 0.3140498905863322
26, 3, -1.097481850949227
9, 8, 0.2472145200725565
22, 5, -0.3739634282135295
15, 7, 0.577440550437529
-4, 9, -0.4056178024670964
19, 6, -0.3430209260034009
-3, 9, -0.3464533477104201
-2, 9, -0.3043103324862129
29, 1, 0.2030032470431643
-1, 9, -0.2091513051587143
28, 2, -0.5663365520784786
10, 8, -0.2213329546237827
0, 9, -0.8666991884181743
30, 0, -1.276309311878271
1, 9, 0.1160538609093451
25, 4, -0.791576140802459
16, 7, 0.7018534151258613
27, 3, 0.5656562958953817
2, 9, -0.5594079438558119
11, 8, 0.6904695488117413
20, 6, 0.05424140044244694
23, 5, -0.4192829071903483
3, 9, 0.8485614952810997
30, 1, -0.2258871778169441
4, 9, 0.8657257319506347
29, 2, -0.01682196734271853
12, 8, -1.468769936444173
17, 7, 0.1825728009243365
26, 4, -0.2373081085103166
5, 9, -0.283450442465094
31, 0, 0.1000643163782598
21, 6, 0.2230604389030975
28, 3, -0.5006056011167143
24, 5, -1.050056103836139
13, 8, 0.2119183622111416
6, 9, 0.1180299592277552
18, 7, 0.3031471421351316
7, 9, 0.4313403030375462
31, 1, 0.8623173205110544
30, 2, 0.02869372283637822
22, 6, -1.20255114493835
14, 8, -0.4167761436008987
27, 4, 0.1952250131327533
32, 0, 0.4609560901738542
25, 5, -0.9963826910861664
29, 3, -0.004700589317818637
8, 9, -0.008098707919600918
19, 7, 0.6906123972092976
15, 8, 0.1558193374900697
9, 9, -0.936902038667372
23, 6, 1.179602726894691
32, 1, 0.2398107368795382
31, 2, -0.1559177150470173
28, 4, -0.3539486730613976
-5, 10, 2.567590411818712
-4, 10, 0.3383907474675155
20, 7, -0.3801723735431657
-3, 10, -0.0829222863528363
26, 5, 0.2339007683213756
10, 9, 0.5904952315853326
-2, 10, -0.7880680063241403
16, 8, 0.6286199956677574
33, 0, 1.506770859272037
30, 3, 0.5673461790945298
-1, 10, 0.924567824935046
0, 10, -0.7391448015698726
11, 9, -0.7256201377704089
1, 10, 0.7119167348926889
24, 6, 0.6791580474237844
2, 10, 0.4271990294657653
21, 7, 0.07517602664541544
17, 8, 0.1082874231184075
32, 2, -0.807072206431379
33, 1, -0.4229336409565538
29, 4, -0.1555205861253986
27, 5, -1.625381630132174
3, 10, -1.467031766214596
12, 9, 0.4121496937206414
31, 3, -0.3543970449158428
34, 0, -0.6698336759256733
4, 10, 0.3303746586017528
25, 6, 0.6760430522956316
18, 8, 0.4031057768262014
5, 10, 0.1258537662895968
22, 7, 0.1772377800863812
13, 9, 0.02518461906287015
30, 4, 0.4800377288729335
6, 10, 0.5796096600425014
33, 2, -0.3154324169203916
28, 5, 0.7879514191521301
34, 1, 0.5704811249579489
14, 9, -1.726301544674039
19, 8, -0.5553744001269521
32, 3, -0.4431919775918781
7, 10, -0.7893755881501835
35, 0, -0.9423593443098716
26, 6, -0.5953626161233325
23, 7, -1.521260160619466
8, 10, -0.05674882488704485
15, 9, -0.8230869714198399
31, 4, -1.963664865704596
29, 5, 0.03140812831117323
20, 8, -3.385969637503743
34, 2, 1.18814364452918
35, 1, -0.9384869963268331
9, 10, -1.653465177094344
24, 7, 2.197780931011753
33, 3, -2.477054809611604
27, 6, -1.554701284439893
16, 9, 1.757940124454934
36, 0, -3.477817484259778
10, 10, 0.8662605242682545
-5, 11, -2.370241535480878
-4, 11, 2.574694857318269
-3, 11, -1.772747004825965
21, 8, 0.4697498174150888
-2, 11, 0.9335272454258898
-1, 11, 3.823771220263795
30, 5, -1.473651428046945
32, 4, -5.105852098102348
0, 11, -3.937270150730206
11, 10, -1.057692559276908
17, 9, -4.279653146366834
35, 2, 2.575285543378757
25, 7, 8.656750978165837
36, 1, 4.478510082061538
1, 11, 4.323121682091055
28, 6, 3.966268711578514
34, 3, -0.7554778609022873
2, 11, -7.417572179918636
22, 8, 2.930332335529017
12, 10, 5.243536319500689
37, 0, 12.2487277783774
3, 11, 5.699240689036896
18, 9, -4.078743574555105
31, 5, 17.03686847326197
4, 11, 16.06258999812956
33, 4, -9.531648445272142
26, 7, -44.71190226233673
13, 10, -58.37194411121916
29, 6, 33.31120670327969
5, 11, 22.81168009414754
36, 2, -27.52647830959339
37, 1, 10.53588515270609
23, 8, -5.64964429467509
19, 9, -16.86242337192628
35, 3, 8.856094684855695
6, 11, -2.867650309543038
14, 10, -5.285624595057351
38, 0, 8.332460164376464
27, 7, -3.139412728700132
7, 11, -7.03456068001383
32, 5, 3.867878966323857
34, 4, 3.796856097443387
20, 9, 1.098547460068806
24, 8, 3.167465663747899
15, 10, -1.896498217308094
30, 6, 5.893125592829614
8, 11, -0.5906033747177055
37, 2, -0.9975757504398793
38, 1, 5.421419901010629
36, 3, -0.4606652021338671
9, 11, 2.03087503552514
16, 10, -0.4485327284637838
28, 7, -0.5265255930014535
39, 0, 0.5781426458485236
21, 9, -0.555919874081195
33, 5, -0.3174826222386072
25, 8, 0.501999405588743
35, 4, -2.886652049109449
10, 11, 0.509020543738962
31, 6, 1.594309813421734
-6, 12, -1.090287778918236
-5, 12, 2.607105814059777
-4, 12, -2.427297866554513
-3, 12, 0.6178249583877703
17, 10, -0.8312470782278585
-2, 12, -1.56260648911276
38, 2, -1.809024624569179
39, 1, -1.726030286799536
22, 9, -0.9230204529713227
11, 11, 0.003079941315555949
-1, 12, -0.3083206007701182
37, 3, 0.0280776840881291
29, 7, 0.6459345137048937
0, 12, -0.68112466725978
26, 8, 2.85403618098541
1, 12, 1.317073986779175
40, 0, -0.8463760735792666
34, 5, -0.8946513479345043
18, 10, -1.259155144693632
12, 11, -1.048557973465543
2, 12, 1.283119210620774
32, 6, 0.4177742946758837
36, 4, -1.783511018041689
23, 9, -0.5711319813445269
3, 12, -0.2391738729302187
39, 2, 1.802162901303124
13, 11, 1.102543795412691
4, 12, -0.4067573692397766
30, 7, 1.214741224469516
27, 8, 0.7471221892599565
40, 1, -1.353490244105703
19, 10, -1.18742510807089
38, 3, -1.994080887037693
5, 12, -1.853187920606275
35, 5, 0.500185205012177
41, 0, -0.03513236883920024
14, 11, -0.0905122501691753
33, 6, -0.03628278239496349
24, 9, 1.323890214178833
6, 12, 0.079426217820739
37, 4, -1.644663081421492
20, 10, 1.854574283228918
28, 8, 0.6025971028381807
31, 7, -0.6475820100576654
7, 12, -0.269457205144326
15, 11, 1.045573022559345
40, 2, 1.266478297844351
41, 1, 0.9872492756238773
39, 3, 0.6566054824690263
25, 9, 0.9202618306226968
8, 12, 0.7440570154763261
36, 5, -0.03019799624267476
21, 10, -0.1300545810108585
34, 6, 0.2891158736887531
16, 11, -1.301515156141369
42, 0, -2.326932318508751
38, 4, 0.5804188554727026
9, 12, -0.1155282454546124
29, 8, -0.06490607074721719
32, 7, -0.094931889585048
26, 9, 0.7679054266931841
22, 10, 0.08128347161439639
10, 12, 0.2579607634474978
41, 2, 0.1400070991427698
17, 11, 0.529283257225917
42, 1, 0.5224447362373786
-6, 13, -0.2893322118082728
-5, 13, -0.2393031721246364
40, 3, -0.2873431875184822
-4, 13, 0.7402031809884324
37, 5, -0.3726786499749691
-3, 13, -0.1380784363727317
35, 6, -0.04540887521598819
11, 12, -0.4779653676974202
-2, 13, 0.06100123546773503
30, 8, 0.4434359054939504
-1, 13, 0.7037968508310413
43, 0, -0.1541735884655136
39, 4, -1.35216512611214
18, 11, -0.7433452179001712
33, 7, 0.402244704700693
23, 10, 1.412221989097247
0, 13, 1.06574202099949
27, 9, -0.7945285072500844
12, 12, -0.5735782902644586
1, 13, 0.3301960347672522
2, 13, 0.3635842003839075
42, 2, -1.768747638402129
19, 11, -0.7738448942185946
43, 1, -0.1365842450285117
41, 3, -0.1631429310345198
3, 13, 0.281821165927357
36, 6, 0.1187381274306788
38, 5, -0.577372651289163
13, 12, -1.17430911566194
31, 8, -0.6125926273013866
24, 10, 0.5274731265328015
4, 13, 0.4838160367373203
28, 9, -0.312954591991748
34, 7, 0.6194731920547617
44, 0, 1.705154387804589
40, 4, -0.4576587872076912
14, 12, -0.0275571300565726
5, 13, -0.508125748482087
20, 11, 0.7718441853817217
6, 13, -0.6205985190505395
25, 10, 1.054042866829955
43, 2, 0.5876709738796532
32, 8, -0.3438957268268494
37, 6, -0.5763859258687226
42, 3, 0.2745588451747549
15, 12, -0.01598762972793982
44, 1, -0.1471163999691803
39, 5, -0.6776254595165176
29, 9, -0.2237230494535117
7, 13, 0.1926547231400619
21, 11, 0.9131121772718548
35, 7, -0.2829855263685285
41, 4, 0.4598524490603537
45, 0, 1.740748799615937
8, 13, 0.3191398610146728
16, 12, -0.5950768047313135
26, 10, -0.6544943905952481
33, 8, 0.9794856755850979
22, 11, -0.7418942833153116
9, 13, 0.2436724168984387
30, 9, -0.5283756957793329
44, 2, -0.906109565420164
38, 6, -0.8041720458365136
40, 5, -0.1708952667804775
43, 3, -0.1542971752888214
17, 12, 0.08715417756739637
45, 1, -1.058808642093556
36, 7, -0.3212571717647936
10, 13, 0.4127177185590414
27, 10, -0.9108139835809159
-7, 14, -1.321560603781398
42, 4, -1.073606236881401
-6, 14, -0.6768660907403825
-5, 14, 0.2183188734524042
23, 11, 0.6934430571573009
46, 0, -0.433011790420788
-4, 14, 0.2210684493762663
11, 13, 0.3807744741001577
-3, 14, -0.7237690980384905
18, 12, 0.3283536084525278
31, 9, 0.5735362083816066
34, 8, 0.2302616913417704
-2, 14, -0.1720015367597535
-1, 14, -0.322240987284322
39, 6, 0.5642422539679107
0, 14, 1.772080749097216
45, 2, 0.9563271817813312
12, 13, 0.7807423281136797
41, 5, 0.1031961291983852
28, 10, -0.6202364818671787
44, 3, -0.2550887539330605
37, 7, 0.5914979349298198
24, 11, -0.3735031792253471
1, 14, 0.05248535100566529
46, 1, -0.209251275438579
19, 12, -0.09986393169553963
2, 14, -0.2019555632170127
43, 4, 0.6392277455876706
13, 13, 1.703907852380086
32, 9, -0.360220908005836
3, 14, -0.7677785014914793
47, 0, 0.8595479844344783
35, 8, 0.5861386826991593
20, 12, 0.2681931378584466
4, 14, -0.5099361820195847
29, 10, -0.6759331187378333
25, 11, -0.03099082012139764
40, 6, -1.719625664524651
14, 13, 0.2440826337959982
42, 5, -0.1639410580755898
38, 7, 0.08552138780925195
5, 14, -0.3774038585220187
46, 2, 0.1211299657641423
45, 3, 0.1830637699606558
47, 1, 0.321192800632245
6, 14, 0.6343340977011095
33, 9, 0.5307489845804267
21, 12, 0.02187719519762088
15, 13, 0.4475339313110647
44, 4, -0.02312143255117169
36, 8, 0.4335269187229829
26, 11, 0.2250553924157102
30, 10, -0.6040267601581208
7, 14, -0.8744296071939882
48, 0, -0.001821296741635011
41, 6, 0.5018321949516562
16, 13, 0.1127926235960243
22, 12, -0.2275696711031576
8, 14, 0.2997083162146964
39, 7, -0.4521583043646613
43, 5, -0.0110782143782433
47, 2, 0.08407954475084962
46, 3, 0.1785216811214859
34, 9, -0.1890940932380288
27, 11, -0.4915206345461058
48, 1, 0.0360256103404711
9, 14, 0.3237334024449269
37, 8, 0.1831517371172657
17, 13, 0.4401688423219523
31, 10, 0.2998927427091012
45, 4, 0.6371832013444919
23, 12, 0.4722948672921878
10, 14, 0.5255981042315329
49, 0, 0.7663922347949937
42, 6, -0.1812818968895875
18, 13, 0.2790446253983306
40, 7, -0.1709689989115674
-7, 15, -0.7194364577839379
-6, 15, -0.2731116127591174
28, 11, 0.5417563180248809
-5, 15, -1.625656257813956
44, 5, -0.3625097955542974
35, 9, -0.1478512183821037
11, 14, 0.129041019276339
-4, 15, -0.3640310262118058
-3, 15, 0.1290879518743155
48, 2, -1.11610068008907
32, 10, -1.118898839228196
24, 12, -0.3538957441135632
47, 3, -0.09907588071929853
-2, 15, 0.6230892681512684
38, 8, 0.769566758618254
49, 1, -0.4121687645549041
-1, 15, -0.6543146546331018
19, 13, -0.7945387706832425
12, 14, 0.39924887051072
0, 15, 0.05238294482664287
46, 4, -0.01011749116280884
29, 11, -1.067829177329177
1, 15, -0.9545662242720347
50, 0, -1.370948816829481
43, 6, -0.451484633983476
41, 7, -0.1950462853785883
13, 14, 0.02465029215709147
25, 12, 0.03266015493533362
2, 15, 0.2607004286852598
36, 9, 0.228929024420444
33, 10, 0.4702034731896601
20, 13, 0.04075516150126644
45, 5, 0.1110364563710119
3, 15, 0.373883614696725
39, 8, 1.134220105846494
49, 2, -0.1887830152069062
48, 3, 0.4348338855960202
14, 14, 0.7439199230182076
4, 15, 0.2037500938036311
50, 1, 0.07074421417158638
30, 11, 0.324688955095899
26, 12, -0.3176653909776028
47, 4, 0.5528004575479665
21, 13, -0.2427364736420907
5, 15, 0.2816711717912798
15, 14, 0.02142192356575845
37, 9, 0.1470412717310077
44, 6, -0.2868253239828076
34, 10, -0.5799676915577324
42, 7, -0.1061158031224464
51, 0, 0.7537090026124924
6, 15, 0.1266574404225596
46, 5, -0.814364772590943
40, 8, 0.4432283975414306
22, 13, -0.2079828350933616
7, 15, -0.3105692369406527
31, 11, -0.9559695857876898
16, 14, 0.4460849378950345
27, 12, -0.424607743366497
50, 2, 0.005416124852044863
49, 3, -0.2652697118766292
8, 15, 0.02294214012806554
51, 1, 0.2829661673750439
48, 4, 0.360026023824275
35, 10, 0.3063042573650664
38, 9, -0.3605021938780932
17, 14, -0.2322703282135369
23, 13, 0.2086288406737806
43, 7, -0.3368862666098061
45, 6, 0.2177207967710851
9, 15, 0.001755260957310005
52, 0, -0.3345038254923547
28, 12, -0.4545119517457666
32, 11, -0.3228507581489528
41, 8, 0.9420593302018918
47, 5, 0.04071081225862026
10, 15, 0.1518821328739199
18, 14, -0.601742720839167
51, 2, 0.614436488802353
24, 13, 0.5528391910430971
50, 3, -0.2153026303595785
-8, 16, 0.7785306575932647
-7, 16, -0.4087311191031248
-6, 16, 0.246116818185229
36, 10, 0.1929483795725176
-5, 16, -0.5406263440653654
11, 15, 0.872721521426678
39, 9, 0.2168488285567872
52, 1, 0.4132718970256358
-4, 16, 0.535905717858737
49, 4, 0.309156320896426
29, 12, 0.0303383501020057
-3, 16, -0.5647212573570614
44, 7, -0.1739269333298856
33, 11, -0.7271803158755589
19, 14, 0.1912074649007899
46, 6, -0.5284495853458171
-2, 16, -0.71561705192004
12, 15, 0.6322820701504084
-1, 16, -0.008644143868503439
42, 8, 0.2613233066552357
53, 0, 0.8398786023204172
25, 13, -0.3977104394864182
0, 16, 0.05461302912209347
48, 5, 0.1174187549073242
1, 16, 0.3973314417054127
20, 14, -0.3710315396692974
37, 10, 0.3399918010813511
13, 15, 0.7828818768965516
30, 12, -0.7049115642539395
40, 9, -0.4012291186425003
2, 16, 0.4303608735009475
52, 2, 0.3186492206129438
51, 3, -1.000074111559947
34, 11, -0.2690104924151451
53, 1, 0.05781682966975261
26, 13, -0.07979632784210881
3, 16, 0.09556355128862286
50, 4, -0.6312978635169997
45, 7, -0.1411811437935637
14, 15, -0.3188630760206194
47, 6, -0.2728578653216621
21, 14, -1.4255822688663
4, 16, -0.2321382911708726
43, 8, 0.4780197555039004
54, 0, -0.1131201688188134
31, 12, 0.1936478219485469
5, 16, -0.2288189029554441
49, 5, -0.7640137415679108
38, 10, 0.2846333280062172
15, 15, 1.11918452183241
27, 13, 0.3749696463066107
41, 9, -0.4137954252761696
35, 11, -0.8540368178133794
22, 14, 0.1831380264883438
6, 16, 0.07027023528687715
53, 2, 0.7806945270247846
52, 3, -0.435986415048835
16, 15, -0.04027510486913891
7, 16, 0.5490174576226131
46, 7, 0.1449730700294279
54, 1, -0.2263290899486645
51, 4, 0.2153625521468332
48, 6, 0.7251886295685289
44, 8, -0.1331081489693189
32, 12, -0.7224680923910231
28, 13, 0.9826182635870191
23, 14, 0.6905091029771433
8, 16, 0.1423376068481307
39, 10, 1.093033262730592
17, 15, -0.1649302609579121
36, 11, -0.6856954617121694
55, 0, 1.739056644681186
50, 5, -1.26101764390894
42, 9, 0.1930232514536213
9, 16, 0.3489453295225759
53, 3, -0.5799780990968204
54, 2, -0.592074944848358
24, 14, -0.7973892164906269
33, 12, -0.05686359526445774
18, 15, -0.2753046463058145
10, 16, 0.5100192892708444
47, 7, 0.1000384323506381
29, 13, 0.05141932547493268
52, 4, -0.4344801710866532
45, 8, 0.4404024147871997
55, 1, 0.08596321073636468
49, 6, 0.623332421877048
40, 10, 0.7168127303072324
-8, 17, 0.4393887892237577
37, 11, 0.6706009252813511
-7, 17, -0.4951027348927704
11, 16, 0.271150830143271
-6, 17, 0.9728377187269034
-5, 17, -0.6086950241496865
19, 15, -0.01045649855607001
-4, 17, -0.1726151304187786
43, 9, -0.3806864863744931
51, 5, -0.8986733899734697
25, 14, -0.4436718789270355
56, 0, -1.454257688950425
-3, 17, 0.1349438740785283
34, 12, -0.008190449397627779
-2, 17, 0.01407229764333641
30, 13, 0.04647353092939937
12, 16, 0.3789419132082322
-1, 17, -0.1828912554393282
20, 15, -0.8484657026150265
54, 3, -0.2222423836672286
55, 2, -0.3349634142657082
48, 7, -0.3414895202032416
0, 17, 0.717288503887302
46, 8, 0.7648305003334801
41, 10, 0.09944527438338718
38, 11, -0.04358635361341652
13, 16, -0.335145940225161
50, 6, -0.3045214845438372
26, 14, 0.03127001265076604
1, 17, -0.1707375166997731
53, 4, 0.1854866677611435
56, 1, -0.3508437808323607
2, 17, -0.2436349858309843
44, 9, -0.2484691595871929
31, 13, -0.6796242623217943
35, 12, -0.03901827894698479
21, 15, -0.1924874718544771
14, 16, -0.4838687246372204
52, 5, 0.3787831475150681
3, 17, -0.4010313389101769
57, 0, 0.4616147730557721
27, 14, 0.3615527259593492
4, 17, 0.5262272990697223
39, 11, -0.09374504564525063
15, 16, -0.7618403382901903
49, 7, -0.3967943335752516
42, 10, -0.2281903557807089
55, 3, -0.7034146623915229
47, 8, 0.6492257051004993
22, 15, -0.1273870909718999
5, 17, 0.413695363254263
56, 2, 0.4094478998242644
32, 13, 0.8993006543073487
51, 6, 0.2406470740319627
54, 4, -0.7654776296375541
36, 12, -0.4653662942189768
57, 1, 0.5226198855934883
6, 17, 0.3553120977737313
45, 9, -0.5825326213312348
16, 16, -0.1862953067623733
28, 14, 0.07625948958178029
7, 17, -0.4544898631009781
53, 5, 0.02201624049195144
23, 15, -0.5014337361731543
58, 0, -0.2673311762382037
40, 11, -0.2272232262093543
33, 13, -0.4067591603539799
17, 16, 0.09890257775500132
8, 17, -0.1553414288336717
43, 10, 0.5000526503562698
50, 7, -0.2261834842362301
48, 8, 0.1879778348015043
37, 12, 0.5523512397392795
56, 3, 0.5061416795480326
29, 14, 0.4587882429783411
57, 2, 1.187238388568247
24, 15, -0.5038630593944702
52, 6, -0.08662945846578123
9, 17, -0.2513402078780077
55, 4, -0.1347091745380065
46, 9, 0.164390291148938
18, 16, 0.2426238006396178
58, 1, 0.3872445355324078
10, 17, -0.139612690129286
34, 13, 0.01986143645314956
54, 5, 0.264841031919497
41, 11, -0.3784722820991686
25, 15, 0.1325506193081656
44, 10, -0.5230936613831844
30, 14, 0.03278552460691943
59, 0, 1.63239268239638
19, 16, 0.1750648497811229
-9, 18, -0.5773368329185995
-8, 18, -0.4070366766093073
38, 12, -0.2821356027951226
11, 17, -0.2732126555623234
-7, 18, -0.1269305146106861
-6, 18, -0.07565567073533433
51, 7, 0.3258770528937512
49, 8, 0.8963638638174415
-5, 18, 0.5797353043043536
-4, 18, 0.2992608251660367
57, 3, 0.6212453692210718
-3, 18, 0.2457014294453357
53, 6, -0.2917589239405036
47, 9, 0.4987873370522816
58, 2, 0.05339825594259859
12, 17, -1.1752054797784
-2, 18, 0.5598995387050728
56, 4, 0.08609460770418539
20, 16, -0.2999773332306764
35, 13, -0.02870116956381935
26, 15, 0.01045087350301571
-1, 18, 0.07053384510826739
59, 1, -0.1179790715530377
31, 14, -0.2052993603171055
42, 11, -0.1109009680551599
0, 18, 1.324026913366006
13, 17, 0.3529569607081182
39, 12, -0.2456554071519989
55, 5, -0.4762629819796813
45, 10, -0.1463079706020338
1, 18, -0.9888444589710471
21, 16, 0.2752303951917675
60, 0, 0.7338506284751872
2, 18, 0.6657890039477091
50, 8, 0.7763423120251577
52, 7, 0.4248839651368849
27, 15, -0.01366735287908966
14, 17, 0.8032126499099365
36, 13, 0.2846965227553696
48, 9, -0.7606859775363333
3, 18, -0.8163488311740185
32, 14, -0.5190426328247423
54, 6, 0.8996163634462584
58, 3, -0.1377525778621454
59, 2, 0.04029967955517554
4, 18, 0.04897436912509906
22, 16, 0.2844774585216083
57, 4, 0.5311875559490324
43, 11, 0.5471367348726996
15, 17, 1.006541011301627
40, 12, -0.005556370096024356
60, 1, -0.0261449997664296
46, 10, -0.09317590497258132
28, 15, -0.4656531272776585
5, 18, 0.04816702769539454
56, 5, 0.5532610192954204
33, 14, 0.5261410681296367
16, 17, -0.9403037172570318
6, 18, -1.094633216169218
37, 13, 0.4187227852240439
51, 8, 0.6565219707562675
23, 16, 0.3562465793088678
53, 7, 0.4166025389840323
61, 0, 0.4178446688985915
49, 9, 0.3694158215842741
7, 18, -0.2056452925811397
55, 6, 0.2120136336249238
44, 11, -0.9357120083416398
29, 15, 0.3978885504397714
59, 3, 0.03190980615877591
41, 12, -0.03615531274384285
17, 17, 1.055268041068004
60, 2, -0.2839565928391499
8, 18, 0.1846568097910875
58, 4, -0.2681821622932267
24, 16, 0.7522596488913004
47, 10, 0.03690636518746587
34, 14, -0.4787903962778448
61, 1, -0.5259060797452615
38, 13, 0.1087335275063995
9, 18, -0.2086625809196301
57, 5, -0.7945139952876106
18, 17, -0.2063239359301497
52, 8, 0.1513593036027694
30, 15, -0.3459663808352235
54, 7, -0.07843311187420232
50, 9, 0.9166461329596084
25, 16, 0.6450424315959173
10, 18, -0.7269609113786638
62, 0, -1.067450215954839
45, 11, 0.02411750557034067
42, 12, -0.5778434738805286
19, 17, -0.4458419438027902
56, 6, -0.6660779297692115
35, 14, -0.5595822112324096
60, 3, 0.5482311773249751
-9, 19, 1.565549796805997
11, 18, -0.4849018110368838
-8, 19, 1.418614540942752
48, 10, 0.5744237818880832
-7, 19, -0.661682269338472
61, 2, -0.2478261499042029
39, 13, 0.06452428153983
59, 4, 0.5646989032561172
-6, 19, 0.7009268773433653
-5, 19, -0.7039072997146616
31, 15, -0.7383910959378126
26, 16, -0.3255440739496333
-4, 19, -1.270557585482584
62, 1, -0.09119377135455042
20, 17, -0.8995723215310221
-3, 19, -0.7620933075649143
12, 18, -0.5478825399352261
58, 5, -0.07263480334554449
53, 8, -0.1778632152058114
-2, 19, 0.03858489246023152
55, 7, -0.5977052924849503
43, 12, -0.4055382882065293
51, 9, 0.6232319018465472
-1, 19, 0.06805527361985227
46, 11, -0.02384255530621138
36, 14, -0.7817810616805078
13, 18, -0.6342120178717684
63, 0, 1.661666163695818
0, 19, 1.226679623992655
21, 17, 0.453835499399404
27, 16, 0.3990971297868879
40, 13, -0.1260608375483392
32, 15, 0.5324995080890648
57, 6, 0.05005080595460933
49, 10, 0.6840247950497205
1, 19, -0.3876111346259798
61, 3, -0.4201431547362657
14, 18, 0.05876056387261606
62, 2, -0.1186728080031645
2, 19, -0.2704030076440892
60, 4, 0.001082132897073264
3, 19, 0.1958584609048077
22, 17, 0.6278895970940751
63, 1, 0.04168406989061577
37, 14, -0.2329450670617761
44, 12, -0.1246989066556349
28, 16, 0.5512803763872592
59, 5, -0.116583446602654
54, 8, 0.4788709509231594
47, 11, 0.7158422526082204
33, 15, -0.004109163942172781
15, 18, 0.3121491631458395
4, 19, 0.1607848619074686
52, 9, -0.04618249441520043
56, 7, 0.06930376280514679
41, 13, -0.5682546727718453
5, 19, -0.6733409962273662
64, 0, -0.4766700663621363
23, 17, 0.5622753138607048
50, 10, 0.6974958380373885
58, 6, -0.8808689563553732
16, 18, -0.2198433164626246
29, 16, -0.4940695531908315
6, 19, -0.432622731583528
62, 3, -0.4283191954963372
38, 14, -0.08363509878141084
63, 2, 0.3247274303124365
61, 4, 0.8829429660031723
34, 15, 0.9275552990396463
45, 12, 0.1505682560055399
7, 19, -0.004905705263562666
17, 18, 0.3556031845586231
48, 11, -0.04586998961314154
24, 17, 0.5006160840244056
55, 8, 0.9599929352932265
42, 13, 0.661966353598843
64, 1, -0.4742180948743858
60, 5, 0.0659707803089284
53, 9, 0.1114465814316615
57, 7, -0.7656961468942703
8, 19, -0.6863790160456075
30, 16, 0.6519477691803274
51, 10, 0.2783917663233712
18, 18, -0.1766395871412276
39, 14, -0.7059234778442077
9, 19, -0.3890229986723681
65, 0, 1.21662685576482
35, 15, 0.1468851667765976
25, 17, 0.352889386123605
59, 6, -0.3802620956752636
46, 12, -0.3217754779952534
63, 3, 0.8040473093991283
10, 19, 0.6221767957554813
43, 13, 0.1485081399104611
19, 18, 0.8484359096622047
64, 2, 0.6945758277050578
62, 4, 1.009739871888278
49, 11, -0.5148846264268191
31, 16, -0.1439594912151508
56, 8, 0.2207504092855375
54, 9, -0.3675317946569634
26, 17, -0.1482445411815553
-10, 20, 0.02394058652881565
65, 1, -0.5299738217720055
61, 5, 0.750673732180644
11, 19, -1.445860907435717
-9, 20, -0.1062618852628968
-8, 20, -0.4252856254999429
58, 7, -1.358062370891595
-7, 20, -0.8338080741046811
36, 15, -1.100775063573269
40, 14, 0.2254861597273538
-6, 20, 0.1997383452488242
52, 10, 0.08382182322721968
20, 18, -0.1512736020231747
-5, 20, 1.1153363876965
-4, 20, 0.4214108626205166
12, 19, 0.06834481878111193
-3, 20, 0.08808507575541795
32, 16, 0.6773179136690032
66, 0, -1.309048130064797
60, 6, -0.5592110900572838
47, 12, -1.482272489605424
-2, 20, 0.6822782053630188
44, 13, -0.9730896479348449
27, 17, -0.7895536788586868
50, 11, -1.102989906566238
-1, 20, 0.5782994656702038
21, 18, 0.526268959009807
64, 3, -1.22058944035819
13, 19, -0.6251369057148655
63, 4, -0.3319512675045976
65, 2, 0.3409736800971417
37, 15, 0.7936999814943411
0, 20, -0.3434711043194469
57, 8, 0.04365503340770181
55, 9, 1.471237201296181
41, 14, 1.243592148452038
1, 20, -0.200878974236376
62, 5, 1.932735423480265
66, 1, 0.7639027384166752
59, 7, -0.4025642590678753
33, 16, 0.422952489934415
14, 19, -0.7127354108815586
53, 10, 0.4003002532173824
28, 17, 2.061609112627534
22, 18, -1.279923161554861
2, 20, -1.436432214430365
48, 12, 0.5907681213153191
45, 13, -0.3558827684678603
3, 20, 0.6985904278877807
15, 19, -0.7170011439813413
61, 6, -1.289631675699467
67, 0, 0.1709611425359097
38, 15, -0.6760097589450985
51, 11, -0.469157442995717
4, 20, 0.4435382797914276
23, 18, 0.0578188139975053
42, 14, 1.25034806865262
29, 17, 0.5709102481910289
34, 16, 1.108000340608437
65, 3, -1.740343113810099
5, 20, -0.2968418477731719
64, 4, 1.41379272856425
56, 9, 0.1918011969749493
16, 19, -0.206042293269782
66, 2, 1.245923242246098
58, 8, 1.678720441455661
54, 10, 0.4847862725051682
6, 20, 0.00266579457468143
63, 5, -0.06925573541332163
60, 7, 0.7230472817238289
67, 1, 0.04699367506684265
24, 18, 1.524227841773433
49, 12, -1.03810510829896
46, 13, -0.8509450648700055
39, 15, 0.4842997819663657
17, 19, 0.9216624449023669
30, 17, -0.03255445343069254
7, 20, 0.05130336639902323
35, 16, -0.8425130584967137
52, 11, 0.6129631108957583
43, 14, 0.9022757764651876
62, 6, -1.893786665803024
68, 0, -0.2905560499821711
8, 20, -0.6677128159163528
18, 19, -0.8609912571902483
25, 18, -0.6552091837836181
66, 3, 0.9372344946612877
57, 9, 0.6912507548639572
59, 8, -0.4762133533174599
65, 4, 0.2246100437302569
9, 20, 0.02202985964186119
67, 2, 0.325708237055006
31, 17, -0.526604271188273
55, 10, 0.7540782395604925
40, 15, 1.173223815835966
47, 13, 1.542163447062462
50, 12, -0.2967191246404315
61, 7, 0.6832183079197769
36, 16, -0.8133679134803133
64, 5, -0.7468155274771606
19, 19, -0.4741859202311638
10, 20, -1.073363653489902
68, 1, -0.2535925502651473
44, 14, 0.6019625905507401
26, 18, 0.08678012324613656
53, 11, 1.088066891368131
11, 20, 0.9144985639276419
-10, 21, 0.8537546209450055
63, 6, 0.855154772842604
-9, 21, 1.216416375657672
32, 17, 0.6014979120386937
-8, 21, 0.7731352528568037
20, 19, -0.0761736645223991
-7, 21, -0.7995253358002881
69, 0, 0.2874629380535054
-6, 21, 0.6047536094731754
41, 15, -0.2293304012164045
-5, 21, 0.9919398158840204
58, 9, -0.8295806917049791
37, 16, -0.6157649003643879
27, 18, -2.379200099824719
-4, 21, -0.1548299728365918
60, 8, 0.09359610869110076
12, 20, -0.5761743515699475
48, 13, 0.02652185873214816
67, 3, -0.3385129192084517
66, 4, -0.6426874023245898
56, 10, -0.7339574149397722
51, 12, 1.386794491883373
-3, 21, 0.1128647507909987
68, 2, -1.759477149553466
45, 14, -0.5369018582745314
21, 19, 0.09192160752064593
-2, 21, 0.06071090080695127
62, 7, -0.2346992923780814
65, 5, -2.409790639065208
33, 17, -1.253189754135339
13, 20, -0.8404928565156281
-1, 21, -1.223207564916178
69, 1, 0.4299033278928465
54, 11, 0.03779047049605829
0, 21, -0.06257615940460301
28, 18, -0.5651862167557683
38, 16, 0.09532497233199837
42, 15, -0.4722603644012621
22, 19, 0.6404530012746221
1, 21, -0.1479379536662532
64, 6, 0.5523364437059851
14, 20, 0.6426553959422689
49, 13, 0.8475714143037828
2, 21, -0.798743979341771
70, 0, -1.460780840489302
59, 9, -1.973815961743102
52, 12, -0.2626872104353571
61, 8, 0.7360355423911585
34, 17, 0.01009705064412361
46, 14, -0.3745050551694006
57, 10, -0.9322337672717589
3, 21, -1.469807192254774
15, 20, 0.05195688953232731
68, 3, -1.289618080843905
29, 18, -1.093406123319568
67, 4, -0.5187368674524797
23, 19, 0.8969644717906811
69, 2, -0.8813744725902998
63, 7, 0.1656999304009186
4, 21, 0.3111235476302059
66, 5, 0.2471063737630499
55, 11, -0.3349185627327712
39, 16, 0.3148324024632548
43, 15, 0.08672942454504846
16, 20, 0.1685766101324988
70, 1, 0.2115309439072139
5, 21, -0.2758593221075404
35, 17, -0.8519390981310022
24, 19, 0.1757674297150972
30, 18, 1.407728430416312
50, 13, 0.2133965654701169
65, 6, 1.75719959646307
6, 21, -0.5399781844412136
47, 14, -0.9511949709958366
53, 12, -0.7261299476152416
17, 20, 0.7124820805328742
60, 9, 1.445065831724126
71, 0, 0.9409778659739571
62, 8, 0.3888091636398035
58, 10, 0.3574183019461238
7, 21, 1.825899236618929
40, 16, -0.1635510273809567
69, 3, 0.3899337101033392
44, 15, -0.5797994086574529
25, 19, -0.4087052743150542
68, 4, -0.7981009570533396
64, 7, 0.4713060604905909
56, 11, 2.012690812856534
31, 18, 1.883498488554816
8, 21, 0.855088107439827
70, 2, -1.659925926110278
18, 20, -0.8446563949805882
36, 17, 1.957969829597838
67, 5, -0.5104879225939958
9, 21, -0.05466008568382383
71, 1, -0.1985314101634945
51, 13, 0.2168976604851162
48, 14, 1.214802284946048
26, 19, -1.071839343583836
19, 20, -0.5926303132020659
66, 6, -0.5122768241228366
54, 12, -1.359267502073455
41, 16, -0.79070657075018
61, 9, -0.6882594030527514
10, 21, -0.1927446246993751
32, 18, -0.1908977698450386
59, 10, -0.9596516298906171
45, 15, -0.8823525160981673
63, 8, -1.006809184199983
37, 17, 1.008164172261384
72, 0, -1.127961407442404
20, 20, 0.3989099158633955
11, 21, 1.204499082780885
-11, 22, 0.308264366086047
-10, 22, 0.3188168671883319
57, 11, 0.6933537169830902
-9, 22, 0.2623674956918544
70, 3, 0.6403955383801705
-8, 22, 0.6154437572772136
69, 4, 1.409310727596641
27, 19, 1.29241925597813
65, 7, -1.337266696608425
-7, 22, 0.1801387961665894
71, 2, 0.3558295008680445
-6, 22, -1.011567323569559
-5, 22, -1.441630259707558
68, 5, -1.833417295012306
52, 13, -1.166365837613287
49, 14, 0.6842050018264287
33, 18, 0.7192593930458598
12, 21, 0.8768271163994429
42, 16, -1.023857672210017
-4, 22, -1.150048852375767
21, 20, 0.02972034185655081
-3, 22, 0.7710239911202468
72, 1, 1.23737025992969
55, 12, 0.8976911770234114
38, 17, 1.542767263012557
46, 15, -0.3932932887171445
-2, 22, -0.4814953820387648
67, 6, -1.638645163104077
28, 19, -1.726094868716191
62, 9, 0.239809684948437
13, 21, -0.6125616984502438
60, 10, 2.810807855750573
-1, 22, -0.2944283896395284
64, 8, -1.194924209550098
0, 22, 1.84450400452759
22, 20, 2.329797743305613
73, 0, 1.14849558804993
34, 18, 1.274554814654909
58, 11, 1.514740722845215
14, 21, -1.385707659138607
1, 22, 2.316268624466543
71, 3, 0.3909213273185464
43, 16, -0.3662531551857777
70, 4, -0.04115027940581421
50, 14, -0.6654130923161403
66, 7, 0.6578676197213096
53, 13, -0.09614102459191656
39, 17, 0.288052502933692
29, 19, -0.4634087689373909
72, 2, -1.221304192745336
2, 22, 0.09874368696952922
69, 5, 0.4543492287342364
47, 15, 1.180296798185162
23, 20, -0.3470417615370689
15, 21, 0.3075193500037864
56, 12, -0.0921257013426436
3, 22, 1.355955984174517
73, 1, 0.6506583584314719
35, 18, 0.5193062075703342
63, 9, 0.2404545354347663
68, 6, 0.5091295839561069
4, 22, 0.1974508524870188
61, 10, -0.2143514038476902
30, 19, 0.8592489463236961
16, 21, 0.4125852313968198
65, 8, 0.9337364917618423
44, 16, 1.280380497095681
24, 20, -0.7031443060222712
40, 17, -1.493851834215377
5, 22, -0.9653389855177628
59, 11, -3.178410567633333
51, 14, -1.343958117746691
74, 0, 1.015076742206992
54, 13, -2.021226778322645
6, 22, 0.7298644656885294
67, 7, -0.3971119107967698
17, 21, 0.2785435701336045
72, 3, 0.6003154241102118
48, 15, 0.1211665847941199
71, 4, 1.328509617057776
36, 18, 1.15756705450155
57, 12, -0.7202551144452717
73, 2, -0.2642951857034363
31, 19, 1.180514849836039
70, 5, -2.273669471537698
25, 20, -2.592848259320992
7, 22, -0.7409706770012894
18, 21, -0.9971580856633517
41, 17, 1.288104257522617
74, 1, 0.1168904704199391
45, 16, 2.10036558405922
64, 9, -0.09900815982374075
62, 10, 1.135324793875091
8, 22, -0.3380627926647758
69, 6, 0.01129139130681694
66, 8, -1.039917821752244
52, 14, -1.286751678329479
60, 11, -0.1752946824749121
26, 20, 1.900926236559089
55, 13, 0.5966271715282263
37, 18, 0.02150039241668841
32, 19, 2.739426882312574
9, 22, -0.2389069967835012
49, 15, 0.9057850973901902
19, 21, -0.4755863949950829
75, 0, 1.041299322023262
68, 7, -0.01057601261793449
58, 12, -0.3863052553299842
10, 22, -0.7085612845548778
73, 3, -2.123190732500652
72, 4, -0.5289728327430898
42, 17, 0.3520792414645868
74, 2, 0.8299129487996381
46, 16, -0.7694717565339717
27, 20, -0.3190149432022553
71, 5, 1.004688039101293
20, 21, -0.7491515384119507
33, 19, -2.795379852713288
11, 22, -0.1854546349693388
-11, 23, -3.031426587591829
-10, 23, -1.319177731755299
38, 18, -1.080653111778358
-9, 23, 0.4089241458193101
-8, 23, 0.2948680295556242
63, 10, 0.8630688057162741
65, 9, 1.605213035407836
53, 14, -1.629850408294558
-7, 23, 1.619880148101955
75, 1, -1.230818753082035
70, 6, 1.173717812681738
-6, 23, 0.9880218329498507
61, 11, -0.2026856781879787
56, 13, 0.161491913552875
50, 15, 2.904066209162513
67, 8, -1.165409193192636
-5, 23, -1.145648366767863
12, 22, 2.127869070120022
21, 21, -0.5810975374465986
-4, 23, -0.4272684542818169
28, 20, -0.1987896538013316
43, 17, 0.2504097631137652
-3, 23, 0.1876712373565242
59, 12, 0.3055907354411367
34, 19, -1.780517195674788
76, 0, 1.452610254602936
47, 16, -0.1481841581079491
-2, 23, -0.3874004049793803
13, 22, -0.5758621381199016
69, 7, -0.07054648613353774
39, 18, -1.411940926799482
74, 3, -1.416687987810569
73, 4, -1.113240006868194
22, 21, 0.4152142286136955
-1, 23, -1.966647689136429
75, 2, -0.5809711346954048
72, 5, -1.261113269596111
0, 23, 0.8625345228017671
29, 20, 0.2541328813907752
54, 14, 0.7974988046011181
14, 22, -0.1075421104864715
64, 10, -0.6450154057892112
66, 9, -0.9321396022962295
51, 15, -1.258869000841125
1, 23, 0.5947193746562729
57, 13, 0.03774217009837559
62, 11, 0.4703559830005983
35, 19, -0.8262031186478087
76, 1, 0.1484247673616686
71, 6, -0.8174874569751381
44, 17, -0.670850292010105
23, 21, 0.2887395251351309
2, 23, -0.4713700354889725
68, 8, -0.249408432188922
15, 22, 0.7612818133213175
40, 18, -1.564747280517165
48, 16, -1.597762739795439
3, 23, -2.096750523781402
30, 20, -1.663315009680359
60, 12, -1.704168255717379
4, 23, -0.5195962297736744
77, 0, -1.343732749171975
70, 7, 1.134897298787571
24, 21, -1.202597297864838
16, 22, 0.2446431308588483
74, 4, -0.5608105160117602
75, 3, -0.8836084419808896
55, 14, -0.2603123401119747
36, 19, 1.439383609858753
5, 23, 0.1610621925085969
52, 15, -1.069656939846561
73, 5, 0.6658053805986273
45, 17, 0.5756668810351041
76, 2, -0.6317724835561768
65, 10, 0.2859146924261309
58, 13, -0.64690506486614
31, 20, -0.3180950220406115
67, 9, -0.2274572976221947
41, 18, -0.8031852531156691
17, 22, 0.1222927447101586
6, 23, -0.3623266614846889
63, 11, 2.378810079520499
49, 16, 0.7356446886530188
25, 21, -1.366235888494309
72, 6, 0.3279224034915231
77, 1, 0.0448263858632762
69, 8, 0.5688562031597705
7, 23, 0.7466425723682834
61, 12, 0.7233336790837889
37, 19, 1.0669025211793
18, 22, 0.8655045520272892
32, 20, -0.3978018335826144
8, 23, 1.18271509348056
26, 21, 2.339061034617523
56, 14, -0.4656525162340562
71, 7, 0.4538317232218696
46, 17, 0.667922389446823
53, 15, -0.652123413882893
78, 0, 1.860418844469201
42, 18, 1.490644598668825
75, 4, -0.167501383347869
76, 3, -0.1476357952812111
19, 22, -0.1007885107017169
59, 13, -1.470039479879017
9, 23, 0.8079871148443675
66, 10, 0.06605074841903709
50, 16, -0.6987156957379999
74, 5, 1.534472974318989
77, 2, 1.702342320918691
68, 9, 1.291607760274565
64, 11, -1.156797297604003
38, 19, -0.6720971958264613
27, 21, 0.305518202294918
33, 20, 0.535465597400845
10, 23, 0.6721264804644036
73, 6, 0.09899648148152937
70, 8, 0.6069314667590268
20, 22, -1.30921818117304
62, 12, -0.723918388252182
78, 1, -4.161317669072965
47, 17, 0.9423069295821265
43, 18, -2.81951823361773
-12, 24, -1.850164421061025
11, 23, -0.03909098198643615
-11, 24, 0.9285908398347432
-10, 24, 0.8071215213241387
54, 15, -0.2480699282630627
-9, 24, 0.8583057094404658
57, 14, -0.9478618122788881
-8, 24, -1.404608731099043
-7, 24, 1.600536939894031
28, 21, 0.6918428797209334
72, 7, -1.415056926689084
21, 22, 0.3295453060567222
-6, 24, -2.32443608637318
51, 16, 0.8255744492498156
39, 19, 0.9778862364004869
34, 20, 0.4331038868638007
60, 13, -1.244275005433839
12, 23, -0.576956203437648
79, 0, 1.615313854299137
-5, 24, -1.569930591995911
-4, 24, -0.2059389367037855
76, 4, -0.3032103397579092
77, 3, 2.405172768995719
67, 10, -0.3436407978932139
65, 11, 0.5535722420647373
-3, 24, -2.360264882859996
69, 9, -0.7926192621821502
75, 5, 2.335638101989926
78, 2, 1.027846051825552
13, 23, 0.1866613294096739
44, 18, 1.30670705122578
22, 22, 1.553648219924312
-2, 24, 1.103648109580859
48, 17, -1.294543249780981
29, 21, 1.189109373802331
63, 12, -1.291216679848313
-1, 24, 2.701610278524366
71, 8, -1.08612592921669
74, 6, -2.53346710679886
55, 15, 0.9536173861008552
35, 20, -0.01130903089049451
79, 1, 0.3610337504650222
40, 19, 0.004228335896078479
58, 14, 1.596915574168231
0, 24, 3.742535599877968
14, 23, -0.6102080591614737
52, 16, 0.5102888618318436
23, 22, -1.051757198758433
1, 24, 0.5307065056860027
61, 13, -1.282023304560397
73, 7, 0.2994830141374524
30, 21, 2.56973996821485
2, 24, -2.618836389593965
15, 23, -0.3455342177272011
45, 18, -0.342374906810704
80, 0, -1.092021821510542
68, 10, -0.432132223026946
77, 4, -0.851881515436484
66, 11, -1.663586161511157
49, 17, -0.5888437772391143
36, 20, 0.3101508949484755
3, 24, 0.2856864600382772
78, 3, 1.254863757048528
70, 9, 1.080912597720739
24, 22, -0.2167183422302765
76, 5, 0.3405842048308441
41, 19, 0.5629574405225005
79, 2, 2.873122593787933
16, 23, -1.48090434002533
4, 24, 1.011601188455388
64, 12, -0.1160235067857416
56, 15, 0.2392956220814112
59, 14, 0.2574947912021364
31, 21, 1.625846355077179
72, 8, 0.3444716592247564
75, 6, 0.1899404623600363
53, 16, -1.947093825738617
5, 24, 1.199116255752543
80, 1, 0.4994707682893404
25, 22, 0.8074176558397816
17, 23, -0.4151060739333108
46, 18, 4.634725008319058
62, 13, 1.087532680662478
37, 20, 2.506071481275565
6, 24, -1.332299383535304
50, 17, -0.8745061060735712
74, 7, 1.213573822951523
42, 19, 2.048211841571499
32, 21, -3.145177490348913
69, 10, -1.234547350355976
7, 24, 0.9219191572585625
67, 11, 0.1072057258804739
18, 23, -0.2844707050993964
81, 0, 1.078846644925126
71, 9, -0.3522484287757333
78, 4, -0.7351966940612154
26, 22, -3.174844340790207
79, 3, -0.8255762768174044
57, 15, 1.106153292434638
77, 5, 2.468846257879739
65, 12, -0.7390637987571718
8, 24, 1.385713400659494
60, 14, -1.491810336723866
54, 16, 3.065278445927552
80, 2, -2.521597443176781
38, 20, 1.739883914680755
73, 8, 1.435078155323942
19, 23, 0.3757754409553013
47, 18, -5.025716266130503
76, 6, -0.1024763591790234
9, 24, 1.555834975098022
33, 21, -3.040693422837563
43, 19, 0.1358435310941564
63, 13, -1.675962956307475
51, 17, -0.3281366843085554
27, 22, 0.87775153378024
81, 1, 0.7460437552927552
10, 24, -1.136195308304981
20, 23, -1.119669950128487
75, 7, 1.507529066529314
70, 10, 1.107775989709938
39, 20, -3.447809290937928
68, 11, -0.5316197927243987
58, 15, -1.734552510284464
-12, 25, -2.096770831106495
55, 16, 0.2539042439881695
34, 21, 0.6298098135202425
11, 24, -0.7982237448795935
-11, 25, -2.131890096379092
72, 9, 2.732045182159791
82, 0, -0.8163883287888727
28, 22, -0.1802066562626134
-10, 25, 1.078181293265232
-9, 25, 1.924709562252438
61, 14, 0.6419703071963598
66, 12, -0.09982726632039667
48, 18, 0.373746897712926
79, 4, 1.384784962554624
80, 3, 0.6458913445110407
-8, 25, 0.05915233029756827
44, 19, 1.503123391880366
21, 23, 1.058577503472413
78, 5, 1.76470882371272
-7, 25, -0.5024098573235196
-6, 25, 1.100650430035355
81, 2, -0.5102586845340511
52, 17, 1.90072691143924
12, 24, -2.008370958573007
74, 8, 1.163340887809216
-5, 25, 0.2366082128035221
77, 6, -0.6149170489727918
64, 13, 5.497372788300365
-4, 25, -2.143898878701401
40, 20, -1.428017535785342
29, 22, 0.08244305308287313
22, 23, -0.001959380660008772
-3, 25, -0.4594250738290049
35, 21, 1.226063709292749
13, 24, 0.2758657426811641
82, 1, -1.504861911071479
-2, 25, 2.395002265259599
59, 15, 0.9681939811344531
76, 7, -0.2287277376178699
49, 18, -0.3039641358529704
56, 16, -2.137755650336389
71, 10, 0.6360680922023133
69, 11, 1.498920827102644
45, 19, -0.7602722590427721
-1, 25, 1.372464194739639
62, 14, -0.8051962193347707
14, 24, 3.605657967753891
0, 25, -1.776661328679783
73, 9, 0.3309404259207
67, 12, 0.03381084507557883
23, 23, 0.4665493462850077
30, 22, -1.847469173964617
83, 0, 1.557771494525128
53, 17, -1.250418213297654
80, 4, -0.271616013222467
1, 25, -1.431506676915197
41, 20, -1.387901758128905
81, 3, 1.160179751383778
36, 21, -0.7470440755438728
79, 5, -1.177251103761352
15, 24, 2.131703771890319
75, 8, -1.33316180662012
65, 13, 0.7773091664986914
2, 25, 1.02357495025925
82, 2, -0.1400438077541446
24, 23, 0.2565177815231472
78, 6, -3.108694376034331
3, 25, 0.1030979293365674
46, 19, 1.277223005894
50, 18, 1.071590800602115
31, 22, -2.398406468782798
60, 15, -1.531618766763485
16, 24, 0.2688104025812375
57, 16, -0.006996637554618827
83, 1, 0.6286405444038418
4, 25, -1.159292319193
37, 21, -0.3313016826893194
70, 11, -0.6526084345468428
72, 10, -0.986146670458394
42, 20, -1.535510552694588
77, 7, -0.8961344549669409
63, 14, 0.7450714275266032
54, 17, -1.038597469964161
25, 23, -0.708144404585152
68, 12, 0.03646679595921622
5, 25, 2.536318592834983
17, 24, -0.3465836972383265
74, 9, -1.110256534728333
32, 22, 0.4718825093514989
84, 0, -3.275259547074966
6, 25, -1.412441412644107
81, 4, -2.597856234322469
82, 3, 1.333061678793624
66, 13, -0.067639619258717
47, 19, -4.121072040775021
80, 5, 1.524982581465776
51, 18, 3.360670371922792
76, 8, 0.8033115660722409
18, 24, -1.017273765679634
38, 21, 0.002242076528087295
26, 23, 0.2014698843671087
83, 2, -0.3520924376378616
7, 25, 0.695198093810023
58, 16, -1.358444198856688
43, 20, 2.448963822926093
79, 6, 1.442677530552399
61, 15, 0.551511207998071
8, 25, 1.575061764491829
55, 17, 1.061551282792209
33, 22, -2.174174557433942
64, 14, 0.5457418718712133
84, 1, 1.81538057107132
71, 11, 2.547634342111122
19, 24, -0.03572704116226081
73, 10, 1.78749685169372
78, 7, -2.526413669499459
27, 23, -1.914357158387912
69, 12, -1.885948354306683
9, 25, -3.28660094468504
48, 19, -5.43701039690911
75, 9, -0.6965549314245327
39, 21, -2.056297710837348
52, 18, -0.4598066245011663
44, 20, -0.2495585889723241
20, 24, -1.608940068500574
67, 13, -3.173696160347188
85, 0, 1.639802320663259
10, 25, 3.280317261825922
82, 4, -0.05364583648220378
34, 22, 3.833677624387711
83, 3, -0.6686464590336522
81, 5, -2.49381005653601
59, 16, -0.1133780596471172
28, 23, 1.985925275838804
77, 8, -0.5687422580293496
62, 15, 2.410779342852356
56, 17, 0.8626983221025709
-13, 26, -0.6921203090509283
84, 2, -0.9811756934081015
-12, 26, -0.1175656718212825
11, 25, -1.346521984514611
-11, 26, 1.468588331237322
-10, 26, -1.373723232764578
80, 6, 0.9161732087492125
21, 24, 2.171920506145189
-9, 26, -2.11273144904475
65, 14, 0.07458744019895762
40, 21, 1.261953664228507
-8, 26, -0.1447802831591319
49, 19, 0.3370481930050927
-7, 26, -0.5652447258856759
72, 11, 3.133726077996079
74, 10, 0.643545429114842
-6, 26, 1.020657707984101
12, 25, -0.8005332354452945
35, 22, 2.388062251767308
85, 1, 3.682573273608656
70, 12, 1.369965934967309
45, 20, -0.6381252432384574
53, 18, -2.320779488685754
29, 23, -2.097211627038609
-5, 26, 2.91886077479237
79, 7, -0.4173962250589447
22, 24, -1.319667885367398
-4, 26, 0.3277564328315352
76, 9, -2.402512079649393
68, 13, -2.263081507823758
-3, 26, -1.898141430158143
13, 25, -0.4730508395724638
60, 16, 2.269820302416043
-2, 26, 0.239244402908059
63, 15, -0.06367436531564746
41, 21, 1.81925641144605
86, 0, -0.7802076521744538
83, 4, 2.933973882463162
57, 17, 2.647771577962567
84, 3, -1.048220836213429
82, 5, 0.528563392066044
30, 23, -0.517829902017758
-1, 26, 0.1671762853807521
78, 8, 3.066500656749304
36, 22, 3.659769711958585
23, 24, -0.09788358271234925
14, 25, 2.804060606367075
50, 19, 3.940115059263054
66, 14, -4.693476674952723
46, 20, -2.221368402265829
0, 26, -1.89282803491897
85, 2, -1.40979238123662
81, 6, 3.71202696351884
54, 18, -3.690570233191084
73, 11, -1.587179818763803
1, 26, -3.168552816134661
75, 10, 5.074582661994251
15, 25, -1.6923992902882
71, 12, 0.9423100461097315
24, 24, 2.825290803422973
2, 26, -1.037957780134915
86, 1, 0.5189856596840928
31, 23, -2.249127009899578
42, 21, -1.066834807303791
80, 7, 2.051506684206216
37, 22, -0.8313061224650373
77, 9, 1.181854267183803
61, 16, -2.616535967898157
69, 13, -0.3289273491781809
3, 26, 5.354835256953722
58, 17, 2.596657493641558
64, 15, -0.3185578015962908
16, 25, -1.195896754780687
51, 19, 1.243619078038817
47, 20, 1.441161246871918
4, 26, -2.113496392717944
25, 24, -1.031504836047862
84, 4, 8.860832521627042
87, 0, -4.915256816188709
79, 8, 1.314562397060256
85, 3, -2.565795567844063
83, 5, -3.310266071898773
55, 18, 1.396764039020575
32, 23, 2.636016798849911
67, 14, -1.656169217062671
17, 25, 1.330305047869115
5, 26, -0.9826699473984604
43, 21, 2.904445230340752
38, 22, -0.03644575444980206
86, 2, 1.009890853023867
82, 6, 0.2295669841304964
74, 11, -2.753848329992954
6, 26, 4.113639562073115
72, 12, 1.777933319065376
76, 10, -0.5246862062234975
26, 24, 2.251218313618968
18, 25, 0.773911005196933
62, 16, 0.2046474046209576
59, 17, -1.226630934751168
52, 19, -2.460324422773105
48, 20, 5.438418932317818
7, 26, -0.07710386883203657
87, 1, 1.534434523162739
81, 7, -2.441808839992247
33, 23, 2.069904851303885
70, 13, 0.8727907684099659
65, 15, 2.442554417683547
78, 9, -0.56019137076647
39, 22, -2.876710317944623
8, 26, -1.232675635876332
56, 18, -2.480081596224188
44, 21, 1.779508460552877
19, 25, -1.554613094377797
27, 24, -0.09605260944022653
68, 14, 3.780863152745922
85, 4, 0.8534935498372531
88, 0, -5.874070310848345
80, 8, -3.915789029808691
84, 5, -4.112297121634967
9, 26, -6.017573832878283
86, 3, -0.2849229460038229
34, 23, -5.137080622282868
20, 25, 7.950688777115269
75, 11, -2.10222170751554
49, 20, -1.661332282412542
83, 6, -0.5834201064780059
87, 2, 2.395113378017147
53, 19, 1.706079044454423
73, 12, 1.336788986230293
28, 24, 4.278301357224757
63, 16, -2.037421441893476
10, 26, -1.327837975018057
77, 10, -3.095870130963868
60, 17, 3.731288796546488
40, 22, -3.199914990487326
66, 15, 1.003634220323587
45, 21, 0.8785691746737988
71, 13, 2.709983123806408
82, 7, -2.333737014966488
-13, 27, 1.546914550313063
57, 18, 1.776621841674055
-12, 27, 2.39918831416125
21, 25, -0.4640572172739005
88, 1, 0.4928909624428728
79, 9, 0.8802407692712695
11, 26, 0.8285754631151345
-11, 27, -0.9151572767014295
35, 23, -1.225031368336176
-10, 27, 0.03929179010753931
-9, 27, -2.051629295910902
-8, 27, -0.1564162039277231
29, 24, 1.585686928381087
-7, 27, -4.130056549431071
69, 14, 3.17058202420885
12, 26, 4.452365657765323
-6, 27, -0.9590272402897556
50, 20, -0.933866637906033
41, 22, 2.562091238419498
22, 25, -3.136255894118627
-5, 27, 2.470717589554824
81, 8, 0.9113434989005493
54, 19, -2.452238537239771
86, 4, -1.641234773875598
89, 0, 3.784086322101633
85, 5, -1.123456351333878
-4, 27, -0.6069726987320442
87, 3, 3.121827362896442
46, 21, 0.3401902290821788
64, 16, -0.5394597289197588
61, 17, -5.345856032305791
76, 11, 0.007771096233628499
36, 23, -1.41375954275468
13, 26, 4.319403139805639
-3, 27, -2.040760769949101
74, 12, -0.3751296243034332
84, 6, 2.331248817453015
30, 24, -0.6415827693736453
88, 2, 0.02989140983969544
78, 10, 2.927841243842396
-2, 27, 0.5635848865353977
67, 15, -2.331136799429546
58, 18, -0.5113011909427856
72, 13, -0.9051321371773824
23, 25, 0.4083557407886856
-1, 27, 1.851395638371691
14, 26, 1.320410027466601
83, 7, -0.5201872048486941
80, 9, -2.067485385267951
42, 22, -5.152266901907637
0, 27, 4.72570831868388
89, 1, -6.702371826611177
51, 20, 1.216146716924235
70, 14, 0.2765015184726816
37, 23, -4.162984272971744
55, 19, -0.347665870042539
31, 24, 0.3767622647609907
1, 27, -3.847134855866093
47, 21, -3.247212805668132
24, 25, -0.2487484271650342
15, 26, -2.783958780419084
62, 17, 3.160176462501902
2, 27, 0.7523940595401075
65, 16, 5.04900425499217
82, 8, -1.647292406902637
87, 4, -2.584718748759924
90, 0, 6.306788418034552
86, 5, 0.4523347994626645
88, 3, 0.883443118009308
77, 11, 4.375551202224781
59, 18, 0.49227403707979
16, 26, -3.618713385391091
75, 12, -3.375077117637107
3, 27, -2.143453746399971
68, 15, -3.482371981587627
43, 22, 5.495125582477965
25, 25, -0.2248205855418086
32, 24, -4.767544142508596
85, 6, -1.055730837597561
79, 10, 0.85490615432092
73, 13, -0.4309840682017305
38, 23, -1.068744163390551
89, 2, -3.049609080628946
4, 27, -1.625498038181911
52, 20, 2.351871698144714
48, 21, -0.941567635996858
17, 26, 0.6657551604328923
56, 19, 2.768448476953142
5, 27, 3.117316870931915
81, 9, 3.642504153874425
84, 7, 2.109566761028133
71, 14, -2.699625422507081
90, 1, -5.973541143648001
26, 25, -4.070555532522316
33, 24, -0.2964037057810296
6, 27, -6.920097600410383
63, 17, -0.4552273042147505
66, 16, 3.208769728162168
44, 22, -4.277095613202512
18, 26, -3.085316789999177
39, 23, 1.597952368909376
60, 18, -0.8013261047803389
83, 8, 1.1777273020496
7, 27, 4.885248991899771
53, 20, -4.552021303097965
69, 15, -0.5458141848818799
88, 4, -5.149078817362785
76, 12, -2.006300899463851
78, 11, 2.912023341568361
87, 5, 2.710720880970108
27, 25, -3.332170772497776
91, 0, 3.862693446605481
49, 21, -4.426051252345347
89, 3, -1.786966629744606
19, 26, -6.928649832851056
74, 13, -1.425215105672799
8, 27, 5.055887089466788
80, 10, 2.49849735090025
57, 19, 3.94298026735874
86, 6, -1.369059351510294
34, 24, -3.338209823201065
90, 2, 1.564078738393563
45, 22, -3.470819389782069
40, 23, -3.69498034188504
9, 27, 0.8709683639290015
72, 14, -0.1437014478704394
82, 9, 3.00399275145484
20, 26, 0.03522019163171778
85, 7, 1.743372674924438
28, 25, -1.331173794272581
64, 17, -6.917321915723248
67, 16, -2.940607189368678
91, 1, -0.5364354073308043
61, 18, -3.994819862267221
10, 27, -0.3972949451154641
54, 20, 1.776209573764691
50, 21, 0.4230142793942254
35, 24, 2.29760667100697
21, 26, -1.080760375243817
70, 15, 1.998957955366428
-14, 28, 6.755502068868511
-13, 28, -5.600379882688082
84, 8, 1.329016033111777
-12, 28, -0.555997671730208
77, 12, -0.6136130333147772
58, 19, 4.873943225561026
11, 27, 0.8926783806615081
-11, 28, -1.651909661806942
79, 11, 0.4022099901015265
29, 25, 3.927918597917033
41, 23, -3.268250188076912
-10, 28, -0.6041397850607658
46, 22, -0.5297264734030702
89, 4, 2.344606045286222
-9, 28, 0.6707144475809413
88, 5, -0.9609158115403007
75, 13, -2.062358431887736
92, 0, -0.6771897174652106
-8, 28, 1.002791520025025
90, 3, 2.929372086855973
81, 10, -0.5111022890689784
-7, 28, 6.574339623635251
87, 6, -1.729411722820285
12, 27, -3.682034955868603
22, 26, 5.962044834569441
-6, 28, 6.1924455754452
36, 24, 3.440230890209422
91, 2, 2.103698557898845
73, 14, 1.680812018683975
65, 17, 2.336279561020192
-5, 28, -1.350549795706573
51, 21, 4.339586987103964
62, 18, -0.6796426109160528
55, 20, -2.786353419122694
30, 25, -1.31256399538188
83, 9, 2.208387550811387
68, 16, 0.3170790368457108
-4, 28, -4.142565177004401
86, 7, 3.696175668315701
13, 27, -3.071665004783656
42, 23, 5.528406042086807
-3, 28, -0.9969268145290734
23, 26, 0.596794411185065
92, 1, 2.737178206829931
47, 22, -2.714558751548463
-2, 28, 0.3911351699310386
59, 19, 1.423163682766662
71, 15, 4.711724792968919
37, 24, -1.780515360303971
14, 27, -3.451772900194307
-1, 28, -5.088270462482912
78, 12, 5.775376421314334
85, 8, -3.557499997775995
80, 11, 2.046880381816369
31, 25, 2.276308275596836
76, 13, -4.609980401401535
0, 28, -0.7530383596333913
90, 4, -4.45375556194136
24, 26, 2.338892251469707
89, 5, 4.468106119028191
82, 10, -4.405332542733825
52, 21, -2.312800325729078
93, 0, 7.160669422548742
15, 27, 8.702556437383365
91, 3, -5.518015751233615
1, 28, 0.2628778844845133
56, 20, -2.560621446455183
66, 17, -3.991596553725322
43, 23, 4.673567716613119
63, 18, 2.118650864409102
88, 6, 1.647113214357788
74, 14, -0.5176859314167083
69, 16, 1.149825814726003
48, 22, 3.116278536738403
2, 28, 3.695684656294431
92, 2, -0.9592042787234726
38, 24, 3.568845908693972
32, 25, 0.5812508854173978
84, 9, 1.019055904782276
16, 27, -2.860666716657559
60, 19, -0.3686327755580127
25, 26, -3.455037885142594
87, 7, -5.617549816039062
3, 28, 1.266212972459732
72, 15, 1.423060627050895
4, 28, -2.042537481356379
93, 1, -6.172436286434172
44, 23, 1.46038729837089
17, 27, -0.9807324707681121
79, 12, 4.892154304710402
53, 21, 3.215060718530749
81, 11, -5.656672835583173
86, 8, 0.5611049269130268
26, 26, 2.281174005251102
77, 13, 2.800568659075025
57, 20, -3.035215727541848
33, 25, 3.666731131422039
5, 28, -7.931888971828537
39, 24, 3.432602160302845
49, 22, 2.17397348869948
67, 17, 9.825468120302476
64, 18, 7.810070948567611
83, 10, -6.619751771183315
91, 4, 3.954233801746641
90, 5, 4.91158161312867
6, 28, 1.488195884722053
18, 27, 3.810747997858434
75, 14, -2.064987538764094
94, 0, 0.6497056410568529
70, 16, -0.4257101273065116
92, 3, -1.065295976809739
89, 6, 3.670251326966595
61, 19, -2.258776440637166
27, 26, 3.342433896669353
7, 28, 3.076923207603098
93, 2, 1.338458978254296
45, 23, 0.8486347375485277
85, 9, -4.232929807417921
34, 25, 2.792851754673231
19, 27, 4.679164010249369
40, 24, 5.314315235724328
88, 7, 5.275806943857574
73, 15, -3.818812585277159
54, 21, -2.653000899031181
8, 28, 4.485297881992472
58, 20, 9.871642022425901
50, 22, 10.17362614369921
94, 1, 0.2099263460691466
80, 12, -3.78238409099613
28, 26, -0.7251339818475651
82, 11, 5.157001777088539
78, 13, -4.446847571924059
9, 28, 4.543257793969078
68, 17, -2.144524054440891
65, 18, -0.009054684610308403
20, 27, 6.556478124318686
87, 8, -1.855642562708268
35, 25, 2.29479133066211
71, 16, -0.5704104835641938
62, 19, -9.816432297071518
46, 23, -6.092935896283367
84, 10, -3.232016812007559
76, 14, -4.398822470545174
41, 24, 3.688672666126264
10, 28, -4.246057074521261
92, 4, -5.259503058274038
91, 5, -1.177280502590888
95, 0, -2.588437099453009
93, 3, 0.6306859532410697
21, 27, -0.1300181229539136
55, 21, -3.906560765207242
29, 26, 0.8227792380844809
90, 6, -5.422428437997025
-14, 29, 4.048661034858257
-13, 29, 4.652229228552407
51, 22, 6.881304009239458
-12, 29, 0.4811769938543928
11, 28, -5.956236604745771
-11, 29, -6.858487140980684
86, 9, 3.081612465050898
74, 15, -0.7723772596687207
59, 20, -0.9997074386260627
-10, 29, 3.089478685704314
94, 2, 0.8667091155388532
36, 25, 3.686037199250896
-9, 29, 5.595811832117239
89, 7, 0.9015864901863618
-8, 29, -5.633025997634429
22, 27, -4.539310015846275
-7, 29, 1.646457189671922
12, 28, 1.762295565988759
66, 18, -5.379396892502064
42, 24, -6.951048679596654
47, 23, 0.4275475956218544
69, 17, -4.194828334050323
-6, 29, 0.002289189563609516
30, 26, -3.979668552918054
81, 12, -5.256987676932026
79, 13, 2.506479485348055
95, 1, 7.029784661233126
-5, 29, 4.189376914119634
83, 11, 3.49963102724571
63, 19, -3.264829682359365
-4, 29, -5.122284541778019
88, 8, 5.243285189075706
72, 16, -2.88910763676004
13, 28, -4.242715505628709
77, 14, 7.313286522618991
56, 21, 10.95575999631407
37, 25, -5.513495876776465
23, 27, -4.586419197434665
52, 22, -9.076376402334391
-3, 29, 2.595976913380881
85, 10, 3.953103534961041
93, 4, 1.192757559968228
-2, 29, -1.304279009477297
92, 5, -0.4674090733279319
60, 20, -5.967723637532984
31, 26, 8.798138567152876
14, 28, -3.077733033411644
96, 0, -11.17739260290891
94, 3, 4.138286672260818
43, 24, -5.730095388594256
91, 6, -4.818599247140231
-1, 29, 4.17401779827505
75, 15, -3.543613956481124
48, 23, 0.116087987376865
87, 9, 1.906369828932952
24, 27, -6.726407912767851
0, 29, 7.58678717745544
95, 2, -3.952808258868655
67, 18, 3.304929163089157
90, 7, -0.8701408796038079
70, 17, 2.474813733840989
38, 25, -5.953805547451934
15, 28, 8.110514879029351
1, 29, 3.753772136141924
64, 19, 7.560084953454697
82, 12, -6.850107894299755
32, 26, -14.84088800764943
57, 21, 0.8683311437462761
80, 13, 2.993931801786743
53, 22, -4.943011290978919
84, 11, -5.237966241853131
73, 16, -0.9366100985062664
2, 29, -0.5382210095252657
25, 27, -2.030555998127016
96, 1, 2.293336045987386
44, 24, 5.559894699789504
16, 28, 5.025305986681945
78, 14, 1.298774828935988
89, 8, 0.5415075303540491
61, 20, 0.009785004809146814
49, 23, -5.483939731731025
3, 29, -10.44895540195174
86, 10, 3.381191341385171
39, 25, -1.949387404618398
33, 26, -9.308113235262566
4, 29, 2.148048283284022
94, 4, -2.522660751962359
93, 5, -2.503288940404399
17, 28, -6.025705085090587
76, 15, 1.311865685885457
26, 27, 2.001434305374636
97, 0, 5.741223843260839
95, 3, 4.267328866070025
92, 6, 7.434103728561949
68, 18, -3.499534199481592
5, 29, 1.878535844932532
88, 9, 0.8092340924694637
71, 17, -8.469176191304918
54, 22, -1.168322941851441
65, 19, 5.6885826408881
58, 21, 3.97398870936347
45, 24, -3.715187327406677
96, 2, -7.437901305922822
18, 28, -5.676921591703406
91, 7, -7.015817777291664
6, 29, -2.023753157338304
83, 12, 1.661513061643098
50, 23, 0.5539823607753699
81, 13, -3.478280035566694
40, 25, -3.760947110424623
74, 16, -2.74899243096082
34, 26, -4.200540027471671
27, 27, -1.181074740110092
62, 20, 3.936819333578702
85, 11, 2.720102481256317
79, 14, 3.006910343112313
7, 29, 5.981392974261288
97, 1, -3.226686321671143
19, 28, 1.135006059286271
90, 8, -2.965788724098427
87, 10, 8.96389474331667
8, 29, 2.917229901381069
46, 24, 3.136614481673322
77, 15, 4.365710888505541
55, 22, -2.666405203895322
28, 27, 0.7130286256200218
69, 18, -3.579295138431651
59, 21, 0.6662753608293834
35, 26, -2.975579797820089
95, 4, -5.588138622743872
94, 5, 6.693491389129202
66, 19, -3.018636343417689
41, 25, -2.556107168032181
20, 28, -4.045485100619044
72, 17, 10.91010081559917
51, 23, -9.724145460595695
9, 29, -0.1340953520826149
96, 3, 0.573895627616906
93, 6, -1.684164360957865
98, 0, 0.8917551657064511
89, 9, -14.04075073033912
63, 20, 3.814158364002164
75, 16, -1.296999327202554
10, 29, -4.699826113309116
29, 27, 2.466188532125402
97, 2, -7.289706407326634
92, 7, -2.67524835674239
84, 12, -0.3682201656572865
82, 13, -2.849920980618027
21, 28, -1.998342380010615
36, 26, 2.315572066688452
86, 11, 3.950914223838388
47, 24, -3.562719744780376
-15, 30, 5.400402164648876
80, 14, -2.578358228927618
-14, 30, -2.646785566394538
-13, 30, -2.395148221911833
-12, 30, 2.857143944766186
42, 25, -4.883210663480205
11, 29, -5.97259688842203
-11, 30, -5.595282499983789
56, 22, 1.098151993072579
-10, 30, -7.023315066219374
60, 21, 1.085288251589234
-9, 30, 1.563065316313606
98, 1, 3.701744159739298
91, 8, 5.470391255428401