d = 43, symClass = D, D = 12.242188, Y = 0.07705053407944615
[9.734831766117367, 9.734871904752499], 9.73485046515739
1, 0, 1
2, 0, 1.0058056768197
3, 0, -0.9539535324405838
0, 1, 0.07112845035997105
1, 1, -0.01032320838321799
4, 0, -1.417539134245722
2, 1, 0.5142241993991077
3, 1, -1.326863700886
5, 0, 0.168054272950302
4, 1, -0.9763600661661337
6, 0, -1.213961033247137
5, 1, -0.3202818384133541
-1, 2, -0.5913975482600815
0, 2, -0.159137763472418
1, 2, 0.9529511759247451
7, 0, -1.17719534419217
2, 2, 0.452188744062146
6, 1, -0.6491845420623009
3, 2, 0.5598022837370911
8, 0, -1.00919291852367
7, 1, 0.00342143576568371
4, 2, -0.6249692134205757
5, 2, 0.170599737723283
9, 0, -0.5456266100618128
8, 1, 1.286934330271295
6, 2, -0.4972635638989354
-1, 3, -0.8262866098656049
0, 3, -0.06943580166642994
10, 0, 0.6138088990453554
9, 1, -0.0883922593910349
1, 3, 0.6106766035984611
7, 2, 1.243414900191814
2, 3, -0.1217507845534364
3, 3, 0.6320924686168388
11, 0, -2.696040462611547
10, 1, 1.907785131329933
8, 2, -0.888063127377016
4, 3, -0.5983680639332766
5, 3, 0.7922372763524447
11, 1, 0.3149707827247998
9, 2, -0.4148456096207794
12, 0, 1.190870632703014
6, 3, -0.4550317873997826
10, 2, -0.932730019144738
12, 1, -0.5675478549349964
13, 0, -0.1641663181173166
7, 3, -1.002657411844441
-2, 4, 0.2100533573211723
-1, 4, 1.403983313235242
0, 4, 0.1017526978014151
1, 4, 0.1566669940439576
11, 2, 0.9706464148296685
8, 3, -1.10075077886252
2, 4, 0.4655540850419069
13, 1, 0.4795699502738941
14, 0, 0.6392211492538665
3, 4, -0.3958439352561656
9, 3, 1.322729418906815
4, 4, -0.3238246004866433
12, 2, -0.7267407444717719
14, 1, -0.1917073163215983
5, 4, 0.3896959614927163
15, 0, 0.6240516360918624
10, 3, -1.209592192546615
6, 4, 0.2815873671385263
13, 2, -0.1814352923054866
15, 1, -1.24324309760221
11, 3, -1.951977360578887
7, 4, 1.851421292807222
16, 0, -0.2071490386479609
14, 2, 0.2168574466807421
-2, 5, -0.4358142052953828
-1, 5, -0.3827170773765083
8, 4, 0.3431211347044936
0, 5, 0.01590803815649337
12, 3, 0.9557042142319575
1, 5, 0.6200521811044218
16, 1, 0.8897727201405926
17, 0, -0.5352763963856783
2, 5, -0.8249108873905427
9, 4, -0.1625224993420699
15, 2, 0.07892225033948208
3, 5, -0.6922803948980948
13, 3, -0.2996236847706936
4, 5, 2.069167704437572
10, 4, 0.07989388002054225
17, 1, 1.018518211760522
18, 0, 0.1057160688007823
5, 5, -0.04331577788624908
16, 2, -0.1116437964395616
14, 3, -0.4813874634237389
11, 4, 1.536192068301786
6, 5, -1.711672667059301
18, 1, -0.1581194550521345
7, 5, -0.6040968902366105
19, 0, 2.245707423682873
17, 2, 1.343170170795394
12, 4, 0.7870694879287886
15, 3, 0.3620064529456366
8, 5, 1.338935267014965
-3, 6, 0.1519995120899385
-2, 6, -0.7680376906938368
-1, 6, -0.5272281751014618
19, 1, 1.167857398076632
0, 6, 0.5557343653131025
13, 4, -0.362204828249609
20, 0, -0.483065763209278
9, 5, 0.57995550244217
1, 6, -0.8308759453881753
16, 3, -1.423418532016116
18, 2, -0.9269556399491973
2, 6, -1.327821948551443
3, 6, -6.705090912602537
10, 5, 0.9858063097044047
14, 4, -1.0795833894518
20, 1, -0.1060149804690664
4, 6, 0.2768422148812443
17, 3, 0.2762499766393235
21, 0, 1.764867451609589
19, 2, 0.3966608516688955
11, 5, 0.5860466136792719
5, 6, 0.4547334614128469
15, 4, 1.233277446363437
6, 6, -0.5576398060676921
21, 1, 0.5821266241109132
18, 3, 0.8181484126830183
12, 5, 0.8773440950229148
22, 0, -1.830422372174463
20, 2, 0.4439409210147354
7, 6, 0.1216941722952317
16, 4, 0.9553259244056583
8, 6, -0.2018497179959676
13, 5, 0.3355123166788466
22, 1, 0.9602861150238668
19, 3, -0.8649799605194651
21, 2, -0.7070441193739332
-3, 7, 0.2666645368984989
23, 0, -0.2712807830441548
-2, 7, 1.361661264496165
9, 6, -0.246161566658518
17, 4, 0.01183138714779861
-1, 7, 0.1134956858807573
0, 7, 0.2156454190982388
14, 5, -0.4329756369468709
1, 7, -0.5596716956893012
10, 6, 0.08659378930671795
2, 7, 0.9576852753109442
20, 3, -0.1717635290216206
23, 1, 1.405757993340226
3, 7, 0.07223437633948616
22, 2, 0.00920701007789799
18, 4, -0.418211463451383
15, 5, -0.3543997286631048
24, 0, 0.5849622916303668
11, 6, 0.2353555477184504
4, 7, -0.3912045176079398
5, 7, -0.03649950095111451
21, 3, -0.1980919665962086
24, 1, 0.1516798542825811
16, 5, 0.0250465830246439
12, 6, 0.5218273220076264
19, 4, -0.1827140728122501
6, 7, -1.297104577134607
23, 2, 1.689747710913873
25, 0, -1.022735867243912
7, 7, -0.55415121260452
13, 6, -1.788240889689166
22, 3, 0.2585053628572601
17, 5, -0.228815406670704
20, 4, 1.144164208646988
8, 7, 0.8166774919701989
25, 1, 1.572791796882941
24, 2, -0.7677506634056621
26, 0, 0.2194149016613249
14, 6, -0.950435580714556
9, 7, 0.3978040699012485
-4, 8, 0.07598659838171162
-3, 8, -0.0703488651213231
18, 5, -0.2737812179355344
-2, 8, 0.1594529347651595
23, 3, -0.4173357541756266
-1, 8, -0.4406873710240565
21, 4, -0.2387518955397115
0, 8, -0.1075824227979861
10, 7, -0.6244933098534884
15, 6, -0.3799127471722366
1, 8, 0.1327116159804379
26, 1, 2.004725359548569
25, 2, -0.2278322402134871
2, 8, 0.7662283444661055
27, 0, 1.186809367826309
19, 5, 0.211252585035257
11, 7, -2.726384362275503
3, 8, 2.982451624502969
24, 3, -1.310538486241477
22, 4, 0.7558737669846148
16, 6, -0.5994717176115362
4, 8, -1.098850361522693
27, 1, 0.09725227600875148
12, 7, 0.4810439364222971
5, 8, -0.211517118265325
26, 2, -0.4749818141096124
20, 5, 0.09932822897330747
28, 0, -0.3473189252201732
17, 6, -0.3713639571099485
6, 8, 0.2259438110640611
23, 4, -0.3172669059177465
25, 3, -0.4821994358601739
13, 7, -0.02989361761925769
7, 8, 1.281192707930121
21, 5, 0.4411448346377325
28, 1, -0.01225561296300982
27, 2, -1.251186709822661
18, 6, 2.812332743036235
8, 8, -5.44704277666723
14, 7, -6.149843650375122
29, 0, 0.253867857334755
24, 4, -0.8909624367467267
26, 3, 1.204409503957335
9, 8, -2.645155671855632
22, 5, 0.9111743963568487
15, 7, -0.1827225538248165
-4, 9, -0.5940974696606631
19, 6, 0.6575209239272061
-3, 9, 0.3833026853855532
-2, 9, -0.3776126288766661
29, 1, 2.291857936820854
-1, 9, -0.5999127566574527
28, 2, -0.7813152048706157
10, 8, -0.662313991122552
0, 9, -0.6945833106092484
30, 0, -1.458042129846074
1, 9, 0.8229462512351604
25, 4, 0.2342779533088051
16, 7, 0.9404104845351694
27, 3, -0.6778825471549554
2, 9, -0.9973829361534711
11, 8, 1.618618795991124
20, 6, -0.8708355871646668
23, 5, 0.1331451200740107
3, 9, -0.4722889272603759
30, 1, 0.7538777990211415
4, 9, 0.3395988335504111
29, 2, 0.6022431657081377
12, 8, -0.571860337077396
17, 7, -0.5564409965798442
26, 4, 0.3035687710346747
5, 9, 0.6775768289727238
31, 0, 0.2036232763126209
21, 6, -1.645017121368041
28, 3, 2.320238067995183
24, 5, -0.6143871214674246
13, 8, -0.3158091106788554
6, 9, 1.268969260780684
18, 7, 0.6518841095269571
7, 9, 0.09304682133115144
31, 1, 0.2243514096629304
30, 2, -1.709999074603089
22, 6, -1.053553947609492
14, 8, 0.8943521167798103
27, 4, -0.3248293859958548
32, 0, 0.8624005761956225
25, 5, 0.2509168487745083
29, 3, -0.07327914485631229
8, 9, 0.1701547229333376
19, 7, -2.503492532985945
15, 8, 0.01553429875108771
9, 9, -0.03910136771770344
23, 6, 2.277616325587242
32, 1, 0.5703210052010086
31, 2, -0.4493748659455908
28, 4, -0.124953322066917
-5, 10, -0.2694715916783026
-4, 10, -0.02285215474706831
20, 7, 0.3081096998475928
-3, 10, 0.6828642351639619
26, 5, -0.5229174589760076
10, 9, -1.655905326205632
-2, 10, 0.267606737603153
16, 8, -0.2986423098812578
33, 0, 2.266165905502468
30, 3, -1.76914900675403
-1, 10, 0.3468410038193545
0, 10, -0.3619517414961838
11, 9, 1.976607265543917
1, 10, -1.89361460092727
24, 6, 0.7930626172279148
2, 10, -0.3336781114989628
21, 7, 0.7900521220732537
17, 8, -0.03882070882554947
32, 2, 0.4602068214933292
33, 1, 1.672139356203942
29, 4, -1.452658780996506
27, 5, 0.9308839326468717
3, 10, -0.9566836436933833
12, 9, 0.1336020985552262
31, 3, 1.502349745917763
34, 0, 0.3436527742215077
4, 10, -0.4533685105984029
25, 6, 0.7747133222854202
18, 8, -0.1114129881314065
5, 10, 0.3778417711798057
22, 7, -1.367638530351799
13, 9, 1.092960397232184
30, 4, -0.05605311080586542
6, 10, -0.07046329934467965
33, 2, 0.4023847045876172
28, 5, -0.6732559555292228
34, 1, 0.4298721511470722
14, 9, 0.5872170062610227
19, 8, 1.485371796060273
32, 3, 0.5163031653600239
7, 10, -0.1603687807415613
35, 0, -0.4279406879650064
26, 6, -0.5406469556498464
23, 7, -1.176440738030607
8, 10, 0.2644211442197025
15, 9, -0.8590731176662487
31, 4, -0.2627901232762769
29, 5, -0.09460020083698986
20, 8, -0.3590604702560484
34, 2, 1.073796324767051
35, 1, 0.5084010192379143
9, 10, 0.6974028845803507
24, 7, -2.185255847747699
33, 3, -0.2473083758787588
27, 6, 0.2602584668473364
16, 9, 1.756056214893243
36, 0, -0.09146178131209827
10, 10, 0.2249418708551197
-5, 11, -1.176045600288855
-4, 11, 0.2608626433700293
-3, 11, -0.3367160818132247
21, 8, -0.09057666344195948
-2, 11, 0.3630532993651806
-1, 11, 0.2886653641042825
30, 5, -0.277058846809826
32, 4, 0.20961294238194
0, 11, -0.01347838946084571
11, 10, -0.07805029649430363
17, 9, 0.4227227069562623
35, 2, -0.08628711379350008
25, 7, 0.1520106061401225
36, 1, -0.3203262089408564
1, 11, 0.09570762125975511
28, 6, 0.01164470342011227
34, 3, -0.2090273056917407
2, 11, -0.3410576707361328
22, 8, 0.7835504938693295
12, 10, -0.9776164208223782
37, 0, -0.07004891743686145
3, 11, 1.576894517811473
18, 9, 0.1960755123503498
31, 5, 0.7746753603074694
4, 11, 0.5581802450622267
33, 4, -0.9121752439604355
26, 7, 0.9213835602158394
13, 10, 0.7787446949676926
29, 6, -0.5372916237458281
5, 11, 0.09196564106329903
36, 2, -0.9803416657325926
37, 1, -0.4062058807428014
23, 8, -0.2024330865291211
19, 9, 0.3091045114862909
35, 3, -1.026991909091316
6, 11, -2.136474170419977
14, 10, -0.6578548602471684
38, 0, 1.717635963056736
27, 7, -1.664861619119244
7, 11, -0.5288292815779237
32, 5, -0.8360446628691541
34, 4, 1.561917986967695
20, 9, -0.9875625727434264
24, 8, 1.316278776003097
15, 10, 0.2879446736143375
30, 6, 1.255389393042399
8, 11, 0.5074312832274691
37, 2, 0.1395225061451414
38, 1, 0.3964603011619666
36, 3, 0.5010001783972403
9, 11, -1.406473248000866
16, 10, 1.129783966850455
28, 7, 0.8239751019754249
39, 0, -0.02781835075950684
21, 9, 0.9805917789021988
33, 5, -1.181849397381331
25, 8, 1.0917252773215
35, 4, -2.007885274771095
10, 11, 1.932918986696944
31, 6, 0.6305992408485511
-6, 12, 0.007930032435298256
-5, 12, -0.5054618367608947
-4, 12, 0.9497538904162484
-3, 12, -1.219285026830823
17, 10, -0.7470411393963008
-2, 12, -0.3637001682415031
38, 2, 0.2207954399656604
39, 1, -0.4918916479036123
22, 9, 0.4181953408271493
11, 11, -0.72049804509487
-1, 12, 0.2394041210093605
37, 3, -1.033221587816077
29, 7, -0.9006821588112125
0, 12, -0.2736092481139406
26, 8, 0.09614004113550272
1, 12, 0.6872708621782428
40, 0, -0.6413874642823847
34, 5, 0.4896169751661195
18, 10, 0.6396860154749495
12, 11, 0.9147574491755691
2, 12, -0.07916570310248301
32, 6, -0.4639896107035819
36, 4, 0.2360786863915902
23, 9, 0.4057577285326903
3, 12, 0.4138181750178132
39, 2, 0.3944278915955872
13, 11, 0.2857857723635475
4, 12, -0.3526645259521995
30, 7, -0.3825367067598894
27, 8, 0.3553929895854718
40, 1, 0.09024745618432342
19, 10, -0.8728102785766356
38, 3, -1.164147563804876
5, 12, -0.0278869298726434
35, 5, 0.214245503601826
41, 0, -0.2223832696063267
14, 11, -1.315371422056802
33, 6, -0.7519802270799203
24, 9, 1.550058573820633
6, 12, -0.07331126485596849
37, 4, -1.526060525287207
20, 10, 1.124830869520891
28, 8, -0.529293265104767
31, 7, -0.6993273966555066
7, 12, -0.1257193742583995
15, 11, -0.01678904127357987
40, 2, 0.4737213296106139
41, 1, 0.678683477165249
39, 3, -0.2310280742390346
25, 9, -1.790374183544708
8, 12, 0.5851463346510444
36, 5, -2.01464519651893
21, 10, -0.6921701389114183
34, 6, -0.2517831652060827
16, 11, -0.6407564585899724
42, 0, 2.759897756848022
38, 4, 1.223661424018997
9, 12, 1.990897637874413
29, 8, -0.4826774767561472
32, 7, -8.938687583630259
26, 9, -3.451395297195638
22, 10, 1.533232180281315
10, 12, 0.9059169158253252
41, 2, -0.4572657287941099
17, 11, -2.249306300267929
42, 1, 2.278714253502116
-6, 13, 0.7358637661272697
-5, 13, -0.1040670556156965
40, 3, 1.33511418420437
-4, 13, 0.6017282741132997
37, 5, -0.1756408013439129
-3, 13, -0.2830931946019044
35, 6, -1.09271444173233
11, 12, -2.062592047160086
-2, 13, 1.97838253810412
30, 8, -1.007099356195139
-1, 13, 1.197307721265143
43, 0, 0.6693796902650379
39, 4, -0.2639932896081755
18, 11, 0.4007495952335275
33, 7, 0.3540035926128962
23, 10, -0.4972604979754399
0, 13, 0.5393165372885655
27, 9, 1.294179212495808
12, 12, 0.7216618667531874
1, 13, 0.3470286662669799
2, 13, 0.0891506366067699
42, 2, 0.4524967439943259
19, 11, -0.601920161650024
43, 1, 0.9653039519776675
41, 3, -1.722472785998185
3, 13, -0.7095122836152044
36, 6, -0.09825837950667043
38, 5, 0.4030013616597742
13, 12, -0.8657829341179304
31, 8, -0.6599182381797376
24, 10, -0.4514509799912444
4, 13, -0.7593755737607714
28, 9, -0.2713245454661296
34, 7, -2.753064609409297
44, 0, 1.666823304261208
40, 4, -0.2924027058067198
14, 12, -0.855514083467071
5, 13, -0.1362438039345183
20, 11, 0.2489826187296372
6, 13, -0.8054571852851808
25, 10, -0.5925784159117283
43, 2, -0.06535265697493513
32, 8, 0.8049445782952628
37, 6, 1.5309323680324
42, 3, -0.2337380016286111
15, 12, -0.257675589886412
44, 1, 1.235511199222305
39, 5, -0.5123030584184459
29, 9, -0.7335387790463411
7, 13, -0.275322775529652
21, 11, -0.04535101536919538
35, 7, 1.173585078808734
41, 4, -0.8164139832695024
45, 0, -0.4235039573950236
8, 13, 1.076892000226889
16, 12, 0.6509505334219473
26, 10, 0.2655786856874582
33, 8, 0.1363769533434399
22, 11, -0.2052985288372789
9, 13, -0.3372748666086425
30, 9, 1.073028759739309
44, 2, 0.3885733836690692
38, 6, -0.8684008970403757
40, 5, 0.143433889822631
43, 3, 1.202962909768349
17, 12, -1.763425861498404
45, 1, 1.20285299292656
36, 7, -0.3141863212706962
10, 13, -0.6836945768655177
27, 10, -0.5848400617219093
-7, 14, 0.1911628244520885
42, 4, -0.1520197080302679
-6, 14, 0.5330115170447989
-5, 14, 0.9837396089949033
23, 11, 0.5418000067861397
46, 0, -0.5142509013860269
-4, 14, -0.1019717295574777
11, 13, 1.096052945666613
-3, 14, -1.553688666088803
18, 12, -0.1791640034443406
31, 9, -0.3651930032583761
34, 8, -0.4637083415132005
-2, 14, -0.7544813356960841
-1, 14, -0.1577159285550477
39, 6, -0.1714030698987458
0, 14, -0.5402967945113039
45, 2, 0.5294262498020915
12, 13, -0.5053667544682823
41, 5, 1.058203520864498
28, 10, -0.6853937304765361
44, 3, -0.02352539514516812
37, 7, 0.8744497974862314
24, 11, 0.7095909161781577
1, 14, 0.05574846920806015
46, 1, 0.32001868172132
19, 12, 0.5261034242984994
2, 14, -0.5004576288228303
43, 4, -0.05239966663300073
13, 13, 0.1019532406624116
32, 9, 1.939802505583648
3, 14, 0.6698856642222618
47, 0, 0.2003872477746397
35, 8, 0.6058110115779309
20, 12, 0.01817274416004347
4, 14, 1.183290125211918
29, 10, 1.308844484797142
25, 11, 0.4012728833479305
40, 6, 0.09947421383408242
14, 13, 0.5431515315522829
42, 5, 0.2956347835980539
38, 7, 0.4312758115917493
5, 14, 1.222238336618807
46, 2, 1.268716067429618
45, 3, 0.5729416569105092
47, 1, 1.04406568565574
6, 14, 0.7153640024188885
33, 9, 1.415774206588054
21, 12, -1.861434214985724
15, 13, -0.07080551215785295
44, 4, -0.1896591396004165
36, 8, 0.195074317780425
26, 11, 2.014560452621853
30, 10, 0.04727323005562156
7, 14, -0.6986407178488337
48, 0, -0.2416178361150406
41, 6, 1.193862179671464
16, 13, -1.607810445177342
22, 12, 0.06837845474317773
8, 14, -0.4070118241859338
39, 7, -0.04874776142974432
43, 5, 1.621258751764034
47, 2, 1.215674144787031
46, 3, -0.4259470506991832
34, 9, -0.1449839899753014
27, 11, -0.3133259358041807
48, 1, 0.6731087230924341
9, 14, -0.2073436991428847
37, 8, 0.8402474074642564
17, 13, -1.183216305495796
31, 10, 0.416819070828347
45, 4, -0.5399254551467529
23, 12, -0.7871885096395348
10, 14, 1.180003752324006
49, 0, -1.468499954394324
42, 6, -0.1432626972888033
18, 13, -1.398136261469044
40, 7, -0.3261664676326154
-7, 15, -0.0167300527286139
-6, 15, 0.4692228680866933
28, 11, 0.3942055876241162
-5, 15, -0.2026991471552234
44, 5, -0.4577332598976137
35, 9, 0.03681918130650286
11, 14, -0.2825175010155777
-4, 15, -0.1008711071033596
-3, 15, 0.5709331704512162
48, 2, 0.05942872622341976
32, 10, 0.3374409374424152
24, 12, -0.5162325205241922
47, 3, -0.7921766363235442
-2, 15, 0.09961602688914308
38, 8, -0.8407565332704747
49, 1, -1.456189287207169
-1, 15, -0.05455037961422324
19, 13, 0.9700106313783367
12, 14, 0.3683270621995011
0, 15, 0.129671076903169
46, 4, 0.282812556491034
29, 11, -0.3841746076536688
1, 15, -0.3442814961971289
50, 0, -0.8138784928330055
43, 6, 0.4838379773162495
41, 7, 0.9328919544122517
13, 14, 0.01741531790452661
25, 12, 0.2127235457346023
2, 15, 0.6934748688830016
36, 9, 0.6172009882293803
33, 10, 0.586882377153738
20, 13, -0.4529892635185973
45, 5, -0.3374272570204419
3, 15, -0.5929294314069389
39, 8, -0.2906787022952246
49, 2, -0.5316595218497869
48, 3, -0.7384454529116877
14, 14, 0.5973847991826983
4, 15, -1.885662414064096
50, 1, -0.7423228771418979
30, 11, -0.7419862502727892
26, 12, -1.322219372911718
47, 4, -1.189333935753745
21, 13, 0.04244168754578098
5, 15, -0.03062736266636498
15, 14, 2.137790991196945
37, 9, 0.7387685875095266
44, 6, 0.2417459478456594
34, 10, 0.04605627317731378
42, 7, 0.07684546157226961
51, 0, 0.3959110529369912
6, 15, 0.7552141812009393
46, 5, -0.3504752741463883
40, 8, 0.4914053348000257
22, 13, 0.4989932120487111
7, 15, -0.4998900854894718
31, 11, -0.5320535009928788
16, 14, -0.6931621005646796
27, 12, 0.2215691645751341
50, 2, 0.5810302427338365
49, 3, -1.965694904663834
8, 15, 0.6913200979187847
51, 1, 1.476295748993326
48, 4, 0.87999701723424
35, 10, 0.6681011226108085
38, 9, 0.009732117988793171
17, 14, 0.2939254967757927
23, 13, -0.5501181815231743
43, 7, -0.4368141296538431
45, 6, 0.1236384451972753
9, 15, 0.5701096136122981
52, 0, -0.2182927875301552
28, 12, 1.092649049292528
32, 11, -0.1373321930177118
41, 8, -0.5378882955121833
47, 5, -1.792463173842959
10, 15, -0.4907277872002739
18, 14, 0.4319451784556749
51, 2, 0.1653469511596895
24, 13, -0.2544113394440033
50, 3, -1.276802583081714
-8, 16, 0.1819833198698605
-7, 16, -0.6731973019501127
-6, 16, 0.1931776491977862
36, 10, -0.002461496247784128
-5, 16, -0.3044123834877549
11, 15, -0.01179880199125419
39, 9, -0.1464490982268087
52, 1, 0.3870182041743061
-4, 16, -0.540110486640162
49, 4, 0.14820020646006
29, 12, 0.4370780741948012
-3, 16, 0.9716566478170519
44, 7, -1.430949067354391
33, 11, 2.587466667536467
19, 14, -1.217591986392616
46, 6, 0.7410418703277748
-2, 16, 0.6692316518261475
12, 15, -1.745436726162814
-1, 16, 0.7286468648988388
42, 8, -0.04687064650691902
53, 0, 0.08590107062271321
25, 13, -0.9050826672715032
0, 16, -0.1916373266036349
48, 5, -0.6127004865736329
1, 16, 0.498727713979877
20, 14, -1.099633715135703
37, 10, 0.4822035706462903
13, 15, -1.138603363660087
30, 12, -0.0131145283554225
40, 9, -0.8109303339620568
2, 16, -0.1366774166452561
52, 2, 1.152552194219107
51, 3, -0.5926898953774098
34, 11, 0.6796883592612394
53, 1, -0.2174240592051945
26, 13, 0.1792078959758598
3, 16, -0.3350734914553022
50, 4, -0.2369679126123922
45, 7, -0.5030288393351879
14, 15, -0.06685515904752184
47, 6, -1.248191322457188
21, 14, -0.3506244995502243
4, 16, -0.6578671152224147
43, 8, 0.1648329739409177
54, 0, 0.9721368386017584
31, 12, 1.490731844740664
5, 16, 1.400032809246828
49, 5, -0.1581204812423313
38, 10, -0.2276262920745147
15, 15, -0.03255617664623339
27, 13, -0.3712433187722841
41, 9, -0.5504188018353217
35, 11, 0.3715559201776336
22, 14, -1.467628630508081
6, 16, 1.692268934712019
53, 2, -1.005374431082297
52, 3, 1.108783236340744
16, 15, 0.4999020567773912
7, 16, -0.2413481770593675
46, 7, -0.3150003995289958
54, 1, 1.386944159724306
51, 4, -1.07829146609664
48, 6, 0.3738101393765385
44, 8, -0.7270612280089884
32, 12, 0.735150718955399
28, 13, 0.5796233141115477
23, 14, 1.275065562884484
8, 16, -0.9373563989743607
39, 10, -0.490190983670842
17, 15, 1.343578794117975
36, 11, 1.260183970278207
55, 0, -1.075981307088689
50, 5, 0.5849735517281711
42, 9, 0.4452898045481001
9, 16, -0.6972862160665867
53, 3, -0.786834363972031
54, 2, -0.1020050223327158
24, 14, -0.06808368860009319
33, 12, -1.575735911603456
18, 15, 1.140434235407561
10, 16, -0.4031311629142849
47, 7, -0.04795530159793953
29, 13, 0.9761945835590958
52, 4, 0.9237382011946043
45, 8, 0.1940120293809445
55, 1, 0.9144595248620927
49, 6, -1.069344012793487
40, 10, -0.2015532942020446
-8, 17, -0.1851741398012363
37, 11, -0.2116935609181943
-7, 17, -1.010665467037009
11, 16, -0.2173023423749991
-6, 17, 0.2945710060717375
-5, 17, 0.9294481009680257
19, 15, 1.038913413150569
-4, 17, -0.3173503934809077
43, 9, 0.07325058133970477
51, 5, -1.182652967565925
25, 14, 1.036315263781109
56, 0, 1.100537827145944
-3, 17, -1.408417492145971
34, 12, -0.7855914757375821
-2, 17, -0.8049587397742137
30, 13, 1.088253337604956
12, 16, -0.8003783297710091
-1, 17, -1.381219661486196
20, 15, -0.043982341810206
54, 3, -0.02624851063866141
55, 2, -0.2028792461127854
48, 7, 0.200579270216745
0, 17, 0.1156387150425785
46, 8, 0.09757053874468036
41, 10, 0.607239337420272
38, 11, -1.259545499892343
13, 16, 0.4817026475639105
50, 6, -0.2849821391272989
26, 14, 0.2072840123490588
1, 17, 0.184978431966862
53, 4, -1.541673599331642
56, 1, -0.6325943343782812
2, 17, 1.192407807232547
44, 9, -0.412074116217117
31, 13, 0.173276255798018
35, 12, -1.043141779422712
21, 15, 0.573676038486245
14, 16, 0.6134562484640396
52, 5, -0.3347446808401981
3, 17, -0.2877620675040115
57, 0, -1.611476959633654
27, 14, -0.05262533918400358
4, 17, 0.1363477144984544
39, 11, -0.8487190487563144
15, 16, -0.1416780281700573
49, 7, -0.2567271359642259
42, 10, -0.8051361071806422
55, 3, 0.8752418788920194
47, 8, -0.5427010753162965
22, 15, 0.06084374388501797
5, 17, 0.1370317703271563
56, 2, 0.3161713957128349
32, 13, -0.2534852333857994
51, 6, -0.7050605966283202
54, 4, 0.2542938922801105
36, 12, -0.5573985216841395
57, 1, -0.3699405452049631
6, 17, -1.68652376337384
45, 9, 0.4885463836392908
16, 16, 0.04935579460553053
28, 14, -0.7176725048461132
7, 17, 0.6861713735079107
53, 5, 0.5721308316089213
23, 15, 0.1482038155435788
58, 0, -0.2579556689491767
40, 11, 1.291909201864951
33, 13, -1.624161594540778
17, 16, 1.769874600800291
8, 17, 0.8262835282122336
43, 10, 0.3874592561445974
50, 7, 0.7545321093288567
48, 8, 0.6034590406635171
37, 12, -0.01416238946281355
56, 3, -1.058572923955924
29, 14, -1.015831449000347
57, 2, -1.175128148418493
24, 15, -0.7787662642844958
52, 6, 0.7753471696756954
9, 17, 0.8312597411659655
55, 4, -0.423808559320962
46, 9, -0.1202885140706452
18, 16, 0.5218784054302725
58, 1, 0.8744579370196237
10, 17, -0.9677031127635093
34, 13, -0.324781770850313
54, 5, 0.583869927908746
41, 11, 0.6385678263030702
25, 15, 0.6329121577134758
44, 10, 0.404866577084762
30, 14, -0.4628167523553916
59, 0, 0.4868206302339684
19, 16, -0.4375808436589808
-9, 18, -0.08487077352488162
-8, 18, -0.2154032692928583
38, 12, 0.3937355465422891
11, 17, 0.5134653027982305
-7, 18, -0.4062858479584331
-6, 18, 1.053413295120161
51, 7, 0.1439757806525497
49, 8, -0.19569558414571
-5, 18, -0.6689167113414446
-4, 18, -0.8933419862505563
57, 3, -0.6859196971246588
-3, 18, 0.6807420425346528
53, 6, -0.3394712476071267
47, 9, 0.0798193800483747
58, 2, 0.5277442507860293
12, 17, -0.1247228983278256
-2, 18, 0.6936995342481557
56, 4, 0.3928732105363693
20, 16, 0.161200759251198
35, 13, -0.9401096045136804
26, 15, 0.6800676227816961
-1, 18, -0.1294320652268871
59, 1, 0.2031323943078734
31, 14, -0.3809866200254822
42, 11, -1.378059728916679
0, 18, -0.02520153321871478
13, 17, 0.2062959670454876
39, 12, 0.3879512088252315
55, 5, 0.1893300069895596
45, 10, -0.1750042346415897
1, 18, -0.8129444088015519
21, 16, -0.1994291930384868
60, 0, 0.3346159834641927
2, 18, -0.1447470431453037
50, 8, -0.3935022916825626
52, 7, 1.261078320163325
27, 15, 0.2345637743018427
14, 17, 0.6755443983760668
36, 13, -0.4323713466148841
48, 9, 0.4336291517645039
3, 18, 0.0562601729507977
32, 14, -0.2238352898201743
54, 6, 0.1808932417882154
58, 3, 0.2036654505274094
59, 2, -0.336617043734282
4, 18, -0.3838078622730232
22, 16, 0.8634878689685712
57, 4, 0.3071050917150586
43, 11, 0.4831145541710523
15, 17, -1.457624633195848
40, 12, 0.7174929275782074
60, 1, 0.7812028945045684
46, 10, -0.1223802412123894
28, 15, 0.1765257335449913
5, 18, 0.07590751340633377
56, 5, -0.9177034289101921
33, 14, -2.919801267876785
16, 17, 2.858558612711496
6, 18, -0.5664565281057149
37, 13, -0.3173849869972128
51, 8, 0.01832264843565162
23, 16, 0.6302175151068222
53, 7, -0.1796968506307022
61, 0, -1.217062297108875
49, 9, 0.07603377382401477
7, 18, 1.583591757153356
55, 6, -1.439709195324048
44, 11, 2.933438857414299
29, 15, -1.545997130337399
59, 3, -0.1198402215980872
41, 12, -0.2203614209359597
17, 17, -0.3162864470822968
60, 2, 0.3233651264521298
8, 18, 0.3609446603435864
58, 4, 0.3476185412263686
24, 16, -0.6523283856559492
47, 10, -0.2462804514743264
34, 14, 0.9858205517849761
61, 1, 0.621233001006853
38, 13, -0.4584283262876873
9, 18, -0.5135179124088833
57, 5, -0.01403210130032368
18, 17, -0.001673572657288625
52, 8, -0.4794200493689756
30, 15, -0.2773263569200266
54, 7, 1.364374942297774
50, 9, -1.01728806858685
25, 16, 2.206933356309105
10, 18, -0.2300868734392841
62, 0, -0.1325058333949511
45, 11, -0.531827223375992
42, 12, 0.1833879261878645
19, 17, -0.2454682659308507
56, 6, 0.3884275355149114
35, 14, -0.06644152439633889
60, 3, -1.571391148804468
-9, 19, 0.1257652132505785
11, 18, 2.573858654194172
-8, 19, -2.424630690035642
48, 10, -0.7862909781892359
-7, 19, 1.170471901492111
61, 2, 1.074665875044685
39, 13, 0.1262980074013578
59, 4, -0.3655473369777402
-6, 19, 0.1640374913275253
-5, 19, 1.190856009708609
31, 15, 0.2706103106187348
26, 16, -0.3840032709331031
-4, 19, -0.4343463596975455
62, 1, 0.5005236319803039
20, 17, -0.58485531092595
-3, 19, 0.2766271231447389
12, 18, 0.1499936251149493
58, 5, -1.596048746818651
53, 8, 0.8738743426801318
-2, 19, 0.05486613028790747
55, 7, -0.3980144299662544
43, 12, 0.2437112944721206
51, 9, -0.5757416034926769
-1, 19, -0.01535499893622594
46, 11, 0.005120152037143392
36, 14, 0.5271552591398347
13, 18, 0.7648522921533296
63, 0, -0.196893720961411
0, 19, -0.09559137910809262
21, 17, 0.2693686162986784
27, 16, 0.2581259042692561
40, 13, -0.08961810534631758
32, 15, -2.017947553205021
57, 6, 0.02321011088981554
49, 10, 0.1682641025366964
1, 19, -0.07441144762212146
61, 3, -0.7381945011570936
14, 18, 0.03349243718820382
62, 2, 0.08434570319294381
2, 19, -0.05933335655332507
60, 4, 1.702752942947901
3, 19, -0.857338863298499
22, 17, 1.074557508981036
63, 1, 0.639403425859364
37, 14, 0.5625475361005344
44, 12, 1.413942549189543
28, 16, -1.360702024664643
59, 5, 1.350874237242817
54, 8, -0.6488431814879722
47, 11, -0.9488656092834478
33, 15, -0.07217265085841931
15, 18, 0.07052314465883308
4, 19, 0.4590709644665296
52, 9, 0.2341347218288466
56, 7, 0.119361460961905
41, 13, 0.4335080866775824
5, 19, -1.47122015468644
64, 0, 0.6169077535472089
23, 17, 0.4350882922564103
50, 10, -0.3595409800318816
58, 6, -0.3820304827799605
16, 18, -0.2631155623618395
29, 16, 0.1083302216158983
6, 19, 0.1746917747192973
62, 3, 0.09109395344094495
38, 14, -0.961432567360076
63, 2, 0.9231853249567007
61, 4, -0.3061083190951641
34, 15, -0.1782002118583944
45, 12, -0.8493151338168163
7, 19, 0.5810181931927123
17, 18, 0.1918147927024826
48, 11, 0.6758269715978826
24, 17, -1.043533714936604
55, 8, 1.394755423179693
42, 13, -1.44946990995797
64, 1, 0.5118015914517484
60, 5, -0.05297983898466299
53, 9, 0.1796484809005901
57, 7, -0.3713421163707943
8, 19, -0.1204650685359008
30, 16, 0.6593052294453006
51, 10, -0.9091955340625245
18, 18, 0.2212719467181353
39, 14, -0.2750691337780842
9, 19, -0.1374641838119394
65, 0, 0.07993240746648067
35, 15, -0.08567531014641223
25, 17, -1.041493133592281
59, 6, 0.02713084361018576
46, 12, 0.6453769882150993
63, 3, -0.3473572857267146
10, 19, 1.248344294082907
43, 13, -0.8890129297857661
19, 18, -0.6054353200373395
64, 2, 0.6307329115181034
62, 4, -0.1169555241227009
49, 11, 0.8092408749880837
31, 16, -0.0997481426491561
56, 8, -0.06249765875385112
54, 9, 0.04829243526206609
26, 17, -0.8788337575297764
-10, 20, 0.401135084863433
65, 1, 1.172136855987506
61, 5, -1.164775946622
11, 19, -0.6128929455065764
-9, 20, 0.6324541845239621
-8, 20, 0.3319290020850305
58, 7, -0.04171427435952297
-7, 20, -1.183585138841831
36, 15, -0.831733511295498
40, 14, -0.5130719462682907
-6, 20, -0.2590152199936131
52, 10, -0.1803304181388412
20, 18, -1.084277319039521
-5, 20, 0.5248226719200989
-4, 20, 0.01940671505887539
12, 19, 0.1185333170585198
-3, 20, 0.1115884169003329
32, 16, -0.1370605362665902
66, 0, 1.289008706057985
60, 6, -0.2575628551796378
47, 12, 0.3126608926158967
-2, 20, -0.2243312902520095
44, 13, 0.06183259377279293
27, 17, 0.2024178961673096
50, 11, -0.01884916586008461
-1, 20, -0.6337047941255453
21, 18, -0.02873371645118323
64, 3, -0.8343181817295537
13, 19, -1.059229569964583
63, 4, 1.000189097748532
65, 2, -0.2537084630612512
37, 15, 0.1503160905035633
0, 20, -0.1709235172362407
57, 8, 1.403612110829484
55, 9, 1.623258210450153
41, 14, -1.37755384999861
1, 20, -0.847469941574433
62, 5, -0.3802151668815947
66, 1, 0.09198611203070169
59, 7, -0.1623824644390699
33, 16, -0.8338259639968995
14, 19, 0.7356050103636331
53, 10, 1.026051200756467
28, 17, -0.6204711378085067
22, 18, 1.245704102131435
2, 20, -1.128063221636062
48, 12, -1.297638297146707
45, 13, 0.642959029128243
3, 20, 0.9526160889785352
15, 19, 1.822137446766706
61, 6, -0.7047589483352271
67, 0, -2.813348060754227
38, 15, 1.712082746727632
51, 11, 1.457459837006016
4, 20, 0.2626382585106474
23, 18, -1.658740484105327
42, 14, 0.5302341095871096
29, 17, 0.09936572665296108
34, 16, 0.1328461648611699
65, 3, -0.05160177731331777
5, 20, -0.02868830716091788
64, 4, -0.7164279991484708
56, 9, -0.4316656621053573
16, 19, -0.004635569272363325
66, 2, 1.062860867168858
58, 8, -0.7666961932556171
54, 10, 0.4475930920383123
6, 20, -0.8542796681324503
63, 5, -0.8356295684194931
60, 7, -0.4155685605570378
67, 1, 0.954769301646925
24, 18, 0.09299044133419479
49, 12, 0.403410375549192
46, 13, -0.3086290398569285
39, 15, -0.3973279383899314
17, 19, -1.858405260665733
30, 17, -0.2508982641378288
7, 20, 0.3650111604833623
35, 16, 0.3675345786073278
52, 11, -0.458706210307711
43, 14, 0.5461476871358462
62, 6, 1.227254865103927
68, 0, -0.1537542922659065
8, 20, 0.7550730485216477
18, 19, -1.631950507103443
25, 18, -0.1829963751302651
66, 3, -1.101207408783685
57, 9, 0.7301444348337919
59, 8, -0.2410716250324813
65, 4, 0.1264064359720817
9, 20, 0.2413560278163373
67, 2, 0.09164420621811981
31, 17, 0.08298250204290915
55, 10, 0.1891028076439082
40, 15, -0.3376345484645841
47, 13, 0.4075095031120736
50, 12, 0.01819061934591435
61, 7, 0.2268420213288259
36, 16, -0.2542874194510825
64, 5, -0.3576253348479675
19, 19, 0.5915247392839216
10, 20, 0.2086608020151373
68, 1, -1.064111560896842
44, 14, -0.398122437144694
26, 18, 0.9753937063288561
53, 11, 2.232733643028952
11, 20, -0.3241456965605941
-10, 21, -0.019730295286979
63, 6, 0.6046049358843263
-9, 21, -0.4529388609136492
32, 17, -0.6150936266233559
-8, 21, 1.013649727876971
20, 19, -0.6357124372937578
-7, 21, 0.8184390025026749
69, 0, 0.4472897883788715
-6, 21, -1.15689767290794
41, 15, -0.456322661749087
-5, 21, 0.1152613300347754
58, 9, -0.5752445228925224
37, 16, 0.1342566238122755
27, 18, -0.00618148655032087
-4, 21, 0.7294059150366908
60, 8, -0.225332633696047
12, 20, 0.2259198657451836
48, 13, -0.06010634381426064
67, 3, 0.9900880350073636
66, 4, 0.1040480008452322
56, 10, -0.543805973922134
51, 12, -0.4254670444261585
-3, 21, -0.2663202247167349
68, 2, 0.2904768122437643
45, 14, -0.02395634930791425
21, 19, 0.1586209313292367
-2, 21, 0.2854050913057994
62, 7, 1.809311550792292
65, 5, 0.5618495446426364
33, 17, 2.012082728951591
13, 20, -2.238535305986876
-1, 21, 1.347394454042258
69, 1, -0.269258180684271
54, 11, 1.022337213234106
0, 21, 0.04977690388598214
28, 18, 1.122057945312651
38, 16, 1.801528718298135
42, 15, 0.2874939474741084
22, 19, -1.639937626538378
1, 21, 1.693599784427193
64, 6, 0.4411322053047516
14, 20, 0.2158449045103948
49, 13, 0.1450133219461048
2, 21, 0.3126594652945103
70, 0, -0.04879784927801906
59, 9, -0.9547357007705883
52, 12, 0.608416993609002
61, 8, -0.4286029151606917
34, 17, 0.01347603148831673
46, 14, -0.2336940463759872
57, 10, -1.142363737970073
3, 21, 0.5088003672307253
15, 20, -0.435580358810821
68, 3, -0.155599581255828
29, 18, 0.2998539056305753
67, 4, 0.1063679610164771
23, 19, 0.1284571287399787
69, 2, 0.4219306514557251
63, 7, 0.01759916012458904
4, 21, 0.2485452225552796
66, 5, -1.407930355957383
55, 11, 1.809057869429
39, 16, -1.441806110122429
43, 15, 0.3628312059361185
16, 20, -0.4647664989505036
70, 1, 0.2085260685230738
5, 21, -0.01380313397076932
35, 17, 0.2792602071498873
24, 19, 2.060297718253727
30, 18, 0.1532219752607246
50, 13, 1.357305346546009
65, 6, 0.2921450435107951
6, 21, -0.8085454217845156
47, 14, 1.740604190050502
53, 12, 1.399577198305563
17, 20, 0.4121283309802982
60, 9, -0.02376055709747599
71, 0, -2.188401469388205
62, 8, -0.4148432477012089
58, 10, -0.3606572003040677
7, 21, -0.3534878360998209
40, 16, -0.2103633260449914
69, 3, -1.161707549974377
44, 15, -0.8392983251173585
25, 19, 0.4085699270674193
68, 4, -1.291750129276246
64, 7, -0.6015654926495748
56, 11, -0.03230092400958053
31, 18, 0.1859812762050384
8, 21, -0.1211116705731964
70, 2, 0.581213460135942
18, 20, 0.7259898470420746
36, 17, 0.8188917484069204
67, 5, -0.9175517273424012
9, 21, 0.226150603907961
71, 1, -0.6519239421881006
51, 13, -0.5191932188180522
48, 14, -1.468847648749163
26, 19, 0.2747950417484568
19, 20, 0.5783852230328893
66, 6, 0.01803607650020916
54, 12, 0.1971174274995159
41, 16, 0.584675314292197
61, 9, 0.03692432198504035
10, 21, -0.3034646987415132
32, 18, 0.7022621558993284
59, 10, -0.5454415478248189
45, 15, 0.6609678213724743
63, 8, 1.865531082063322
37, 17, -0.4523536735219786
72, 0, 0.1226028607324295
20, 20, -0.2017879796964668
11, 21, -0.3214359885433679
-11, 22, 0.9525217051688436
-10, 22, -1.538976254132031
57, 11, 0.3620888025455542
-9, 22, 0.2768209699998561
70, 3, 0.1285893173319003
-8, 22, -0.3474130509619647
69, 4, -0.4045850011300375
27, 19, -0.05498138864000723
65, 7, 0.2381533207360245
-7, 22, -0.8881884306026643
71, 2, -0.2812358887611707
-6, 22, 0.380425651520542
-5, 22, 0.995383541553076
68, 5, 1.136991518467163
52, 13, 0.3171273743695632
49, 14, -0.207839079843392
33, 18, -0.5449628564244741
12, 21, 0.4405898829850299
42, 16, -0.2975029586433177
-4, 22, -0.1109589427887791
21, 20, -1.643318459612137
-3, 22, 0.6760258120734667
72, 1, 1.396258157508395
55, 12, -1.493891309670383
38, 17, 0.9955378425823165
46, 15, -0.6006551866801597
-2, 22, -0.4409516052378008
67, 6, 0.02941473357491812
28, 19, -0.3385478609043737
62, 9, 1.04269489134586
13, 21, -0.6050734272796441
60, 10, -0.06126367976866631
-1, 22, -0.7544230180351555
64, 8, -0.7871369498042935
0, 22, 0.3280556111548076
22, 20, 0.1536779591075905
73, 0, -0.7190160219057404
34, 18, -0.1945171296244659
58, 11, 0.1850104697014711
14, 21, 0.1936109265541131
1, 22, -0.3251406701701312
71, 3, 0.07378788227841873
43, 16, 0.5233703432297531
70, 4, 0.1465918155487267
50, 14, 0.1182999834551216
66, 7, 0.894322868582322
53, 13, -0.8075825875012128
39, 17, -1.802057713619737
29, 19, -0.5197099503123075
72, 2, -0.06226354227745674
2, 22, 0.5848621247573839
69, 5, -0.9979072357606356
47, 15, 0.06008447012049543
23, 20, 0.4001342970696123
15, 21, -0.1283523106194982
56, 12, -0.2725817138525303
3, 22, -0.8223186162522337
73, 1, 0.8418266624328816
35, 18, 0.9348104192404412
63, 9, -0.3003102171403848
68, 6, -0.1279316789451914
4, 22, -0.1299591659240791
61, 10, 0.1461946042128815
30, 19, 0.3925700306236599
16, 21, -2.845463450675623
65, 8, 0.522302297411537
44, 16, -0.9209578658952764
24, 20, 1.084047863379099
40, 17, -0.5199541360451965
5, 22, -0.1691141344365882
59, 11, 0.2857656047101331
51, 14, 1.470693244330709
74, 0, -0.686063964523229
54, 13, 0.2341560389743615
6, 22, 1.254996020548058
67, 7, -0.137601807448883
17, 21, -0.9123419683453987
72, 3, 0.2925558773091135
48, 15, 0.1280169016959847
71, 4, -0.3370680868061234
36, 18, -0.305460178359089
57, 12, -0.1269694033772902
73, 2, -0.4529673983071892
31, 19, -1.275469561656313
70, 5, 0.4654186673169735
25, 20, 0.3253788530396359
7, 22, 0.07612999130379147
18, 21, 1.652340052978196
41, 17, -1.250870215521294
74, 1, 1.319338505247316
45, 16, -1.174309557849371
64, 9, -0.02105135001541606
62, 10, -0.07693047102040437
8, 22, -0.661177893860512
69, 6, -1.702194057142675
66, 8, -0.4709692584351429
52, 14, 0.4873777091118228
60, 11, 0.6951963464485426
26, 20, -0.7152632425519782
55, 13, -2.276239043144039
37, 18, 2.54630439880007
32, 19, 0.2793786297929116
9, 22, 0.404489874680285
49, 15, -0.4463495216202154
19, 21, 0.6307579636730631
75, 0, 0.3643919581070587
68, 7, 0.6252327228435037
58, 12, 0.456127227232788
10, 22, 0.8885038353077972
73, 3, 0.8475830804130956
72, 4, 1.023409306524478
42, 17, 0.929299457634482
74, 2, -0.3246026110294212
46, 16, -0.05745442749207833
27, 20, -1.086396940110687
71, 5, -0.1814221088352284
20, 21, -0.335524008650522
33, 19, 1.639085984667855
11, 22, -2.539419006685279
-11, 23, 1.254312685045273
-10, 23, 1.823533555859976
38, 18, 0.2248066357626151
-9, 23, -0.1693348606826518
-8, 23, -0.8278076570403884
63, 10, -0.7488794333185373
65, 9, -1.372979548095508
53, 14, -0.2482715250154895
-7, 23, 0.4469815403633441
75, 1, 0.813272755455557
70, 6, 0.08938892736355208
-6, 23, -1.562347091354713
61, 11, -0.6277152265972619
56, 13, -0.5120746839006042
50, 15, -0.8006115272711511
67, 8, 1.267992332651144
-5, 23, -0.4492887729391844
12, 22, -0.07061823188322612
21, 21, 0.9813209096572304
-4, 23, 0.5926545165461002
28, 20, 0.5524771658946257
43, 17, -0.2095637358727953
-3, 23, -0.4275399122110884
59, 12, 1.932123546451755
34, 19, 1.640381690263808
76, 0, -1.907614069900648
47, 16, 0.2824706991831357
-2, 23, 0.4030141667594642
13, 22, -1.586810608549506
69, 7, 0.2975611621535657
39, 18, 1.364917254533591
74, 3, -0.7485445769935627
73, 4, 0.5021175239707573
22, 21, -1.183223023265291
-1, 23, 1.024324575782787
75, 2, 3.353237614406618
72, 5, -3.489867983530742
0, 23, 0.1194894701957886
29, 20, 0.8383277793462973
54, 14, -0.8424002439699433
14, 22, -0.6304489651467367
64, 10, 0.2935728032950033
66, 9, -0.4118693304150207
51, 15, 0.2214952034392119
1, 23, 0.5647533092748493
57, 13, -1.100868383932174
62, 11, -0.7211597324618065
35, 19, 0.328995097305968
76, 1, 0.191543189098866
71, 6, -0.5458692855160626
44, 17, -0.2234706414726533
23, 21, 0.1343645998439715
2, 23, 0.04481871782398077
68, 8, -1.35081979798198
15, 22, 0.9814702310084946
40, 18, 0.08120131346743491
48, 16, -0.2057129609993901
3, 23, 0.5019174825577876
30, 20, 0.4723097446279033
60, 12, -0.5608223138937222
4, 23, -0.3750385908998815
77, 0, 1.363811472066416
70, 7, -0.3723989625313627
24, 21, -1.048872174767321
16, 22, 0.009026651008262618
74, 4, -0.2305542384769449
75, 3, -1.060818918403074
55, 14, 0.7743238671031256
36, 19, -0.9858908237976466
5, 23, -0.1770288510294125
52, 15, -0.1346540313951869
73, 5, -0.5260643221603646
45, 17, -0.8273724875395262
76, 2, 0.713771064773521
65, 10, 0.2115314421616601
58, 13, -0.591788312053695
31, 20, 0.05616012836274188
67, 9, -0.8780449456457186
41, 18, 0.7347827748882715
17, 22, 1.017547844627596
6, 23, 0.2567855665782874
63, 11, 0.5138064027555993
49, 16, -1.228335666713174
25, 21, 0.2761700453006237
72, 6, 0.7559025982025738
77, 1, -1.267827722956385
69, 8, 1.41641592462394
7, 23, 0.15205533490318
61, 12, 0.9984654360163262
37, 19, -0.3372211503188484
18, 22, -1.166175101935023
32, 20, -1.411932139243374
8, 23, -1.270826071833165
26, 21, -2.031018826911397
56, 14, 0.5780629056260802
71, 7, -0.133898805950167
46, 17, 0.1295695586497995
53, 15, 0.3607297342708786
78, 0, -0.3645425922173147
42, 18, 0.8122145658874167
75, 4, 0.2596390015540682
76, 3, -0.3231207964059933
19, 22, -0.6660686706226148
59, 13, -0.2155208196337733
9, 23, -0.2072040092570968
66, 10, -0.7049322717582577
50, 16, 0.4068384178812769
74, 5, -0.9281363194716854
77, 2, -0.4262949092196988
68, 9, 0.6873640900515335
64, 11, -1.372940329312298
38, 19, 0.8397043526342207
27, 21, -0.3698308318719946
33, 20, 0.2009645316971717
10, 23, -0.3030249302949525
73, 6, 0.5663246546670395
70, 8, -1.141998141268815
20, 22, 1.131219465397554
62, 12, 0.3887701594892884
78, 1, 0.822167164176125
47, 17, -0.05428658050530843
43, 18, 1.34589160377996
-12, 24, 0.4928583670932275
11, 23, -1.130449184157786
-11, 24, 1.39082392883708
-10, 24, -0.1922013218897892
54, 15, 0.03657381156231689
-9, 24, -0.00672497589408215
57, 14, -0.2106072120919867
-8, 24, 0.4051786269551553
-7, 24, -0.8541914861276357
28, 21, 0.009006868601954815
72, 7, 0.8337153822802665
21, 22, 0.1779696206395437
-6, 24, -0.3285291223036707
51, 16, 1.189623368695921
39, 19, -0.5242268522014295
34, 20, -0.9991191662797455
60, 13, 0.7607109688231624
12, 23, 1.488470664630122
79, 0, 0.3238229234253703
-5, 24, -0.5539970080244893
-4, 24, 0.6637109887904673
76, 4, -0.04244430531314593
77, 3, -2.314642951391189
67, 10, 2.206943892619795
65, 11, -0.07085410438738662
-3, 24, 0.3756397669088704
69, 9, 0.8973645496365148
75, 5, -0.2577265697936922
78, 2, -0.003979881906319086
13, 23, 0.1693294796646987
44, 18, -0.08990335062940465
22, 22, -0.3382760029161093
-2, 24, 0.002593688261576466
48, 17, 0.1943430192451413
29, 21, -0.6790666828994942
63, 12, -0.07656172100287496
-1, 24, 0.3962115577224338
71, 8, 0.5662182841207218
74, 6, -0.4124388604818274
55, 15, -0.9383315312465943
35, 20, 0.5624489842137443
79, 1, -0.3162580213851529
40, 19, -0.01758667007988509
58, 14, -0.7512781264343072
0, 24, -0.231186082376652
14, 23, -1.099305610607582
52, 16, 0.09030063340964664
23, 22, 0.8320568939315923
1, 24, 0.5166976695379847
61, 13, 1.225728312476839
73, 7, -0.3347541611691292
30, 21, 0.2081893417531376
2, 24, 0.8807465440389672
15, 23, 0.2330646499522892
45, 18, -0.08429309506380411
80, 0, 0.01765679493881656
68, 10, -1.1459682386674
77, 4, -0.1929233610749627
66, 11, 1.195929502016645
49, 17, -0.2502165182045761
36, 20, -0.3773512078211815
3, 24, -0.08514823595902671
78, 3, -2.14258459271316
70, 9, -1.094122924509497
24, 22, 0.8421068251346969
76, 5, -0.5222323790412869
41, 19, -0.4406881024274281
79, 2, -0.216063756163763
16, 23, 0.6120445340886648
4, 24, 0.03416836714430684
64, 12, 0.250897931042106
56, 15, -1.809167813779436
59, 14, 0.5090181087764907
31, 21, -0.9575003674931919
72, 8, -0.6610127081973807
75, 6, 0.7144309340040802
53, 16, -0.05026089347605037
5, 24, -1.72274654616785
80, 1, 0.258873598801369
25, 22, 0.5635495010140277
17, 23, -0.5110840658567639
46, 18, -0.2865870814708654
62, 13, -0.9974036332824062
37, 20, -0.8117225355736403
6, 24, -1.069014473578681
50, 17, -1.01941581830514
74, 7, 0.7852836130879924
42, 19, 0.5240192512907036
32, 21, 1.446471513115999
69, 10, 0.3704242798420476
7, 24, -0.9261058570673903
67, 11, -0.0811467083143133
18, 23, 0.5656765764048852
81, 0, -0.764323497773038
71, 9, -0.09082943102452529
78, 4, 0.3207428174829673
26, 22, 0.2118733726422078
79, 3, 1.231741900299844
57, 15, -0.04228732341369239
77, 5, -1.898757530422542
65, 12, 2.481734420460862
8, 24, -0.09108042175376047
60, 14, 0.1343122771886897
54, 16, 0.5866646105435196
80, 2, -0.3927280417246547
38, 20, -0.03397203437503959
73, 8, 0.510627255839109
19, 23, -0.1609664205113595
47, 18, -0.2103767566797677
76, 6, -0.1524518072092345
9, 24, -2.66359607319596
33, 21, 2.85341124314525
43, 19, 0.6204699206640311
63, 13, 0.6003712013824996
51, 17, 0.2295484177147346
27, 22, 0.9508965359867499
81, 1, -1.444811102880692
10, 24, -0.649926768861141
20, 23, 1.092253511053259
75, 7, -1.454071329534568
70, 10, 0.205148934814738
39, 20, -1.072800620140496
68, 11, 1.314012070754064
58, 15, 0.6580641153535728
-12, 25, 0.9913550720615273
55, 16, -0.5000474818309304
34, 21, 0.8258564096979303
11, 24, -0.06567894952834455
-11, 25, 0.433787664165485
72, 9, 0.2352627054147559
82, 0, 1.424000200032587
28, 22, -0.1232941432763559
-10, 25, 0.08637347867866205
-9, 25, 0.06901063209803956
61, 14, 0.2254469700476071
66, 12, -0.2018412103410776
48, 18, 0.3447475858832543
79, 4, 0.4987175167162057
80, 3, 0.2829149936326332
-8, 25, 0.07506050170030232
44, 19, 0.828697672509995
21, 23, -0.8946953041923562
78, 5, -0.004367588771543307
-7, 25, 0.2867865290245509
-6, 25, 0.4559014792242426
81, 2, 2.712520701633538
52, 17, -1.438776357966064
12, 24, 0.55398610383067
74, 8, -0.2107081655683534
-5, 25, -0.3743965205273566
77, 6, 1.813040192582123
64, 13, -1.684357946409808
-4, 25, 1.2262812314513
40, 20, 0.1612898685885579
29, 22, -0.3741305324303243
22, 23, 1.1699410418786
-3, 25, -1.434348409671465
35, 21, -0.097978897263616
13, 24, 0.944150764916725
82, 1, 0.0579421305409399
-2, 25, -1.025455305907969
59, 15, 1.438048421342696
76, 7, -0.1307855152516002
49, 18, -0.4030402268761328
56, 16, -1.077721877149147
71, 10, 0.2401442997693249
69, 11, 0.03671629195837532
45, 19, -0.161737632953537
-1, 25, -0.9188064421988132
62, 14, -0.3562566611541706
14, 24, 0.6925494889773082
0, 25, -0.276559459802555
73, 9, -0.2745598427765528
67, 12, 0.7429960125856025
23, 23, -0.6258840667798076
30, 22, 0.5898736572024206
83, 0, -1.176203374736302
53, 17, -1.232250654192882
80, 4, -1.386844022765744
1, 25, -1.666942311336402
41, 20, 1.537543747395143
81, 3, -0.0618458029730946
36, 21, 0.1637971048649351
79, 5, 0.9305707156644739
15, 24, 1.116778115511969
75, 8, 0.7139183850693553
65, 13, 0.5246712183718105
2, 25, 0.4214246169587359
82, 2, 0.07926830107288503
24, 23, 1.129799238829858
78, 6, 0.9784610254989865
3, 25, -1.136501080093069
46, 19, 1.668520524060375
50, 18, -0.3298896875637877
31, 22, 1.101921323497323
60, 15, 0.3878101411062411
16, 24, 1.391133425633561
57, 16, -0.1377872176692875
83, 1, 0.3237954112159784
4, 25, -0.8416774391449535
37, 21, 1.720151577688508
70, 11, 0.69740908972575
72, 10, -0.6606102042202368
42, 20, 0.04879277698322407
77, 7, 0.1674144888872211
63, 14, 0.2035921176751476
54, 17, -1.224351435929966
25, 23, -0.263595505146193
68, 12, -1.193498590493519
5, 25, 0.4532969047328766
17, 24, -0.09451901364040396
74, 9, -0.4662492257445251
32, 22, -0.3120643688827296
84, 0, 0.0207212114951188
6, 25, 1.479862622913372
81, 4, -0.6577609249886706
82, 3, 0.4259285707436332
66, 13, -0.06810454556942411
47, 19, 0.3519436868958558
80, 5, -0.01617399976280423
51, 18, 0.2794650073940301
76, 8, -0.7096411322238672
18, 24, -1.475395542248993
38, 21, -1.126791330632768
26, 23, -0.566594205326521
83, 2, 0.979447677953859
7, 25, 1.788303684280058
58, 16, 0.03535231671082519
43, 20, -0.4621354004371336
79, 6, -0.02124930028856235
61, 15, -0.2482638326918936
8, 25, 0.8351772014164006
55, 17, 0.1635963846040077
33, 22, -1.653941544688614
64, 14, -0.5957622475024839
84, 1, -0.8918826251317992
71, 11, -2.010966099008701
19, 24, -1.805916841789685
73, 10, -1.670264783456942
78, 7, -1.208474506365225
27, 23, 0.7687197251703374
69, 12, 0.5136918748638709
9, 25, 0.2852955504134277
48, 19, 0.3988967047948777
75, 9, 0.4177603271316702
39, 21, -0.2431521516378247
52, 18, 1.138936772254806
44, 20, 0.1724443609221316
20, 24, 0.343802397171362
67, 13, 0.4412740286136364
85, 0, -0.7880259339477346
10, 25, 0.2991124331269844
82, 4, -0.1502015663721656
34, 22, -0.03135497252197485
83, 3, 0.4780580237279984
81, 5, 0.09845217996072447
59, 16, -0.1652830064607882
28, 23, 0.1780371198377079
77, 8, 1.091608702943989
62, 15, -1.840480871780082
56, 17, 0.9564204010124415
-13, 26, -0.003254853091717543
84, 2, -0.8068511641653119
-12, 26, -0.6419045354412448
11, 25, 0.6241128429206361
-11, 26, -0.6448562000520982
-10, 26, 0.6935676499683715
80, 6, 1.009762139415871
21, 24, -0.8609388635578031
-9, 26, 0.4125286201135949
65, 14, -0.4924731045904245
40, 21, -1.639783938443049
-8, 26, 1.021649082618243
49, 19, 0.5626821875053938
-7, 26, -0.6901111948226735
72, 11, -2.443089670816106
74, 10, 0.7245231614150928
-6, 26, 0.2139810818475027
12, 25, 0.07500146611694102
35, 22, 0.4690383306469519
85, 1, 0.8177347688554417
70, 12, 0.903084949895289
45, 20, -0.1249668281600215
53, 18, 0.3598054587235832
29, 23, 0.1456274018429903
-5, 26, -1.183780235637486
79, 7, -0.4263666355141958
22, 24, -0.8073363177331259
-4, 26, 1.581522472705748
76, 9, -0.6840616130945317
68, 13, -0.3352138526489395
-3, 26, 0.05121571210490274
13, 25, 0.4946986484770721
60, 16, -0.9711099840516029
-2, 26, -1.221305151746946
63, 15, 0.467257331754799
41, 21, 0.3130997665323257
86, 0, -1.493604583097854
83, 4, -0.1190756614417944
57, 17, -0.5922084768819156
84, 3, 0.5759003896889068
82, 5, -0.1671054346096558
30, 23, -0.5754397367955488
-1, 26, -0.1040158149846683
78, 8, -0.4555114679415799
36, 22, -0.7032602923587532
23, 24, -0.3379414646270351
14, 25, 0.06362593991973696
50, 19, 0.4474411502137074
66, 14, -0.1486655591796574
46, 20, -0.05395762194409006
0, 26, -0.5939947755804718
85, 2, -0.7922348296734096
81, 6, -2.40196592311466
54, 18, 0.8229111632220223
73, 11, -0.7575298585440408
1, 26, 1.757032499341293
75, 10, -0.5414854725526055
15, 25, -0.613802964442173
71, 12, 0.3016672833920249
24, 24, -0.9991596510240528
2, 26, -0.513587727211698
86, 1, 0.29337100453906
31, 23, 0.2506711578008757
42, 21, -0.4894523959353637
80, 7, 1.447802169370441
37, 22, 0.9547950277239234
77, 9, 1.992208672148752
61, 16, -1.280615562793378
69, 13, -0.5992767499937365
3, 26, 0.1528492952761052
58, 17, 2.354573064897968
64, 15, 1.089891951361865
16, 25, -0.07115263944706081
51, 19, -0.6763674347945929
47, 20, -0.1976760264387483
4, 26, 0.1480694233964985
25, 24, -0.9833091490623721
84, 4, 0.4595720842644967
87, 0, 1.271195100359695
79, 8, 0.8056656926434346
85, 3, 0.7972853107293614
83, 5, 0.03072183402616194
55, 18, 0.01899786280998634
32, 23, 0.4651729296107242
67, 14, 0.1896102036189929
17, 25, 1.223799311286663
5, 26, -2.409414385219995
43, 21, -0.8286385623472107
38, 22, -0.4420122300781349
86, 2, 1.415952017511207
82, 6, -1.049260287884958
74, 11, 1.181019824067063
6, 26, 1.470126049975534
72, 12, -0.3919625197391691
76, 10, 0.2028736616432392
26, 24, -0.8124727082948867
18, 25, -1.51046549798687
62, 16, -1.484486890547453
59, 17, -0.3657026358850068
52, 19, -0.5242200888670167
48, 20, 0.2666415441431574
7, 26, 0.01780301557856129
87, 1, 0.07275222318963094
81, 7, 0.3212461510146335
33, 23, 0.05138416178683531
70, 13, 0.7372232332046614
65, 15, -0.008352151937387413
78, 9, -0.2932070516655308
39, 22, 0.47959241254808
8, 26, -0.1524715473393073
56, 18, -0.4857691081395372
44, 21, -2.225914828091762
19, 25, 1.777368967081034
27, 24, 0.3408447934415959
68, 14, -0.763494766220891
85, 4, -1.163409216679762
88, 0, 2.293454012013819
80, 8, -1.959259730076542
84, 5, -1.903179698895503
9, 26, 1.448614921127268
86, 3, 0.8138326874814583
34, 23, 0.3460748125903503
20, 25, 0.3614129271763215
75, 11, 1.35727800504099
49, 20, 1.621105133705815
83, 6, -0.1201283678092258
87, 2, -0.4937878345552479
53, 19, -1.08247914604564
73, 12, -0.2397599192998413
28, 24, 1.206141733618746
63, 16, 0.09902124504975755
10, 26, -0.1914622680437583
77, 10, 1.779983071783095
60, 17, -2.246277345687845
40, 22, 0.3831107767359485
66, 15, -0.3535424284412653
45, 21, 1.572416309683842
71, 13, 0.3724142435739469
82, 7, 0.6610361767858122
-13, 27, -0.4484999553953201
57, 18, -0.6283167417865854
-12, 27, 0.5066497024741398
21, 25, 0.2504775303589998
88, 1, 0.2402143160754221
79, 9, -0.2282832706218697
11, 26, 3.23349223121107
-11, 27, -2.656393511759709
35, 23, -0.4963505940120738
-10, 27, -2.216561831524868
-9, 27, 0.2916905701628091
-8, 27, 1.56339913560209
29, 24, -1.090183480558309
-7, 27, -0.8942505626058926
69, 14, -0.5616485779472737
12, 26, -1.385072742775082
-6, 27, 0.7758260640046032
50, 20, -0.5459496753584233
41, 22, -2.397027361327842
22, 25, 2.211286225271755
-5, 27, -2.226510304470342
81, 8, -1.151500638058514
54, 19, -0.933827656086861
86, 4, -0.09315562332935029
89, 0, 1.32389277024622
85, 5, 0.147490531176487
-4, 27, -1.526762304076061
87, 3, -2.587151092074339
46, 21, 1.227814615647171
64, 16, 0.08728136045782106
61, 17, 0.4037092537497389
76, 11, -0.9456904182473748
36, 23, -0.4389267022696274
13, 26, 0.6893990053626704
-3, 27, 1.036313360609185
74, 12, 1.194005806234337
84, 6, 1.440032607360075
30, 24, 0.5913972053373557
88, 2, 0.6299253081669056
78, 10, -0.4907968713349957
-2, 27, 0.7989141479822255
67, 15, -0.2059577458151179
58, 18, -1.150503022063701
72, 13, -0.4998401013975178
23, 25, 0.7221543082689639
-1, 27, 0.6759298485866617
14, 26, 0.6729234046404988
83, 7, -0.5129886823050804
80, 9, 2.036967803065916
42, 22, 1.266609346970503
0, 27, -0.2894564612731627
89, 1, -0.7562353334818371
51, 20, 0.4161938059834578
70, 14, -0.5351034566576618
37, 23, -0.951856811008135
55, 19, 0.8997646563801497
31, 24, -0.4369800349873182
1, 27, 0.5520263762675495
47, 21, 0.4068553617256303
24, 25, -0.7240012610990758
15, 26, -0.8834466312459583
62, 17, 0.096512996680457
2, 27, -0.2990841638265865
65, 16, 0.3553201398300252
82, 8, -0.4095611519640927
87, 4, -0.360166720740091
90, 0, 0.6759969025995413
86, 5, 0.248169516947246
88, 3, -0.6103567638810891
77, 11, -0.3315400588515524
59, 18, 0.2923264038692578
16, 26, -0.5536469060073568
75, 12, 0.438829780798047
3, 27, 0.2729324249844263
68, 15, 2.354636406558266
43, 22, -1.185393862443049
25, 25, -0.9245968590733283
32, 24, 0.1504430058538986
85, 6, 0.6660322042316381
79, 10, 2.307791454390137
73, 13, -1.064293419686426
38, 23, -0.2693855371347474
89, 2, -0.2484567009425524
4, 27, -1.153834710329916
52, 20, -0.919961408317206
48, 21, -0.5024471457809356
17, 26, -0.3771051873974306
56, 19, -1.072742046757901
5, 27, 1.095245002339795
81, 9, 0.08921287583690792
84, 7, 1.788434793876103
71, 14, -0.3491860172186758
90, 1, 0.1372479804859194
26, 25, -0.1872135189396533
33, 24, -1.279654641593016
6, 27, 1.594857944822237
63, 17, -0.05387112844224725
66, 16, 0.7184135421207869
44, 22, -0.9318714493569328
18, 26, 0.2222240930192081
39, 23, -0.4667796819700324
60, 18, 0.3293676774413102
83, 8, 0.6883182605517446
7, 27, 1.146384914020677
53, 20, 1.389352751344578
69, 15, -0.7384671167229464
88, 4, -0.7962320134812261
76, 12, 0.1259649427146525
78, 11, 0.6859033553431325
87, 5, -0.56881771161795
27, 25, 0.498612996782322
91, 0, 0.6855509608272374
49, 21, 0.7725029725113012
89, 3, 0.9303372295191922
19, 26, -0.3403788550221707
74, 13, 1.30820882087848
8, 27, 0.5416048138307766
80, 10, -0.6560843662347179
57, 19, -2.041197346532795
86, 6, -0.3268243663776924
34, 24, -1.256190747221085
90, 2, 1.742030090821357
45, 22, 0.8323797648486042
40, 23, -0.281554540252452
9, 27, 0.2608523892661845
72, 14, 0.7312061923602957
82, 9, -0.08406249907585245
20, 26, -0.06900600658374537
85, 7, -0.4233475698424978
28, 25, -1.093530325617113
64, 17, -1.945673367210304
67, 16, 0.03214938626694742
91, 1, -1.887269401611519
61, 18, 0.309594129101674
10, 27, -0.3476155641948656
54, 20, 0.6529603743955372
50, 21, 0.366170646469563
35, 24, 1.697396020245286
21, 26, 1.720429851931244
70, 15, 0.1394259506013203
-14, 28, -0.1133080992247362
-13, 28, 0.2179489501482769
84, 8, 0.1784571849763928
-12, 28, -0.121372604924451
77, 12, -0.7442212163855116
58, 19, 0.2145964101599989
11, 27, -0.2814370987624414
-11, 28, 0.5358273509920718
79, 11, -0.4290647591504683
29, 25, -1.456675103351855
41, 23, -0.6353823025279163
-10, 28, 1.621776849980399
46, 22, 0.7610032688828825
89, 4, 1.360666294543891
-9, 28, -0.3151568625649106
88, 5, -0.6739323387007671
75, 13, 1.292324945005225
92, 0, -0.4395836599795722
-8, 28, -0.2788269182526453
90, 3, -1.538194381029365
81, 10, -0.4758135372172088
-7, 28, -0.6756293925149262
87, 6, -0.9909013964310357
12, 27, -1.909038683107142
22, 26, 0.2452324732740168
-6, 28, -0.2266065737017815
36, 24, -0.2254139691997979
91, 2, -0.3449816923779921
73, 14, 0.7190486116683544
65, 17, -0.1788404034678142
-5, 28, 0.7070930403012021
51, 21, 0.03788729194351704
62, 18, 0.9228321380026359
55, 20, 0.8364610702400546
30, 25, -0.7241584089550316
83, 9, 0.2254814431733233
68, 16, 1.316836087936014
-4, 28, 0.8679576089857396
86, 7, -3.1098826525253
13, 27, -0.1157078510717484
42, 23, -0.9208491709755766
-3, 28, 0.8198399596049875
23, 26, 0.1851516026479408
92, 1, 0.05094018799067972
47, 22, 0.2833707818220365
-2, 28, 0.993557357599907
59, 19, 1.597005493242304
71, 15, -0.6367493334795006
37, 24, 0.6786548010067671
14, 27, 0.9636380195360265
-1, 28, 0.5517552073057168
78, 12, -1.095932336742571
85, 8, 0.3429027338219192
80, 11, 0.0915975438827118
31, 25, -0.140530045385329
76, 13, 1.550702918776274
0, 28, -0.3587902061971946
90, 4, 0.02905037988166442
24, 26, -0.3486905169774004
89, 5, 0.03392637195297211
82, 10, -0.2061230371099005
52, 21, 0.4504104625888854
93, 0, 0.4803450134702937
15, 27, -1.129325509992561
91, 3, 0.2545325807636772
1, 28, -0.662063318389684
56, 20, 1.364212248247294
66, 17, -1.334685144678209
43, 23, 2.017277666693389
63, 18, -0.1196474952917667
88, 6, -0.5443454376039563
74, 14, -0.2843534988256892
69, 16, -0.3500050459503911
48, 22, -1.269067588705523
2, 28, -0.8868276868110024
92, 2, -0.1872330543494607
38, 24, 0.5469365946513575
32, 25, 0.8349939768298319
84, 9, -2.039170216109143
16, 27, -0.2423171709902242
60, 19, -0.6171375945122308
25, 26, 0.5277486166025191
87, 7, 0.6381045524587267
3, 28, -1.661512689233091
72, 15, 0.9735031090462174
4, 28, 0.6114833944134334
93, 1, 0.3267350431674684
44, 23, 1.117664653899192
17, 27, -0.3067113851751216
79, 12, -0.5829029040157908
53, 21, -0.9522869561741263
81, 11, 1.058281349923932
86, 8, -0.6982049597226276
26, 26, 0.002573860579901986
77, 13, -1.362625748268908
57, 20, 1.052891947087731
33, 25, -0.4084242029631021
5, 28, 0.9115431412034122
39, 24, 0.1681871124684311
49, 22, -0.5132624753198863
67, 17, -1.742653191523868
64, 18, 1.127321895618387
83, 10, 0.02746505776016394
91, 4, 0.6636567974956841
90, 5, 0.3354038441028049
6, 28, -0.4663330313264887
18, 27, 1.56530874363908
75, 14, -0.4288422032304631
94, 0, 0.4778107036231348
70, 16, 0.573865448883038
92, 3, 0.9422379139078273
89, 6, -0.271860335792058
61, 19, -0.5820191176377256
27, 26, 1.445838100420247
7, 28, -1.450303071983913
93, 2, -0.1910794944998209
45, 23, 0.4241436054700847
85, 9, 0.9022642574230701
34, 25, -0.4676534536586305
19, 27, 0.1614607959186539
40, 24, -0.5917510562429216
88, 7, -2.097087990793815
73, 15, 1.106108679405823
54, 21, -1.31082413132027
8, 28, -1.293368208450211
58, 20, 0.4418199965713567
50, 22, 0.654121598214559
94, 1, 1.180897431705065
80, 12, -0.127831754624514
28, 26, 0.3875481559648034
82, 11, -0.04190215531824953
78, 13, 0.1294764936990398
9, 28, 1.006205483562189
68, 17, -0.02015730578408013
65, 18, 0.9073952801510572
20, 27, 0.7802247149967614
87, 8, -0.03171372822956192
35, 25, -0.9423914022850093
71, 16, -1.45866896239177
62, 19, 1.884141880181219
46, 23, -0.5423026641728406
84, 10, -0.5264842622115566
76, 14, 0.3736727265785188
41, 24, 0.08630755796055295
10, 28, -0.4132764524588505
92, 4, -2.366011118173464
91, 5, -0.3631912433947899
95, 0, 0.6874236311647572
93, 3, -0.7308838416604944
21, 27, 0.05702929122751958
55, 21, 0.371679599308217
29, 26, -0.3961247329033593
90, 6, 1.71763114935117
-14, 29, -1.076188112883391
-13, 29, -1.22935348529274
51, 22, 0.0692021315223046
-12, 29, 0.03060972376020662
11, 28, 3.130831796352342
-11, 29, -2.427230036840359
86, 9, -1.209871764371272
74, 15, -1.391388823621958
59, 20, -0.5601349403399927
-10, 29, -1.760861194678013
94, 2, 2.321287464779992
36, 25, 0.5774012504142249
-9, 29, 0.7522377715498939
89, 7, 1.52056714147453
-8, 29, 1.477283725631384
22, 27, -1.955811404755997
-7, 29, 0.9603522417157293
12, 28, -0.6751081809129763
66, 18, 0.6012211680546345
42, 24, -1.344201421249452
47, 23, 0.6252177266687451
69, 17, 0.6360395948748616
-6, 29, -0.3640921992332435
30, 26, 0.3982640537120661
81, 12, 0.4934753735548666
79, 13, 1.459062203520564
95, 1, 0.6898342155619074
-5, 29, 1.319439808111276
83, 11, 0.1823958279110416
63, 19, -1.057892922567305
-4, 29, 0.7282890767536211
88, 8, 0.8850748501438893
72, 16, 0.1144709262510227
13, 28, 2.465500791836002
77, 14, -1.105678000711138
56, 21, -0.1482847255108218
37, 25, -1.413621929775734
23, 27, -0.2937119655631651
52, 22, -1.15321593084053
-3, 29, 1.514726609718348
85, 10, 1.049933641045481
93, 4, 0.9413372462850326
-2, 29, 0.3878209104102414
92, 5, 0.6173850545991743
60, 20, -0.5251494682002139
31, 26, -1.544992142367843
14, 28, -1.337596371884171
96, 0, -2.540825893774351
94, 3, 0.1457750804334933
43, 24, 0.09938636122122085
91, 6, 1.364473458635471
-1, 29, -0.6619873123785398
75, 15, -0.3978433440907021
48, 23, 1.308493956384882
87, 9, -0.7270577530493408
24, 27, 0.1155071940267189
0, 29, 0.7671420973926286
95, 2, -0.03843953195638216
67, 18, 0.007285831555564963
90, 7, -0.6070629829125218
70, 17, -0.4076409563685151
38, 25, 0.6657192076106814
15, 28, 2.564534211512111
1, 29, -1.251807272155323
64, 19, 0.02104805821541688
82, 12, 0.3776243890027848
32, 26, -0.3902753732816999
57, 21, 2.52037332960545
80, 13, -0.1369745743503815
53, 22, -0.2298197257628217
84, 11, -0.9542664943782753
73, 16, -1.064483501858553
2, 29, 0.7355349511572479
25, 27, -0.4961088216538913
96, 1, 1.496331739736139
44, 24, -0.19424184595324
16, 28, 0.6002091662835054
78, 14, -0.09742353434250112
89, 8, 0.7748134025896213
61, 20, 0.3191595449433433
49, 23, -0.8261530528862359
3, 29, -0.7289808624736326
86, 10, 0.8980941136318662
39, 25, 1.889968670588244
33, 26, -0.9611340492710523
4, 29, 2.894402239582455
94, 4, 1.771967324338266
93, 5, 0.6188054633823095
17, 28, -0.8403592377872304
76, 15, 1.907902030076063
26, 27, -0.02490325701473705
97, 0, -0.1176866107052413
95, 3, 0.0003975249884246217
92, 6, 1.208300999029069
68, 18, 1.4345558746545
5, 29, 1.558454245985719
88, 9, 2.719985384832679
71, 17, -1.308496461220266
54, 22, 0.6530095230898514
65, 19, -0.9184594833749754
58, 21, 1.018827507632429
45, 24, -0.2442406294327836
96, 2, -0.5679947135111335
18, 28, 0.4433783528340073
91, 7, 0.7052945527239134
6, 29, 0.7720418045256277
83, 12, 0.5374983071383161
50, 23, 0.8503617919063895
81, 13, 2.396798191057153
40, 25, -1.32565546905946
74, 16, 0.08974105342517938
34, 26, -0.2338885244110786
27, 27, -0.4597011585820135
62, 20, 0.6059654775723773
85, 11, 1.235284424061248
79, 14, -1.407937924727572
7, 29, -0.111114319743057
97, 1, 1.79813184669106
19, 28, -2.286162356136924
90, 8, 0.3385865813451458
87, 10, 0.09713875292136226
8, 29, -1.75818269705974
46, 24, -0.998721338171659
77, 15, 0.9796432715587131
55, 22, -1.628799355251411
28, 27, 0.7062564370474242
69, 18, -0.4935679411801319
59, 21, 1.323456975561293
35, 26, 0.436783012068607
95, 4, -0.1133495419006881
94, 5, 0.250556579015737
66, 19, 1.005577422992511
41, 25, -0.3826591206583457
20, 28, -0.4542261932004412
72, 17, -1.043344734658498
51, 23, -1.551707926434109
9, 29, 0.8137359453303074
96, 3, -0.5482895335724468
93, 6, 1.040726975628514
98, 0, -0.5312874179462872
89, 9, 1.201508951933711
63, 20, 0.4542826549057218
75, 16, -0.5763198552264454
10, 29, -1.85494300553171
29, 27, 2.453179556894453
97, 2, -0.3984686633501555
92, 7, -0.8001306267040598
84, 12, 1.567988661744139
82, 13, -0.2330673995707787
21, 28, -1.369886153167209
36, 26, -1.184549649532554
86, 11, -0.2408674192717085
47, 24, -1.25282479528999
-15, 30, 0.02801774719703037
80, 14, 1.092777959117494
-14, 30, 0.2355843145715155
-13, 30, -1.004445552252803
-12, 30, 0.1928954895275533
42, 25, 2.27879080714097
11, 29, 1.167482100006354
-11, 30, 0.6462746432771793
56, 22, 1.057434251933823
-10, 30, -0.5272883471105414
60, 21, -0.07990447117232873
-9, 30, -1.075244750430916
98, 1, -2.577105547116137
91, 8, 1.18803629520568
52, 23, 0.04059513299841614
88, 10, 1.490896208824001
70, 18, -1.085150870841484
22, 28, 1.203835720635436
-8, 30, -0.9913006701170048
78, 15, 0.9193762433429103
30, 27, 2.118176659563032
67, 19, -1.372777515713371
-7, 30, 0.9728418964987618
12, 29, -0.03019252760595372
73, 17, 1.115079703259735
-6, 30, -1.437097266283041
37, 26, -1.393668819678939
95, 5, -1.597007588135363
-5, 30, -0.3270533145052228
96, 4, -1.013705462765584
64, 20, -0.6218750072036165
48, 24, 1.104220052853479
94, 6, -0.1076003286339035
-4, 30, 1.915739076261468
23, 28, -0.1128001707634388
13, 29, -0.6737838300085579
97, 3, -0.2686850033834068
43, 25, 0.6493178528573808
99, 0, -0.153028651101377
90, 9, 0.5337443219331528
76, 16, 0.2253658893334405
31, 27, 0.5496729763487701
-3, 30, -1.397453936893318
83, 13, -1.21643086988809
57, 22, -0.8490284192872105
85, 12, -1.868465375245491
93, 7, 0.7429684123922496
98, 2, -0.3852752625611055
-2, 30, -1.195363576727532
53, 23, 1.119015624099559
81, 14, 1.2244627357543
61, 21, -0.8568833801539371
14, 29, -0.9257865072589766
87, 11, 1.287397882259536
38, 26, 0.7882233659125019
-1, 30, -1.683987801103173
24, 28, 0.4890683916712089
71, 18, 1.273500913712901
68, 19, -0.9156150005963013
0, 30, 0.5139397554458435
79, 15, 1.706817110846132
92, 8, -0.7763076162116415
32, 27, -1.280741018620512
99, 1, 0.9198449713703564
89, 10, 0.2282755374725183
44, 25, -0.3802342754952003
15, 29, 0.1096416968067875
74, 17, -1.371591658807209
49, 24, -0.9394541749016228
65, 20, 0.5176732817523124
1, 30, 0.1343099424264869
25, 28, 1.029083080883014
58, 22, -0.296171424541405
2, 30, 0.5271625918978671
96, 5, 0.3120038276396547
39, 26, 0.2269088624372197
16, 29, 0.5960153164989
97, 4, -1.033077317736102
77, 16, -3.147397978376917
54, 23, -0.05048836310310112
95, 6, -1.902902699715191
91, 9, -0.7810937214924961
98, 3, 0.1186329446441178
62, 21, 0.5795118379284981
33, 27, -1.063196604454494
3, 30, 1.071450464957877
100, 0, 2.057409304015717
84, 13, -0.2067850885185284
86, 12, -0.3612106525492282
45, 25, 0.3613586378192155
82, 14, 0.4840222614898884
26, 28, 0.2333690885321881
94, 7, 0.5060651572425418
17, 29, -1.195767145398639
50, 24, -0.5106766857398742
4, 30, -0.1626388599100131
99, 2, -0.007322510359563756
88, 11, -0.3110536017126762
69, 19, 0.7116090059935822
72, 18, -2.631431275819129
80, 15, 0.748864335839406
5, 30, 0.8736343694560476
66, 20, -0.3124081227112567
40, 26, 0.6462655707234651
75, 17, -0.2427817934844482
34, 27, -0.8184076136965341
93, 8, 1.383602879969679
18, 29, -0.6775633587109738
90, 10, -1.276934131550653
59, 22, 0.05568001431230803
55, 23, 1.555292023920362
27, 28, -0.9766040145742917
100, 1, -0.05778047575376252
6, 30, -0.6982276635544113
46, 25, -0.211563005631956
63, 21, -0.4900322655960199
78, 16, -0.8017880366625729
7, 30, -0.1989896261300262
51, 24, 0.4902350870269633
19, 29, 1.795590778582169
97, 5, 0.493426635343388
98, 4, 0.2648594116060289
92, 9, 3.124573538621861
41, 26, -0.7213524326198785
96, 6, -0.3530607483382101
85, 13, -4.20568473207802
35, 27, 1.24036118074562
28, 28, -1.736161179451104
99, 3, 0.2268687246700844
87, 12, 1.176677826567495
101, 0, -3.021239313346857
70, 19, 0.4858278584739097
8, 30, -0.1225292826850875
83, 14, 0.6960371734979218
73, 18, -0.2553579519858777
95, 7, -0.751120391861799
67, 20, 0.7045273348689828
89, 11, 0.1229325815288511
20, 29, -0.2734989356542021
56, 23, -1.047443920199554
100, 2, 0.775775167069482
60, 22, -1.388727107486002
76, 17, 0.8105791885113705
81, 15, -2.884884068201915
9, 30, -0.5539252492620587
47, 25, 0.664412368100446
29, 28, -0.4577477695461372
36, 27, 0.4239483725951814
52, 24, 1.152508029910828
91, 10, -0.6488923256567866
64, 21, -0.08489257086377176
94, 8, -1.941078875723567
42, 26, 0.6240721081844931
10, 30, 0.4732714796292664