d = 163, symClass = C
2.44357500784005

2.355512496006174
1.89260206052421
1.310593066562678
1.523909482293281
1.422973619565516
1.877368956845477
1.040263988025374
0.8971611331371829
1.059705537654695
1.301461748205064
1.129161396569511
1.277357096546444
2.231487100921343
1.56093718014658
1.708835008297641
1.570789432470028
2.239788685879305
1.803172654291564
1.331164307948992
1.309552256816274
1.7381664855501
1.637986928952496
1.528755754480356
1.975281364478318
1.203975435285733
1.161892386780388
1.69686216283082
1.87290089308879
0.7639739211218153
1.500935379949995
1.424190959102459
1.659392517862939
1.666207069964362
1.470831506391854
2.249948016531051
1.713332629925117
1.816664957232839
1.650512207865927
1.892670034205944
1.249540313250728
1.481529648124372
2.043115381167205
1.637662880632876
0.6292597870779439
1.489695926196074
2.262147263011264
1.809515100015352
1.549212036757986
0.6590193690386698
1.883943656941722
0.7914377909678546
1.224373627366097
1.324063696597338
1.631434273958024
1.772492405842676
0.7382519130323685
1.751885249756006
1.400338275928428
1.465612645922048
1.286267799904841
1.228945686322322
1.484034384931244
1.345699177810957
1.392832749612217
1.172649469346209
1.603763483379275
1.503366236956753
2.197649025365267
2.230819082902773
1.456818034850853
1.761032067807887
1.199649893991945
1.416601706644613
0.8738534105717823
1.167856955525773
1.048268152055361
1.654954647149439
1.6464373398156
1.026750336243579
2.040196691073199
1.911314455549505
1.374510119121062
1.566568854953873
1.421698443840316
2.24317638797569
1.574977592754082
2.181468487901423
1.848394605899716
0.8207530745631166
1.498012699298116
0.9827352182000674
1.529535014615981
1.528166657987676
1.380259142324282
1.440032407446101
1.588370370451518
1.394873128860472
1.010728576375835
0.9044368049411505
1.239656551819426
1.531189349165119
0.7084150949334781
1.45617535620531
1.510045622700462
1.458716986172544
2.038433172606422
1.485190833953554
1.580889536343538
1.379637723537955
1.212545303888794
1.243337155090571
0.9489674400301182
1.32134336879448
2.038106789575567
2.214626729838847
1.340066868287674
1.331099764544263
1.553142137674491
1.772781055205353
1.637033912661349
1.163793968940388
1.888565741319696
1.122750181240819
1.56377461666348
2.237111562148344
1.524781125796969
1.376930998802083
2.126978525036582
1.295625689543398
1.540077894597238
2.199707028033914
1.682951429790788
1.645638970846935
1.699911923001295
1.699942548456035
1.69456217744666
1.37887951450621
2.010010721562061
0.5518581194281239
1.466031923485923
1.827114400588852
1.524173167513208
2.337152236659276
1.506356631098525
2.091063812489266
1.501251403067289
1.351118644273668
2.019720489512465
1.304861208756889
1.143983712002056
1.352921346830396
1.967947520798128
2.034058602302561
1.911569091015016
1.334381592461105
1.680231912578855
1.706875043753137
1.518367736472773
1.378138845251232
1.981232771089968
2.023957821783211
1.463277553047672
1.743075035256935
1.997065087920133
1.792929485451432
0.9444216536608774
1.194916930758373
1.482592216771835
1.701626369874249
1.795364943580495
1.705066489105025
1.559593148285184
2.097346594238272
2.270494197141991
1.594212346224175
2.03475480861615
1.992403450474632
1.2222772076745
1.499120057324391
1.637876067411583
1.233173652434503
1.374277791462328
1.664597187689651
1.487811282528583
1.512270722118611
1.773653904101572
1.726648194954842
1.969727007746371
1.482592626837112
1.589442916378018
2.103810224070041
1.884255572986879
2.142912613977586
0.864693131916633
1.896455533409142
1.834902311829422
1.403865602278937
1.2483381917898
1.453053946318555
1.688468242995889
2.253913136471395
1.148895122148916
1.143319674409842
1.636520581669754
1.82835823314603
1.397043949230091
1.265911688291636
1.258494045881799
0.7506331871426128
1.385001855214683
1.607602071443603
1.352129327719034
1.410447444681228
0.9475253839750692
1.742840096125258
1.110315657693643
1.441517056454255
1.678690717085284
1.313777886338821
1.351840249732433
1.467015706597463
1.751456605485714
1.643848997956648
0.9900647190885277
1.767514683757052
1.222748563459278
1.557767668745626
1.101937902734972
1.474979437468685
1.475216605925988
1.387656149954889
0.9700040140721055
1.980045171920817
2.081450544064064
1.53350588981284
1.306585644625611
1.725297148085773
1.621256785279223
2.221448280554489
1.322082405514579
1.096730458749613
2.527979866706359
1.522474172861914
1.656199874008685
2.259066670151624
0.9175641603581327
1.932283852590912
1.199446770768319
1.205491216612678
1.611066353866989
1.965283998107815
1.728886049780955
0.7807916369803632
1.601623710908398
1.939554845923449
1.604856530625711
1.698579779503089
1.795408799752391
1.602822061036998
1.252525329800422
1.446774312959089
1.698012007465947
1.868485168478087
2.172181563676503
1.624649272273173
1.296603993400041
1.212657386757801
1.507010553441331
1.431850057600527
1.224532218600936
1.656337933513022
1.550444988726171
1.710001213850209
1.775237411742782
1.710767241691849
1.168761586982447
2.156560272485565
1.567223740932123
1.975955695634684
1.534758420811053
1.346744947438078
2.069553428882796
1.772708304523126
1.308539690426021
2.226101877505933
1.659789791275888
1.766745824905548
1.55449444885358
1.750201653135014
2.241136912055757
1.207923869969817
1.219871220783862
1.489196343630945
1.403418925891749
1.857026433491005
1.135613093849036
1.970749771250213
1.162585227223008
1.886619905466522
2.036970928646709
1.496267796689692
1.783316672572202
1.603494071885938
1.57079528851672
2.06304047805731
1.775475305354015
1.463197609867316
1.265608027188472
2.052270479205939
1.745649487151214
1.973218527273884
1.622915382917582
1.885657375619063
1.311755593537384
1.697573521657569
1.107689176807262
2.041006986627752
1.116631714644318
1.77295518882332
1.232037701865995
0.8942777160179455
1.617876660632936
1.832303097584357
1.242820626413429
1.609002161911782
1.576888327077985
1.408249537490483
1.359364289564786
1.844031195338059
2.127025708295566
1.773047242415101
1.354184937500859
1.135902305348504
1.249123810025091
0.8840096073262227
1.694147729206199
2.042482310645266
1.577195042120987
1.424595123378993
1.251449300859644
1.488512068361803
1.945587819095948
1.930139517876579
0.8019193739855556
2.203807080725957
1.77625064021223
1.174864524687903
1.935186401056054
2.031618062991001
1.856000282047495
1.589319591265307
1.476044694174228
1.521862895061508
1.934364126194639
1.856404594767806
1.510749759105822
1.355742886275917
1.046583103785932
1.993985999789534
0.8132061985115275
1.58077888384322
1.112010286515472
1.722592554316719
1.296451824907065
1.622811850777817
1.353719021418079
1.945615611310602
1.774747537640248
1.375697580661135
0.5420464347730691
1.750799668541553
1.586083577841073
1.348536130403824
1.111943441680729
1.747416461755716
1.834284904062133
0.753985043448804
1.522987092091473
1.498182007767196
2.365150536985475
1.090406840793221
1.267476390851326
1.60240132923387
2.280280973746363
1.942103657361183
1.713270143189433
1.663469745932998
0.8385462338021632
2.217462496342992
1.314669053572626
1.038264618358991
1.349344907733061
1.034762550588298
1.348893425102982
1.853925960336494
1.498522382996885
1.96598842783075
1.413431424847718
0.9972131233044292
1.564148814607377
0.8058505854493598
1.208965018857123
1.041736223161203
1.80741506915376
2.165512530950894
1.641127349705881
1.727851479069643
1.549379387992272
1.931380548740937
0.9941351004719663
1.491619795456532
1.639605437111037
1.667145618279637
0.8775096744068079
2.032699340548417
1.105102090306423
1.266375342519329
1.455974931008066
0.9828371730781863
1.420596218514146
1.059243017410732
1.973004780999684
1.093474431432091
1.410367066026652
1.634295046169808
2.337756442858597
2.201611161301158
1.576850041124509
2.701963285139745
1.58911742331535
1.317826676366826
1.479960264398961
1.683099514348404
1.780754375805701
0.8975956101953738
1.729804458267863
1.496145899793693
1.852237299365879
1.79522584158271
1.141026505436354
1.04176478027867
1.79589743516113
1.844349114704871
2.4315852759958
1.727399366735574
2.240281483470783
1.958724228437163
1.360718996878687
0.9253170109817035
1.365518506609168
1.729337036436508
1.344692250959122
1.431198631174379
1.389059432559845
1.190794929019051
1.706453148329432
1.242431766147274
1.521283473480713
1.636965658198301
1.225065351307165
1.752669688901133
1.558389529458397
1.920332022464542
1.855095218381426
0.6737055062334807
1.676731598170413
1.749682784296134
1.483538137058889
1.023277706608902
1.448586225841476
1.020623878386544
1.571438990060739
1.241671009810088
1.717728368780618
1.177766889577748
0.762222810198754
1.17302835222171
1.565712104721301
1.500346464301962
1.46003032359051
1.724628434655466
1.763070811293923
1.588783180042332
2.001851552854729
0.7385644329552511
1.703970909763145
1.464263765240052
1.661194095625118
1.625026496429441
1.333089738955397
1.619544611754338
1.308835790675428
1.478127871639993
1.583984071497166
1.796536753986737
1.726798924820401
1.202010880261608
0.9939966308626632
2.059272456964721
1.548749090455928
1.146736739739964
1.494238033503358
1.791577910727674
1.747931609002121
1.833982659246006
1.316445231244411
1.373922917953777
1.671227815915131
1.671327656842977
1.574709088752617
1.279908513088864
1.788223254641096
1.020579478602962
1.24948929706376
1.706733947961619
1.768008948559152
2.162849524523009
1.574984593178864
1.702627862275755
1.104819874489093
2.011766013992497
1.197265616165366
1.771864955823846
1.639883099603298
1.179253903278536
1.63947908134023
2.153716401145312
1.156780004115184
2.404561994106246
1.559979961181676
1.029730886754438
1.605210744701522
1.701414492256354
1.653786866476257
1.653334258427692
1.15921973691069
1.479200571385321
0.8643018847417986
1.868961946258322
1.7858775839958
1.757839911181867
1.322685090984791
1.587136459562597
1.486969840660483
2.241403543830616
0.9439454077077405
1.466447749853032
1.694962868511379
0.6861695244451096
1.702002611714666
1.530090808706237
1.769604042553831
1.260623445930438
1.115750531949836
1.499813595118467
1.682848472543672
1.786451844696351
1.643377411513996
1.901821289041993
1.127416494235503
1.690727700685186
2.191459936721654
2.003841273070599
1.163934449384525
1.684905499936461
1.701484471548476
1.511966673396186
1.048369441012801
1.676669415296749
1.697426880744361
1.776787820405278
0.9113912144959722
1.001383125908818
0.8919428173700382
1.638574174684257
2.053517799686725
1.002486254262253
1.295161899613414
1.970887315471548
1.445465638691662
1.15264859730318
1.732791342893492
1.696909656160607
1.958183521502731
1.854478168460617
2.157864175247731
1.044471464006069
0.9936889603993626
0.7201348898025767
1.727471113025502
2.139497024223997
1.729078785166877
1.747620179551235
1.338356147191799
2.129147515780879
1.679517500364274
1.443996577466
1.25760907699059
1.836033608788633
1.586260483645786
1.956372563215667
1.198108589613842
1.861276965942956
1.548925354396757
1.651631919814571
2.170081054042394
1.846442309190176
1.260272344404679
1.710203129127755
1.515554311018861
0.9373518237334562
2.267156371409811
1.207665027413468
1.264655021061788
2.006942134979785
1.372434757667017
1.057450026919033
1.55056263618324
1.742849133677113
1.036702486918769
1.241593138404258
1.924236797065969
1.425836154415257
1.15291818056323
2.083076205577213
1.023350782566627
2.433746050689127
1.82919198797311
2.561998849380171
2.019871345493216
1.474385743240249
1.720332397679163
2.014657199388445
1.81104579308854
2.003278246818714
1.213495288332027
1.609406075157123
0.936433537733563
1.267013834077419
2.107071987567347
0.7195083802848634
1.120759868494165
1.510941726472124
1.850764012336521
0.9809442985617907
1.253638344659115
1.740262999932798
0.9472255219923534
1.310956350960652
1.602341943388676
0.9564736418170626
1.238527498582889
1.04878818629219
1.417786637417277
1.397550106190691
1.608245350065768
1.754229308608557
1.637733714373479
1.02747443121664
1.575612994106542
2.279593965387948
1.378253442219488
1.78045136512157
1.674269683867791
2.153963415100963
2.302522112199197
1.522915171859684
1.419037575664651
1.255421827421868
1.521705215529447
1.797528164016756
1.631102598086155
1.514041229734912
1.842619467450868
1.375604493395401
2.364148672563965
1.497635993801649
1.532252603893708
1.308878753118024
1.158869637688686
1.103064781597473
1.357603202025296
1.791281408371278
0.9008674823023985
2.535141765045459
1.492319826297041
1.578797067015853
1.079428465091153
1.582121997502992
1.388120437531432
1.845480528283147
0.6539165005005149
1.93427582772838
1.708600541005947
1.532129221340609
1.713407210847322
1.955437914639407
1.371420645286284
1.476629221741423
2.49464407619373
1.72396650189207
0.7009563173770966
1.842801704958828
1.806908444584432
1.699420011906323
2.05784659409751
1.782575030115032
1.895310116286848
1.411585801607917
2.196665168595264
0.4636993199443733
1.108703993919784
1.351887453232339
1.749962288790701
1.510078874071091
1.031298937529156
2.727452761233933
1.800241987877322
1.892823902870725
2.145396390654367
2.066403586060078
1.72245024996052
1.394250835741767
2.271368361386234
1.323263109441037
1.188012368653169
1.793448040627942
1.915132293385091
1.894431084177314
1.586149632749215
2.380035447681259
1.330348967115774
1.144666441112224
1.859742496028986
1.373916284236952
1.194490549605503
1.819140827157645
1.300584765410264
1.245431276837668
2.110152020340721
1.511775365192386
1.556587121353799
1.461311954080297
1.429653685167238
1.216311164954192
1.4313102630609
1.644004589381616
1.520621808768059
1.308612576210282
1.574172953030067
1.694990069968932
1.989817563441621
1.853944009370478
1.627355471044044
2.056841707024525
1.850744702703829
1.391484669629103
1.307257183967345
1.55587742400254
1.934527749640966
1.803448461254037
1.369698134810912
1.835123385682586
1.876228853515302
1.568336015944208
1.769045911772886
2.031910776356186
1.595405781065187
1.502383013169124
1.546839180235597
1.270510110181429
1.638964621618608
1.942108117388478
2.080973540742009
0.9840497492831504
1.336126417790481
1.524890091717909
2.031494253240012
2.305738489219441
1.20907332670591
1.699281853383855
1.219022133057178
1.579751209364198
1.360662996056325
1.997493709270232
1.523623318385516
1.11420898328615
0.8394846833819501
1.617126803879052
1.618875199661221
2.124296595088886
2.174419846087377
2.037355540218864
2.071344249996586
2.067351688209979
1.105042849255648
0.9568432074511217
1.527271058422512
1.688577907884846
1.692463998585473
1.922714274062719
1.308533961950288
1.480320072031668
1.672629234742878
1.399663051673964
1.956171008077636
2.125903769818599
1.405295287941484
2.771196364202206
1.958611030295289
0.9478939809519922
1.475884680666735
1.201288013743748
1.996534942059065
1.374795999490602
1.519515247931561
1.634408229177877
1.671101820389598
1.356895215161304
1.39197883160127
1.443669042930239
1.971083350572522
1.928113774564339
0.9405555063961176
1.935039623147466
1.88731982817745
1.041312987460235
1.489935484570839
1.40390312881209
1.231048178181429
1.708200249408515
1.667573228670305
1.661715563071078
1.065589500436283
1.324144895168157
1.889575577106468
1.749649732489998
1.886009905041498
1.447459024141432
1.321121903798079
1.693761677018973
1.606784951426255
1.62134620904277
1.511951722843292
1.090959697792213
1.573344699021953
1.498928655654019
1.827639292611732
1.089986654212947
1.993514497926099
1.885831981009194
1.934748117261256
1.303777733927263
1.207686212741151
1.453351514527793
1.452056223277468
1.759741984589734
1.883780452766345
1.358655673292669
1.634039125990253
1.053052189276237
1.888965911170459
1.659266143197035
1.728647182060267
1.101376701981081
1.052470883610567
0.7478643749293034
1.507116603476254
1.551579121239829
2.051169743230454
1.469725398135361
2.185889631184367
1.124730546104272
1.880250369744902
1.834339601877907
2.068000219541018
1.464109440920319
1.763206915081115
0.9187069879760169
2.11768301045791
1.643213274686465
1.020865822023585
2.223302718772008
1.088681570399764
1.131215469829651
1.772849234375016
1.575473383529099
1.840330855651116
0.8003437888940703
1.570766163792493
1.544013170687742
1.400664904506074
1.369906014637903
1.348574668148995
1.193057950805436
1.05884455502074
1.855541533378013
1.278517387012908
1.177003463517644
1.388542497498314
2.19537166567607
1.35437429182507
1.699498974733709
1.851869362081279
1.327852262110556
1.800532848077103
1.414375868779191
1.129902860476766
1.5731716848565
1.476605343210691
2.031172297722145
1.674997040085284
2.186227741430764
2.159878946384985
2.348568124394258
1.767108075875354
1.251614686864089
2.127211754595324
1.974284267306988
1.662817606629447
1.551736391979025
2.216045926645597
1.352139276246889
1.867725907061598
2.286065897052533
1.623344484768143
1.658922187960471
1.443168216031814
1.281927545391283
1.292639234355901
1.772805809760178
1.074970904541307
1.438315670684845
1.542937066705573
1.21875822442856
1.80500510556738
1.813479005116645
1.42982648361485
1.662484666314306
1.323129616525045
1.606181628187735
1.320374374428699
2.424117109551835
0.8202026618870567
1.358563564153236
1.93193173249977
1.145809354109856
1.027787987911123
1.862950136000294
1.41348133090291
1.270215230662165
1.853120494708291
1.209024766207762
1.262897309007783
1.581822161667233
1.759079818905358
1.567055994673524
1.082320778649915
1.843532321223522
1.845059407134856
1.298020798979295
1.620215109682493
1.312395811192146
1.663414905787495
1.428476168932808
1.845357332940233
1.571187219115373
1.512094967840309
1.643715335523163
1.22412104926879
1.449206714490333
1.430055048899024
2.042812367072061
1.209792602619194
1.887865081455383
1.901292903933123
1.498012434517979
0.5709424238367335
1.612775030590421
1.301655953082012
1.041157886644315
1.45451176046899
1.701315028978795
1.510289213950668
1.978764671078612
1.057347565054421
0.7639289043469795
2.00102634231677
1.926780942293494
1.767418161552333
1.275821149356468
1.392876096136559
1.593246821412119
1.817253104350447
0.8775632357786149
1.215015690480915
1.600431814710796
1.721313287604448
1.75404401181307
1.487487494287988
1.753741478021033
1.671738992293754
1.689368498157347
1.832977626492249
1.621928620437386
0.7461728639501012
1.331911399760694
1.991885772668783
