d = 19, symClass = D
16.17111728801592

2.13477547936128
0.639095892736239
0.9888068336920396
1.0595167380368
1.61089812726632
0.2817990351898902
1.438180643069074
2.438858420352982
1.169850992265212
1.775991097887266
1.571723356355948
1.188756793878372
1.6348653404583
2.913146563233485
1.628811914074867
1.525533539449513
1.625875401684471
0.8795942704268588
1.182115855719532
2.156132753807519
2.532204799891418
1.572878040286372
1.657822339326273
1.921295046927248
1.486158464425868
2.149766462003142
1.26523008302525
1.651941457887088
1.308975553068073
1.201593601242858
1.134928260799309
1.77694813065889
2.294834031392617
0.9257424939978276
2.026493971588748
2.514504742031503
2.053001702355919
1.06546369568679
1.680044414186056
0.9256046517826046
2.523098408057685
1.667293965006582
1.070063069441256
2.367834934594741
1.394437223143599
2.629879911644523
1.447509177761839
1.158354393527856
0.9994188604496184
0.819995395481412
2.485114121978617
2.260805406322665
2.215508096888597
1.629534790066735
1.085604342972806
1.757992750728159
1.815286348098518
1.637948983224482
0.9351194850050238
0.9541171283130887
2.165873306500507
2.826186291223971
2.477222158026171
1.452691070328759
1.057443356477821
0.8680345384878138
1.254102087104817
2.451823346069734
1.079384431034671
1.279619173598491
0.8899065943937731
1.325528898788239
2.173771458094281
1.512722239233407
1.156385940949203
1.705205964427429
0.5336046641903504
1.901863643574783
1.39627689803244
1.317711198555801
0.7389561722358182
1.968927790269109
1.69961071011163
1.563971986149787
1.999904577380836
0.2134968798044363
0.753919542332012
1.481968850342537
0.9647917695514231
0.8467406609022643
1.574247022236938
2.196367317616042
2.104317690171622
1.485729819659557
1.878182417310663
1.718463794445154
2.581330656318864
1.707678124403384
1.150121299127528
1.505332450769186
1.521397164088139
1.489237236006631
1.373618491795929
2.154071752884362
1.45866626104863
1.012931240811949
1.748656987435448
1.681297268504414
0.9760420835872635
0.7275326173571756
1.833440282024156
2.035945693368291
1.647885312811439
0.8324051239367066
1.484849144772314
1.173333446924496
1.199756317059457
1.523556499419246
1.498276538623498
1.55545920349749
2.510767285791678
2.014115362723042
1.804220189139803
2.489706291708714
2.054724559669124
1.434195525739057
1.63901137671117
1.164700497589055
0.6623777015779697
1.363182584456186
1.240928427386216
2.015649914350707
1.361127152888803
2.096842841856657
2.24528305556619
2.092821522503951
0.8233938519061161
2.014522685654028
1.183533700627724
0.5740573071288818
1.170439543169944
2.493569306138236
2.307875120628677
0.8354157540897689
1.812650687926828
1.806113465294684
1.922407138466658
0.5357385221180965
1.806512499680094
1.679768931655718
1.496938797654144
1.967327067904295
2.591784700100855
0.235500555062983
1.139333776387549
2.71195295988989
0.9774543471749293
1.897606237028082
1.080739381934525
1.712112373791653
1.618332408764087
1.861128898490098
1.728121667755208
1.271479693847037
2.340346290247242
0.6181743391651935
0.8996333121520932
1.192146290166595
2.138158033572424
1.487624367681457
0.9894322584465076
0.5994307513781971
1.618664428539622
1.034082902748641
1.46804970376874
2.787767835352337
2.153541288136743
0.6914659840793372
1.793003848083017
2.153469035855828
1.274952510846119
1.589909875525683
1.3671612293691
2.12090112392932
1.816291991495039
1.667749906348477
1.447261194934651
0.4756015129744514
2.391961927339911
1.505584888146718
0.7786304934067343
1.405296338921091
1.367066022942963
1.733329280769205
1.293348646780007
0.7834486360362555
0.4912438017697005
1.03036128424227
1.011237141989038
1.963923892299432
1.718283056360573
2.254751687208731
1.070724317233097
1.353243210978408
1.230348537142973
1.69397280417139
1.856545656760268
1.964308749396426
0.5185787830836828
0.809404040865537
2.350706061073888
0.9909214130446259
1.430508778935278
2.074836241802705
1.26431521979326
0.8267483334827772
1.899780177833882
1.237602438445108
1.867930252019467
2.257827478664905
1.715609531041424
1.426337418020635
0.2440793542143467
2.535326694296981
1.040448909561926
1.597943000636413
1.876332739966408
2.19208275410011
1.189306542454955
1.982818368308614
1.367408398372483
1.587813602353692
1.436534226545212
2.15330159036349
1.523544982810537
1.561633383523218
0.4215780644794412
1.466201933499323
1.780099479116414
1.942559960096591
2.956129007670302
1.617358213874492
1.990806253544797
1.33961501635449
1.446430926069101
0.4249928641780546
1.120177479866266
2.215267905988334
2.041982686846599
1.837297288669243
1.222889150232606
1.084805681649735
0.9771497228509686
1.531462161439073
0.5850954370874741
1.781803342796456
1.797960226557832
1.125969772500691
1.533850658523723
1.353216138338414
0.7914708853570648
0.6039503623729182
1.184806117419997
1.012592926572347
1.705092034814517
1.336429561804481
1.416494118511749
1.244530312142922
1.223465684313947
2.324008187114718
2.084881163340027
0.8361375652719033
2.349050151875491
1.963372662775165
2.035679949604708
1.619999696306761
1.288367689986464
0.9934676763533212
1.074187857173994
0.6585924859075395
0.991399394213075
1.073817900317138
2.125153435400168
1.115177260745669
1.871108990764357
1.631655223800567
0.9446011028816148
