d = 19, symClass = D
19.2408596040831

1.530217083617071
2.254895958228782
1.390676678765411
1.534762168019566
1.756293666653914
1.376288401769806
1.022164880636418
1.3422499109803
1.675455488039372
1.648889344677223
1.614291087934441
1.073446516466352
2.000625467288577
1.358903830836873
1.050619696135433
1.037480912099363
1.285652948619186
2.012669017835541
1.573181629388025
1.839018559554492
2.404289769422639
1.379475328274417
1.929013548034108
1.627317380350259
1.708482870516886
2.244141759918838
1.64704017700158
1.999232016622028
1.839556553662013
1.637654993237485
1.908612860720255
1.083967483221083
1.579469009278972
1.873633465655986
1.8100127061968
1.395872941667103
1.796149285970169
0.7642658105254244
1.50349326432905
1.028404054130882
1.125616456337916
1.833391413172047
1.909568371951461
1.736774999676999
1.943302831313086
0.5880900156234012
1.636191755946059
1.674022872702346
1.707734497585288
1.190364703364232
1.844410661954307
1.636976122324383
1.498671132385209
1.271764901897901
1.53586328895121
1.303936018078719
1.611317698034333
2.193784014430529
1.37269500045599
2.009410679806038
1.192206701046195
1.035661864851745
1.490397824145716
1.894539164146138
1.526124990742915
1.814026931244967
1.771174691418417
1.226729307436344
1.198556741624593
1.138167454550341
2.065170653455606
1.434153745604868
1.459086259117004
1.948447554964753
1.481075337933348
1.923526859727447
0.9791383106722892
1.410076020857143
0.881738051303934
1.494412763097271
1.96941318131772
1.733773965945498
2.214330006228496
1.444466339042469
1.564807928504439
0.3445279038047918
1.666847409628627
2.14832320026767
1.833252369923667
1.670396265963811
1.330447931181781
0.9357130452327233
0.9169924604288094
1.291563512139023
1.904817582777066
0.6114199869535129
1.214443572263007
1.604786164911569
1.659655065891038
1.290468716652839
1.377978259838271
1.892564407240887
1.177948282428735
1.445786494513799
1.713581266525114
1.238840853294754
1.116470127391189
1.819530887380937
1.286794531816247
1.845102890483994
1.768562641354799
2.118438272582783
1.681250085896537
1.803426962074768
1.95028731547085
1.289845519871686
1.619253522468082
1.301784756461244
1.747776817272031
1.911870064171499
0.8304551685178249
1.257435712546388
1.298220852229406
1.362755677803996
1.634534693744259
1.585172351124819
1.91321932081331
1.171585349805264
1.426929547059171
1.80181949051273
1.496684141761842
0.9864140214782449
0.7324107943902115
1.757489300569809
2.197524975737976
1.261343425607174
2.142263415941583
1.305239435881637
1.468981554596253
1.497711542580227
1.862166035429408
1.482813490959749
0.9350706264046112
1.425828055285615
1.594025032891068
1.921544418449047
2.150236776916103
1.626755572166298
0.9133513292130827
1.5575907787147
1.485753200637532
1.153134334120155
1.423660656121984
1.786240326875588
1.629239876199148
1.827003371666241
1.646005106381954
1.626857528176572
1.384679229874969
1.591281079105222
1.924300266518338
2.015048254963527
1.65488047827461
1.701712833339611
1.605461807661744
1.424728164459313
1.578631040365232
1.68420748449031
1.768303781054658
1.601525176298366
1.645713064988854
1.535881292062707
0.9997808252652766
0.8202695488368327
0.9313912628100607
1.135508285537126
1.55492521891915
1.325036711086177
1.206982896215779
1.46461405846067
0.9775588080898742
0.8650680828237597
1.075496111514751
1.762586294642188
1.946729889660031
1.175534064213182
1.894215408356907
1.485623648646648
1.484528785984931
0.8086647545261738
1.154887976698433
1.444205117463926
1.409949594844148
2.069321962692809
0.8657233399382032
2.074696550827497
1.347933514577882
1.757906452034528
1.548268438371565
0.761267200920089
1.264689912823826
1.643379989607588
1.426290416258904
1.916007191969453
2.304089657705762
1.745691910712548
1.920202248289929
1.26824997867524
0.7204976067309423
1.926587086640156
1.832840712480645
1.892387178062597
1.856045797393278
1.264055356766274
1.841792511676287
1.454119382587791
2.048858194558266
1.56248675262127
1.877791226054517
0.5446759697168498
1.043645172332191
1.629145781114163
1.90308121573655
0.9914847817662115
1.331912491058036
0.9459314658694008
1.344687841882462
1.799196880180014
1.342985940263531
1.799619373589651
1.589386126196153
1.761068913186376
1.410118052295735
1.059015923158468
1.737923986684513
1.571836920722529
0.9227669812416489
1.288851492675359
2.018015186653218
1.617059327257918
1.718817434344843
2.196595787929028
1.438554468839464
1.908602043873751
1.016292231004032
0.3214266019237621
2.387652254991535
2.147566089923791
1.662817883211269
1.443097826406911
1.956510081849644
1.819111973832053
1.124912754176091
1.389912310822119
1.529294302780299
1.238417316717854
2.622353922261221
1.804689135669427
1.210739606810429
1.710431256152763
2.002792054718406
1.107883662664761
0.9977342775233707
1.703424993732598
1.402048029722668
1.241350504347353
1.458329310018447
1.977192368567633
1.974188981511819
1.960388809479236
1.686412377464876
1.586938833220205
1.930550557877029
1.378121601525668
1.052041883879758
1.1265848741387
1.927368657582883
1.679799920282672
1.2712054056849
1.128797559795983
2.024095552568589
1.701892923781003
1.593427882315788
1.26921659354376
1.420384243307197
1.212078392880513
1.271943095156728
1.133960524101775
1.951430236228068
1.389128963118952
1.470906465464455
1.591379573477573
1.935954181652248
2.320791104773325
1.763896418942075
2.080625006258146
1.617419890981071
1.265470565127669
1.572357496789296
1.70275646818176
1.517564005700676
1.289390438850673
0.898944574873264
1.435249816409123
1.281376551637143
1.993973005440265
1.19480360994138
1.32016635705414
1.052092207785542
2.077615711007493
1.626630775334704
1.639052414351268
0.9525170369728636
1.998936085035399
2.10204643626001
0.7811216262124087
1.399441985925476
1.991703027927691
1.498128061963356
0.8307367633035766
1.978706007089984
1.831924015820095
1.333903119800671
1.685916015183992
1.823686262542433
2.811023602909389
