d = 19, symClass = D
19.58947733314943

1.106128098061723
2.312160434992528
0.02090747089027899
1.294883880412323
1.65737423253091
3.026900871080008
2.043197759629404
0.7329107948783331
2.588858424337009
1.769317231231107
2.009233581727151
2.613304444266275
1.88089003907174
1.688784529982288
1.4254917772957
1.330863207623514
1.46606771770737
1.530886227118883
1.920009395326044
1.351483805702647
0.3887938453087065
2.394787689868184
1.60845706574965
0.6368193308690292
1.217489591037534
1.246841228298833
1.495774812234697
2.190534268782838
1.921367773602026
1.209089856972221
0.9463317040340506
1.154874256767705
0.9773482741461241
2.065294843745016
1.265846156112814
2.151184750125658
0.7949680388464768
1.364899090062024
1.647494347214768
2.149836128381759
1.931424187856501
2.029043257870541
1.874299728184355
1.034950372072775
1.04006672281241
2.669448941421345
2.366952031370047
1.495610341219584
1.565819641327718
0.859172803246644
1.433342245794698
2.088430915744186
2.227518146107568
2.0225229131304
0.955516309639472
1.662422419989932
1.853169594188659
1.041051018201133
1.995160301908122
1.557931816416673
1.120741398865922
1.378444171333537
1.761090844646976
1.432535255864604
1.249053246456099
0.627709226621744
1.565008486585622
1.976921853977864
2.451272435664682
2.33837301125678
1.597745369113785
1.431379925161206
1.337244649905664
1.723543720849865
1.005207403301585
1.107052069189265
1.881429477297002
1.269613862644133
1.831164397855758
1.296558020796697
2.168386581069282
1.550710395688944
2.653902563165055
0.7033398156884326
1.035329943658519
1.072676540214182
1.641033534587123
1.689131807585053
1.818975006361861
1.685452054938709
0.9746957464242481
0.8766442670994167
2.406860723102065
1.314904866918192
2.192892570240513
1.507389555844755
1.548550296197513
1.386517904000494
1.319907697834567
1.142162476574009
1.492563718469997
2.367204830513254
1.511005328887944
1.418545553669
2.505331667524356
2.256685917500072
1.686286392808689
2.078730819485856
2.317480670391676
1.234973786416172
0.5301933139241713
1.26373745890025
1.596995648060865
1.201819167772595
2.457644562044155
1.679075730381331
0.7484392420624614
1.675271994113178
1.051684911772464
1.558172937905518
0.107619271843553
2.082502089118765
1.004537157891744
1.151174751871942
2.301515240033157
2.099833776415576
0.9035356305033365
1.991836482248148
2.166195937150253
2.076143909051624
1.326599146029431
2.206751448541997
1.043329008352227
2.425831476998519
2.892007864864354
1.485100115728887
2.016783483203656
0.487192672188931
1.42338215049545
1.386908377988997
1.46778245330221
1.043364300452198
0.4157600773257756
2.430169535536082
1.649559292470733
1.110417753093295
2.080040300869553
2.327604655653717
0.9126117898290094
2.074380563069801
2.22102239477253
1.573696981051788
1.360743222883388
2.150509392240244
2.038880105477358
1.916193513372403
1.196281373601644
2.564411754784606
0.8262352933316395
1.494872763856797
1.71239985156112
2.026544506515337
1.506164488242046
0.5870889339724022
1.744862478805242
1.393771337331418
1.538160724994887
0.503166933178174
2.285355600052237
1.461759016018299
1.251370524858293
1.35600303165829
1.053294191261386
1.464779345310071
1.421303232835394
1.158309669156226
1.526070091526694
1.956928650344517
1.685035361208883
1.004480291456641
1.913790176731876
2.007430689310751
1.243995429326492
2.062976649444968
1.585126799271461
0.7040635932267331
0.8786402295305701
1.623508121588574
1.53874708547784
1.586928662275907
2.347823267134458
0.7905793877185835
0.5147376340264511
1.346698396304958
1.51926424516075
1.971953536893082
0.9332959895495029
0.9790377932449824
1.357727411890744
1.466473672523939
1.810739108954486
2.415554119505938
1.952129726713653
1.893523300954358
1.774161070985945
1.033253207634574
2.156491535376294
2.480601875362926
0.8217576671251328
1.784109796251217
1.916451834822738
1.165794738526415
0.830867507584808
2.023935903590402
1.898666644719397
1.939900380411086
1.263021828265743
1.76139795302956
2.739930457386834
1.411892422821474
2.05584984369207
1.379012998529171
1.757701880385176
1.460877675362438
2.289076248735829
1.698418861669373
0.468580615068994
0.8033659716649341
1.919114875703095
1.945589986139092
1.900403642119544
1.063485185298465
1.010613084548889
1.229921566000761
2.267187057102544
1.42358374983674
1.96894465434867
1.817079682042398
0.5774866264198197
1.00009502356291
1.397665043558614
2.380593755565009
1.666270975199946
1.513440035684385
1.285354066101609
0.4283881749696157
2.397818305189681
2.337162373513168
1.199371722518079
0.8374191429107399
1.153030758130714
2.737490454772798
0.4572270344162622
1.529203582696568
1.168753257078829
1.294901163615947
2.288722312250701
1.115149034786487
1.419788602920006
1.587096902426448
1.841694713281647
1.852139603968368
2.141227702949168
1.563681809606108
1.216802550553123
2.089051804564958
1.738524304188097
1.556664284831881
1.9076632735598
1.665675564754075
0.9027352477317239
1.255076221086703
1.895391316162603
1.978445926416544
1.095457632003126
1.504127854218184
1.140889506983943
1.144462735008469
1.556482804206525
1.863026960351209
1.478426766785837
1.126657220292794
2.268686332948207
2.589553926179848
1.257267515822695
1.375058594847872
1.973717496447442
1.83476193103368
1.596453906772502
2.235202614620616
1.398222500200437
2.637411786898427
1.301352783328725
1.249183849524116
0.8416562461728766
0.7925868792172368
2.102274129604455
1.208528282531341
2.348115151239886
1.151059120846962
1.689600883797503
1.582098746481379
0.4907248816108862
0.6056664328918085
0.4234097373318221
1.722382443686147
1.529054881109357
2.202440559322646
1.374357392965574
1.102786850126532
2.276403066476627
1.241613425160562
1.057184402308114
1.254053260052657
2.156588104252598
2.400320275894876
1.067705039127418
2.166373065360515
0.9212992181791826
1.0467738385396
1.418699637728904
0.5476015625141429
2.241447282087885
1.064858690307991
1.710936463900852
1.343095111646828
1.868611175158138
1.73716769329044
2.530102375211796
1.349789522655447
