d = 19, symClass = D
21.55344969572677

1.304899628834533
1.775881247101916
1.17082608663146
1.604343920421304
1.510757658630015
2.189476124169192
1.744721962560983
1.720316597149913
1.594407641111411
2.150935689198392
1.475705245537876
1.158664253650243
2.353258500568441
1.524864143915402
1.927345986265889
1.900953884426939
1.575867406353623
1.928609053628625
1.560816845277696
2.441977122238469
1.745692511119302
1.060782473322994
1.071531292174017
1.63010112608922
2.07303982388066
1.524542285875619
1.762790079680786
1.852830483865038
1.647414039296157
1.442628649770199
1.609799527180406
1.493056432967894
1.540766076566374
1.193457679025424
1.44437224922092
1.866130905809246
1.555180010943079
1.764521015302967
1.513243049112833
1.834742903504634
0.9228716683131649
1.97906904948501
1.851441664475227
1.759967165793844
1.993400299086691
1.296475702640264
0.893790118792732
1.121887400516756
1.787659044403129
1.980479484613977
1.532650640179893
1.676709778217133
1.529073745081234
1.701841199560275
1.393378495222429
1.873322397990769
1.137630872512198
1.501104619031078
1.860109709903399
1.628395946697625
2.122882755849926
1.232522262373056
2.034790116644393
1.468462941682739
1.487411541896995
0.9221946728075446
1.955195985782284
1.564809854536003
1.310814306753445
1.284001957348678
1.250084951656994
1.887969056941917
1.508307052165293
1.558024005819618
1.448395724295241
0.9884643623682844
1.822833676089022
1.509264762193032
1.964393726330352
1.612394301358826
1.85024742073575
1.694920264524588
1.93797577698151
1.534359138601108
1.651952065936446
1.40408271305621
1.330786940154622
1.432706150447445
2.13928933524578
1.13072219053035
2.173165965151149
0.8706139460253396
1.456890672587393
1.729624626528347
2.049773364419104
2.389457289305783
2.10624090908146
1.779487116616721
1.829131218927952
1.22950501499123
1.603792204939619
1.285792199725637
1.326681158376142
2.225482040032293
1.502170493257142
2.181728733487627
1.494832592942506
1.747747322505246
2.264149218149831
1.700403990763301
1.475719419916232
1.703692641204838
1.275201138973279
2.595830493849699
1.528146501343042
1.706658085320533
1.76794434996432
1.675700925316336
1.973502569599088
1.400138384602253
1.919669549195047
1.258769852047066
2.054059173166984
0.8650744172023223
1.783249839261661
1.38813798294058
1.544262399970254
1.470929479137747
2.344875653588565
0.8340800131276344
1.3967609454245
1.35774493555024
2.026891278355034
1.224022018782597
1.781127064096579
2.033875750556001
1.781709541741576
2.249062908567889
1.201737924449612
1.858080022956948
1.397852174141992
1.466108734855157
0.9115962403534317
1.10696178851305
0.9704103267007481
1.608638994866066
2.440443184177709
0.9836819870350251
1.340688555572496
1.59219746812303
1.909422644317043
1.400011948064386
2.13749288295632
1.515032510754322
1.957862842078266
1.61126693304587
1.63187796579956
1.590799256987374
1.72283258262805
1.667695980512195
2.04775801942845
1.50057609106327
2.269735199826379
2.025715566961217
1.530956930835367
1.823956549416197
1.340587216804254
1.564226760379091
1.468606630747212
1.53700459174316
0.8549979737120114
1.800767753509035
1.657836085343286
1.71276310069913
0.9985850795937344
1.363853989507646
0.4343271170543244
1.490266326067043
1.695857964874632
0.6970493393847689
1.356899880787201
0.9288213024991805
1.783299847332986
1.087030553414568
1.016685529972968
1.571440971745077
1.942246543687773
1.224915774898365
0.6050682486513131
1.760408214522178
2.028969551036006
1.394341478916748
1.945285477299145
1.727499094090353
1.459562243112845
1.26321866208327
1.091830847903034
0.82712492188153
0.7691527561199076
1.455171602029749
1.674125176064447
1.772262570942029
1.545068634345085
1.116675576863331
1.693726183283081
1.5605202823394
1.949280206835086
1.214167565423565
1.844528359904007
2.297866543490611
1.386563890097722
1.543621086865136
1.663710523100903
1.853715495448633
1.160790112142584
1.422970863023533
1.182724501182259
1.721151016227869
1.236872859976474
1.636889381796559
1.393250553309411
1.734523558386843
1.255553446639238
2.155096823308864
1.27516072015309
1.72390819047974
1.456838075368243
1.306880158770712
1.466808108624185
1.757748758859008
0.769629927476011
2.051442821810431
1.862604150498933
0.9848966508563785
1.487532637553028
1.822323668105698
1.05164471632139
1.64595212732044
1.482801060410307
1.386147381145524
1.836859019374576
1.567329466303784
1.397979330603704
1.495939429015533
2.010746726271446
0.9478968412696984
1.403064418231499
1.447517155159377
1.168006705586655
2.209896302764799
2.001190340011523
1.176968600661494
1.97481311776823
1.852464767717855
1.642394943247406
1.14157523764858
1.474048056972195
1.582584940912625
1.561545576263014
1.745740209826883
1.81600702885592
1.388666008309694
1.537048946548834
1.199425671841388
1.650770810180364
0.7740571034639936
1.490190828702689
1.413459118708571
1.030974371173139
1.274470134505684
1.285464065513332
1.921764228944631
2.139372025565168
0.9461396394428744
1.722317788388678
1.482701562872401
1.56461904117268
1.877990702898587
1.724764223416138
2.108384172643973
1.820496407509673
1.953465383429317
0.9447448291195684
1.755439201185542
1.508884918449244
1.600223731941903
1.701815267340368
1.806748928633106
1.648625570994539
1.656390343927228
1.72956890994717
0.955625655852739
1.818855186537084
1.422725727498902
1.812991348071784
1.490352952739187
1.484822660899962
1.543493487189855
1.698129867217484
1.90372032094237
1.635701890536433
1.578936951041287
1.573099162927971
1.315019173574376
1.593347627821942
1.306404587899924
1.140095377315813
1.191396254326215
1.74654545680219
2.193234246811169
1.532063196979661
1.705232669485225
1.772836217450632
1.746803263245965
1.809186676152189
2.170944511137323
1.279699341259297
1.452864065499411
1.28582696621769
1.884819454205906
1.688075677519069
0.9459126854696837
0.58415891591143
2.018909431833319
1.432653439863143
1.925576050295402
1.968639895439453
2.047085008765128
1.618472251336594
1.522678984726753
2.034055171274697
1.613282185110311
1.40386744059941
1.544113656534222
1.083933968591429
1.46482999221826
2.203051406223707
1.558835211586507
0.983964107486952
1.798640659106878
1.639441580775001
1.815102862476293
1.843509695134433
1.532812959337027
1.17177174154897
1.675897528084836
1.965720200758208
2.059480545294802
1.310253596255395
1.188759694625559
1.193481167967544
1.635461886744391
1.316948614482402
1.222022656703476
