d = 19, symClass = D
21.91533486685168

2.33928291807813
1.613554149855775
1.115708708262323
2.202693028038356
0.4809179176170921
2.054040343455812
2.202827111636899
1.335201815258354
0.7468227805224233
1.932394333995382
0.937449759823925
1.318616913932343
0.6948903975062802
2.173379203749572
1.218829056793871
1.846506064562642
1.690540441552575
1.345539382475533
1.38680729094849
1.799911457016538
2.151365799697297
1.07435184960546
0.9924849128866839
1.806939743225288
1.652313818984519
0.9066844857105064
2.499754822947421
0.9420150536740917
1.376003490952157
2.617955959454842
1.02146551619937
1.978706516661938
1.365634919948337
1.043186419551135
1.383562746933993
1.823740083230324
1.372813764377291
2.097770623437941
0.4489889451940023
0.8230235771636155
2.22233435775754
2.066088514819065
2.553332445639638
1.475894439186507
1.240185617622364
1.616955565210678
1.832584160619336
2.902111330746758
1.428000062870092
1.269406449534367
1.284552138743021
1.503455375835895
2.161152460322073
1.616528735924105
2.137962655539162
1.654611660817909
2.234615872296604
0.9567226390752573
2.062395817717189
0.7048550142772922
2.058273296795183
1.93841793154992
2.039150051328658
0.8798741015146062
0.9414849886427392
2.273851490388745
1.934216844523599
0.5779482412347721
2.16829589582137
2.127076641426832
1.11652157338492
1.770262209319167
2.546479939305615
0.7058536179802296
1.769027056405047
1.974933055978146
0.2009170497481471
2.174846023579596
1.704434765277497
1.193239312364399
1.576865960248842
2.37495025302229
0.724276611712495
1.884618651601805
0.2077943153522566
1.402857351451791
2.438893437322322
1.872269662906964
0.6272516856352206
2.156451037599855
1.087269386088602
2.155876028134798
1.437555964855284
1.440818821447394
1.101927369273977
1.284388503887962
1.261736369978809
1.140835598415971
1.449542081663157
2.022156404430938
1.487467566467619
1.813708727469859
1.474532284009131
1.911225299755604
1.329752143219464
0.8550804586967651
2.622363435916918
1.207031725251448
2.720947573556929
1.744397744350147
1.587407715622705
1.747604794677683
1.21036656370379
0.9942006296492939
1.262750799021917
2.09244597808322
1.544520191723372
1.709562218413227
0.7934847905707364
1.769464946150099
1.035585733825584
2.638529030225805
1.853675932239771
1.03515681431876
2.281077246761003
1.920327322508716
0.6787566710180262
1.439673823549426
1.298017437376249
1.085171115554105
2.002120528470557
2.071575424914612
2.401833420713612
1.204207484023629
0.8946313748495597
2.138161232759933
0.9048023489918957
0.9001615473901664
2.569299925668572
1.05541300588133
1.674860671744305
1.01131651615051
1.35740729166239
2.208726339989451
2.100321013074734
1.677635771170541
1.675782732466373
1.839874945131434
0.7539097191562893
0.9174822957083133
1.346110700510038
1.799593154528439
1.333861063251115
2.500871130723859
1.576673904164029
2.452080339262265
1.264442400876769
1.106547590916342
1.675653766692937
0.8130116137050438
1.700676017895828
2.457901757142864
2.219093267045178
1.600661046782922
1.094122835525286
0.796864426293512
1.827519571841677
0.6699487671476936
1.26895328725142
2.672100444654945
0.9951028567250517
1.746843892064099
1.561537632222354
0.3018853130313051
0.3548371200941591
0.9821687964087209
2.126502966583621
1.683003568674616
1.865627324863338
1.735590873469548
2.117549825441059
1.421139988299144
0.8759195982016993
1.669105664432933
1.758808436502912
1.127875497199728
2.271015562066706
2.189357915690698
0.83578308511458
2.401983008899541
1.510868559623349
0.865212694414184
1.30289365781755
2.560238085428391
1.196431500649082
1.465360013178338
2.039223908928263
2.426284023462842
1.131138777515205
1.311084901189752
1.665337316188334
1.045535467057573
1.462828252763754
2.099170496006515
1.685937340521184
1.611177314793356
1.918546212140804
1.728230558909516
0.4142257998248162
1.550543009580952
1.593449324200904
1.939540435585135
2.00911312432277
1.090498357689555
2.55165609555103
0.7907666986194982
1.493578131283139
2.087306876214661
0.6968907771325304
1.38989331012489
2.187968482620287
1.632314568276258
1.611129206529653
0.5096112692740382
0.6437295460386563
1.898933939744212
1.533433972783083
1.289035237294611
1.969484896727457
1.2498257368677
1.92869324305435
0.8534137230121768
2.724323627205351
1.741637916710182
1.810286105740201
1.230928702581239
1.174093988034113
1.569242554470522
1.368634474305805
1.451906084484652
0.5005540223444069
0.7288287717271311
1.239920184287269
1.469164163250105
2.321801552999386
0.09794180709759236
1.541759461973461
2.527123670731044
0.615563381977505
2.118258450946783
1.701515422997209
1.989428915588731
1.102676839422893
1.334619171195443
1.854971732173804
2.543193263597992
1.736820668517267
2.527161803252411
1.426963970902014
1.178601484256955
2.316740926848247
1.363891834341535
1.492688825154074
0.6323998719752525
1.145361559582248
1.956492355892931
1.341214152302344
0.7511796276989599
0.6649937111643802
2.051400250368451
2.609368040916741
0.9256778149446365
1.260429497951607
1.57678686394163
1.18764406277666
1.046313978718538
0.6171059834784565
1.440899542210354
2.150926498213849
2.802980956307124
2.171953452278771
0.7285905342001285
1.913864599940239
1.429540762953813
1.758944993406217
1.263317822722757
2.191709238221522
1.088397390017863
0.9236725661439487
1.690438148708621
1.386724549715529
0.9425526379656398
2.274566926624941
1.038605396228461
0.7132489392732823
1.659185750203966
2.409718618763942
1.750726382374194
1.33444266697138
1.90461900597998
1.863968708204832
1.774914891161318
1.347179189029011
2.283856182428277
0.1089661109265653
1.817295573295743
1.637264020403202
0.2848492833155165
2.084094454167558
2.088376041009979
2.083826612136855
0.6987708368251424
0.9099255208913331
2.035982429859426
1.470903412702108
1.473034247389724
1.533291016840582
1.745288481231412
1.882058143646989
2.435418491749314
1.131970722988298
1.653606616957273
1.056405597978771
0.9552595797685755
1.05687655455076
1.352307056159304
1.298043975888991
1.474128878679552
1.863666234975243
2.843926519605127
1.49163618813112
1.834167557602638
1.73243379126059
1.611230660586986
1.943717092553674
1.732908616570469
1.75136038794745
1.92854329677905
2.594381245310709
1.470016385654405
1.308371364239669
1.757774168246772
2.127126443855383
0.3371941514978911
0.8829743700788852
1.502877043475945
1.316453074299933
1.991053069608045
1.749669434995225
0.6369460104666572
0.857659193299364
1.755502539053273
1.368004153654414
2.410259417368914
2.392374968530828
