d = 19, symClass = D
22.50609351917303

1.38296883709998
1.747129916793776
1.506842904768229
1.681037741181729
2.470899044455425
1.151367036695105
1.016587793327409
1.689096259897932
1.960041842861313
1.655617374208235
1.673146517195862
1.981665860977464
1.907580290957201
1.391726204061193
1.84331475704828
0.4493441680091966
1.392829569541373
2.413164359083717
1.781611802212894
1.291027997667287
1.683039005167883
1.68730623696386
1.3719561254719
1.490464465912538
0.8163503603370793
0.9603859497969308
1.495810335916983
2.060747806520035
1.860137354726324
1.728468800857894
1.09665774432899
1.469990011286896
1.086342211366356
1.623212777811002
1.912543360835999
1.554040026945472
2.249511245920447
1.511060688863969
1.410479348184739
1.397608720952985
1.849388224430816
1.518071968120217
1.323343599046773
1.964565476388141
1.605403123768879
1.19496320365248
1.490355924271931
1.614391780533245
1.975933206958612
1.984489352158702
1.598104760530489
1.521040240808188
1.627971593217358
1.412871552735464
1.640445330248421
1.554636326139807
1.67364558653337
1.234494385809413
1.246046013734293
1.281704561176367
1.473387461748876
2.410584389266279
1.406815752961589
1.796700792781691
0.6254972371464441
1.666902232307714
1.72459923182062
1.628831491914571
1.56184260891019
2.183550020604563
1.177118653245243
0.7038047728403116
1.403378799315107
1.95796946723109
0.982829555390874
1.503071170627426
2.152195866016008
1.788917624232587
1.305303401312438
1.798610304252443
1.94438259865519
1.0331151684447
0.9066028595171418
1.066921821424826
1.683628826432046
0.846139423299654
1.636628489320316
1.606667879362206
1.396555051295981
1.293429729747839
2.10682551044438
1.489931235807836
1.243288970079253
1.617368254682251
1.114824870370585
1.390456157100042
1.199979176210737
1.819341071750977
1.913892084422195
1.689263025803434
1.615846722757002
1.316747425018989
1.354574374305029
1.25074627049954
1.566842905846242
2.549725932813316
1.319392612705617
1.119123582316179
1.564334963795734
2.117910345237307
2.05933942358392
1.976963179878744
1.632783736713743
2.489728664667199
2.02427692649378
1.281765061508335
0.8179642086747139
1.366750259234406
2.357734020648722
1.726231812499909
1.308100650151011
0.5815046259118775
1.811859331272971
2.189921115209449
2.063779429303923
2.128718356695595
1.469754080738015
1.573813399742069
1.464169978657594
1.383200416247734
2.265230828150113
0.606153054072795
1.869060988564405
1.39359441584761
1.261830031866167
1.706344762633919
1.941019175604195
1.222349184906493
0.6876976878331181
1.964291020523471
1.435575686345981
1.347188682040212
1.187772097723637
2.15044457939665
2.12176922081785
1.458039206447904
1.356745295418993
1.961583121354181
2.051302156264938
1.594323858184896
1.784851568446115
1.456902513490766
1.196851931930173
1.795658020821994
1.535412152946388
1.677630969773646
1.472438894993735
1.556629294047154
1.550196282635095
0.9151955342310208
0.7102529816653766
0.9272064709826983
0.8539430562398452
1.331856372186043
1.841004303795513
1.159169817043417
1.740264208067886
1.641020437354975
1.925830535580523
1.218953958594981
1.696134791915811
1.067064038249281
1.323243035547568
1.802652698005244
1.673599452409986
1.200872667922499
1.197644156033783
1.028233143088278
1.930848010187884
1.087098018992737
1.903322506055767
1.639217832184733
1.049812526020241
1.238932311430029
2.171288820135649
1.321139729602614
2.184412474331779
1.32198020057334
1.598989830394277
1.511696110250945
1.676764062561466
1.380793500925052
2.157808589794101
1.67131619108
1.784749800664661
1.277114517205532
1.202394266796402
2.101538894494762
1.605681609239961
1.65795967072383
1.337353877297566
1.62446701427354
0.7917631477069154
1.506612555670099
0.8738217991586174
1.764229304316422
1.72889520147996
1.16496504477523
2.398115996533809
2.164301313146848
1.367039008301835
0.7071609455342573
1.630136327333257
1.959443063677068
2.131559513364031
1.786193674826838
1.463865702484888
1.451475303765702
2.172004476579588
1.395272057881331
1.437565189859523
0.6461719549119952
1.177736635090377
1.490539653365584
1.562081360218401
1.383582853767173
1.582072822558306
1.264402798918817
1.725034380163344
1.080878296628182
1.557182207530015
1.619150669645938
1.686436952977385
1.605360909264378
2.071468747457003
1.210754393118291
1.796789597358768
1.919004010269509
1.579263407137082
1.349764349649344
1.565575458694823
0.8637242535953391
1.834382789981323
1.207489687113614
1.437867541140337
1.856430733448305
1.155324348763404
1.736162161403524
1.208376693708327
1.156533598180791
1.268445806395754
1.578524139476252
1.368459441616098
2.063467208053601
1.914962587095383
1.483073777885679
2.180523662970703
1.376484706172871
1.074490630189561
1.705148996004638
1.727033900400752
1.049559209300633
1.037681111979367
2.168232859773568
1.163795336238247
1.589816626397729
1.433529698863577
1.532080784424499
1.700088048823998
0.9201710739926001
1.554846999407856
1.759334113551991
1.117366911313733
1.492409766208648
1.536555138012203
1.768850989647216
1.727931822650671
1.074026314405921
1.881857164929303
1.544669014517162
1.261358932150561
1.671099316119092
1.53069367791552
1.579795127777373
1.628648754746751
1.686846997334152
1.491706657025625
1.532606231483744
1.467428487407996
1.42081202114052
1.127227988553918
2.106177260488339
1.502184607836529
1.922450547382721
1.156234628958743
1.441540237660058
1.856205669626963
1.821628241962774
1.865562755504434
1.338891891499554
1.32048907659109
1.304891385648163
1.564018456136806
1.732381759995489
0.9214024406030281
1.247275016149578
0.9034192391777996
0.9904737896460741
1.297198982774898
1.396853885730559
1.776410042743245
2.005704703896521
1.66007611001191
2.240959622071742
1.538970795483164
2.40797501196935
1.570209203797139
1.906315596315285
1.886714027396492
2.033919136996004
1.180989151670335
1.605781835154188
2.264740250094406
1.869500629437361
1.627197141361178
1.753234352385049
1.453782708474788
1.908956607899523
1.040974761485752
1.271159261016478
1.299043760168005
1.973374194298195
0.8641156701095878
1.838578745420275
1.735032957181863
1.768423892000105
1.585831703004409
1.87207542842277
1.45543420837536
1.301221658733665
1.605696644070812
1.653511923224407
1.616928745761519
2.220972699579487
1.434654632803928
1.607958422937078
1.330084364151671
1.844748861302566
1.570965332969281
1.51651783161778
1.562627711756014
2.086130108553447
1.548411924116935
1.615416268532848
1.763998960509989
1.881523525840973
1.487549623426274
1.425292599107373
1.180411356578684
1.592118392025992
1.598952169492223
1.796930337819068
1.32410165739122
