d = 19, symClass = D
23.1823844904392

1.489587653041961
2.137613556124898
0.9580987258916271
1.182552809759913
1.598641652293948
1.840556641852231
1.311840959307565
1.670783897084369
1.90662431067202
1.644365023359046
1.89329167615147
2.152123221849855
1.359970225044615
0.9897664677349963
2.137880845244376
1.053508246841347
2.096387809680822
1.394776951992038
1.151908821304576
1.858803257965824
2.035115992921036
1.912221930460597
1.482096707392698
1.694588232173582
1.59889794050663
1.336252635880553
1.321435191274898
1.60814804479928
1.104780715596687
1.763446817554708
1.654631140001384
1.012629430782264
2.707403493871328
1.484541053010319
1.276050153306786
1.572953646931162
1.062188089103132
1.772307750626015
0.8531320469678717
1.855083228863825
1.342412916075976
1.527950134636624
1.811920728709267
1.359999799410171
1.493817417998901
1.81045777245134
1.942161557100602
1.775608692100902
1.764397260091083
0.9366879369706934
1.548096672043165
1.608231841850202
1.389792564260141
1.801583746702934
2.164996521665866
1.734647769554948
1.363011127643861
2.417442517284608
1.25378315019449
1.238711004447902
2.081474596912877
1.251435657915328
1.580602830520514
1.95251234133957
1.977069589620916
1.801859821209453
1.309960572420845
1.540274850205378
1.548961931422749
1.864625594421567
2.347094520085703
1.394784468662827
1.960976974605913
0.7364482698231515
1.271987595996232
0.7963946716961238
1.668268396472194
1.703350170554076
1.596744609934671
1.554798943193373
2.253392989854402
2.046475929804346
0.9211039296075976
1.598251183340603
1.792207193477902
1.900998214149948
1.301587403650362
1.982388034079474
0.8417360788505521
1.469387976213822
1.968555152514967
1.970175211243591
1.308167929225657
1.454137715697303
0.936361421575062
1.75088048814829
1.451514033566295
1.753511096863324
1.310282619361433
1.384647035240892
1.622248342361758
1.862808278771133
1.685709324444111
1.927926471445695
2.316323398689014
1.70980633220923
1.814674699098543
1.553184331898197
0.924177580844173
1.626562393403606
1.62275027576795
1.319563605601293
1.443209006468628
0.6363980003737313
1.648700927817449
1.893252204338954
1.300483254483697
1.318475523794737
1.55514788685522
1.654038143070894
2.518016976080864
1.878168781787221
2.049512958370475
1.392659514761328
1.35002319976755
1.19724709635927
2.398185388334158
1.75898915609889
1.236319672092872
1.525680119275867
1.958063791497538
0.9137101957355449
1.968047195360449
1.648818716497652
1.701632077521255
1.071015170796266
1.764491837342164
2.697998819268766
1.155462291650226
1.889738419513978
2.090889807652645
1.570198892880608
1.259630205649309
1.761232778588798
1.57254244256235
1.908915964936358
0.9873823460471747
1.661167367774241
1.370720027073804
1.450508786750548
2.051505907046675
2.107645342951173
1.356973630194516
2.049648617347064
1.371960038395417
1.194823028798783
0.599469897251836
1.341161816363644
1.928258608239723
0.871478028274921
2.635181756930109
1.118143882291132
0.5544643671860525
1.38853857061812
1.972386218179849
1.670370618988511
1.874545121541388
1.530858736012109
1.38985197379963
1.465350958148647
1.421208859496279
0.6489776500377988
1.504335055093833
1.857642300679885
1.57465730700894
1.218310590006848
1.75144191672218
1.339857484502963
1.830324497306412
1.344639354254557
1.602792284002847
0.9026706093649771
1.191499186980135
2.035558481298173
1.845755698174119
2.194667421651242
2.071621839312781
1.779222110837117
1.310997668888471
1.715519787699359
1.432198573678
1.219780326179435
1.511628608481817
1.623178354547218
1.395525743568959
0.9980401540382695
1.397938171118212
2.220404896156857
1.462298242662905
1.789666656276043
1.802892599698108
1.667738426061528
1.613977710632769
1.834277898030495
1.663082997886073
1.542539308073795
1.458005564169816
1.419518066157662
0.4547895829773728
1.370325748097974
1.469237901090608
2.631340934078729
1.594933959754565
0.9481639205284023
1.235791548160939
1.356572560106897
1.207981415019721
1.099747965567353
1.313162850563526
2.369571143822172
0.9199832542590346
1.82609122847685
1.337076675282591
1.240378456595885
1.202280093814214
1.164987882164633
1.530589000667262
0.8745819222331297
1.627239908332635
1.472810980086297
2.373776210473511
1.773553857275258
2.288120364627005
1.114449195871359
1.87314113574733
1.92548523012455
1.649802077811934
1.226359102425926
1.388639633035072
1.880358332058086
1.262305413629759
1.395164110115023
1.365449112892827
1.191945806560483
1.726662371715651
1.712349766036691
1.340487029362267
2.244947524398671
1.960414987617577
1.697410099517819
1.278709303701909
1.352904866547114
1.681568888122305
1.664444459012731
0.6211738595994997
1.656398949771779
0.6956341916442637
1.965798743306679
1.507562812914957
1.618232239228995
1.880806947108967
1.274008346599206
1.810022265685049
1.645145705046293
1.900875523808944
1.293329834102914
2.565383121691237
1.831809532100323
1.474601456355285
1.627135822640044
1.414898924312164
1.641044407878054
0.6141397869446339
2.025059989019873
1.232494363608188
1.498081320038141
1.1756427281912
0.7650667036305276
1.414065653412297
1.967858875733115
0.9288839286714383
0.9894076549804807
1.119777665569978
1.467295420282116
1.725680436797043
1.45231514944266
1.177377311769111
1.180400504484269
2.300760534488343
1.241448309388594
2.040197303983021
0.9383357199096787
1.828949643724033
0.9203107178100928
1.687934471779727
1.173105392455705
1.164899664921207
1.579274201801988
1.5568099500821
1.618985632921659
1.865780617364482
1.426297973757134
1.255569773264076
1.620254130472309
2.221657910876541
1.483954746078518
1.728086803987918
1.864866045984209
1.623577361782807
1.818799553956291
1.476383134816685
1.744892820110434
1.70356622845532
1.827145342069488
1.880482974045649
1.318093340765757
1.340923864319465
1.706624880994545
1.537110329148095
1.604793570927668
1.621810233081868
2.02669249329234
1.547256912062298
1.243994268358479
1.747381153320323
1.279680392137651
1.756242067540666
1.891298357246602
0.8336798275093291
0.6334675249625197
1.024217164996617
1.052833777583333
0.9223860553312548
1.350672409352635
1.730529392046419
1.429047736822024
1.834403609070169
1.656181457936821
1.903473953375976
1.270342697500882
1.458794888671555
1.264774146214004
1.15370641910468
1.169523616021453
1.170702356680902
1.356475419881774
1.648174219422549
1.644042232893261
1.363676330846407
2.478525134601404
1.630273567986193
1.070540604757469
1.888276937776902
1.68428275203358
1.297093965969091
1.292214275292589
2.101016676957782
1.543177900341977
1.737176312743283
1.574241325495353
1.502084533095033
1.656850280187384
1.166406809246614
1.622177625758854
1.7163988047528
1.882052382683858
1.851660649950663
1.689068831223909
2.017755514512706
1.645897746997261
1.788019730995259
1.84271195554133
1.290842334170208
