d = 19, symClass = D
23.82694458035443

1.509636639586004
0.9200867642592728
1.672999394028027
1.305418265129519
1.986378378356304
1.087929808067926
2.589087362272586
1.663920781164756
1.840898844425254
1.850943291046842
1.761684908727432
1.891349014100148
1.723790878052153
2.126509551622719
1.517420952440011
1.624509528112494
1.637128817033664
2.245549281682043
2.285745327840838
1.209223230811797
1.395722981254596
1.53273453486248
1.01092146354976
1.818569147446
1.991904256609712
1.735067466496154
1.152443688658854
1.419793647933164
1.649925819661397
1.71220789373368
1.571310118707526
1.439293776278084
1.391314241462493
2.244762044729589
1.405200814113335
1.236865580398132
1.722929551613697
1.474354626104383
1.787751522340817
1.741310027683695
1.092475180699021
1.056184458270596
1.450679604601321
1.086812680221963
1.792093106413547
1.35267751791112
1.397965284543063
1.567382945019583
1.092804649254226
1.766976229364242
2.096191400084198
1.033102831454835
1.911217320247381
1.472024470446565
1.516499444135283
1.698807496083512
1.248094186146586
0.6837676529752497
1.758414451113293
1.908765521820202
1.206129394036853
1.469027201802618
1.334543221378355
1.002134790154978
1.679845280378062
1.576573573931178
1.339851070592612
2.003333676266784
1.096945510070276
1.966428815124871
1.859398160594243
1.71681464910987
0.9150145067858869
1.359279553891415
1.177769715306218
1.821437690327586
2.709065567129432
0.9030436619836397
1.758714236974097
1.929358441149865
1.206580474042451
1.694717815540498
1.882226864813272
1.307191789273513
1.436856834232866
2.047284190604216
0.9521940933290289
1.957366634134653
1.780877344781105
1.445282142135788
1.250454963921103
2.075984422084603
1.458036585905627
2.032719896523457
1.854580453624632
1.517882425385977
1.834966620441038
1.357468201861489
2.192384153738888
0.9417334629462838
1.538323776270145
1.34721404013783
1.137708403833261
1.636361412034928
1.064258677394083
1.776407330840164
1.721885328734115
1.707577676271976
1.910535021557159
1.664237522208019
0.8361271230382057
1.717570921690134
1.827272445653104
2.06527784974885
2.195926092731389
1.071068982704208
0.9939766082181117
1.4995229751502
1.559494852224031
1.356739421814642
1.773425279045983
1.905726897847523
1.728451708209696
1.479357837168876
2.011142022119756
1.439942251922292
1.603553509166968
1.176333755055618
1.102874746322554
0.7277046148654517
0.7987485276960785
1.295150961244688
1.921597512668462
1.357912164226564
1.304956148080064
1.488192479694377
1.728380019016033
1.436862930374851
1.396103063217294
1.536804664746384
1.582794287387915
1.210410370661389
1.505379193912059
1.768376752993758
1.142406382759446
1.183510528848999
1.818932682752789
2.014127789461922
1.319599320731222
1.633607781132703
2.338964792983257
1.288372134971592
1.408197876465058
1.461202641834013
1.653053090795137
1.982403428023339
1.429679685647827
1.546720065624853
1.383284626354187
2.021448514652687
1.882812873342143
1.967052674356512
1.861045794041857
1.907659630060168
1.982271921589948
1.055352183861541
1.654809477601247
1.352781825608963
0.7338059959275054
1.609774023691393
1.461225232539708
1.553967660689241
1.650244693116403
2.219978278959337
1.412677087616937
1.054789090336053
1.183794594900327
1.413131771683804
1.914831087200369
1.339104759163167
1.691252987325345
1.973314934422209
1.922477410758705
1.404831418839357
1.899055732854048
1.927780193565374
1.415902316394208
1.714354459653951
1.936527518028798
1.946508275619522
1.455692636450075
1.300259648338833
2.012087371850687
1.550262225467641
1.028559113868596
2.055766130778977
1.718583019477253
1.312675367027911
2.138312202521246
1.464722918973069
1.822080067166934
1.296756889701241
1.969609699349275
0.8393112267751243
1.946662426989646
1.444409530411697
1.566126902562996
1.215404682322942
2.078184503967088
1.310931351742893
1.739359859577428
0.8850546538822015
1.59539755702929
1.714145250251787
1.602552400913544
1.653063232081959
1.455951863211065
1.000961155430373
1.559885805538432
1.246925954089543
1.63534106052705
1.488822931051901
2.100790812149529
2.204847161783874
1.787430647800222
1.588525228838397
1.35126440949952
2.205140623264408
2.023708311502551
1.697503965170992
1.765620753736829
2.024417568345126
1.240846072577235
1.260482162675426
1.963708488514307
1.708557640854648
1.566676883959095
1.74880616394495
1.808515880113588
1.325817310904928
1.412309700454806
1.697564177082397
1.931347966678092
2.302115054808042
1.784414030308521
0.9505958209248835
1.822201331040704
1.345625622768649
1.986545744958955
2.164546453268839
2.187211457972396
1.459121997755802
1.1128602126417
1.664081427672987
1.672956271978687
0.8268340037306064
2.042479073312818
1.92373742801063
1.77414916730456
1.679818172004363
1.719764348078578
1.788505873692451
1.771911064809769
1.360600138456967
2.230393546239572
1.539540405246588
1.524874803109519
1.398646096504288
1.950971994527545
1.394935442362112
0.6657355435779569
0.9786096542354193
1.117341250893258
1.286095749831474
1.719197274193314
1.535194578396473
1.783776852749268
2.417182338841418
1.546717570328563
1.558530102486883
1.90705548237683
1.678304857002998
2.144898315526537
1.851996392460549
2.006419859477043
2.342347637328242
1.971669444454102
1.657375079221021
1.394338156557738
2.082101829586715
1.567591447106369
1.779240377271031
1.618252974007196
1.041418521944784
1.470404456960441
1.906166461991664
1.826583283623649
1.267335242519574
1.452244937965371
1.269510053184743
1.000625915417664
0.8646562862292778
1.489785781506232
1.504011554931646
2.628195401850822
1.537746270618926
1.538626605009904
1.366050687124314
1.582226370166583
1.587197899963547
1.015252643952574
1.569089328434959
1.088366805564849
1.502246312066281
1.926005474961247
1.308167357980417
1.943615671474042
2.476830238916273
1.107642094448856
1.748634213149468
1.254595282772768
1.818825595893336
2.194562596926889
1.296548531475271
1.579886413000787
2.103854466846976
1.264785206312343
1.589175409699545
1.897724333112845
1.345879482254058
1.102195001567877
1.881219197810522
1.576678333973822
1.969978310218456
1.09941698147138
2.40399567772183
1.741835195481505
1.408984276576998
1.367699141096724
1.975161061005597
1.487244985582538
0.7119786883053548
1.475466044622023
0.6479970243178008
1.272805254366477
1.505781817652562
2.13574354663018
1.143260139152545
1.577866239340582
1.502354419698495
2.351853241037877
1.198780669054432
1.307903280248436
1.362037741139845
1.849250740091722
1.824830064391485
1.597945968297386
2.091617335116013
1.336905272301642
1.836196974474861
1.240771237361855
1.248665374099527
1.277057159282442
1.523173916316015
1.777216796086331
1.357097951270372
2.157338149950616
1.465361979395081
1.248561147503318
1.174018916820625
1.281982165039738
1.56741499501142
1.868475409263702
2.050201775795089
1.226496449843232
2.003171783570124
1.024669684924664
2.220024741874207
1.476092006076964
0.8965140370776636
