d = 19, symClass = D
24.6485016220024

1.001032756808896
1.680710372789697
1.529205558306137
1.704385998965716
1.138231777284309
0.8491144110286507
1.621699166488955
1.353019400281015
1.386435515774948
1.670818306775997
1.92652069989519
2.51705893419189
1.998093232874768
1.387348829123321
1.099851756318516
1.812934568818552
1.577857601285447
1.731237845454811
0.5276810274573412
1.468188539810798
2.152413743137787
1.728962477605125
1.471198378871615
1.320469796282528
1.81445992163633
1.855747477469269
0.7238579793744258
1.907390599317254
1.915777609868286
0.9881405736015324
1.271257991670194
1.249165195978519
1.112620171103774
1.30171201236699
1.790634574345178
1.332868097906718
1.099783844711679
1.498770288112536
1.546063418395049
2.047842340254078
0.5758077071389277
1.352146263268846
1.60552411608478
1.92120949207682
1.500503142286496
1.832981680636342
1.52974319894368
2.029773901665634
1.598561043400408
1.634736653032546
1.306634455687432
1.900848454206875
1.61460002485394
2.096072984942761
1.504343786928889
1.717657031971241
1.977675432217678
1.375964067874283
1.550952799101981
1.084695589533011
0.6164687191525401
1.263989480301816
1.319344255556459
1.621761349203468
1.546342684853154
1.422111006860024
1.352604087300863
1.790006018726895
1.39510974161127
1.466854272793218
2.432961717206596
0.8708849319224041
1.243145250764778
1.161931903361378
1.713567635885219
1.783755139294507
1.311817369101457
1.573965217579449
1.052955323659681
1.787450230422872
1.539759020593185
1.962829883161257
1.471400915049253
1.167089257936775
1.380251619044724
1.795742904465566
1.670915133564697
1.425455937716231
1.45794310715334
1.728696733922672
1.399503797813666
1.059606330847693
1.305513790876108
1.543936586257541
1.563446745468368
1.324079065086277
0.7459508382152652
2.009065358083123
1.312752297414885
1.307843260285119
1.465719364438104
1.339463365278591
1.629131710713271
2.185309466164552
1.80222060035843
1.606039510328288
1.452454931659118
1.402658086738449
1.643114697830658
0.9642519476085534
1.230480485146792
1.745214598023278
2.108627588605178
1.5229183688737
1.671278467236659
1.533465398531298
1.82321157356497
1.68328142128605
0.9428623119228752
1.230586249504723
1.629120577157399
1.051218931804763
0.7519627906460461
1.857070248680073
1.644247231621566
0.892699741307069
1.050447241977057
1.773237174353345
1.434545341145467
1.083203313187199
1.824047871466596
1.303920810405484
1.925542542036657
2.192639532773555
1.402644088461303
1.425239311453766
2.180834128883237
1.766840128057906
1.710866330308819
2.157456910079656
1.898971399909429
1.747016029160855
1.72246083114474
1.919696642552288
1.124970698535678
1.818281304877137
1.521379771820296
1.871003414469606
1.567782316716148
1.468988449299296
1.779317410621849
1.276446146586417
1.876455030529209
1.355469756041959
1.102304198595344
0.742776884927895
2.220005851021336
1.780411448116308
1.572790333129471
1.068056755016975
2.122293608880236
2.456018560008055
2.007776468488953
1.63621068933949
1.970436582966602
1.488269838813296
1.634818313292971
1.20131586887661
1.636146642193846
0.8821413075118667
1.769575586092144
2.27289400262558
1.731959747522674
1.394725308119897
1.932523541981801
1.351676894894727
1.410701717643632
1.345412708705317
1.814131551707298
1.862659265782515
2.023897981795978
1.086779898366132
1.571487361765475
1.731099325822795
1.620749492530275
2.486834656111899
1.270403258875444
1.888287057789013
1.573426556914229
1.417654167950765
1.34654998164821
1.884064987368771
1.645806166578183
1.867070289739511
1.881978750309432
0.6529896933484064
1.036860427475279
1.161188739455216
1.681042219557271
1.724269150925968
1.494850347677302
1.168348710293746
1.734260916068185
1.823444793668461
1.372530334589814
1.201582510685185
1.698600920422494
2.141556270787945
1.958177247754864
1.845029055859223
1.655717534850891
1.70440688768333
1.639920928332646
1.296082642506955
1.339073048257441
1.065785621649334
1.007570641326737
1.508225682009951
1.433316715919695
1.459173314955629
1.789218113144166
1.598637681539084
1.694847238813281
2.064177586801076
1.2380518826741
1.363821339074762
1.380368033540771
1.868915529829779
0.7555310760814805
1.085618305415277
1.325816391926844
1.175343337127258
1.354655935870691
2.203850217708456
1.586339459241936
1.500182239315098
1.649989918721866
1.334684793610699
0.8883411947284723
1.247517480365502
1.289551373032847
2.321744502812231
1.878567090509581
1.233662275497541
1.359223199585527
2.327076015109198
1.212829903902754
1.094043713303404
1.076792679779974
0.8269404822704377
1.403194893387389
1.832889988292073
1.592494376251654
1.920885677571809
1.767181259626214
1.499185069949905
1.547946891374191
1.237751839454124
2.097011231476624
1.252866318887129
1.127490235023585
1.284353970382057
2.051798323231452
1.727332165860733
0.9056882608630998
1.855950005526569
2.226208486573799
1.349860780099062
1.473934002093021
1.306487359062441
1.310019108635365
2.103938669792675
1.184679649071307
1.560564564186166
1.327668567887897
1.577081731353638
1.251827044851092
1.307781962480794
1.275038152639891
1.335961461236597
1.749547943781809
1.327060511847364
1.435573511974814
1.181417646525865
1.84548498490065
1.026577551731494
1.471507701885105
1.259916234201422
1.01464951491391
1.898344527139759
1.844253284803773
1.882686076623707
1.789348775591085
2.15514292160639
1.410104096646327
1.311002007008342
1.538591507070981
2.123242583333684
0.7190672767811184
1.760389837999336
1.316064915932649
1.296273935174866
1.649738944518309
1.343373292810372
1.738998954781958
1.467361621515586
1.070645746863368
1.565073990132296
0.9115874785438853
1.338953144931854
1.370846195741664
1.1478786988304
1.321983718746736
1.581789617980352
1.659732824193664
1.992730973555906
1.049649171591205
1.040414186057709
1.361272254128477
1.425530448292573
1.404754128505678
1.082304794102087
1.65245738036418
1.948097077082354
1.18347733306034
2.004069594552349
1.860427370715643
1.987792067311574
1.231662585288521
2.163233763385126
1.564706290822884
1.055016312801772
1.68433316083123
1.545875708377695
1.212417180383202
1.945889564459419
2.022573102963251
1.846548417764979
1.56659454393017
1.718196794876997
1.31827196090275
1.462784223210744
1.071767449628255
1.85839344904033
1.577236558660053
1.853091454436304
1.590645968794968
1.410458583160275
2.091053291150993
1.888150029339227
1.180024514445029
1.274833246909284
1.343860690758147
0.820760803244466
1.773264907814674
1.368987006057899
1.59461594488713
1.057031733312968
0.8956327559065604
1.705722850856864
1.51277912671016
1.895133461443187
2.06259810542849
1.588204037529221
1.556833221162923
1.611057953328403
1.395323419083055
2.337132351874229
1.593521218224473
1.961908434014434
1.716294821684895
2.160527605773133
1.49630745503016
1.150088596817499
2.021168752042467
1.553607669021147
1.321000845487553
1.169535906076333
0.7584046031111426
2.10707455478952
1.44909421013004
1.823636928294119
1.679336744637082
1.714180394243682
2.61304142892423
1.048866119739829
1.49909046060877
1.784324257183895
1.599863278329315
0.8914177452952535
1.253961253198828
