d = 19, symClass = D
24.8799356088651

2.07259212047729
1.553850709326575
2.476006261301422
1.149637752263053
1.495066958350977
1.167527670073153
1.322280274626267
1.376822533474183
1.810348311000578
1.763901659078914
1.828250043247635
2.1733135224889
1.583705319572236
1.353830828643948
1.372565081348074
1.840121556121625
1.87926726536917
1.162075811615202
1.079309613505252
0.3664511748098704
1.225726099862407
1.570865875698775
1.572907137726625
1.353467534969157
1.617302379224717
0.7670695116667081
2.044951516373562
2.166467150576716
2.13368298666302
1.310314549218924
0.9649296588128455
1.173648290989785
1.339146684408184
1.728124449426044
1.729732617918811
2.050615434652342
1.725970222384565
1.460698100090595
1.653220959064182
1.825064327577399
2.053042776022947
1.423849323492466
1.536181018402289
1.435948797697659
1.744774068567107
2.046098463410095
1.656124973825852
1.164322629711484
1.049513475227722
1.977620677361314
1.945053423412178
1.740905720621615
1.407114783463681
0.7985919193874071
1.470763104077478
1.502643224567974
1.652824624483578
0.8046734055475855
1.408330273214744
1.683784446421898
1.908162193975613
2.005498324425636
1.952839754185389
1.796659798177472
1.203809493879375
1.366416249661072
1.96730641349911
1.74134973003748
0.9395771275317871
1.21829351702706
1.568340385256098
2.336525573774439
1.925172762321969
1.696128511039224
1.185464414736015
1.713030939543533
1.86026986431271
1.722135024342002
1.814800842149798
2.040327488887965
1.596238933252206
0.765749590607967
1.795332229515884
1.800292942651188
1.833270227970246
1.49642186303153
1.653388255265544
1.711610966951187
1.930827858337105
1.619606279128137
1.960487960004465
1.094853171386633
1.42657901427448
1.765930112599149
2.090611873295012
1.783601762415358
1.316534093008802
1.60148516873941
0.6246187378730824
1.598850870490654
1.727437851999121
2.495414820442098
1.603616847127335
1.583238721938849
0.7012682549597048
1.676277615768332
2.278345512903434
2.004191050269557
1.454661971918705
1.213776484671738
1.86910588497589
2.550850689992686
1.747239169963252
1.255254848601319
1.697860298085413
1.17254742280988
1.863981948221772
2.102959492723424
1.68840161876565
1.478904979306891
1.551565388696294
1.802042080788149
1.203457637786632
1.9813243150214
1.025465831388898
1.146856280654175
1.320565507209083
1.318210758861805
1.337592650866857
0.87299182165592
1.941941638955447
1.514757536817058
1.457148231575824
1.581520303718359
1.911507578659634
1.080786340541212
1.847688505753819
2.275120650334055
1.847814609210024
1.166193903110807
1.630973245289087
1.444822839777298
1.647334687538959
1.276729333431767
1.670529776864339
1.612292404474462
0.8689482727514275
0.5447905879241888
1.291849322163707
1.92829332692286
0.985764961233919
1.569699701511889
1.717006659275472
1.962393066948192
2.173046554706925
1.106903717465214
1.043785266939889
1.516133786917864
1.618541641714498
2.13142184641475
1.949786554867323
2.044118950558385
1.964773630968897
1.753716298842536
1.850669293312809
1.932831243282729
0.9495209782388506
0.9445264094980342
1.485021166589928
1.520999172383128
1.937259397847961
1.874747440368195
1.216948781166226
2.101424470683102
1.373545727249143
1.599430399792564
1.891976856727824
2.133796284642444
2.372700680306941
1.929196465624813
1.830243570366736
1.955171073857787
1.606739346431631
1.274730619585691
1.387782171580811
0.7328625691072073
0.9619983913223552
1.574760197054072
0.9968044761593414
1.387887099911481
1.670226226628103
1.774594900514419
1.561129234556353
1.999927942570906
1.235963789901488
1.551439505539033
2.086198164988486
1.656154557489985
2.456394728007691
1.90444466011719
1.775276509696262
1.434041428170262
1.551064188187961
1.841411430076932
1.340442496057224
1.841749689467147
1.452772914728063
1.87964228093087
2.418719433634333
1.969681995806912
1.372210659984179
1.512390277067995
1.713917232236652
1.892759403031046
2.053627061976202
1.040038705640423
1.56433511447842
1.970213381809185
1.718706256858921
2.263471252562459
1.295175240576033
2.079632746909466
1.557203501462523
1.803036648544886
1.8248596290088
1.514549496126146
2.675306631619294
1.571292620822817
1.9604189979085
1.974808294323964
1.601878385048118
1.186270594343955
1.944146734104985
2.471525882809828
1.274946724147
2.013303161601141
1.346646470283438
1.588549847699626
1.456658211541894
1.885072504836206
1.656713612762594
0.9743720691832792
1.430562076008807
1.723381235745943
1.350801990677486
1.448858041216351
1.554907585730136
1.953509018224077
1.753018536718114
0.8800877541164365
2.208783142244578
1.416006335974985
1.255022183594392
1.287436064542957
1.479696135982563
1.373269966589086
1.88731984662287
1.568005262177923
1.682033778311824
1.193947479079886
1.630174665583898
1.465188805657824
1.445746935083469
1.525564577198684
1.38047628467735
1.57508693506999
0.5591771627514464
1.33733124355585
1.009285426595336
1.220144183056256
1.196815367632292
1.603455208120068
1.788621334471046
1.379881634960456
1.24251644924674
1.754544816208233
1.754309323055607
1.183882519229228
1.376442522275017
1.168639425791384
1.565152016281931
1.68130974534426
1.562285438903463
1.63592077793957
1.416317691746194
1.692409606374994
1.883970490294766
1.746586703438266
1.030648534970963
1.59678040001758
1.964787072864262
1.538015536896375
1.601845520885063
1.172983853034624
2.028510238517394
1.240300381436257
1.75802052232725
1.717206822473067
1.734590197649645
1.865481636762301
1.700907361342184
2.213456433045224
1.81945661277372
1.777996238159494
1.688388228738315
1.075730788992412
1.356858450412365
1.70946362876602
1.967113745124843
1.083600220978896
1.399745549455072
1.327988107720482
1.756170250011242
1.555888631690739
0.423943008673152
1.213346226203842
1.443650773720986
1.55226019581802
1.186309311863507
1.976301950364448
1.306497180813617
1.289675498408965
1.73826374705566
1.798911211173108
1.674622285972966
1.68668575052047
1.950128722075461
1.446387130135078
1.888533074367179
1.517223609935935
0.7577239889441603
1.257597015978565
2.068152009864646
0.8521577626704756
1.132437744866707
2.046558745575455
1.324935505081668
1.57614124089196
1.901086681728167
1.108823254966347
1.77744994731884
1.646203650403455
1.82989435187693
0.9047146738961481
2.068613748685837
2.044297061076302
1.39768191265213
2.009281880122682
1.790632380350901
1.499081630120571
2.251359675280709
1.722600845687669
1.215474174983822
1.47886522694693
1.216986879593048
1.824232385052757
0.5652906530320231
1.594693639589834
1.093088026725772
1.206327727619999
2.016239562548465
1.539595033210343
1.46089686219158
1.646913647041131
1.695142225407389
1.549667603564679
1.145790550525887
1.225613712477728
1.559469549503141
1.727461627493348
1.072929615353602
1.787303258783422
1.124397609717272
1.616134365034148
2.162430807350836
1.029289935925489
1.520406884863902
1.441069779537125
1.870015191069232
1.41865556210233
1.192915328316414
2.135113616733901
1.186299258807657
2.201047821247751
1.552282735938819
2.402067946393045
1.60260430322405
1.149898904427474
1.544687385261624
1.646412660959498
1.301382843407226
0.6049702751213774
2.120765976148403
