d = 43, symClass = C, D = 12.242188, Y = 0.07962209519013212
[10.48927536615987, 10.48927537061014], 10.4892753706101
1, 0, 1
2, 0, 0.644530134507337
3, 0, 0.1372796365223499
0, 1, -0.3914683740775375
1, 1, -0.9787107559082892
4, 0, -0.5845809057149819
2, 1, -0.6190196956600028
3, 1, -0.0897829330000106
5, 0, -1.750749799952933
4, 1, -0.05594327124233903
6, 0, 0.08848086258827446
5, 1, -1.039776238228803
-1, 2, 7.079906164687262e-14
0, 2, -0.2523131638004002
1, 2, -0.8226496289602949
7, 0, -0.4389042084933136
2, 2, -0.6308085751517437
6, 1, -0.5047652699989916
3, 2, -1.040184718336694
8, 0, -1.021310144293349
7, 1, -0.1875952933907881
4, 2, -0.3989768477084514
5, 2, -0.2537034625560227
9, 0, -0.9811543013967601
8, 1, 0.9447515027652317
6, 2, -0.05786780587642371
-1, 3, 0.4335403260101551
0, 3, -0.05374063610782608
10, 0, -1.12841100405659
9, 1, 0.9492196620645408
1, 3, -0.3058353199159171
7, 2, 1.516878953957479
2, 3, -0.7672211960146276
3, 3, -0.134357056832873
11, 0, 0.1413165630756874
10, 1, 0.8348215872550319
8, 2, -0.03605712414307773
4, 3, 0.5783684891446071
5, 3, -0.9214799551589755
11, 1, 0.392099987172691
9, 2, -0.3741686294603693
12, 0, -0.08025105425274659
6, 3, -0.08497879882620291
10, 2, -0.6701671186782732
12, 1, -0.02813788075955617
13, 0, 0.9511373450366897
7, 3, 0.03538785756474493
-2, 4, 8.212207453677067e-14
-1, 4, -1.075070660340121
0, 4, 0.2288449366703083
1, 4, 0.432228502803962
11, 2, 0.3058334196013459
8, 3, -0.1788198479803575
2, 4, -0.5302224760111064
13, 1, 0.2131600157704599
14, 0, -0.282886988531305
3, 4, -1.227298904861579
9, 3, -0.01232536840884802
4, 4, 0.5721356201162093
12, 2, -0.3253364273675305
14, 1, 0.5581180732727448
5, 4, -0.6535643952621865
15, 0, -0.240342296193861
10, 3, 0.3830819263539704
6, 4, -0.6704303964241516
13, 2, -1.180153470762546
15, 1, -0.2764873680507182
11, 3, -0.07498187312971635
7, 4, -0.1452762307272701
16, 0, -0.07368425896267702
14, 2, -0.1209108196819166
-2, 5, -1.255297068295785
-1, 5, 0.3744859802508432
8, 4, 0.3618670943531682
0, 5, 0.6853631776300034
12, 3, -0.007679871942826694
1, 5, -0.06682003766893695
16, 1, 0.3919042493713022
17, 0, 0.04514689126050086
2, 5, 0.2787761240229485
9, 4, -0.3416497494810212
15, 2, 0.1706297095201347
3, 5, -0.00511333491885634
13, 3, -0.7318077363846088
4, 5, 0.5923999844054966
10, 4, -0.1635195268491527
17, 1, -0.2999614861178558
18, 0, -0.6323835138526314
5, 5, 1.713477660128667
16, 2, 0.6089208131523797
14, 3, -0.4472497474434687
11, 4, 0.1364723371548861
6, 5, 0.09267229427183797
18, 1, 0.8809246719635315
7, 5, -0.1497939737530224
19, 0, -0.7575169166093333
17, 2, -0.3066744616286345
12, 4, 0.05248538829235114
15, 3, -0.1427401040536952
8, 5, 0.8602533708356616
-3, 6, 2.013146659194586e-13
-2, 6, 0.2794298046384003
-1, 6, 0.5306254436780418
19, 1, 0.6417802514045909
0, 6, -0.03463745941804591
13, 4, 0.6990107722339768
20, 0, 1.023454903730415
9, 5, -0.05964369810407803
1, 6, -0.1408494282038288
16, 3, -0.03134486562114254
18, 2, 0.6118006764674365
2, 6, -0.1971200798900815
3, 6, -0.1129330420529639
10, 5, 1.083748608366307
14, 4, 0.9776741962299523
20, 1, -0.1933790433002109
4, 6, -0.4944971806665484
17, 3, -0.7054796988333594
21, 0, -0.06025261020996795
19, 2, -0.6152680960075892
11, 5, 0.3831758845371996
5, 6, -0.4309031422403517
15, 4, 0.6201738203517086
6, 6, -0.08659717191454314
21, 1, -0.06224881343024254
18, 3, -0.06929399278779426
12, 5, -0.008886246589873852
22, 0, 0.09108278341268046
20, 2, 0.5380676699165644
7, 6, -0.5513690508526142
16, 4, 0.03270336817334768
8, 6, 0.3727759201123037
13, 5, 0.1147733539632686
22, 1, 0.3723195481163222
19, 3, -0.2717630773084518
21, 2, -0.5752237852203704
-3, 7, 0.6444837587148606
23, 0, -1.00849124080081
-2, 7, 0.0246131909457391
9, 6, -0.1427961800455645
17, 4, 1.035572882796618
-1, 7, -0.9997074933894624
0, 7, 0.1718171168678381
14, 5, -0.9908358264013996
1, 7, -0.4778372196861596
10, 6, -0.5939215994455028
2, 7, -0.1024212507143606
20, 3, 0.04677783810665913
23, 1, 1.265448372917696
3, 7, 0.4042736629465154
22, 2, 0.2527202574722937
18, 4, -0.241162957076003
15, 5, 0.1571874519974252
24, 0, -0.1402050853870349
11, 6, 0.05780714859430457
4, 7, -0.3373921304838738
5, 7, -0.2836138332464216
21, 3, -0.02575301369073913
24, 1, 0.7673536790018388
16, 5, -0.8429184014344694
12, 6, -0.05477139663542885
19, 4, 0.9497960587732394
6, 7, -1.189730284580495
23, 2, -0.2048381646114006
25, 0, 2.065124862078461
7, 7, 0.4295602696571882
13, 6, 0.09241715702358683
22, 3, 0.3216502615408346
17, 5, -0.4927485793302701
20, 4, 0.6078333350807434
8, 7, 0.6715504487552333
25, 1, 0.2947734728062685
24, 2, -0.01813571207516965
26, 0, 0.6130366809362706
14, 6, 0.02280854060368412
9, 7, -1.193279065775276
-4, 8, 9.521496591024448e-15
-3, 8, -0.3889699594805426
18, 5, 0.5990684384403713
-2, 8, -0.6929154373125449
23, 3, 0.7706650125235753
-1, 8, 0.5166189285764921
21, 4, 0.7310745733481625
0, 8, 0.3998106216211085
10, 7, -0.5872056884154883
15, 6, -0.03482831913112314
1, 8, -1.052543253448823
26, 1, 1.062588755402303
25, 2, 0.6201457063469225
2, 8, 0.2785842950491265
27, 0, -0.2719721423897988
19, 5, 0.3313424663950327
11, 7, 0.2571756985685214
3, 8, 0.1103004495978192
24, 3, 0.1296951429070785
22, 4, 0.1971188550683084
16, 6, -0.1152547806692945
4, 8, 0.4809052651880162
27, 1, 1.082327216731981
12, 7, -0.953752727213349
5, 8, 0.5511665690290748
26, 2, 0.1373880536358073
20, 5, 0.0979426709591696
28, 0, 0.2565750197194488
17, 6, 0.848877273346749
6, 8, -0.791031128233107
23, 4, 0.03734780690029196
25, 3, 0.2416117113577805
13, 7, -0.77686093456941
7, 8, -0.03539777590415819
21, 5, -1.068090852244565
28, 1, 0.5155694598229754
27, 2, -0.4718769521195849
18, 6, -0.007944071362979251
8, 8, 0.9995672233402416
14, 7, 0.2716903495647305
29, 0, -0.7704708116291855
24, 4, 0.2950761387064973
26, 3, -0.04421267999301168
9, 8, -0.2583717977951459
22, 5, 0.143059186628797
15, 7, -0.05557457735774643
-4, 9, 0.321674362171904
19, 6, 0.04552870062219438
-3, 9, 0.05951625837170194
-2, 9, 0.7432726078234962
29, 1, 1.577208850502288
-1, 9, 0.2370304160495601
28, 2, 0.3597239168375627
10, 8, -0.4212419475901806
0, 9, 0.3840908790896699
30, 0, -0.1549078524909336
1, 9, -0.4316378928683086
25, 4, 1.056557180498178
16, 7, 0.05048055233312954
27, 3, 0.1303085301938391
2, 9, 0.3434409268858897
11, 8, -0.3962397425194627
20, 6, 0.2469078455210607
23, 5, -1.416506939070455
3, 9, -0.04198496155905358
30, 1, 1.305228524913923
4, 9, 0.3136286870335657
29, 2, -0.1269203663547963
12, 8, 0.6080721247452898
17, 7, 0.8824118028563469
26, 4, -0.760644475243107
5, 9, 0.1033641837711528
31, 0, -1.0971048845801
21, 6, 0.2082365914535824
28, 3, 1.292046476575649
24, 5, -0.5272793759377324
13, 8, -0.3109072496039711
6, 9, -0.1053238469151097
18, 7, -0.5745910649456502
7, 9, -0.1885276048114831
31, 1, 1.099262050755661
30, 2, -0.1782044405384591
22, 6, -0.04832807677855665
14, 8, -0.09363490853093795
27, 4, -0.2964514279563191
32, 0, 0.9738184189408645
25, 5, 1.820388041100629
29, 3, 0.2154314731302396
8, 9, -0.2811731421133171
19, 7, -1.083554051462724
15, 8, 0.1005514828318743
9, 9, 0.9602662679849536
23, 6, 0.2790053117743692
32, 1, -0.04946170834229311
31, 2, 0.2899729447001388
28, 4, 0.1096646265185675
-5, 10, -7.634250641929467e-15
-4, 10, -0.8090767882793312
20, 7, -0.9048002122112058
-3, 10, -0.944476702634193
26, 5, 0.5379558883725847
10, 9, 0.3902360953368774
-2, 10, 0.2413674992217676
16, 8, 0.6322110946977662
33, 0, 0.01939988641346539
30, 3, 0.1146040040573745
-1, 10, -0.5883933568194069
0, 10, 0.441737221057419
11, 9, -0.4531797203741464
1, 10, 0.2899992351386467
24, 6, -0.00494990889851834
2, 10, -0.04306752786942548
21, 7, 0.03940610714969583
17, 8, -0.3326940986644304
32, 2, 0.2525940985572227
33, 1, 0.03063301489886367
29, 4, -0.2088166959658675
27, 5, -0.8618890695210875
3, 10, 1.094139432362371
12, 9, 0.07939821596674142
31, 3, -0.9785288916801712
34, 0, 0.0290985318962999
4, 10, 0.1796796127063508
25, 6, -1.088738890291626
18, 8, -0.2202035589916225
5, 10, 1.440253673361599
22, 7, -0.6237219514932294
13, 9, 0.5638983240826226
30, 4, 0.1099759896326729
6, 10, -0.003295698439209426
33, 2, 0.2238045876113843
28, 5, -0.3768810807285632
34, 1, 1.248186042028515
14, 9, -0.1174411783687774
19, 8, -0.6885626407612915
32, 3, -1.24504289998986
7, 10, 1.335681512813538
35, 0, 0.7684114552051726
26, 6, -0.4716721387618429
23, 7, -0.5020652396999059
8, 10, 0.3818196416370306
15, 9, -0.1265004333085547
31, 4, -0.5146785330501138
29, 5, 0.3339426273158157
20, 8, 0.148310199924999
34, 2, -0.1933342169909314
35, 1, 0.2873302009966598
9, 10, -0.1709932327241989
24, 7, -0.04951470293898477
33, 3, 0.05382734372095437
27, 6, -0.05136573345101284
16, 9, 0.08987113280684206
36, 0, 0.5735640701502278
10, 10, 1.104387986759363
-5, 11, 1.347326660416625
-4, 11, -0.4190890926754628
-3, 11, -1.208346965579493
21, 8, -0.8676992373907227
-2, 11, -0.9903237485759201
-1, 11, 0.157287128837969
30, 5, 0.8837176954781772
32, 4, -0.552283689159243
0, 11, 0.3361474089006528
11, 10, -0.7089334639927484
17, 9, 0.5977735006714618
35, 2, 0.3662737650601406
25, 7, -0.2323748692326162
36, 1, -0.07578724863248795
1, 11, -0.38988212900875
28, 6, -0.2882659398798654
34, 3, -0.6962753387274307
2, 11, -0.8830570084622799
22, 8, 0.08796053382187317
12, 10, 0.05973008629636409
37, 0, -0.4147736033119257
3, 11, 0.3921590894170692
18, 9, 0.6073538370481502
31, 5, -1.462108050470685
4, 11, 1.507063444845926
33, 4, -0.1592948513515419
26, 7, 0.2935310927816215
13, 10, 0.4682944834755247
29, 6, -0.4442991188770661
5, 11, -0.7253404565775469
36, 2, 0.5677824973074556
37, 1, 0.8084034913685992
23, 8, -0.6933717820431288
19, 9, -0.7542015585781742
35, 3, -0.3274244392575291
6, 11, -1.000055927582971
14, 10, -0.09654673005058169
38, 0, -0.4882424801508001
27, 7, -0.4367986849969764
7, 11, -0.5288421076797817
32, 5, 0.02891660913903245
34, 4, -0.1976609320023838
20, 9, 0.2907597865516371
24, 8, 0.09169622025426671
15, 10, 1.821103187551637
30, 6, -0.0920002984674145
8, 11, -0.2914276394201741
37, 2, -0.05542232159475558
38, 1, 0.3559636915778057
36, 3, -0.003862758046100634
9, 11, -0.634878984028492
16, 10, 0.5544592208087125
28, 7, 0.02455373718518087
39, 0, 0.1305717890166621
21, 9, 0.00485803222563562
33, 5, 0.3305519043436629
25, 8, -0.3909086152537612
35, 4, 1.712847162251005
10, 11, -1.679161450930836
31, 6, -0.3957879748239705
-6, 12, -4.028905155165099e-14
-5, 12, 0.2879461649166521
-4, 12, -0.2534393964411725
-3, 12, -0.1475853094921522
17, 10, 0.5849534163031332
-2, 12, 0.3420040885887808
38, 2, 0.4136467117632524
39, 1, 0.8224523225278482
22, 9, -0.8240684261587754
11, 11, -0.1383080402672126
-1, 12, -0.8100293072662144
37, 3, 0.8601401492246313
29, 7, -0.05117777057769885
0, 12, 0.03141574973042205
26, 8, 0.4505335070489102
1, 12, 0.5352756356792224
40, 0, 1.788058530819179
34, 5, -0.7729019249363396
18, 10, -0.03844216075962147
12, 11, 0.6311104839894325
2, 12, -0.09078170090788432
32, 6, -0.0202027104611345
36, 4, -0.554895689769634
23, 9, 0.3424533083699592
3, 12, 0.05933617175910875
39, 2, 1.370661345906086
13, 11, -1.314184905077564
4, 12, 0.1787854883097278
30, 7, -0.9084752642222468
27, 8, -0.3717352628982779
40, 1, -0.6164924159243949
19, 10, 0.5156185064864485
38, 3, 0.340700117541602
5, 12, -0.4602249617997547
35, 5, 0.32843242237353
41, 0, 1.033403809262268
14, 11, 0.1288654419263294
33, 6, 0.04198470067472912
24, 9, -0.02454832373024083
6, 12, -0.07278874877797933
37, 4, 0.5756574666780511
20, 10, 0.6985086363226676
28, 8, -0.8867384727616943
31, 7, -0.1532912479626897
7, 12, -1.021880084703517
15, 11, 0.3981888578374262
40, 2, -0.1246386207906381
41, 1, 0.7589472625461531
39, 3, 0.0292625294842948
25, 9, -0.3542957936265257
8, 12, 0.4485028616450193
36, 5, 0.6635425505890844
21, 10, 0.2849063772581629
34, 6, -0.4547029251749852
16, 11, -0.1245069096195467
42, 0, -0.03883462296897698
38, 4, -0.3965588286798948
9, 12, -0.1684831475640059
29, 8, 1.817861583008956
32, 7, -0.1552886418782403
26, 9, 0.5811982072115813
22, 10, 0.2469684044050734
10, 12, -0.2777300602342793
41, 2, 0.9245403376095205
17, 11, -0.8791843493298203
42, 1, 0.4265439679098368
-6, 13, 0.3809874859332881
-5, 13, 1.098194704251096
40, 3, -0.7797611926299468
-4, 13, -0.7017365406280226
37, 5, 0.8797173597733462
-3, 13, 0.7633346880831875
35, 6, 0.3489486451622955
11, 12, 0.1146399007075799
-2, 13, 0.09260971984801905
30, 8, 0.3997207158501008
-1, 13, -0.6832109993807234
43, 0, 0.6752209215306831
39, 4, 0.882328321245988
18, 11, -0.06752174129258651
33, 7, -0.0314028397291831
23, 10, -0.00369638558685787
0, 13, -0.3723401900058527
27, 9, 0.08809091090417176
12, 12, 0.0785425699692221
1, 13, -0.559072568197668
2, 13, 0.7970233298785375
42, 2, -0.04012123609148906
19, 11, -1.077626894230636
43, 1, 0.3558057687931169
41, 3, -0.4859065580666199
3, 13, 0.7837284507756996
36, 6, -0.04466206649218024
38, 5, -0.3285037335207838
13, 12, 0.1588586117717981
31, 8, 0.5676375199523708
24, 10, -0.005727453712411362
4, 13, -0.754807568159224
28, 9, 0.9559355050155356
34, 7, -1.376255113511098
44, 0, -0.08261096443830915
40, 4, -0.4880207595791992
14, 12, -0.3553739685107676
5, 13, -0.5183594633872479
20, 11, 0.1972332169392109
6, 13, -0.7500543302362439
25, 10, 0.4441712863332519
43, 2, 0.03014166067817944
32, 8, 0.05713543042181526
37, 6, 0.02105575728034794
42, 3, 0.07661824623178158
15, 12, -0.08972108262940372
44, 1, -0.008095868800505713
39, 5, 0.3303117096432056
29, 9, 0.8705221379516257
7, 13, 0.008397981068125355
21, 11, -0.7070649356033958
35, 7, 0.4563621668443793
41, 4, 0.262323377003418
45, 0, 1.717755696846161
8, 13, 0.8998028938939406
16, 12, -0.3381031751952951
26, 10, 0.07397488524128053
33, 8, -0.5664928012629485
22, 11, -0.08747773590345637
9, 13, -0.4670492085082703
30, 9, 0.05258934762480195
44, 2, 0.2399711683990263
38, 6, -0.1751594927664411
40, 5, -1.654023504487597
43, 3, -1.75393655664025
17, 12, 1.774925945401794
45, 1, -0.2625918915994471
36, 7, -0.3085372482269342
10, 13, -0.8825128977342727
27, 10, 1.121380333472264
-7, 14, -3.953145244773712e-13
42, 4, -0.3707490636552025
-6, 14, 0.4153892036878159
-5, 14, -0.8019965076177039
23, 11, 0.6328945756447981
46, 0, -0.6500029950958267
-4, 14, 0.01586394328591583
11, 13, -0.2458106941711633
-3, 14, -0.07891988458543235
18, 12, -0.09203644113137784
31, 9, 0.5059992298686617
34, 8, 0.6674579294386163
-2, 14, -0.6443416051718827
-1, 14, -0.4428134137283796
39, 6, -0.1620110395059162
0, 14, 0.1107413094456904
45, 2, -0.7152826519653868
12, 13, 0.0007603202966221124
41, 5, -0.1017506991393885
28, 10, -0.6386235484685725
44, 3, 0.4305138962257738
37, 7, -0.5303835173756986
24, 11, -0.05033162730900763
1, 14, 0.1054093203966692
46, 1, 0.2452371053780321
19, 12, 0.8044487618696197
2, 14, -0.3079804874828386
43, 4, -1.00015730362575
13, 13, 0.0478224059665695
32, 9, -0.3906688114829126
3, 14, -0.02714601216252952
47, 0, 0.4648743734266578
35, 8, 0.1113695493419531
20, 12, 0.5386795867732042
4, 14, -0.06601358249523004
29, 10, 1.071101515543269
25, 11, 1.148950559616319
40, 6, 0.03014972628178615
14, 13, 0.6684235186055771
42, 5, 1.101066348459876
38, 7, -1.003300088817771
5, 14, 0.7525039465250135
46, 2, 0.8156196100101
45, 3, -0.03795608539363274
47, 1, 0.4531158356564568
6, 14, 0.2605665583576059
33, 9, -0.01029348429290559
21, 12, -0.01994346814784149
15, 13, -0.7293581015605284
44, 4, -0.229214165627008
36, 8, 0.2187318362941612
26, 11, 0.5337132262736978
30, 10, 0.1013120495798479
7, 14, 0.3610643842660974
48, 0, -0.01011534829126772
41, 6, -0.8383469064860368
16, 13, 0.6678994558336695
22, 12, 0.03725844925646091
8, 14, -0.2174593952447592
39, 7, -0.5395643166073668
43, 5, -0.5094733620242572
47, 2, -0.3288793140977234
46, 3, -0.544093734866415
34, 9, 0.3019596345438231
27, 11, 0.7343739159992138
48, 1, 0.7310497648342423
9, 14, -0.4097787179703294
37, 8, -0.7949082975431363
17, 13, -0.8498258816042714
31, 10, -0.07682165126132988
45, 4, -1.627312824597153
23, 12, -0.1823568316971284
10, 14, -0.1827976620863145
49, 0, -0.8073630957680833
42, 6, -0.01659859337739381
18, 13, 0.1238283025626881
40, 7, 0.9104482783147437
-7, 15, 1.252670428671598
-6, 15, -0.1723267252638324
28, 11, 0.3965094258407449
-5, 15, -0.7590206390268316
44, 5, 0.1881450850291745
35, 9, -0.3235544973092549
11, 14, -0.1618807321511014
-4, 15, 0.2750904172452488
-3, 15, 0.05140929924397107
48, 2, 0.4945825699390037
32, 10, -0.5432863106591541
24, 12, 0.04967698318461129
47, 3, -0.4058630465198022
-2, 15, 0.4342490497806308
38, 8, 0.6121721815124689
49, 1, -0.4122924680969086
-1, 15, 0.1399127851108633
19, 13, 0.3139611381753294
12, 14, -0.7668170203452476
0, 15, 0.09408640790602726
46, 4, -0.1320243697902838
29, 11, 1.004345963156408
1, 15, 0.1738560389953805
50, 0, 1.331035205132715
43, 6, 0.3858688641476811
41, 7, -0.6376070869607315
13, 14, -0.7753738254355698
25, 12, -0.08661008055324422
2, 15, -0.3306339197714329
36, 9, 0.05488898121687726
33, 10, -0.03143789075067495
20, 13, 0.2684910269578477
45, 5, -1.661846133488609
3, 15, -0.009173030484292521
39, 8, -0.4463470941635826
49, 2, -0.9901616568174684
48, 3, 0.0538004728992446
14, 14, 0.2768645383817251
4, 15, -0.7565640746710883
50, 1, 1.238694928226306
30, 11, -1.163646349599361
26, 12, 0.05956564264600905
47, 4, 0.2006602371402336
21, 13, -0.3063652163141176
5, 15, 0.5354411251755536
15, 14, -0.9882410605362754
37, 9, -0.3454128408235774
44, 6, 0.2073132863369754
34, 10, -0.3175913081117672
42, 7, 0.2215436013032786
51, 0, 0.006197748821088357
6, 15, 0.03827028497327378
46, 5, -0.07459839656381519
40, 8, 1.061934019893209
22, 13, 0.46481053049912
7, 15, -0.4591749902304924
31, 11, 0.8694686239668393
16, 14, 0.4328345010682179
27, 12, -0.04690155343145153
50, 2, 0.1899903860770314
49, 3, 0.2431873223014235
8, 15, 0.9040106677492025
51, 1, 0.2598141978553433
48, 4, 0.0164488678189584
35, 10, -2.65567552521645
38, 9, 1.093600529862897
17, 14, -0.2980596034799455
23, 13, -0.4861186373428372
43, 7, -0.8027055235960679
45, 6, 0.0234239845070228
9, 15, -0.0007019567588661098
52, 0, -0.55601673061029
28, 12, -0.02068706582202222
32, 11, 0.04406205043306232
41, 8, -0.5686554274468258
47, 5, -1.134089230944314
10, 15, 1.343212355463123
18, 14, -0.7691043167675516
51, 2, 0.5625606763129828
24, 13, -0.1724464193681284
50, 3, -0.1017656372133736
-8, 16, -1.567140715533391e-13
-7, 16, 0.350227586949286
-6, 16, -0.2507028603076281
36, 10, 0.3861176612049003
-5, 16, -0.04732796057128911
11, 15, 0.1691441602913259
39, 9, -0.1004623000544593
52, 1, 0.2514180642686726
-4, 16, 0.6284657803261589
49, 4, 1.21622117961152
29, 12, -0.4951939655905451
-3, 16, 0.04933917356608413
44, 7, 0.01127135116272287
33, 11, -0.01268781551409351
19, 14, -0.1611768124312276
46, 6, 0.4967168241857629
-2, 16, 0.3329764675224844
12, 15, 0.08132445453816463
-1, 16, -0.05766347792876324
42, 8, 0.4711995930927216
53, 0, -1.383135384801002
25, 13, 0.8927113403956424
0, 16, 0.02884505705501978
48, 5, 0.03433177716138028
1, 16, 0.5759281487728187
20, 14, -0.3784717613414436
37, 10, -0.5341636993412251
13, 15, 0.5689995041063641
30, 12, -0.02244790121357705
40, 9, -0.878838833742554
2, 16, -0.6783958447160175
52, 2, 0.6848704734501533
51, 3, -0.04117860378593854
34, 11, 0.03254787793852534
53, 1, 0.07150856110417828
26, 13, -0.5887727498740317
3, 16, 0.1153201227623708
50, 4, 0.3997025955222653
45, 7, -1.159142116296119
14, 15, 0.9586412831655555
47, 6, -0.3551017674646194
21, 14, 0.456541450479704
4, 16, -0.2526725296478863
43, 8, -0.09762510678247341
54, 0, -0.1752942415217678
31, 12, 0.1134115371523155
5, 16, 0.6714650905226319
49, 5, 0.567609851899107
38, 10, 0.2135602044358867
15, 15, 0.2352255903750412
27, 13, -0.3618058227266656
41, 9, 1.011744837563481
35, 11, -0.3192349884063286
22, 14, 0.1657574875936098
6, 16, 0.07109196361219913
53, 2, 0.4845521460195105
52, 3, -0.4982660586092823
16, 15, 0.5971498430606195
7, 16, 0.2858577704015602
46, 7, -0.4639950330334456
54, 1, -0.1985776023410439
51, 4, 0.09462123325258161
48, 6, 0.08359242790427612
44, 8, -0.1787843774272272
32, 12, 0.1045346686913805
28, 13, -1.179064782474261
23, 14, -1.130557454371207
8, 16, 0.8401804112669575
39, 10, -0.5253605155302479
17, 15, -1.257509355519373
36, 11, 1.233051931250523
55, 0, -0.2474099445229197
50, 5, -1.461563726890804
42, 9, -0.06139828276267049
9, 16, 0.4352442915663336
53, 3, -1.41518616925846
54, 2, 0.697592506572736
24, 14, -0.6147223735679095
33, 12, 0.01873487283572772
18, 15, 0.01272201887905207
10, 16, 0.3552434628698776
47, 7, -1.125114795814391
29, 13, -0.5899988832921934
52, 4, -0.1246092750778443
45, 8, -0.1284538524749552
55, 1, 0.02832900566485377
49, 6, -0.02398685734217223
40, 10, 0.06312700288695688
-8, 17, -1.157146352609488
37, 11, 1.152911438302062
-7, 17, 1.002341214604544
11, 16, -0.298468550618255
-6, 17, 0.008367687956755179
-5, 17, 0.8725566309943752
19, 15, -0.4888860012312097
-4, 17, 1.527413160297228
43, 9, -0.4773149198896546
51, 5, 0.7304062158678748
25, 14, -0.8366111219302431
56, 0, 0.4482573205036809
-3, 17, 0.678583056900117
34, 12, 0.5471269831754901
-2, 17, -0.9286177420126946
30, 13, -0.6199673450070811
12, 16, 0.7174555053835435
-1, 17, 0.4925240122982048
20, 15, -1.012578516676109
54, 3, 0.1209330187723237
55, 2, -0.1877559384455435
48, 7, 0.03050813355018698
0, 17, -0.01767358011599417
46, 8, 0.02407178700415413
41, 10, -0.03822620715694901
38, 11, 0.8726557184533542
13, 16, 0.8384368619267732
50, 6, 0.1557260288169381
26, 14, -0.5007102826519154
1, 17, -0.3612961278105961
53, 4, -0.1958297816796113
56, 1, 0.3226113297172422
2, 17, -0.4831290590104206
44, 9, 0.1608993624200514
31, 13, -0.1065907814662524
35, 12, 0.4202785375912645
21, 15, -0.02056366227156623
14, 16, -0.02281493326339437
52, 5, 0.3512859642169101
3, 17, 0.176303699651216
57, 0, -0.103991646968267
27, 14, 0.224830822927848
4, 17, 0.3163714990499463
39, 11, 0.7322994054675648
15, 16, -0.9961999016448412
49, 7, 0.08233636376321098
42, 10, -0.68841674066588
55, 3, 0.1089812316199986
47, 8, 0.1049778138123199
22, 15, -0.1753855875685479
5, 17, -0.04179331764616842
56, 2, 0.3323000532894075
32, 13, -0.7993587443814423
51, 6, -0.0421001586265817
54, 4, -0.304138915422529
36, 12, 0.007205175029525682
57, 1, 0.2023830850249241
6, 17, -0.3721014265721934
45, 9, 1.020180928627647
16, 16, 0.07211557679426969
28, 14, 0.1751126175493063
7, 17, -0.008754332459221812
53, 5, 1.025518799916229
23, 15, -0.4939255892453011
58, 0, -0.4965916558554415
40, 11, 0.5814606755204387
33, 13, 0.2153461227230876
17, 16, -0.3576130466885393
8, 17, 0.6920736377787982
43, 10, 0.7779153647411666
50, 7, -0.7462181321938637
48, 8, 0.5155218907413909
37, 12, 0.2282225894356872
56, 3, -1.035132916026624
29, 14, -0.9295274112011663
57, 2, 0.4631983947625531
24, 15, 0.1180952700570816
52, 6, -0.02849640458164139
9, 17, -0.5529936893062547
55, 4, -0.1491585298438362
46, 9, 0.3146531875673649
18, 16, -0.1665284095852022
58, 1, 1.199568434703765
10, 17, 1.162338210382914
34, 13, -0.5912307298039959
54, 5, -0.8519369822226275
41, 11, 1.256594735601765
25, 15, 1.613280847156007
44, 10, 0.09220595679883015
30, 14, -0.03581948981672072
59, 0, 0.468565029873651
19, 16, -0.6954034666587806
-9, 18, 5.832312095790055e-15
-8, 18, 0.2073288199150158
38, 12, 0.02934461953782904
11, 17, 0.2557405549163384
-7, 18, 0.02088968440860079
-6, 18, 0.03836002201092263
51, 7, 1.233725508959703
49, 8, -1.223419976247136
-5, 18, 0.2627265225357484
-4, 18, 0.4790615938941976
57, 3, 0.0881033596406308
-3, 18, 0.0728440680411893
53, 6, -0.3274536423730574
47, 9, 0.4055732712326201
58, 2, 1.016558632559533
12, 17, 0.9853285893954622
-2, 18, 0.1527732459355107
56, 4, -0.3262651687609049
20, 16, 0.382061266128388
35, 13, 0.792047396062579
26, 15, -0.2985799236364313
-1, 18, 0.1400097331723334
59, 1, 2.247517410268309
31, 14, -2.058134232433483
42, 11, -0.5225956213986457
0, 18, 0.2475581459653403
13, 17, -0.1377371691343963
39, 12, 0.09595994474076347
55, 5, -0.686468974102342
45, 10, 0.6550756531782553
1, 18, 0.3071392696785719
21, 16, 0.7747266482625482
60, 0, 0.140499517182499
2, 18, -0.2782036291483834
50, 8, 0.6809829416577533
52, 7, 0.5255911796987375
27, 15, -0.008187865193593711
14, 17, -0.52897028358081
36, 13, 0.591776839689907
48, 9, -0.004303011763116952
3, 18, -0.01933575831280045
32, 14, 0.03253623719019535
54, 6, 0.08398777449350445
58, 3, -0.755017859499078
59, 2, -0.4654709348609854
4, 18, 0.2213580268010301
22, 16, -0.2553884545453908
57, 4, 0.06376600216843685
43, 11, -0.06702897698921155
15, 17, 0.4040157633496205
40, 12, -0.2239423794691879
60, 1, 0.2863743367751619
46, 10, -0.9129814079707769
28, 15, -0.2745605036610079
5, 18, -0.492561304613597
56, 5, 0.02881934057573513
33, 14, 0.1252609087305714
16, 17, -0.2249073541588864
6, 18, -0.027060572922513
37, 13, -0.02947491358562616
51, 8, 0.02437415496269832
23, 16, -0.3930439637279107
53, 7, -0.2414144522105472
61, 0, 0.9589182580347364
49, 9, 0.1256157901138647
7, 18, -0.02475680547272103
55, 6, -0.136405526797911
44, 11, -0.007905710813128517
29, 15, 0.04300022579556378
59, 3, -0.2137580378831705
41, 12, 0.3319243442454258
17, 17, -0.04418574807480264
60, 2, 0.8412591167285091
8, 18, 0.2021431398386236
58, 4, -0.08180400079941247
24, 16, 1.062351204781699
47, 10, -0.9129290406889261
34, 14, 0.5687409979822408
61, 1, 0.8943802432258129
38, 13, 0.4193084266309527
9, 18, 0.8071462220042135
57, 5, 0.3139707710665985
18, 17, -0.3547817980962912
52, 8, 0.6898951848185892
30, 15, 0.1487766150399959
54, 7, -0.6201840103506234
50, 9, 0.959040760289058
25, 16, -0.9539881573673911
10, 18, 0.06662133127385343
62, 0, -0.7071171588209861
45, 11, -0.1340912331844301
42, 12, 0.1342147582943792
19, 17, -0.3283251040736259
56, 6, 0.8327628893420153
35, 14, 0.1113515174236792
60, 3, -0.02654700477073055
-9, 19, 1.22957766060461
11, 18, -0.2830674533657441
-8, 19, 0.4066408446837506
48, 10, -0.339847447103376
-7, 19, -0.1588154304773174
61, 2, -0.1651698817434896
39, 13, -0.08539590051143017
59, 4, -0.8680370087650532
-6, 19, -0.3937664938220261
-5, 19, 0.8884494943710091
31, 15, -0.6659494520744099
26, 16, -0.2003890914046021
-4, 19, -0.4819409662894938
62, 1, -0.1978802400803888
20, 17, -0.03511069020020433
-3, 19, -0.5147742312475611
12, 18, -0.06788439322489268
58, 5, -0.9621560667683132
53, 8, -0.6768891387374477
-2, 19, -0.6121774881962992
55, 7, 0.1511987918853431
43, 12, 0.03391958516595726
51, 9, -0.0968479966327682
-1, 19, -1.122336422923544
46, 11, 1.512603937753569
36, 14, -0.3703412563646962
13, 18, -1.291545974435096
63, 0, 0.4306327520566692
0, 19, 0.2965439156786238
21, 17, 0.6913140985952142
27, 16, -0.2102557599818283
40, 13, -0.5039282158896529
32, 15, -0.6969742100349204
57, 6, -0.08446378059103844
49, 10, 0.7696824481775557
1, 19, -0.6627737575491258
61, 3, -1.115496820849997
14, 18, -0.1215117224798423
62, 2, 0.708507517435954
2, 19, 0.4980849844848892
60, 4, 0.1616292360358253
3, 19, 0.02920913106216727
22, 17, 0.2693158368071263
63, 1, -0.6419700025823849
37, 14, 0.5176064705107754
44, 12, 0.04383297130313211
28, 16, 0.08492571054074681
59, 5, 1.232737987680931
54, 8, -0.1910718787335485
47, 11, -0.3712830437087024
33, 15, 0.05260224615238467
15, 18, -0.05915422674284232
4, 19, 0.7455368720793571
52, 9, 0.71553961253765
56, 7, -0.4146554105387177
41, 13, -0.8087942706723289
5, 19, -0.3760668170821601
64, 0, 0.7013395755193045
23, 17, -0.1281123828834298
50, 10, 1.173294948982673
58, 6, 0.1388520763433755
16, 18, -0.1812245631135602
29, 16, 0.1896364869518551
6, 19, 0.3975145786909975
62, 3, 0.788186311330437
38, 14, -0.6983832385316887
63, 2, 0.2461711587396561
61, 4, -1.150168701742319
34, 15, -0.8237833972222874
45, 12, 0.08513723664228312
7, 19, 0.285418445791701
17, 18, -1.037432041921898
48, 11, 1.448308697207016
24, 17, 1.525922182627942
55, 8, -0.4453465572914995
42, 13, 0.2281774194449312
64, 1, 0.6274257564533254
60, 5, 0.0492623891028748
53, 9, 0.5704998197244856
57, 7, 0.6405813780649386
8, 19, -0.3844599845114952
30, 16, 0.06480846074763887
51, 10, 0.8867664151718483
18, 18, 0.6189205468641096
39, 14, 0.1398033317033002
9, 19, -0.4961972652198562
65, 0, -1.665203516592264
35, 15, -0.06195528457279103
25, 17, 0.08554447010719413
59, 6, -0.3404062481756333
46, 12, 0.1798273311285737
63, 3, -0.008545494481078541
10, 19, -0.3863239689079295
43, 13, -0.153054893236188
19, 18, 0.4953571460971649
64, 2, -0.03187956152445581
62, 4, 0.186896301049645
49, 11, 0.1259406540220555
31, 16, 0.1169967276359812
56, 8, 0.1915929761591316
54, 9, 0.4952526158555087
26, 17, -0.33936344558959
-10, 20, 1.037981297191432e-13
65, 1, -0.1452528529741373
61, 5, 0.2701933064015178
11, 19, -0.3251105492423875
-9, 20, 0.1773627938300856
-8, 20, 0.7338226971169888
58, 7, 0.3413524513494318
-7, 20, 0.238251245191774
36, 15, -0.001219900708178793
40, 14, -0.5831710024812755
-6, 20, -0.6087436961873773
52, 10, 0.3467287810918974
20, 18, 0.2515189230158274
-5, 20, 1.882179743544909
-4, 20, -0.218917353512742
12, 19, -0.4256917096009283
-3, 20, -0.8511801269522344
32, 16, 0.04561200756083083
66, 0, 0.01250381139506226
60, 6, 0.07386573415099408
47, 12, 0.6160144740009666
-2, 20, -0.3792372494118514
44, 13, -0.3364896757541757
27, 17, 0.210791545189329
50, 11, 0.475168573291242
-1, 20, -0.400287703521649
21, 18, -0.07569174288771977
64, 3, -1.637042780564721
13, 19, -1.517386604634293
63, 4, -0.2083884901588208
65, 2, -0.7861948396778273
37, 15, -0.1675606550701959
0, 20, -0.4006502271154541
57, 8, -0.3149471866355013
55, 9, 0.03117046357576152
41, 14, -0.01552677945904945
1, 20, 0.4077471263929529
62, 5, -0.464830801970374
66, 1, -0.05749663046655371
59, 7, -0.1677728237823467
33, 16, 0.123902111903803
14, 19, 0.09936106472957029
53, 10, -1.517859783975206
28, 17, 1.479583521159634
22, 18, -0.2920879861324109
2, 20, 0.1869132460372969
48, 12, 0.004489506497927325
45, 13, 0.6446504623159141
3, 20, -0.9508262758537802
15, 19, 0.1449117165892372
61, 6, -0.1643143160633894
67, 0, -2.794402554031949
38, 15, 1.86478654223807
51, 11, -0.2232739615806571
4, 20, 0.03906171813711573
23, 18, 1.284364366199128
42, 14, 0.02539842353997945
29, 17, -0.311047236320238
34, 16, -0.2144313721652484
65, 3, -1.273111267726772
5, 20, -0.75672396482003
64, 4, -0.2290997410453427
56, 9, -0.3507354951457105
16, 19, -0.5711164858307302
66, 2, 0.01974390121309422
58, 8, -0.13458865313874
54, 10, -0.5555134779061823
6, 20, 0.7052058355117486
63, 5, -0.8634222491481819
60, 7, -0.150118672486252
67, 1, 0.9074930087303077
24, 18, 0.05117454281781827
49, 12, 0.8135523098928878
46, 13, -0.7405549084789353
39, 15, 0.0157560443145853
17, 19, 0.2019436887781483
30, 17, -0.9086010241177735
7, 20, -0.8157398790816979
35, 16, -0.1560629151825738
52, 11, 0.04485902590259942
43, 14, 0.5084874209353814
62, 6, -0.6306913581736525
68, 0, -0.02639201058218141
8, 20, -0.1629671990656805
18, 19, -1.423415156870093
25, 18, 0.6897723799642969
66, 3, 0.05111189222693592
57, 9, -0.03730753646888289
59, 8, -0.8498740620140722
65, 4, 0.5775470226943643
9, 20, 0.04975009320969239
67, 2, 0.07704993285368408
31, 17, -0.2161600137226965
55, 10, -0.5354377981810333
40, 15, 0.3130688130790419
47, 13, -0.002581742915699386
50, 12, -0.7017250234014599
61, 7, -0.3993332533685087
36, 16, 0.1997219199870602
64, 5, 0.6905039775835388
19, 19, 0.7413899540644731
10, 20, 0.9282868938208803
68, 1, 0.1206069082775253
44, 14, -0.4020075932901258
26, 18, 0.3634494626696642
53, 11, 0.8514713556350337
11, 20, -0.002737873654999473
-10, 21, -0.1541414329747098
63, 6, -0.07896651215796266
-9, 21, 0.08847449614007435
32, 17, -0.437044906356219
-8, 21, 1.124705499263988
20, 19, -0.5832129265027621
-7, 21, -0.1902826736360801
69, 0, -0.138445310982539
-6, 21, 0.003378889906313909
41, 15, 0.1879799813068217
-5, 21, 0.4123112070259944
58, 9, 0.02980656950525078
37, 16, -0.05291926926531313
27, 18, 1.020581710639187
-4, 21, -0.225197542874749
60, 8, -0.09974687013295187
12, 20, 0.002989157957466425
48, 13, 0.1699847706909536
67, 3, 0.04594651531856117
66, 4, 0.1442488009566508
56, 10, -0.2429112136534969
51, 12, 0.1421630689481054
-3, 21, -0.1372394813232769
68, 2, 0.8044935175593221
45, 14, 0.5294884311934899
21, 19, -1.014681329526971
-2, 21, 0.6634934893953571
62, 7, 0.8702937502840958
65, 5, -0.3731898549610986
33, 17, 0.2560295795684739
13, 20, -0.2963164017245744
-1, 21, -0.5056279772263015
69, 1, 0.6270381713145335
54, 11, 0.1238475463835274
0, 21, 0.02358699135719363
28, 18, -0.07569437848798392
38, 16, -0.4437993714711508
42, 15, -0.1360215820994599
22, 19, 0.1077783213459086
1, 21, -0.3739376810116066
64, 6, -0.8024676677990378
14, 20, 0.8608869851148119
49, 13, -1.172009627257314
2, 21, -0.7934225243593324
70, 0, 0.4952643385785336
59, 9, -1.152898792898314
52, 12, 0.427800829343076
61, 8, -0.3730826377793487
34, 17, 0.5910728807725016
46, 14, -0.3235961764667742
57, 10, 0.1653327877464277
3, 21, -0.06559731983109189
15, 20, 2.148693312192056
68, 3, -0.7603416652904775
29, 18, 0.923536788392787
67, 4, 0.5422865262188395
23, 19, 0.1637827037412107
69, 2, 0.7118226184837162
63, 7, -0.4166165044613836
4, 21, -0.6519457851797295
66, 5, -0.849343937611038
55, 11, -0.146937604353559
39, 16, -0.8867113615587953
43, 15, -0.5038362040305902
16, 20, -0.3463057194299953
70, 1, 0.06694911134566635
5, 21, -0.3560267365712632
35, 17, -1.315658412451765
24, 19, 0.1925971685930779
30, 18, -0.08153334129454101
50, 13, -0.2615086653240213
65, 6, -0.0243758863553162
6, 21, -0.01406035207165854
47, 14, 1.27293747812751
53, 12, -1.121808221062097
17, 20, 1.373911596265607
60, 9, 0.006421644611994554
71, 0, -0.8111572924792428
62, 8, -0.3317258241372078
58, 10, 0.215236086504607
7, 21, 0.134232409007533
40, 16, 0.2591099199525311
69, 3, 0.1737202926772948
44, 15, -0.1987269019171577
25, 19, 0.2868299722888579
68, 4, 0.1753517572363129
64, 7, -0.5662730516383623
56, 11, 0.4723846065392343
31, 18, -0.5726035616902238
8, 21, -0.6836309082719302
70, 2, 0.1851929730976999
18, 20, -0.110210291286241
36, 17, 0.5328520379524304
67, 5, 0.3175945029962565
9, 21, 0.05549854150668111
71, 1, 0.9536948591582652
51, 13, -0.3086136053321582
48, 14, -0.03191371814628874
26, 19, 1.190177254071223
19, 20, 1.627849453507753
66, 6, 0.03469334509154639
54, 12, -0.03310676309446677
41, 16, 0.4460441488896348
61, 9, -0.6369004546080981
10, 21, 0.7313582679551005
32, 18, 0.05792465331887697
59, 10, -0.02317865464739022
45, 15, 0.02157863627404153
63, 8, -0.9935318405254271
37, 17, 0.9966800907118072
72, 0, 1.002062841129908
20, 20, -1.001666322478493
11, 21, 0.04873688356302159
-11, 22, -1.230308780279292e-14
-10, 22, 0.8683926336636317
57, 11, -0.4671275616315401
-9, 22, 0.7356200622767994
70, 3, -0.4387516812126916
-8, 22, -0.2701155492785068
69, 4, 0.05249608409778023
27, 19, -0.06425177361544093
65, 7, 0.8316377157347924
-7, 22, 0.07436908879831379
71, 2, 0.9934758781989117
-6, 22, -0.7788160322513357
-5, 22, -0.1705081200058421
68, 5, 0.1665486949644648
52, 13, -0.05320973450030425
49, 14, -0.6657645566607564
33, 18, 0.007935744345766341
12, 21, -0.04631706903918798
42, 16, -0.5592583061839697
-4, 22, -0.6382934988779185
21, 20, 0.1233145444815588
-3, 22, -1.128460165519059
72, 1, 1.05967172765396
55, 12, -0.09610146049424087
38, 17, -0.1030588295125223
46, 15, -0.6460017443716846
-2, 22, 0.1013762943002502
67, 6, -0.8071606984167113
28, 19, -0.07374618228984614
62, 9, -0.626044631182692
13, 21, 0.7212317821659001
60, 10, 0.5695826851330837
-1, 22, 0.1744506056818793
64, 8, -0.9648842936171181
0, 22, 0.2166571346722796
22, 20, -0.4569289809054595
73, 0, -1.038308875318741
34, 18, 0.3852830347957786
58, 11, -0.2681258085086344
14, 21, 0.336736611770747
1, 22, 0.4378700755259222
71, 3, -1.435111252291349
43, 16, 0.4768450142747832
70, 4, 0.2360744790599258
50, 14, -0.1497726057173433
66, 7, 0.3374279539793379
53, 13, -0.09425913772595662
39, 17, 0.6848199711185414
29, 19, 0.5645340319885571
72, 2, -0.04884716555646314
2, 22, -0.2512907810526175
69, 5, -0.7937159303819259
47, 15, -0.550551610578043
23, 20, 0.9219157462693125
15, 21, -0.03893440393714134
56, 12, 0.2614536624407103
3, 22, -0.8460026046028575
73, 1, -0.7663516344843846
35, 18, 0.4452727769895241
63, 9, 0.1840599290348986
68, 6, -0.4487704377231105
4, 22, -0.569156852445838
61, 10, 1.328927453622112
30, 19, -0.5984565794789056
16, 21, 0.4891251596366812
65, 8, 0.2353860943814072
44, 16, -0.07977912246130887
24, 20, -0.05417445371914101
40, 17, -0.8894979530610031
5, 22, -1.198248048739199
59, 11, 0.3501843680824515
51, 14, -0.2553072367685109
74, 0, -0.2673340863378664
54, 13, 0.3428695572026328
6, 22, 0.2527583506508903
67, 7, 0.1319672207950739
17, 21, 0.07994805919917788
72, 3, 0.1053420341367924
48, 15, -0.1157155317742888
71, 4, 0.7081039718529094
36, 18, 0.3914578502895683
57, 12, 0.1303876577155621
73, 2, 0.258254462744013
31, 19, 0.169086612581413
70, 5, -0.9771251051528999
25, 20, 1.144227734259099
7, 22, -1.155587579308648
18, 21, -0.1633257410263455
41, 17, -0.4308245569022334
74, 1, 0.2293239978767547
45, 16, -0.5837858685612851
64, 9, 0.5610068137629238
62, 10, -0.9423726984327276
8, 22, 0.9713478048240298
69, 6, -0.0281201087861544
66, 8, -0.1026703319685965
52, 14, 0.1891896347118903
60, 11, 0.2338040100564976
26, 20, 0.3018299064263966
55, 13, 0.1200503752646421
37, 18, 0.2099106517997819
32, 19, 0.2482068459582986
9, 22, 0.1303174533362177
49, 15, -1.571294836083917
19, 21, -1.522934283339437
75, 0, 0.2834995904389127
68, 7, 1.406750859022754
58, 12, -0.2863641708514916
10, 22, -0.4675037820383688
73, 3, -0.2875983708042106
72, 4, -0.5149717426009094
42, 17, -0.1574267042545353
74, 2, 0.5210404110259447
46, 16, -0.4468990079455185
27, 20, -0.2126625309468295
71, 5, -1.116139132297817
20, 21, -0.4151964972070316
33, 19, -0.7261303471257116
11, 22, -0.1162540181729775
-11, 23, 0.6474009908979425
-10, 23, -0.9062377565524971
38, 18, -0.4861056320016883
-9, 23, -0.8838322989843462
-8, 23, 1.018494172581427
63, 10, 0.8977717501554849
65, 9, 0.7341361188155546
53, 14, 0.7055976485699665
-7, 23, -0.6753234900656677
75, 1, -0.5979300511626974
70, 6, -0.2110349178728882
-6, 23, -0.423443709909459
61, 11, 0.4113153899140715
56, 13, 1.313239433712263
50, 15, -0.6706806059446426
67, 8, 0.5420590399744296
-5, 23, 0.01165376512500762
12, 22, -0.6445661815213302
21, 21, 0.05896987768065563
-4, 23, -0.888685499023437
28, 20, 0.08756669684549388
43, 17, 0.7021742965923556
-3, 23, 0.502164710078322
59, 12, 0.5870393820931236
34, 19, -0.5373916884017342
76, 0, 0.4428299252085661
47, 16, -0.5095181939560356
-2, 23, -1.284051422270366
13, 22, 0.6745601443662554
69, 7, 0.3115881660979198
39, 18, 0.0126869937228452
74, 3, -0.326770306493807
73, 4, 0.1778197117952411
22, 21, 0.2925516626022147
-1, 23, -0.1578121772762021
75, 2, 0.01014013273596556
72, 5, 0.02941070442780664
0, 23, 0.3947924263322259
29, 20, 0.5759614440201541
54, 14, -0.2815299151921851
14, 22, -0.3408546747967656
64, 10, 0.01863762597646869
66, 9, 0.04415603099492071
51, 15, -0.06764434586923494
1, 23, 1.00330591101458
57, 13, 1.476283431278222
62, 11, -0.6202368349638997
35, 19, 0.1162926212285739
76, 1, 0.4053871573963779
71, 6, -0.3773205765971865
44, 17, -0.4380719227436932
23, 21, 0.3727161426116878
2, 23, -0.5977868439044098
68, 8, 0.1792760345412336
15, 22, 1.468173503565911
40, 18, 0.1874034443413858
48, 16, 0.006615588880035322
3, 23, 0.8127054986710422
30, 20, 1.173755882425914
60, 12, 0.08344313930768382
4, 23, 0.1474147494249656
77, 0, -0.06202443426701876
70, 7, -0.3664067079858714
24, 21, 0.09219020151348634
16, 22, -0.1878338956354675
74, 4, -0.03572135639473595
75, 3, 0.04046639520852089
55, 14, 0.3854864186813449
36, 19, -0.3902753612016997
5, 23, -0.4023314673698961
52, 15, -1.572396106277293
73, 5, -0.7586377988884369
45, 17, 0.1929514471230368
76, 2, 0.2294293260148366
65, 10, 2.066153452854779
58, 13, -0.1574535791863031
31, 20, -0.2752511366155539
67, 9, 1.547264167725316
41, 18, -1.571113904885517
17, 22, -0.2036198278442672
6, 23, 0.5738675779177983
63, 11, -0.6400739991156781
49, 16, -0.8741923949974554
25, 21, -0.2164270496913884
72, 6, -0.002489663960671244
77, 1, 0.1168286963010091
69, 8, -0.257287622628542
7, 23, -0.8675134121292349
61, 12, 0.8574501896273633
37, 19, 1.414835367633035
18, 22, -0.4091986369710685
32, 20, -0.5028876946665898
8, 23, -0.9237759362417733
26, 21, 0.8337377448576635
56, 14, 0.01582562352930841
71, 7, -0.3206963344175174
46, 17, -0.9569467866395605
53, 15, 0.8407501121221506
78, 0, 0.08415745273279086
42, 18, 0.003131148166159989
75, 4, -0.9951248732232435
76, 3, -0.3999552934325301
19, 22, -0.585406133532605
59, 13, 0.54818161372149
9, 23, 0.4108633826434836
66, 10, 0.2130506633641082
50, 16, -0.2519523823639814
74, 5, 0.1990335210183018
77, 2, 0.07576113339892324
68, 9, -0.004428227581542085
64, 11, -0.7614135740849067
38, 19, 0.4689178911764585
27, 21, -0.1638129164176998
33, 20, 0.04261153902371133
10, 23, 0.07923562746677998
73, 6, -0.8445133132003972
70, 8, 1.103981611879505
20, 22, -1.082270155832084
62, 12, -0.255097276647442
78, 1, 0.2148969908969849
47, 17, 0.04941074378649087
43, 18, -0.175997761353679
-12, 24, 3.122353778038669e-14
11, 23, -0.4943177160398562
-11, 24, -0.4964483180240177
-10, 24, 0.1855899804002101
54, 15, 0.08223989747977448
-9, 24, -0.05339765465734174
57, 14, 0.6850711329047586
-8, 24, -0.442779132913292
-7, 24, 0.1793934363079585
28, 21, -0.2538483639424687
72, 7, 0.08352811240654173
21, 22, 0.06613398217376329
-6, 24, -0.09512317937816728
51, 16, -0.5134099149280901
39, 19, -0.4461650155848776
34, 20, 0.3770201040968545
60, 13, -0.6046675653393848
12, 23, 0.9843426291618449
79, 0, -0.09600679927951426
-5, 24, 0.7752623068767769
-4, 24, -0.3101935024601979
76, 4, -0.3751724806311279
77, 3, -0.1320988418353442
67, 10, 0.1844218652088465
65, 11, 0.3009832570612078
-3, 24, 0.07092125873180297
69, 9, 0.1057966127995821
75, 5, 0.4840602043209468
78, 2, 0.5300953060649926
13, 23, 0.08014295890321253
44, 18, -0.5311369335543921
22, 22, -0.08914369979943221
-2, 24, -0.5220882983679049
48, 17, 0.5245972573620512
29, 21, 0.657628057927888
63, 12, 0.1003616517076122
-1, 24, 1.363355502300989
71, 8, -1.792313112663805
74, 6, 0.5543862460757762
55, 15, 0.1312744993842379
35, 20, 0.254342331892812
79, 1, 0.4482643278347425
40, 19, -0.630997313257367
58, 14, -0.03298561535254944
0, 24, 0.05488585681470662
14, 23, -0.8665210904340207
52, 16, -0.4086283503364994
23, 22, 0.7197034584533205
1, 24, 0.4780963076150321
61, 13, -0.7005944811801345
73, 7, -0.1516720276881116
30, 21, -0.08061138346964766
2, 24, 0.3450012774617287
15, 23, 0.4924178549540419
45, 18, 0.2489222435631213
80, 0, 0.1290027016498286
68, 10, -0.4981585816449233
77, 4, -0.3119402656100829
66, 11, -0.07133169311547954
49, 17, -0.5308376221717328
36, 20, 0.03486656705533345
3, 24, -0.1444927552633342
78, 3, 0.1458717981145153
70, 9, -0.2230330684629139
24, 22, 0.4067697251398968
76, 5, 0.249244130871222
41, 19, -1.346859396499565
79, 2, 0.04546798238609482
16, 23, 1.11049554198303
4, 24, 0.0823378863094924
64, 12, 0.01832360993004697
56, 15, 0.8224857949096309
59, 14, 0.02603951734321572
31, 21, 0.01404091942080641
72, 8, -0.9694476700301611
75, 6, 0.08513337716209905
53, 16, 0.105052660978695
5, 24, 1.024940420462677
80, 1, 0.735405970953198
25, 22, -1.933285106143716
17, 23, -1.770624856839194
46, 18, 0.2207214769033583
62, 13, -1.374082224643615
37, 20, 1.303709598721759
6, 24, 0.0382439507593486
50, 17, -0.3377463832862807
74, 7, 0.8852300671885693
42, 19, -0.63088021923825
32, 21, 0.4027396861654392
69, 10, 0.05494658894491669
7, 24, 1.209117007283895
67, 11, -0.1428986783916347
18, 23, -0.3364747766424162
81, 0, 0.9438180645378386
71, 9, -0.2254675290677879
78, 4, 0.8834325416425013
26, 22, -0.8470317736412426
79, 3, -0.2664229835727541
57, 15, 0.04548657335480402
77, 5, 0.09789049385650624
65, 12, -0.1241611984616157
8, 24, 0.3123527147218676
60, 14, -0.5855396842478637
54, 16, -0.2395945789969864
80, 2, -0.3973479397605205
38, 20, 0.3323316653379603
73, 8, -0.236307086447502
19, 23, -0.01164725441192895
47, 18, 0.5118064560560931
76, 6, 0.2195914925853651
9, 24, 0.01514200562664219
33, 21, 0.03530498642582307
43, 19, 0.01733727692886722
63, 13, -0.7507715546286382
51, 17, -0.004053420310561901
27, 22, -0.7007128785080028
81, 1, -0.139328212875869
10, 24, -0.2966288565308109
20, 23, -0.3276051024593195
75, 7, -0.2943889144633756
70, 10, 0.2116845933678275
39, 20, 0.4098638460481416
68, 11, 1.543103323343618
58, 15, 0.2364645360736036
-12, 25, -0.1487097735721956
55, 16, 0.2733924339660779
34, 21, -0.3865593582419556
11, 24, -0.3422269344337296
-11, 25, -0.2585624596891247
72, 9, -0.9269470006881705
82, 0, 0.6660598961787266
28, 22, 0.08305766062029556
-10, 25, 2.197711091203781
-9, 25, -1.078351221960555
61, 14, 0.4944705687960487
66, 12, 0.02706040477462323
48, 18, -0.01582213440006242
79, 4, -0.4721469012706078
80, 3, 0.2813234747172101
-8, 25, 0.21997484158355
44, 19, -0.4298015134719965
21, 23, 0.3138287241867514
78, 5, -0.09816390531811306
-7, 25, 0.7672389656734441
-6, 25, -1.318661104975222
81, 2, 1.078433120932405
52, 17, -1.434571402926245
12, 24, 0.06601850001001487
74, 8, 0.3710285844300986
-5, 25, -0.6556312549862867
77, 6, 0.4988400205338275
64, 13, -0.4326435396546846
-4, 25, 0.1038078915131698
40, 20, -0.6335387430403761
29, 22, -0.961751678798848
22, 23, 0.1502819179857622
-3, 25, -0.01009340853003509
35, 21, 0.4044414303527298
13, 24, -0.07855528797864278
82, 1, -0.004714040278392526
-2, 25, 1.121918876931203
59, 15, -0.4502546964135773
76, 7, 0.2365221732546191
49, 18, -0.1780079736498838
56, 16, -1.549203863346919
71, 10, -0.5747975672330629
69, 11, 0.6867288060751009
45, 19, 0.5123516657020001
-1, 25, 0.6136037455988023
62, 14, -0.09880082866966874
14, 24, -0.6586325084446284
0, 25, -0.80843107203137
73, 9, -0.03894974029488257
67, 12, 0.009228649155129606
23, 23, 0.9870212246459003
30, 22, 0.2566447181004903
83, 0, 0.8341417632496144
53, 17, -0.04903095926805403
80, 4, 0.1130456962773656
1, 25, 1.314654754927662
41, 20, 1.42940128805712
81, 3, 0.1485814869084414
36, 21, -0.1309308277334647
79, 5, -1.066525647725117
15, 24, 0.07566394626060856
75, 8, -0.07189729579559939
65, 13, -0.9889700106615542
2, 25, -0.001693611039948706
82, 2, 0.4891643812095424
24, 23, 0.7882254974202975
78, 6, 0.01886058206403583
3, 25, -0.5365409498030939
46, 19, 1.640799147251697
50, 18, -0.2283543155192684
31, 22, -0.7514598403984281
60, 15, 0.01344553426310717
16, 24, 0.7835707904105859
57, 16, -0.4258340565162984
83, 1, -0.09706844873407285
4, 25, -0.2970705318425452
37, 21, -0.4169344270365636
70, 11, -0.05613699963279863
72, 10, 0.4276731693829477
42, 20, 0.1836307456586233
77, 7, -0.172094334514741
63, 14, 0.1642241861516704
54, 17, 0.1583563507509282
25, 23, -0.5225252484222606
68, 12, 0.4124099613005666
5, 25, 0.1169851675862542
17, 24, -0.9679423180070613
74, 9, 0.9715410432801758
32, 22, -0.08024845520679406
84, 0, 0.03522252544953645
6, 25, 0.72230514259027
81, 4, -0.590897452652049
82, 3, -0.257402420841138
66, 13, -0.1176800979575871
47, 19, -0.04532330956270861
80, 5, -0.6861262861615139
51, 18, 0.1165335635446222
76, 8, 0.3596739808145151
18, 24, -0.1085924657575885
38, 21, 0.9877224372274327
26, 23, -1.247943416865809
83, 2, -1.159637958149743
7, 25, 1.116776245903907
58, 16, 1.171666570608671
43, 20, 1.272015766746904
79, 6, 0.5204394478292363
61, 15, -0.4148894051384477
8, 25, -0.9353482378687745
55, 17, -0.8013890773332932
33, 22, -0.1469953293550011
64, 14, -0.1000882092336797
84, 1, 0.4786840761468307
71, 11, 0.7106163207004432
19, 24, 0.8169911369103889
73, 10, -0.4528415497966895
78, 7, 0.1760871706770376
27, 23, -0.7452058754871129
69, 12, 0.005127093355829899
9, 25, 0.5406556130824858
48, 19, 0.5163725372835762
75, 9, 0.03316836791411597
39, 21, -0.1066471867309492
52, 18, 0.3745997586702297
44, 20, -0.2239973056245265
20, 24, 0.2518977491668189
67, 13, 0.1673100917866162
85, 0, -0.07904091084998222
10, 25, -0.4880672433525831
82, 4, 0.5958941081497271
34, 22, -0.5666608069409196
83, 3, -0.1753158034638856
81, 5, 0.07343866946541971
59, 16, -0.1270428899424535
28, 23, -0.4194675636726948
77, 8, -0.3835649950739783
62, 15, 0.142216529519253
56, 17, -0.0915639465677833
-13, 26, -3.859802663349932e-13
84, 2, 0.27492044100999
-12, 26, 0.2455579155520583
11, 25, -0.09342746910260809
-11, 26, -0.1373615151576303
-10, 26, 0.7078195804502526
80, 6, -0.5025795863683926
21, 24, -0.004859393808767385
-9, 26, -0.6695575270355025
65, 14, 1.303656672251085
40, 21, -1.24979382821858
-8, 26, -0.4522903469133343
49, 19, 1.322627832401126
-7, 26, 1.034773661684768
72, 11, -0.09697226497119021
74, 10, 0.5670043482233358
-6, 26, 0.4919922091881379
12, 25, -1.237707396646353
35, 22, -1.239308470607617
85, 1, -0.3863623894088581
70, 12, 0.2249079171988978
45, 20, 0.5981432305907938
53, 18, 0.5372296712984941
29, 23, -0.2978187982440179
-5, 26, 0.9637709973665609
79, 7, 1.429711123798472
22, 24, 0.07388887062454784
-4, 26, 0.05968975518986606
76, 9, -0.3102958895391769
68, 13, 0.11153673929366
-3, 26, 0.8187254174400693
13, 25, 1.118212492427907
60, 16, -0.3625417736072289
-2, 26, -0.4403500773248003
63, 15, -0.1466271239806726
41, 21, -0.1137359269961672
86, 0, 0.435200231376395
83, 4, -0.4153264567357586
57, 17, 0.3760075077832828
84, 3, 0.07077718804421287
82, 5, 0.03896268308346024
30, 23, 0.09308060837736531
-1, 26, 0.1674389864670904
78, 8, 0.5686871915676111
36, 22, -0.0435197969987027
23, 24, 1.637483844707393
14, 25, 0.7716607925429992
50, 19, -0.1271810608620813
66, 14, -0.02024007651361797
46, 20, -0.002382431908006286
0, 26, -0.2399844727447255
85, 2, -0.3393961436429682
81, 6, -0.06477909648077831
54, 18, 0.05677724665447739
73, 11, 0.5439266273964245
1, 26, 0.3294850295420644
75, 10, -0.2987299298347831
15, 25, 0.0089521700910915
71, 12, 1.224501097909499
24, 24, 0.1372202251005773
2, 26, -0.3603391175806763
86, 1, -0.1203482294771566
31, 23, 1.082871898482146
42, 21, 0.03729755244076895
80, 7, -0.9845782320826706
37, 22, -0.4807988606250191
77, 9, 0.4716839580566305
61, 16, -0.4625780733540573
69, 13, -0.1647099684801385
3, 26, 0.2708347303547733
58, 17, -0.4161681981611152
64, 15, 1.089229171878217
16, 25, -0.3275030327696041
51, 19, 0.4389433052670735
47, 20, 0.9124699044987714
4, 26, 0.5137055540089974
25, 24, -1.037882703186882
84, 4, 0.03638946773391075
87, 0, -0.105769952974289
79, 8, 0.870404366402434
85, 3, 0.2845602887854239
83, 5, -0.01997858643141694
55, 18, -0.3758583253503511
32, 23, 0.09317436976056929
67, 14, 0.1109849707002653
17, 25, -0.2238917128300065
5, 26, 0.1434157434948231
43, 21, 1.273619694807609
38, 22, -0.6945630070811226
86, 2, 0.2293275400147962
82, 6, -0.3131814192291292
74, 11, -0.5624331550149084
6, 26, 0.505136603795127
72, 12, 0.0405079450735876
76, 10, -0.2117305555540938
26, 24, 0.1023891624067345
18, 25, 1.189845326007198
62, 16, 0.3658594870846644
59, 17, -0.5508834003621015
52, 19, -0.3309020366377571
48, 20, 0.005194730076581562
7, 26, 0.2208860763002404
87, 1, -0.2535007625688537
81, 7, 0.1509791814098742
33, 23, -0.3824958825343638
70, 13, 0.4271655889364139
65, 15, 1.28121224809866
78, 9, -0.006069500641691657
39, 22, 0.229387109846784
8, 26, -0.4864962234312528
56, 18, 0.616129239631562
44, 21, -0.2406277355669408
19, 25, 0.3317574135692657
27, 24, -0.03546918648716104
68, 14, -0.8870378934274651
85, 4, 0.3847628489451307
88, 0, -0.1443280394178863
80, 8, -0.8526117557462009
84, 5, -0.4197405785327221
9, 26, 0.5000513667427673
86, 3, 0.4877284539877537
34, 23, -0.2814523989991813
20, 25, -1.037144154216128
75, 11, -0.5694310603751068
49, 20, 0.6003662760429085
83, 6, 0.8405699490202914
87, 2, 0.2874466737111476
53, 19, -0.2677051445303661
73, 12, 0.3662910002637476
28, 24, 0.3223198191339629
63, 16, -0.3924279670495808
10, 26, -0.3340982946657032
77, 10, 0.2647998812111028
60, 17, -0.1949450309857595
40, 22, 0.1271227518362523
66, 15, 0.01963911314046549
45, 21, -0.007629257772477182
71, 13, 1.298288456346026
82, 7, -0.6183804929869809
-13, 27, 0.14941912608659
57, 18, 0.006250163473295732
-12, 27, 0.04415933951848452
21, 25, -0.2058141754952498
88, 1, 0.407911736957551
79, 9, -0.4161630551982054
11, 26, -0.3995222744270349
-11, 27, -0.4324175103647916
35, 23, -0.4135387817767858
-10, 27, 0.4598340161034448
-9, 27, -0.4253699556896258
-8, 27, 0.9105615273844975
29, 24, 0.6102718293662809
-7, 27, 1.457427871491196
69, 14, 0.8071027337590346
12, 26, -0.4834326183524665
-6, 27, 0.1020361934369845
50, 20, 0.2862817789257867
41, 22, 0.895664291187468
22, 25, -0.2980008337156916
-5, 27, 0.1875340289975173
81, 8, -0.5463935105745302
54, 19, 0.1031160719235516
86, 4, 0.0194272086176322
89, 0, -0.8719153678056575
85, 5, 0.5251575118135339
-4, 27, 0.732165911453948
87, 3, 0.2165186577177325
46, 21, 0.3211665337035841
64, 16, 0.004122138489878702
61, 17, -1.209914758979343
76, 11, 0.04484419870806262
36, 23, 0.1030678145350003
13, 26, -0.7824527840125458
-3, 27, 0.03253944936082602
74, 12, 0.01357107006520319
84, 6, 0.04938276855863744
30, 24, -0.05782794145528215
88, 2, -0.005218031401405919
78, 10, 0.2128958506493821
-2, 27, 0.9731503959052061
67, 15, -0.886000841370262
58, 18, 0.5610777506563082
72, 13, 0.05831368318326657
23, 25, -0.5399543131903887
-1, 27, -0.2827433821739553
14, 26, 0.005412751860458379
83, 7, 0.3487247873191901
80, 9, -0.2431976992680932
42, 22, -0.455724658045397
0, 27, 0.1064684923837652
89, 1, 1.139529639079709
51, 20, -1.189274013216001
70, 14, 0.2941391687841115
37, 23, -1.62748991003103
55, 19, -0.09117685504329696
31, 24, 0.168243338127629
1, 27, 0.2531507318043315
47, 21, 0.1478038980591937
24, 25, 0.6756759733531923
15, 26, -0.1434997756552178
62, 17, 1.176239170867408
2, 27, -1.375993306087308
65, 16, 1.202901024423484
82, 8, 0.1690753214763425
87, 4, -0.769383524870871
90, 0, 1.107145310370878
86, 5, -0.2149306645884261
88, 3, -0.300463890825636
77, 11, -0.02651032210712136
59, 18, -0.01275331035254853
16, 26, 0.5799500802337965
75, 12, 0.1450437857029992
3, 27, -0.05925509304224643
68, 15, 0.4912334608671288
43, 22, -0.6494174624728173
25, 25, -2.021159914822268
32, 24, -0.5906936051036941
85, 6, 1.15853602959999
79, 10, -0.610276930096261
73, 13, 0.4042285579167235
38, 23, 0.2490455986430174
89, 2, 0.5355531278262162
4, 27, 0.5245516044966883
52, 20, -0.06709431120817459
48, 21, 0.006929951870971493
17, 26, 0.1206409864524889
56, 19, 0.08345854076898949
5, 27, 0.5971969839587872
81, 9, -0.931330954402949
84, 7, 0.01234983428062216
71, 14, 0.749944490607364
90, 1, 0.7421193591648902
26, 25, -1.174899376064673
33, 24, -0.05439564782885509
6, 27, 0.04714744560854742
63, 17, 0.700743013182682
66, 16, -0.365121681380162
44, 22, -0.05638203686216314
18, 26, -0.3010272891825954
39, 23, 0.753174325122331
60, 18, 0.03389541929485732
83, 8, 0.8678215764935685
7, 27, 0.8409236918710065
53, 20, -0.2147251344386058
69, 15, -0.194457557736038
88, 4, -0.217650898629602
76, 12, 0.1588675058753081
78, 11, 0.4202097125941385
87, 5, -0.3058699403073499
27, 25, -0.9884865444148502
91, 0, -0.4174581835768034
49, 21, -0.01553187961326872
89, 3, 0.6264439216744766
19, 26, -0.3719958380525343
74, 13, -1.125231203844814
8, 27, -0.8471301886076161
80, 10, -1.066067991828836
57, 19, 0.06801209057477482
86, 6, -1.130464964763943
34, 24, 1.143993258332128
90, 2, -0.1692483872156355
45, 22, 0.1360725713819707
40, 23, -0.004378277389570509
9, 27, 0.3000716396529818
72, 14, -0.1988615540963912
82, 9, 0.5872510780445206
20, 26, -0.5688061566712093
85, 7, -0.02920394392166066
28, 25, 0.1516953873081499
64, 17, -1.186556803947882
67, 16, -0.6744962941923592
91, 1, 0.7162429951625106
61, 18, 1.077310409237203
10, 27, 0.6038592423157713
54, 20, 0.7227634171677411
50, 21, 0.4781949867373207
35, 24, 0.5200949282672138
21, 26, -1.048686711755096
70, 15, 0.7830224058693853
-14, 28, -1.110216243113199e-12
-13, 28, -0.1698077780624536
84, 8, 0.336264841348635
-12, 28, -0.3767528993830649
77, 12, 0.4477659492459911
58, 19, -0.2989621095840245
11, 27, -0.5167507198454919
-11, 28, -0.330643031643386
79, 11, 1.405309625436536
29, 25, -1.350241360146816
41, 23, -0.2265670567786736
-10, 28, -0.5169109169198346
46, 22, 0.4079196259682559
89, 4, -0.2751718733540917
-9, 28, -0.4945030124627439
88, 5, -0.3258593386958874
75, 13, 0.105669222557971
92, 0, 0.5895447229627011
-8, 28, -0.014388401462597
90, 3, 0.1791812974846582
81, 10, -0.2605315807538818
-7, 28, 0.4718530372499388
87, 6, -0.01742358176649697
12, 27, 0.04305483215581644
22, 26, -0.1584323997795429
-6, 28, -0.05086624383065726
36, 24, 0.08347592026897176
91, 2, -1.034499193294033
73, 14, -0.3233539583726285
65, 17, -1.142128569305231
-5, 28, 0.9251301564908254
51, 21, 0.1211371715637219
62, 18, 0.3261317516840899
55, 20, -0.2389289169700263
30, 25, -0.1622460006759622
83, 9, -0.9368838887888893
68, 16, -0.6053761337540029
-4, 28, 0.5844099119226266
86, 7, 0.3919543617638326
13, 27, 0.5592697939655744
42, 23, -0.4860707768064778
-3, 28, 0.09180597939206445
23, 26, -0.4990127657725778
92, 1, -0.5665711200244216
47, 22, 0.7479361746502794
-2, 28, -0.285406589114349
59, 19, 0.6925253151320445
71, 15, -0.9908733111395056
37, 24, -0.3050054291912718
14, 27, -0.2719905075921002
-1, 28, -0.5812421995430397
78, 12, -0.1044209970863186
85, 8, -0.4861098733647735
80, 11, 0.4752585581003434
31, 25, 0.08596521013883004
76, 13, 0.6831285671356568
0, 28, -0.1004410057999146
90, 4, -0.4610212238804043
24, 26, 0.000490049348675316
89, 5, -1.020951842527233
82, 10, -0.06558139181014289
52, 21, 1.009678317795484
93, 0, -0.150610159789209
15, 27, 0.01418979757851747
91, 3, -0.9492171236292605
1, 28, -0.8071231903477504
56, 20, 0.5792237048106312
66, 17, -0.3054106109520917
43, 23, 0.3592066010527178
63, 18, -1.488292310377104
88, 6, 0.2774791794354183
74, 14, -0.3418481597951384
69, 16, -0.1077233239474687
48, 22, -0.03244025051321683
2, 28, 0.06793948345782162
92, 2, 0.1580627045189988
38, 24, 0.5184914686912281
32, 25, 1.726088262318687
84, 9, 0.1773716706783172
16, 27, -0.1822887293092114
60, 19, -0.01711062900196144
25, 26, -0.02458689199291098
87, 7, -1.079531852082898
3, 28, -0.9250597105710801
72, 15, -0.07238472107459959
4, 28, 0.2793345146715946
93, 1, 0.1987229643368403
44, 23, 0.03120327659732117
17, 27, 0.06044424708019003
79, 12, 1.370990564631939
53, 21, -1.414839376069124
81, 11, 1.308142770082181
86, 8, -0.6446315214246048
26, 26, 0.03082298175207796
77, 13, 0.2207494352000162
57, 20, -0.3874835386926873
33, 25, -0.07346272798268259
5, 28, 0.1157039596247697
39, 24, -0.04268123421334633
49, 22, 0.2076578157322108
67, 17, -0.2308108990559442
64, 18, -0.2517978216134103
83, 10, -0.3080480644041635
91, 4, -0.5890664070271703
90, 5, -1.542278693233363
6, 28, -0.01749642287439408
18, 27, 0.7527623765905589
75, 14, 0.1172302086903406
94, 0, 0.2996255424286371
70, 16, 0.07178103061960495
92, 3, -1.24341571821163
89, 6, 1.228356206933491
61, 19, -1.199950156967543
27, 26, -0.315198871608127
7, 28, -0.1897069089185853
93, 2, 1.164453677202529
45, 23, -1.171296435761994
85, 9, 1.366888176064293
34, 25, 1.499259166495829
19, 27, -0.161259482255551
40, 24, 0.9411168259719307
88, 7, 0.01421548166666208
73, 15, -0.01349873788511495
54, 21, -0.07887965255048021
8, 28, 0.05987350749763747
58, 20, 0.6903572038882069
50, 22, 0.7405332587293715
94, 1, -0.5245806665992029
80, 12, -0.02734543096956532
28, 26, 0.4308191003614791
82, 11, -0.2234882026421031
78, 13, -0.4801010987810764
9, 28, 0.1877630796712044
68, 17, -0.002525664784481442
65, 18, 0.7394273443224714
20, 27, 0.7706186409564471
87, 8, 0.5507397413241291
35, 25, 0.2622517695964011
71, 16, -0.1204980719447913
62, 19, -0.09002597199304356
46, 23, 0.6242759409831768
84, 10, 0.7096704416769896
76, 14, -0.6466571411891701
41, 24, 0.2131178162327767
10, 28, 0.4850114698745148
92, 4, -0.7397569559765064
91, 5, -1.897985687132191
95, 0, 1.32622259021523
93, 3, 0.1509062947686842
21, 27, -0.02588100106651041
55, 21, 0.4894745470971078
29, 26, -0.3467730315236492
90, 6, -0.02446384081951604
-14, 29, -0.6422433098164857
-13, 29, -0.4103116619069573
51, 22, -0.8941885965915382
-12, 29, 0.5554781592161926
11, 28, -0.06809824009894382
-11, 29, -0.3355600362221678
86, 9, -0.4670997845062493
74, 15, 0.5441412197033324
59, 20, -0.693536036925383
-10, 29, -0.8149802370009023
94, 2, 0.2920468105113289
36, 25, 0.5088692596349668
-9, 29, -0.8595812753939299
89, 7, -0.24164883776444
-8, 29, 0.279874846996262
22, 27, 0.08895684745998458
-7, 29, -0.2804929589765582
12, 28, -0.2363306640422031
66, 18, -0.006634460813138269
42, 24, -0.01285416621218482
47, 23, -0.4666276639978356
69, 17, -0.7497509545804539
-6, 29, 0.6812701420390594
30, 26, -0.4700932753021337
81, 12, -0.04069674426715056
79, 13, 1.129761378458023
95, 1, -0.6428909597111253
-5, 29, 0.5173724850333111
83, 11, -0.2104330607866982
63, 19, 0.4186298200820254
-4, 29, 0.7973216649688123
88, 8, -0.4004556944734192
72, 16, 0.3821422169411673
13, 28, -1.025399811954269
77, 14, -0.1342315749673011
56, 21, 0.07848478384150137
37, 25, -0.2195253903346599
23, 27, -1.30484205460186
52, 22, 0.3439942575177944
-3, 29, 0.5740218229384999
85, 10, 0.5369102523804502
93, 4, 0.626092355751369
-2, 29, -0.6006014276747366
92, 5, -0.9967508005837297
60, 20, -0.09188878305401545
31, 26, 0.8082784643925182
14, 28, 0.2327168761507943
96, 0, 0.13368543859266
94, 3, 0.5484577668592205
43, 24, -0.6009512795215455
91, 6, 0.07755492555542015
-1, 29, 0.06684495326798581
75, 15, 0.2499022086167509
48, 23, 0.1288806027609874
87, 9, 0.02957435431751236
24, 27, -0.03859934675583102
0, 29, 0.3016149559157499
95, 2, 1.220067797280679
67, 18, -0.7992061801680684
90, 7, 1.033235693860924
70, 17, -1.027035112568268
38, 25, -1.052326862122012
15, 28, -1.02760722593188
1, 29, 0.8847383519083325
64, 19, 0.824789546345059
82, 12, -0.5403398444101509
32, 26, 0.4304813261048588
57, 21, -0.148749906331565
80, 13, 0.6696130937481245
53, 22, 0.07803179313705373
84, 11, -0.228683602448765
73, 16, 0.6376166094812324
2, 29, -0.2918860044023061
25, 27, 0.8912307907003685
96, 1, -0.5332652711026966
44, 24, -0.0337929552806359
16, 28, 0.1972329972203832
78, 14, -0.3477654615524489
89, 8, 0.05718671397645325
61, 20, -0.1566147692002889
49, 23, -0.5654372745949051
3, 29, -0.648449271481395
86, 10, -0.3283709345572673
39, 25, 0.1510431477316636
33, 26, -0.01557546557440936
4, 29, -0.05019119749077226
94, 4, -0.2119726285474278
93, 5, -0.1612486730144673
17, 28, -0.6353902956360591
76, 15, 0.2032148555311764
26, 27, 0.218330120868439
97, 0, -1.024137732580602
95, 3, -0.4000521611415137
92, 6, -0.3506848081285598
68, 18, 0.1946220838616964
5, 29, -0.9884693150920809
88, 9, 0.230317346294351
71, 17, 0.02802857110537842
54, 22, 0.4733261188575456
65, 19, 0.5949674292379331
58, 21, 0.221626060235713
45, 24, 0.01380367101587739
96, 2, 0.4711836032544797
18, 28, -0.2641147322177306
91, 7, -0.09355682799414747
6, 29, 0.4921842443369381
83, 12, -0.1264471923046063
50, 23, -0.2532487351807006
81, 13, 0.02973678039848778
40, 25, -1.506088416887517
74, 16, -0.5123423519356762
34, 26, -0.5477383897861576
27, 27, 0.266182061078808
62, 20, -0.04951386922695603
85, 11, -0.1230616043118348
79, 14, -0.3532448388407509
7, 29, 0.2953320326532156
97, 1, 0.7240322347177616
19, 28, -0.6421527973158223
90, 8, -1.04885215372542
87, 10, -0.4853516717260323
8, 29, 0.4252255600935958
46, 24, -0.1175344732580921
77, 15, -0.2460445850586692
55, 22, -0.03585250137130998
28, 27, -0.1775496695642816
69, 18, 0.03830174779415999
59, 21, -0.7890079275192873
35, 26, -0.7776670058558757
95, 4, -0.307433688083096
94, 5, -0.05558300899245668
66, 19, 0.1603214638028671
41, 25, 0.1959675566368757
20, 28, 0.1657952315234911
72, 17, -0.5872978757835667
51, 23, 1.669498462217894
9, 29, 2.105846336054755
96, 3, -0.006790085339892596
93, 6, 0.0398073804521234
98, 0, -0.5203698447153131
89, 9, -0.2351997232170414
63, 20, -0.8843553427861132
75, 16, -0.8277609266534298
10, 29, -0.7614793406162125
29, 27, 0.02377377567519941
97, 2, -0.4015859811545585
92, 7, 0.1803494574021254
84, 12, 0.01505472006824583
82, 13, -0.4303934434616821
21, 28, 0.5386666544215231
36, 26, 0.07981107251710348
86, 11, -0.3895077379914309
47, 24, 0.1109989816068438
-15, 30, 1.597802401818343e-12
80, 14, 0.586811351282664
-14, 30, 0.8073838398796263
-13, 30, -1.258335535164299
-12, 30, -0.1110697674100757
42, 25, -0.4155991730127804
11, 29, -0.6323164731968552
-11, 30, -0.6025382953898277
56, 22, 0.2555622735712065
-10, 30, -0.4892116745609986
60, 21, -0.1242106442584986
-9, 30, -0.1296574184582263
98, 1, 0.06924955780203816
91, 8, 0.2548293809415765
52, 23, -0.3362238491778042
88, 10, 0.1212651769503072
70, 18, -0.2085406236736366
22, 28, -0.1043370100697614
-8, 30, 0.1773040636291603
78, 15, 0.07385038881513646
30, 27, 0.05357146932353596
67, 19, -0.5197199279531862
-7, 30, 0.1388009677350202
12, 29, -0.2389574519589323
73, 17, 0.5532276903359937
-6, 30, 0.03313484256193906
37, 26, 0.3459981253602269
95, 5, -1.123596646771252
-5, 30, -0.9289923893887081
96, 4, -0.4485803086747745
64, 20, 0.4927540025527661
48, 24, 0.08678970929228019
94, 6, -0.2615909639584699
-4, 30, 0.279886598456116
23, 28, 1.23389922661811
13, 29, 0.4108492231339605
97, 3, 1.232731496824786
43, 25, 1.221459575893782
99, 0, -0.138653353712707
90, 9, -0.8190887912176015
76, 16, -0.5552326402770162
31, 27, -0.4878835041275518
-3, 30, -0.08077442615182055
83, 13, -1.311455146282478
57, 22, 1.345016799843551
85, 12, 0.4245346706530913
93, 7, -0.3779453883706743
98, 2, -0.2657349199138472
-2, 30, 0.09017800620279365
53, 23, 0.618404551706364
81, 14, 0.8143503039155974
61, 21, 0.7722969406472995
14, 29, -0.7137597535011105
87, 11, -0.3671846646321454
38, 26, 0.2023574146134175
-1, 30, -0.1135927890532708
24, 28, 0.6954936073166729
71, 18, 0.01124741734729322
68, 19, 0.9561484095314804
0, 30, 0.06064152515676004
79, 15, -0.5632963328124148
92, 8, 0.1197444797865254
32, 27, 1.105028293868916
99, 1, 0.2234508694333319
89, 10, -0.114494298792339
44, 25, -0.5321990466660663
15, 29, 0.2950183964869034
74, 17, -0.7066793572058795
49, 24, 0.7414036325770329
65, 20, -1.223792969667109
1, 30, -0.5582699189389267
25, 28, 0.3301195086115331
58, 22, 0.647331238723893
2, 30, 0.1120554562046713
96, 5, -0.162647144469118
39, 26, -0.9893585313498477
16, 29, -0.08902732713258055
97, 4, 0.8259708517778971
77, 16, -0.09325157016211663
54, 23, -0.05372849065838526
95, 6, 0.7653932920719981
91, 9, 1.030577180673983
98, 3, -0.4567000073321243
62, 21, 0.6221652914970555
33, 27, -0.06221234729644302
3, 30, 0.03981098958399345
100, 0, -1.207232562293032
84, 13, -0.2156366811426902
86, 12, 0.2487041109208744
45, 25, 0.1044211925264195
82, 14, -0.410956981514659
26, 28, -0.4997517960025389
94, 7, -0.3928090006848837
17, 29, -0.0993408240069824
50, 24, -0.05582280686385425
4, 30, -0.2131035247738971
99, 2, 0.8093680156081263
88, 11, 0.1335090353227514
69, 19, 0.7680298825917702
72, 18, 0.03537760243800702
80, 15, 0.05487701721427816
5, 30, 0.246592108271367
66, 20, -0.02026266795059401
40, 26, 0.1730505577244307
75, 17, -1.44680545330729
34, 27, 0.7971417428801401
93, 8, -0.1225948172368265
18, 29, 0.2492748903189047
90, 10, -1.071109911951655
59, 22, -0.532312670602388
55, 23, 0.5269037108875028
27, 28, -0.5821316257370363
100, 1, -0.910538419704268
6, 30, -0.005912294575199682
46, 25, 0.3436618543292834
63, 21, 0.005409656067827636
78, 16, -0.2876841526341209
7, 30, -0.2205120249609618
51, 24, -0.04567212494772367
19, 29, 0.8731415348247423
97, 5, 0.4952674132685118
98, 4, -0.6381890258578959
92, 9, 0.2454803477999881
41, 26, -0.1056447496829598
96, 6, 0.03467602603660676
85, 13, -1.173158663328581
35, 27, 1.283639811805421
28, 28, -0.2511127315052328
99, 3, 0.004205289156006648
87, 12, -0.02866628012495809
101, 0, 0.3430588997836753
70, 19, 0.458977033916687
8, 30, -0.4876283448189598
83, 14, 0.6518366008606364
73, 18, -1.584707543163857
95, 7, -2.010000536933862
67, 20, 1.794808991104366
89, 11, -0.8510182342101116
20, 29, 0.810592401544639
56, 23, 0.3343116630012254
100, 2, 0.7983762087169796
60, 22, -0.7500051382238263
76, 17, 0.5897694066534691
81, 15, -0.1183198181831249
9, 30, 0.1502030635796351
47, 25, 0.8305836797102143
29, 28, 0.01470152984079009
36, 27, -0.5674687309213012
52, 24, -0.05402530536558797
91, 10, 0.4093102780290213
64, 21, 0.165659712930021
94, 8, 0.1293315696385023
42, 26, -0.1974616140817446
10, 30, 0.3451079404276154
21, 29, 0.4217109561795542
101, 1, -0.1828514154827312
79, 16, -0.0616421066252618
-15, 31, 0.8059316868662245
-14, 31, 0.4828255855950129
-13, 31, -0.7868736058788096
-12, 31, 0.3872781123178606
-11, 31, -0.4708083241526451
11, 30, -0.5511030527682442
-10, 31, 0.002117722449292531
71, 19, -0.07098767818185824
30, 28, -0.6369511436702785
98, 5, 0.1539719978072687
74, 18, -0.2226289847594388
-9, 31, 0.06268171527931621
99, 4, -0.006123594248381149
86, 13, 0.2394278301032672
22, 29, 0.1620523342179317
93, 9, -0.1343320905780001
57, 23, 0.9591189605617738
48, 25, -0.3561374318596499
88, 12, -0.1880306012107244
68, 20, 0.2880514107803875
97, 6, 0.8229696189315147
61, 22, -0.2523393955856278
37, 27, -0.6976746860827135
-8, 31, -0.2205965657139404
84, 14, 0.1427915271539901
100, 3, -1.150696598468396
43, 26, -0.8995640289485146
-7, 31, -0.3189542309185348
102, 0, 0.003994635879316818
12, 30, 0.02466635193371391
77, 17, -0.3604947419812479
53, 24, 0.3303778854882646
-6, 31, -0.8965966239988542
90, 11, -0.2792883104903968
96, 7, -0.7666391589161866
82, 15, -0.1166771647977818
-5, 31, -1.204575017775817
65, 21, 0.03442070839043101
101, 2, 0.5034715371887609
23, 29, -0.4534303093331786
31, 28, -1.711863913307033
13, 30, -0.3016907078639806
-4, 31, -1.531408078593238
92, 10, -0.04808091458038639
-3, 31, 0.3111699612093404
95, 8, 0.5602887811881088
38, 27, -0.9126441761704868
80, 16, 0.07661514161778306
49, 25, -0.2202969362975071
-2, 31, 0.547942541344172
44, 26, 0.2995843937395918
14, 30, -0.295952118209329
102, 1, 0.03437487987635249
58, 23, -0.03491348812684422
72, 19, -0.2463038879426021
24, 29, 0.4999016045968648
62, 22, 0.5603987291570696
75, 18, -0.1494616791285748
69, 20, 0.6949259235932272
-1, 31, 0.3979030749533116
32, 28, -0.3925755695594358
54, 24, -0.03022946454254135
87, 13, -0.4069759069041364
99, 5, -0.053282909244373
85, 14, 0.02764470867985239
0, 31, 0.4294818653484426
94, 9, 0.4388322087666003
89, 12, 1.104074863646799
15, 30, 0.1977175007799859
100, 4, -0.1723189437243856
98, 6, 0.1567415575612258
78, 17, -0.4051070690979268
66, 21, -0.08562432279010085
39, 27, 0.0774117569581544
25, 29, 0.6645884223409881
101, 3, 0.3509390718041469
1, 31, -0.462301120915539
103, 0, -0.5717405977393686
83, 15, 0.2411889164109322
91, 11, 0.3439733990757524
50, 25, -1.2783529636251
97, 7, -0.833857605880318
45, 26, -0.258081636138154
16, 30, 0.5826621172850226
33, 28, -0.4483702031684916
2, 31, 0.5632204636979642
102, 2, 0.1674580798843034
59, 23, 0.2144004305373141
81, 16, 0.9917343697696387
3, 31, -1.098969641024184
93, 10, 0.7056060966143585
63, 22, 1.604801063510847
55, 24, 0.2512301115776307
26, 29, -0.1615962883994945
73, 19, -0.4370969535299825
96, 8, 0.028737503060271
40, 27, -0.6050875370612194
17, 30, -0.4040992144384742
70, 20, -1.71166290346881
76, 18, 0.7048584966101078
4, 31, -0.3510615856212222
103, 1, -0.8381896379431683
34, 28, -0.1921083963302871
88, 13, 0.1683457497289732
67, 21, -0.07507496125658238
46, 26, -0.3133181106949962
51, 25, 0.5337974421004864
5, 31, 0.3898646549127571
86, 14, -0.5173678990976888
79, 17, -0.8146262573566392
27, 29, -0.1843418481618894
90, 12, 0.01509746388394565
18, 30, -0.0004524322679414714
95, 9, 0.7171343568064071
100, 5, 0.3385583213513922
101, 4, 0.09182493391796237
99, 6, 0.03072381243759759
84, 15, -0.05173809778426489
6, 31, 0.317783993857978
60, 23, 1.028810173556936
92, 11, 1.235297852870042
41, 27, 1.644404803288311
102, 3, 0.1713505261639883
104, 0, -0.9714062190966184
56, 24, -0.03614197792699128