d = 43, symClass = C, D = 11.835938, Y = 0.0877399755737195
[11.24458504569929, 11.24458504571157], 11.24458504570543
1, 0, 1
2, 0, 0.8006839326680188
3, 0, -0.569573195798735
0, 1, -0.07503062745581018
1, 1, 0.1523626135716033
4, 0, -0.3589052399770139
2, 1, -0.6341799972586541
3, 1, -0.3468951000161586
5, 0, -1.070390794984273
4, 1, -0.7026809350784268
6, 0, -0.4560481063882945
5, 1, 0.00504658415810475
-1, 2, -1.348144153182005e-14
0, 2, -0.06007581786340936
1, 2, -0.6231335885861338
7, 0, 1.168389790605023
2, 2, 0.1219942966367666
6, 1, -0.6374338015183185
3, 2, -0.1527022699623498
8, 0, -1.088053591713837
7, 1, -0.3782079150512728
4, 2, -0.5077777342415819
5, 2, -0.6281319281901775
9, 0, -0.6755863746700286
8, 1, -0.5428224718543637
6, 2, -0.2777533328960112
-1, 3, 0.3510577618318328
0, 3, 0.04273543425112844
10, 0, -0.8570447112562242
9, 1, 0.4712260889769648
1, 3, -0.7247224688560732
7, 2, -0.2718082358061423
2, 3, 1.272827659428422
3, 3, -0.08678166072238438
11, 0, -1.695243523737171
10, 1, -0.7065027138514755
8, 2, -0.5626253345185899
4, 3, 0.01047214893380351
5, 3, 0.4423063696608994
11, 1, 1.529010647709875
9, 2, 1.5518743726938
12, 0, 0.2044228044414317
6, 3, 0.3612119277478403
10, 2, 0.004040718852302752
12, 1, 0.1441599233941594
13, 0, -1.371929752034649
7, 3, -0.4183584840654309
-2, 4, -6.043787931588976e-13
-1, 4, 1.181903318096826
0, 4, 0.02692888533710039
1, 4, -0.2357178273229852
11, 2, 0.818223171206626
8, 3, 0.7230573249914894
2, 4, -0.4989330523141158
13, 1, 0.9265210058673308
14, 0, 0.9355109324128726
3, 4, -0.04620047472187797
9, 3, 0.1975821507350334
4, 4, -0.0546837403613501
12, 2, -0.5103830030382375
14, 1, -0.7945768534168776
5, 4, -0.6013262096955918
15, 0, 0.609665905816187
10, 3, -0.792435323652165
6, 4, -0.1222662540316948
13, 2, 0.5982339277758497
15, 1, 1.194482429817494
11, 3, -0.609327289289766
7, 4, -0.6613828033238592
16, 0, -0.5122817888752322
14, 2, -0.3028250007803547
-2, 5, -0.2926217919007392
-1, 5, 0.2387930989306826
8, 4, 0.2276105240918145
0, 5, 0.08031209295757495
12, 3, 0.4002282257955592
1, 5, -1.24262511877704
16, 1, -0.39453024344223
17, 0, 0.05301866366671086
2, 5, 0.2486501258078275
9, 4, -1.786671847179688
15, 2, 0.5225729244382957
3, 5, 0.6282806125843505
13, 3, -0.02020580232457498
4, 5, 0.6353444712916194
10, 4, -0.502935142489376
17, 1, -0.3791624242307604
18, 0, -0.5409311553535201
5, 5, -0.1630875390606992
16, 2, -0.4346292314998634
14, 3, -1.031764630423511
11, 4, 0.3697127739691427
6, 5, 0.2642675910574571
18, 1, -0.03941154163787412
7, 5, 0.6128109063273381
19, 0, 0.8941195059369598
17, 2, 0.4491967717088106
12, 4, 0.1245024691319191
15, 3, -0.002874399068603735
8, 5, 0.2746157818184951
-3, 6, 4.92714058311132e-13
-2, 6, 0.2810863093354709
-1, 6, 0.0678759640097152
19, 1, 0.5078638311694227
0, 6, 0.03421757556342091
13, 4, -0.2918550668167258
20, 0, 0.3841688650665858
9, 5, 0.1214233411245544
1, 6, -0.180028571539416
16, 3, -0.3941531790763991
18, 2, 0.3773031581060816
2, 6, -0.5802736364671807
3, 6, 0.35492018942514
10, 5, 0.6788204314341115
14, 4, -0.2176324871962037
20, 1, -0.1133027015613109
4, 6, 1.019132655981516
17, 3, -0.5479896228046245
21, 0, -0.6654835069871161
19, 2, -0.4135914334814531
11, 5, 0.005777986260174731
5, 6, 0.006535283017812231
15, 4, 0.0764655894757765
6, 6, -0.0694846813711073
21, 1, 1.453880624890012
18, 3, 0.3630652074090676
12, 5, -0.7670579296869495
22, 0, -1.357354251449113
20, 2, -0.5656853713920603
7, 6, 0.2898172326883264
16, 4, 0.2521958696090721
8, 6, 0.008384881373130496
13, 5, 1.566765332364666
22, 1, -0.6664247163785153
19, 3, -0.7599329246325307
21, 2, 0.3020026684716195
-3, 7, 0.5892497184640885
23, 0, -0.1169983858164108
-2, 7, -0.6423291933635313
9, 6, 0.08697511993163028
17, 4, -0.004807014701314611
-1, 7, -0.00634483620259977
0, 7, -0.08766501910995486
14, 5, 0.3031418757881658
1, 7, -0.2133973603798516
10, 6, 0.354147603616482
2, 7, 0.4137906115504848
20, 3, -1.316746966372391
23, 1, 0.1505024600112955
3, 7, -0.4508714888158856
22, 2, 1.224254258535093
18, 4, 1.242560875780822
15, 5, 0.3713133218841158
24, 0, 0.6197261613152198
11, 6, 0.5318455375941228
4, 7, 0.4361914214602421
5, 7, -0.9529198095881454
21, 3, 0.2154170908650524
24, 1, 0.5509677474521605
16, 5, 0.7408522717420495
12, 6, 0.2892165868413993
19, 4, 0.0820389011233099
6, 7, 0.5067535992259452
23, 2, -0.02594058808771067
25, 0, 0.1457364539603298
7, 7, 0.1780189221703019
13, 6, 0.0298459243634207
22, 3, -0.8016745291138856
17, 5, -0.8245892233771839
20, 4, -0.001811245500186066
8, 7, -0.5302307156544989
25, 1, 0.01392972469800133
24, 2, 0.115426534415112
26, 0, -1.098482109246084
14, 6, -0.3349729162965653
9, 7, 1.175856779180519
-4, 8, 7.13235421427659e-14
-3, 8, -0.3412435654280924
18, 5, -0.5354857253623919
-2, 8, 0.9463309968081419
23, 3, -0.005989922081216262
-1, 8, -0.0004109633790440051
21, 4, -0.04328966022295784
0, 8, 0.08163734367167033
10, 7, -1.802244345085677
15, 6, 0.3577671097229073
1, 8, 0.1253460287707171
26, 1, 0.3621671177355465
25, 2, -0.2565177191032703
2, 8, -0.1887354769636131
27, 0, 0.9543690862259753
19, 5, -0.6587316320622985
11, 7, -1.668440480437091
3, 8, -1.725194834794685
24, 3, 0.3091771300699243
22, 4, 0.6551381465464957
16, 6, 0.578940382526609
4, 8, 0.2236459100793697
27, 1, 0.7131691260508711
12, 7, 0.759701359969542
5, 8, -0.2704869934412273
26, 2, 0.7418504826835254
20, 5, 0.7521432047064274
28, 0, -0.4193412182119947
17, 6, 0.3077195712208927
6, 8, -0.03699197777748831
23, 4, 0.7460898512530876
25, 3, 0.7183095467336105
13, 7, -0.07204816826456996
7, 8, -0.6810785899325555
21, 5, 1.725763400274112
28, 1, 1.774326120339031
27, 2, 0.6823610403676025
18, 6, 0.1582008534977834
8, 8, -0.1657786889043059
14, 7, -0.7409694342038512
29, 0, 0.4841527259338659
24, 4, 0.2287783314425038
26, 3, -0.2892173586044746
9, 8, -0.09033275296816207
22, 5, -1.159725290589279
15, 7, -1.253983555983338
-4, 9, -1.594394316680948
19, 6, 1.479144823853036
-3, 9, -0.1999530913359507
-2, 9, -0.1483662147202286
29, 1, -0.2816507386786367
-1, 9, -0.6453362892990538
28, 2, -0.6362049198040853
10, 8, -0.4814722344170785
0, 9, 0.05068966958037026
30, 0, 0.4881496950684515
1, 9, 0.6235493222852072
25, 4, 0.1849462107071319
16, 7, -1.200333150969386
27, 3, -0.2683977494444581
2, 9, 0.6232636119430732
11, 8, 0.7047202332616929
20, 6, -0.6344902313622462
23, 5, -0.1040692053359556
3, 9, 0.4127824926311233
30, 1, 0.8346975925956364
4, 9, -0.004050424084990605
29, 2, 0.000549153447969083
12, 8, 0.05480564489244714
17, 7, 1.215577694697102
26, 4, 0.478996293941342
5, 9, -0.4471623302870317
31, 0, 0.4346833233383779
21, 6, 0.1548146854815413
28, 3, -0.2973635633451812
24, 5, -0.1207382174800244
13, 8, -0.09189296793763925
6, 9, -0.7249685176317562
18, 7, 0.543091887073412
7, 9, 0.2715772032238275
31, 1, 0.4652586535061281
30, 2, 0.9564028894185687
22, 6, -0.487878570357555
14, 8, -0.5295585839346745
27, 4, -0.2180938317911142
32, 0, 0.6778777942101206
25, 5, -0.005401817178550954
29, 3, 0.9973170719519854
8, 9, 1.188724716601338
19, 7, -0.07455791115445902
15, 8, -0.757106587718867
9, 9, -0.1029341057450247
23, 6, 0.7110871128320962
32, 1, 0.9997303057049828
31, 2, 1.052410474015894
28, 4, 0.1357408025296017
-5, 10, 4.071981079030763e-14
-4, 10, -0.2342975671152064
20, 7, -0.6840683935068849
-3, 10, 0.5186566924682782
26, 5, -0.05024339909716568
10, 9, -0.482567376180126
-2, 10, 0.1911977975464872
16, 8, 0.6900218237987982
33, 0, 0.9655652714412902
30, 3, 0.4024050085367939
-1, 10, 0.06004302059414111
0, 10, 0.06430460243470422
11, 9, 1.020964463134037
1, 10, 1.091677241390399
24, 6, 0.320456309807013
2, 10, -0.9949499669576412
21, 7, -0.4053086932728657
17, 8, 0.1697689475528285
32, 2, -0.3158940268834396
33, 1, 1.150257019888596
29, 4, 1.041504256754329
27, 5, 1.008654673651272
3, 10, -0.5289508845726796
12, 9, -0.005964655356100714
31, 3, 0.4394229448153236
34, 0, 0.04245119212805307
4, 10, 0.1990901605804593
25, 6, 0.9562713945188336
18, 8, -1.430559441031841
5, 10, 0.6669964572276881
22, 7, 0.3155170657747228
13, 9, 0.2747291808245
30, 4, 0.4184157442506238
6, 10, 0.5030541917321908
33, 2, 0.3120218656598822
28, 5, 0.5030239815018022
34, 1, 0.8327853539792766
14, 9, -0.5039625889683392
19, 8, -1.360007610114703
32, 3, 0.4019260274302593
7, 10, 0.04031929724764138
35, 0, -1.250633676828929
26, 6, -0.01617846127239394
23, 7, 0.4867821598798949
8, 10, 0.5087101098915503
15, 9, -0.2519258525126101
31, 4, -0.8758007850759835
29, 5, -0.9827769413052857
20, 8, 0.2254398404273815
34, 2, -0.3035892609329817
35, 1, -0.004693544897607956
9, 10, -0.002398732052161848
24, 7, 0.4151462419831741
33, 3, -0.8708834809909705
27, 6, -0.883906045904188
16, 9, 0.4405986764892462
36, 0, 0.2424714898657988
10, 10, -0.1305815721299349
-5, 11, -0.545868970558043
-4, 11, -0.8414050416984303
-3, 11, 0.4580611269447613
21, 8, -0.8848887877816911
-2, 11, 1.028483264785117
-1, 11, -0.5117137333262487
30, 5, 0.6823032735176302
32, 4, 0.1948218295558254
0, 11, 0.2022258127137027
11, 10, 0.2332138690837735
17, 9, -0.2709584151508547
35, 2, -1.10293504379337
25, 7, -0.8820938248785255
36, 1, 0.9451564480648669
1, 11, 0.1484590390694537
28, 6, -0.8261173618711901
34, 3, -0.2507708235019955
2, 11, -0.3567141619161111
22, 8, 0.2960230778228981
12, 10, 0.2115948140955145
37, 0, -1.331659801019539
3, 11, 0.1754391562917895
18, 9, 0.428443365238192
31, 5, -0.3086997850228139
4, 11, -0.2258729586454989
33, 4, -1.969961756966045
26, 7, -1.968390293143513
13, 10, 0.9021084659406124
29, 6, 0.04340231448754012
5, 11, 0.6450919929468677
36, 2, -0.03155618815172796
37, 1, -0.1751529928946786
23, 8, -0.5630156905074961
19, 9, 0.9640698170993964
35, 3, 0.5277298256305655
6, 11, 0.2840165830098783
14, 10, 0.4906678464473219
38, 0, 0.7159071222977313
27, 7, 0.5707785834764016
7, 11, -0.3049496019020356
32, 5, 0.41354709783347
34, 4, 0.3596646377065509
20, 9, 0.1391089608688479
24, 8, 0.3774404595421849
15, 10, 0.1634511041679684
30, 6, -0.002301485150966935
8, 11, 0.1300572130546753
37, 2, 0.7600667355208266
38, 1, 1.340255263380501
36, 3, -0.08210962824383732
9, 11, 0.5554584458760869
16, 10, 0.2198804441655956
28, 7, -0.82100523060313
39, 0, 0.7814144132507027
21, 9, 0.238285778726526
33, 5, -1.155765144153389
25, 8, -1.089392095270213
35, 4, -0.5026416708325409
10, 11, 0.765038615859051
31, 6, 0.7135328065642751
-6, 12, -1.220663994528512e-13
-5, 12, -0.4980730579795009
-4, 12, -0.1259964702813144
-3, 12, -0.6731804499557024
17, 10, -0.8998401957088751
-2, 12, 0.05434719379369928
38, 2, 0.4066384096113759
39, 1, -0.4631597176521389
22, 9, -0.3388053361433019
11, 11, -0.2582917339069599
-1, 12, 0.123516136214698
37, 3, 1.224170760272653
29, 7, 0.03391157360107171
0, 12, -0.01533797129355147
26, 8, -0.2336836626476497
1, 12, 0.7770166213374287
40, 0, 1.164642548917881
34, 5, -0.09773320477488946
18, 10, 0.09722171827745461
12, 11, -0.9227159299593195
2, 12, -0.1441459846503596
32, 6, -0.3155921175097107
36, 4, -0.1691255125542397
23, 9, -1.328104577216305
3, 12, 0.134258556241769
39, 2, 0.3577064940768904
13, 11, 0.5381186652937673
4, 12, 0.2601066915633161
30, 7, -0.6875310041674005
27, 8, -0.2422633832807973
40, 1, 1.78503397896603
19, 10, 1.781842850992562
38, 3, 0.325487066044037
5, 12, -0.8987926762269298
35, 5, 0.4048302708757369
41, 0, 3.182902706334475e-06
14, 11, -0.9999522468697452
33, 6, -0.4660379864956046
24, 9, -0.4118340713165927
6, 12, 0.2841788930289885
37, 4, -0.7436448189029163
20, 10, 0.54352061262107
28, 8, 0.09755340003777119
31, 7, -0.7774453869916227
7, 12, 0.1797610673435797
15, 11, 0.7239618687681123
40, 2, -0.09071965264610637
41, 1, 0.4634929376095772
39, 3, -0.5277215302823829
25, 9, -0.2266162927713516
8, 12, -0.4568245164932729
36, 5, -0.03692268303527366
21, 10, -0.9561316696570993
34, 6, -0.4387664862442641
16, 11, -0.005262598204744969
42, 0, -0.5328419515677673
38, 4, -0.3311560154554424
9, 12, 0.02631455205208509
29, 8, -1.086093765961826
32, 7, 0.02888197347307495
26, 9, -0.2646224297651711
22, 10, 0.004626340766564623
10, 12, 0.005232696108179737
41, 2, 1.08408514980422
17, 11, 0.949303240828951
42, 1, -0.2329202483857962
-6, 13, -0.6687120244937166
-5, 13, -0.3060912327677536
40, 3, 0.03865945969878298
-4, 13, 1.278279153790569
37, 5, 0.2588436251103349
-3, 13, 0.04424167738819743
35, 6, 0.6419777794408776
11, 12, -0.5782743360434225
-2, 13, -0.5566415170372953
30, 8, 0.06122476890924859
-1, 13, -0.8175739692331774
43, 0, -0.2427551756009389
39, 4, -0.991844401594561
18, 11, 0.6225592815445506
33, 7, 0.5008013933523078
23, 10, 0.4380219942458582
0, 13, 0.1029367500976265
27, 9, 0.2343576030102233
12, 12, 0.03114639279028814
1, 13, 0.1515377642095518
2, 13, 0.09954527013242109
42, 2, 1.164098856390956
19, 11, -0.5029202298052277
43, 1, 0.6890490393201606
41, 3, 0.8664069343856605
3, 13, 0.7212834212686527
36, 6, 0.2907004780756831
38, 5, 0.4363342541969619
13, 12, -0.05972934288387811
31, 8, -0.882387084348907
24, 10, -0.6141709597522568
4, 13, 0.005726182854738738
28, 9, -0.0005632093513204494
34, 7, 0.8445083973965343
44, 0, 0.6084317836380683
40, 4, 0.2535675259785335
14, 12, 0.2320520016338922
5, 13, -0.7079565968980489
20, 11, -1.595194309857747
6, 13, -0.02340160378395672
25, 10, 0.672346633928436
43, 2, -0.4831710329491141
32, 8, 0.7645545152586665
37, 6, 1.195680477895223
42, 3, 0.4525696776484602
15, 12, 0.3424992910016351
44, 1, 1.803074423003982
39, 5, 1.767702309983151
29, 9, -0.3981512183287023
7, 13, -0.2953570014538074
21, 11, -0.9345047970447723
35, 7, 0.005896377835355206
41, 4, 0.6096144726024036
45, 0, 0.7231414364934211
8, 13, -1.500357163983347
16, 12, -0.003758509142813169
26, 10, 1.254483827874333
33, 8, 0.3324066464036385
22, 11, 1.075089533244853
9, 13, 0.5636931318576646
30, 9, 0.4513499197200036
44, 2, -0.5335955627615888
38, 6, -0.6084660826817881
40, 5, 0.5810321772053416
43, 3, 0.5819938613002622
17, 12, -0.05047487849295569
45, 1, 0.08715014801097028
36, 7, -0.7730817403184415
10, 13, 0.5065384883696877
27, 10, 1.536705055400183
-7, 14, 4.160654777946461e-13
42, 4, 0.2418086842842972
-6, 14, 0.4718027819195075
-5, 14, 1.236365405419155
23, 11, -0.1567672563775631
46, 0, -0.09367872767219003
-4, 14, -0.5143026646224012
11, 13, -1.147610707596893
-3, 14, -1.008575802776015
18, 12, 0.06963958110041239
31, 9, -0.3389548340564887
34, 8, -0.003848899432963588
-2, 14, -0.005080208394772957
-1, 14, 0.1516062874258123
39, 6, -0.340738010097456
0, 14, -0.07019197224583747
45, 2, 0.8855630668268163
12, 13, 0.898845521597598
41, 5, -0.9056918428236006
28, 10, 0.2427208292432962
44, 3, -0.9205213138138437
37, 7, -0.9274542150375931
24, 11, 0.535898457673701
1, 14, -0.4919692922875711
46, 1, -0.004968860522115998
19, 12, -0.001464866130717504
2, 14, -0.1708638377511325
43, 4, -0.3365151867112197
13, 13, -0.3613934162264441
32, 9, 1.087247094958463
3, 14, -0.8962724200877785
47, 0, 0.0892584484933933
35, 8, 0.3126675101143143
20, 12, -0.1587460737777299
4, 14, 0.3313154942336803
29, 10, 0.2615046924838877
25, 11, 0.5050651272855505
40, 6, -1.054298139379307
14, 13, -0.9592063540926471
42, 5, -0.524292858536991
38, 7, -0.8844486155653745
5, 14, -0.6658033934179555
46, 2, 0.1205049016039958
45, 3, -0.6803451748588911
47, 1, 0.07070271015545185
6, 14, -0.3610055567775772
33, 9, 0.3470564914462473
21, 12, 0.3767059169185437
15, 13, -0.4137316779741265
44, 4, -0.5487699333760617
36, 8, -0.5569758440896361
26, 11, -0.2204749736220378
30, 10, 0.2973046108443625
7, 14, -0.7280629230981611
48, 0, 0.291781975507337
41, 6, 0.231118840228311
16, 13, -0.5580508827645488
22, 12, 0.4258401766257435
8, 14, 0.3492514627274928
39, 7, 0.1893812928959158
43, 5, 0.3405973623926932
47, 2, 0.4995453136679451
46, 3, -1.652900652539276
34, 9, -1.581071484046211
27, 11, 0.2126908714595519
48, 1, 0.2281217813155666
9, 14, 0.7891254859225317
37, 8, 0.6607649508557465
17, 13, 0.1579596042156073
31, 10, -0.1897397652413445
45, 4, -0.7800361567666775
23, 12, 1.281827697919158
10, 14, -0.7629875806665015
49, 0, 0.3651347027810067
42, 6, 0.1724810035000527
18, 13, -0.3946533006780141
40, 7, 0.002172661050227774
-7, 15, -0.003713910757323246
-6, 15, 0.1666695292027803
28, 11, -0.06104365592655262
-5, 15, -0.375768996785535
44, 5, -0.814383181764295
35, 9, -0.9046189473942222
11, 14, -1.034716989347044
-4, 15, -1.153952189089062
-3, 15, -0.1360101485136216
48, 2, 0.4411510228250946
32, 10, 0.593188510470508
24, 12, -0.1296408535758687
47, 3, 0.6662966963613309
-2, 15, 0.2164559649415528
38, 8, 0.06568722997590679
49, 1, 0.2045311281824874
-1, 15, -0.01595323787824973
19, 13, 0.1785826108048036
12, 14, 0.4057494647411725
0, 15, -0.04574361546180856
46, 4, -0.02077021208662449
29, 11, 0.6001561352052063
1, 15, -0.1942566891872919
50, 0, 0.1166888370876013
43, 6, 0.5561363978085776
41, 7, -0.2893089533811604
13, 14, 0.5937664030538256
25, 12, 1.117571963671485
2, 15, -0.8352376397034907
36, 9, 0.4747216654627719
33, 10, 0.04698609422269857
20, 13, -0.07192774485278376
45, 5, -0.5043960680093117
3, 15, 0.7077659600807391
39, 8, 0.6950528333302315
49, 2, 0.3336958262144022
48, 3, 0.2247138515937639
14, 14, 0.1425368907175854
4, 15, 1.319782059318028
50, 1, 0.8297957013463977
30, 11, 0.843874151507974
26, 12, 0.02389715208197503
47, 4, 0.2576834289299342
21, 13, 0.5051785752809893
5, 15, 0.77573625956454
15, 14, -1.343664096761347
37, 9, 0.3116324341094149
44, 6, -0.6418879147052852
34, 10, -0.6602353422253676
42, 7, -0.7447711458942409
51, 0, -0.0301980097021247
6, 15, -0.1416244468118089
46, 5, 0.4748460577523018
40, 8, -0.005490954023603483
22, 13, -0.1528164391183378
7, 15, -0.06304470519596617
31, 11, 0.7285180620658426
16, 14, -0.4245472146481635
27, 12, 1.017640393779222
50, 2, 0.01115330677626811
49, 3, -1.139070237614027
8, 15, -0.3809364038770859
51, 1, -0.5788332540449102
48, 4, -0.05173975185132372
35, 10, 0.2909410335798547
38, 9, -1.105319318804929
17, 14, 1.263471042217428
23, 13, 0.5981842871713751
43, 7, -1.221082766284754
45, 6, -0.2976435306073734
9, 15, -0.3578517963528786
52, 0, 0.4923927768214875
28, 12, 0.150151052076798
32, 11, 0.1124772742765976
41, 8, 0.04517129645485839
47, 5, -0.9774043027819084
10, 15, -1.362423010235279
18, 14, 0.9414896302342618
51, 2, 0.004233297054421444
24, 13, -0.008050613196072098
50, 3, -0.3149219678381332
-8, 16, -7.8355217471064e-14
-7, 16, -0.1836785488692213
-6, 16, -0.2732282399803525
36, 10, -0.428754816471788
-5, 16, 0.9349804636557759
11, 15, 0.7557349312893225
39, 9, 0.01150868339992281
52, 1, 0.1356085192824734
-4, 16, -0.424191293906712
49, 4, -0.2457935834218935
29, 12, -0.4361014103994031
-3, 16, 0.3294206263504713
44, 7, 0.3404245051416992
33, 11, 0.5880716717190133
19, 14, 0.1497401540343201
46, 6, -0.00479603436866715
-2, 16, -0.0003290517739501218
12, 15, -0.3618751809719548
-1, 16, -0.05494504199415815
42, 8, -0.03466133540354764
53, 0, 0.2685844234203719
25, 13, -0.4559407208342124
0, 16, 0.03843682403591539
48, 5, -0.03834855573851215
1, 16, 1.588043178525611
20, 14, -1.443028089885786
37, 10, 0.1656833852277624
13, 15, -0.3485300648638748
30, 12, 0.2864583764126535
40, 9, -0.1231776635086589
2, 16, 0.1003625512636737
52, 2, 0.289981392112301
51, 3, 0.2159607536925014
34, 11, -0.03809911925876406
53, 1, 0.05263114328955188
26, 13, 0.8700504063946226
3, 16, -0.4779980212519982
50, 4, -0.2053896161521483
45, 7, -0.7637326632596156
14, 15, 1.450414077988205
47, 6, -0.3987066067035393
21, 14, -0.1784157732203646
4, 16, 0.08460036343021597
43, 8, 0.218310708028157
54, 0, 0.7641479931899458
31, 12, 0.3853158618468403
5, 16, -0.7319458964165025
49, 5, -0.7392113707094673
38, 10, -0.5274358337411431
15, 15, 0.09289029081485681
27, 13, -0.5607334779878582
41, 9, -1.101916397026056
35, 11, 0.3971624890294624
22, 14, -1.335893485330097
6, 16, -1.381335784967974
53, 2, -0.6208346540805102
52, 3, -0.6647458473867233
16, 15, 1.494873758111261
7, 16, 0.1320320628495572
46, 7, -0.1094429711171024
54, 1, -0.6141410470188722
51, 4, -0.5783074549265662
48, 6, 0.2475531604169812
44, 8, -0.2936645835796497
32, 12, -0.2595090627179848
28, 13, -0.4379094055079901
23, 14, 0.05545378720328938
8, 16, 0.6780027390684559
39, 10, 0.1490377548723572
17, 15, 0.01796470128495655
36, 11, -0.7951166225377037
55, 0, 1.814573063043436
50, 5, 0.7562340015116082
42, 9, 0.5876654778684978
9, 16, 1.206138295219574
53, 3, 1.522624151415333
54, 2, 0.5710230605055234
24, 14, 0.6082806725781332
33, 12, -0.2105784861846036
18, 15, -0.1505197363870497
10, 16, -0.216574589665695
47, 7, -0.6594453155371695
29, 13, -0.9584203777171828
52, 4, -0.332533243952733
45, 8, -1.098624206541554
55, 1, 0.999374627654333
49, 6, 0.8129047429574797
40, 10, 0.6022289790882106
-8, 17, 0.006601805742326077
37, 11, 0.1888987752977988
-7, 17, 0.4403551851285581
11, 16, 1.776494647658643
-6, 17, 1.717290944238544
-5, 17, 0.4487171020086869
19, 15, 0.08726993252058381
-4, 17, -0.1340558353270095
43, 9, 0.3287310122555076
51, 5, -0.5279871492787483
25, 14, -0.1342560284191759
56, 0, -1.271270708231821
-3, 17, 1.229262427773972
34, 12, 0.2463861164385422
-2, 17, -0.9471524144934237
30, 13, -0.4758043037971793
12, 16, 0.0165815925026804
-1, 17, -1.256577314159076
20, 15, -0.01120929184219316
54, 3, 0.02244775772617149
55, 2, -0.9961056358122727
48, 7, -0.9587928859011116
0, 17, -0.00397802360770534
46, 8, 0.5973821562354833
41, 10, -0.7469534522789769
38, 11, 0.3050103801558909
13, 16, -0.7134869440037928
50, 6, 0.5751389127701328
26, 14, -0.05768781071657
1, 17, -0.2659013002868622
53, 4, -0.5727691249551133
56, 1, 0.02961778376255493
2, 17, 0.05984251061900615
44, 9, 0.2888930716396297
31, 13, 0.02078285216666462
35, 12, -0.3033312656492393
21, 15, -0.3490406663616245
14, 16, -0.5453286838720869
52, 5, 0.001198519112126803
3, 17, -0.007538360392384293
57, 0, -0.5092665044337249
27, 14, -0.5836269792744577
4, 17, 0.9476159090063211
39, 11, -0.09911311068574384
15, 16, -1.076049067244797
49, 7, -0.4418942666643632
42, 10, 1.381791026230439
55, 3, -0.6783166026204388
47, 8, -0.5840360254751914
22, 15, -0.4767765776652269
5, 17, -0.3983586288409939
56, 2, 1.420674415892052
32, 13, -0.1822075828773114
51, 6, -0.2558504408197935
54, 4, 0.5463555213102391
36, 12, -0.07091326917359544
57, 1, 0.135992636120258
6, 17, 0.2459962944595143
45, 9, -0.003409403498295209
16, 16, -0.07805259219307374
28, 14, -0.5932823205825604
7, 17, -0.8601662668950782
53, 5, 0.4479444952437828
23, 15, 0.38934566138243
58, 0, 0.38765330859698
40, 11, 1.335971177864033
33, 13, -0.2947891138950735
17, 16, -0.297821221947722
8, 17, 0.8184420517718255
43, 10, -0.9703414080499578
50, 7, -0.07663558549800858
48, 8, 0.6935621371324276
37, 12, 1.031600913489559
56, 3, -0.005142844686968651
29, 14, -0.0003359538905999667
57, 2, 1.058445006900637
24, 15, -0.1564137884453133
52, 6, -0.2315716920987905
9, 17, 0.2610573237025628
55, 4, -0.333455103230439
46, 9, -0.2381145145657336
18, 16, -0.07232798391076459
58, 1, 0.5894958784091474
10, 17, 1.50510029942825
34, 13, 0.8198782501780835
54, 5, 0.5238194314199872
41, 11, -0.7690449800136249
25, 15, -0.4734406666700276
44, 10, -0.9285734065042179
30, 14, -1.004044485126768
59, 0, -0.3654138044865736
19, 16, 0.5879502290249432
-9, 18, -4.204262603351379e-14
-8, 18, -1.276605911744259
38, 12, 1.184327494562154
11, 17, 1.864704899202258
-7, 18, 1.807807310004298
-6, 18, -0.1600992275280705
51, 7, 0.5375760448399074
49, 8, 0.6267452868684038
-5, 18, 0.1199913054872568
-4, 18, -0.1187944442917791
57, 3, -0.2892656253404763
-3, 18, -0.03866032973025518
53, 6, 0.576370028371169
47, 9, 0.5036037470543143
58, 2, -0.2255132210861283
12, 17, -1.175023081909029
-2, 18, -0.5167103980395916
56, 4, 0.285177796213505
20, 16, 0.2158191275846082
35, 13, 0.3056956843641776
26, 15, -1.010099834134
-1, 18, -0.4653039148938262
59, 1, 0.7239469235777551
31, 14, -0.2417819054532728
42, 11, -0.03342859841037839
0, 18, 0.04058640399314831
13, 17, -0.5675702559387523
39, 12, 0.1662328231491374
55, 5, -1.636638922713232
45, 10, -1.661112043484156
1, 18, 0.106802063034748
21, 16, -0.8247325175131262
60, 0, -0.2188122882532922
2, 18, 0.4992659235850269
50, 8, 0.148083459324401
52, 7, -0.2633583618931715
27, 15, -0.06915948046825614
14, 17, 1.333701301279052
36, 13, -0.09124495657725067
48, 9, 0.2244990858344733
3, 18, 0.1025394488202419
32, 14, -0.961087467834135
54, 6, -0.2149017655630446
58, 3, -0.7544741004173754
59, 2, 0.2988578568805573
4, 18, 0.4990371599029281
22, 16, 0.564258167818531
57, 4, -1.00999993357543
43, 11, -0.6313407120084689
15, 17, -0.2953359664620147
40, 12, 0.2844091899208926
60, 1, 1.210833618714631
46, 10, -0.08332654059885544
28, 15, -1.64223315527995
5, 18, 1.522009837233689
56, 5, -0.6568247575333357
33, 14, -0.760653122124526
16, 17, -0.9154810173403676
6, 18, 0.3305083095522529
37, 13, -0.999088644929047
51, 8, -0.114625888419135
23, 16, -0.897446093454315
53, 7, -0.5766230071260855
61, 0, -1.168957200710056
49, 9, 0.2654675208164698
7, 18, -0.1818758649334498
55, 6, 0.4488780430171432
44, 11, 1.191215304432999
29, 15, 0.544013932170998
59, 3, 0.9231387837841729
41, 12, 0.8473688176993154
17, 17, 0.008078062155602965
60, 2, 0.6683289510511561
8, 18, -0.003243109481711263
58, 4, 0.0004396983408675857
24, 16, 0.1661482533572015
47, 10, 1.090123104414961
34, 14, 0.9732935291011154
61, 1, 0.6699595067291781
38, 13, -1.221886099172738
9, 18, 0.4209805620197021
57, 5, -0.4124552500974806
18, 17, 0.1319887343203035
52, 8, -0.214709291445141
30, 15, -0.3866379224831786
54, 7, -0.8758540075233682
50, 9, -0.2619802419741665
25, 16, 0.1619634998656214
10, 18, -0.3580356931485758
62, 0, 0.3480439528019418
45, 11, 1.09051518016072
42, 12, 0.1239576311884951
19, 17, 0.1765555391528954
56, 6, -0.2380942273518879
35, 14, -0.7339029320474042
60, 3, 0.06453418182603543
-9, 19, -0.9302514218094408
11, 18, -1.088325256632195
-8, 19, -1.094239402028197
48, 10, -0.09667315083647064
-7, 19, 0.03022054455582401
61, 2, 0.3204735609067663
39, 13, 0.4759157085507619
59, 4, 0.5081969763725448
-6, 19, -0.4968962863798098
-5, 19, -0.05983803917964008
31, 15, 0.6166637905592419
26, 16, -0.07357722294555258
-4, 19, 1.06658230133307
62, 1, 1.04016631889309
20, 17, -1.262869142679363
-3, 19, 1.069945529931723
12, 18, -0.5804706437953493
58, 5, -0.9224164425567296
53, 8, 0.3596349727196913
-2, 19, 0.3743521315328151
55, 7, 1.206371440526386
43, 12, 1.298330614160924
51, 9, 0.3121202007479841
-1, 19, 0.8689462998779596
46, 11, -0.7534398855890142
36, 14, 0.4348449479471506
13, 18, 1.19675948291026
63, 0, -0.7893482228450588
0, 19, -0.06708634754608477
21, 17, -0.005485700006061458
27, 16, -0.0019424149252351
40, 13, -0.1194789728054745
32, 15, 0.7005139666995946
57, 6, 0.2355705945557357
49, 10, 0.2652783142028201
1, 19, 0.2714355318993721
61, 3, 0.3346333305771787
14, 18, 0.2174475031041337
62, 2, 0.3725251284175565
2, 19, -0.9481188783258767
60, 4, -0.4287060030706523
3, 19, -0.02255784252372888
22, 17, -0.08996487378497438
63, 1, 0.3556316147949118
37, 14, 0.1620261264382897
44, 12, 0.2186907569738393
28, 16, 0.2373737537081558
59, 5, -0.2746728693426231
54, 8, -0.1746242269807509
47, 11, 0.7247753537004864
33, 15, -0.003290986100313264
15, 18, -0.003722322030116353
4, 19, -0.4282897235588033
52, 9, -0.3304862578168273
56, 7, -0.634228234215767
41, 13, 1.396523803462519
5, 19, -0.1223987679333996
64, 0, 1.055047647000623
23, 17, 0.05678841805402227
50, 10, -0.004325148260630666
58, 6, 0.7985357553139268
16, 18, 0.9517927808697466
29, 16, -1.72082601194787
6, 19, 1.605285656099531
62, 3, -0.7027694169886619
38, 14, -0.05969732154088794
63, 2, -1.132852213677702
61, 4, -0.001445472669735103
34, 15, 0.006201636899935235
45, 12, -0.04355275015405966
7, 19, -0.1336870296554892
17, 18, -0.8701763329482257
48, 11, 0.7486947729130433
24, 17, 0.5851560543591013
55, 8, 0.3474250982590046
42, 13, 0.3886342870868046
64, 1, -0.8770694551583118
60, 5, -0.1543074549842658
53, 9, 0.6982020318090563
57, 7, 0.7438278070537834
8, 19, 0.05695723862167271
30, 16, -0.6062030801302594
51, 10, -0.3106153694131101
18, 18, -0.08241768456905676
39, 14, -0.007624121905684244
9, 19, -0.0003093760442524756
65, 0, 1.4685009779357
35, 15, 0.4478070703146313
25, 17, 0.005604611064012349
59, 6, -0.677639609820278
46, 12, 0.5693560259629372
63, 3, -0.8280914338038242
10, 19, 1.322008443793296
43, 13, -1.140535831516635
19, 18, -0.3744978966283254
64, 2, 0.8004679928043379
62, 4, 0.8426481571314191
49, 11, 0.6013453279458857
31, 16, -0.4795517593285323
56, 8, 0.4115104804189323
54, 9, 0.4306415910334654
26, 17, 0.1708051054335427
-10, 20, 7.849684725697623e-15
65, 1, 0.1305053594129
61, 5, 0.1406909117500788
11, 19, -0.7083661293816291
-9, 20, -0.6321554455591689
-8, 20, 0.1050234944934756
58, 7, -0.1015862929022441
-7, 20, 0.5200142139653032
36, 15, 0.4368956363244886
40, 14, -0.547722571544498
-6, 20, 0.4152800802252215
52, 10, -0.04022908236318019
20, 18, -0.3863839445572484
-5, 20, -1.265098432199795
-4, 20, -0.08570409451461712
12, 19, -0.9029270930295138
-3, 20, -0.5534314135733822
32, 16, 0.3248788634366898
66, 0, 0.7731125987886213
60, 6, 0.322199224756566
47, 12, -0.179347291451333
-2, 20, 0.04807548185234381
44, 13, 0.7091479219902033
27, 17, 0.6653517844026879
50, 11, 0.6018161309765138
-1, 20, 0.9162208423311202
21, 18, -0.1650721274136762
64, 3, -0.002439957568427839
13, 19, -0.000303448704521529
63, 4, -0.1669998601625663
65, 2, 0.1570608137103814
37, 15, 0.5349659698866832
0, 20, -0.02882443100049457
57, 8, -0.4236074995804816
55, 9, -0.6433926090778179
41, 14, -0.6251716701300205
1, 20, 0.03816894650318961
62, 5, -0.9367422000136378
66, 1, -1.020634474127468
59, 7, -1.047649787498196
33, 16, -1.101163475842148
14, 19, -1.160310596509209
53, 10, -0.7241234614252996
28, 17, 0.08131226744168245
22, 18, 0.8174698414718771
2, 20, 0.8740884268564366
48, 12, -0.1436440074182185
45, 13, 0.004948324966388735
3, 20, -0.007898538847607318
15, 19, -0.2848867010306274
61, 6, 0.03832657671883862
67, 0, -1.549730639026767
38, 15, 0.8358130930445552
51, 11, 0.6913262374670142
4, 20, 0.4459846664436518
23, 18, -0.0945740481792705
42, 14, -0.3245241584503275
29, 17, 0.7838373885679253
34, 16, 0.1359312685735651
65, 3, -0.2450223240348851
5, 20, 0.2523101926067921
64, 4, 0.1415989716852432
56, 9, -0.3291255934027778
16, 19, -0.3611790299844624
66, 2, 0.9209923142820201
58, 8, 0.8339157242059205
54, 10, 0.8076135908133488
6, 20, -0.4235224744645421
63, 5, 0.2114770734750474
60, 7, 0.6489888393673464
67, 1, -0.2865158918007613
24, 18, -0.004775803733440839
49, 12, 0.4768135650443672
46, 13, 0.1056637906569696
39, 15, -0.8923875374051613
17, 19, -0.07296122000222958
30, 17, 0.9823450038691729
7, 20, -0.9943546948436657
35, 16, -0.2522667835605896
52, 11, 0.1187025108764228
43, 14, 0.42157812453405
62, 6, 0.3518388915491227
68, 0, -0.0190286762055519
8, 20, -0.08924183310384341
18, 19, 0.9552467966736559
25, 18, -0.2799067526576014
66, 3, 0.3795776554408624
57, 9, 0.4328374244721369
59, 8, -0.8507644396906513
65, 4, -0.4810405045970029
9, 20, -0.6728748471416923
67, 2, -1.040856673416283
31, 17, -1.227595616059604
55, 10, -0.8758185507059073
40, 15, -0.7739539048969925
47, 13, 0.3207947389218531
50, 12, 0.7656711408868558
61, 7, -0.348344433365684
36, 16, 0.6412458879546898
64, 5, -0.007388682351554252
19, 19, 0.1362303847703875
10, 20, 0.5340533464531411
68, 1, 0.6610553400059552
44, 14, 0.2526294450529823
26, 18, 0.2199712409300763
53, 11, -0.3973080350163658
11, 20, -1.45133208376301
-10, 21, -1.468334429343308
63, 6, -0.1720126250237588
-9, 21, -0.3356208452693875
32, 17, 0.1492802198531105
-8, 21, 0.7365538275763456
20, 19, 0.9279718551560935
-7, 21, 0.4101723048348722
69, 0, 0.0666391444888156
-6, 21, 0.3658534914108949
41, 15, 0.119395440228519
-5, 21, 0.01748614807674844
58, 9, 0.377489614626755
37, 16, -1.198606374235484
27, 18, 0.1031635729919124
-4, 21, -0.4795747560248935
60, 8, -0.1875541608491519
12, 20, -0.2254932039978437
48, 13, 0.462665412531781
67, 3, -0.5793735628432868
66, 4, 0.2498308944812033
56, 10, 0.4027632197393231
51, 12, 0.002737946723262159
-3, 21, 0.003613848639259949
68, 2, 0.6667978523190295
45, 14, -0.5412878889047074
21, 19, 1.041694266321968
-2, 21, -1.013304568196989
62, 7, 0.3152836194079044
65, 5, -0.9917395560466825
33, 17, 0.6905134166102913
13, 20, 0.6082814061342804
-1, 21, -0.2186977000718125
69, 1, 0.9111034180428502
54, 11, 0.007905592586392351
0, 21, 0.04993164507646797
28, 18, -0.4035147476802803
38, 16, -1.088936241738539
42, 15, -0.1726614870002122
22, 19, -0.5373809533243428
1, 21, -0.5994450028599753
64, 6, 0.3218157123060154
14, 20, 0.03228301349495789
49, 13, 0.400323071432633
2, 21, -0.234542624167768
70, 0, -1.001362290752349
59, 9, -0.5577549797442777
52, 12, 0.007251968329086643
61, 8, -0.3490012481967504
34, 17, 0.6005566212822757
46, 14, 0.389758654147943
57, 10, -0.673244595756178
3, 21, 0.1215454164901814
15, 20, 0.04945256288077545
68, 3, -0.2914750329123093
29, 18, -0.3751573893954584
67, 4, -0.7939041188505574
23, 19, -0.2571815047228728
69, 2, 0.5256265321097497
63, 7, 0.55057575143778
4, 21, -0.1909537345183283
66, 5, -0.004489297722712558
55, 11, -0.008555189109932592
39, 16, -0.002641553085306871
43, 15, -1.28867669080288
16, 20, -0.2280284599626304
70, 1, 1.062916775421282
5, 21, -1.203226318859925
35, 17, 0.3066796804146493
24, 19, -0.4820229760707225
30, 18, -0.2017129823507431
50, 13, -0.853117972870538
65, 6, -1.213076494627465
6, 21, -0.235684041015191
47, 14, 0.6441696636425776
53, 12, 0.293118439220978
17, 20, -0.04562724349294816
60, 9, 0.7499837776615732
71, 0, 0.9690529699762019
62, 8, -0.701239616847235
58, 10, -0.7868937063215151
7, 21, -0.8467583336386735
40, 16, 0.6834412005420272
69, 3, -0.08572216712415424
44, 15, 0.2143516435703889
25, 19, 0.2258261658749798
68, 4, 0.136083380866892
64, 7, -0.1124664208620102
56, 11, -0.1331499394055035
31, 18, 0.684419573482507
8, 21, -0.5296606521749772
70, 2, -0.003758045988142709
18, 20, -0.001920626215376561
36, 17, -0.03470615038164267
67, 5, -0.6178449579116037
9, 21, 0.2568043148073534
71, 1, -0.6222666530471666
51, 13, 0.9640166810297827
48, 14, 0.3324009256652259
26, 19, -0.515765547512639
19, 20, -0.06821338013454167
66, 6, -0.6973024104784727
54, 12, -0.7077293689478652
41, 16, 0.9197642850316027
61, 9, -0.6668945281455446
10, 21, -0.5779589265864017
32, 18, 0.3527802810362116
59, 10, -1.295237171700518
45, 15, -0.2114901153652594
63, 8, 0.004458190003106114
37, 17, -0.2070550495334451
72, 0, 0.7350741813881015
20, 20, 0.05853297235210402
11, 21, -0.2181711510367141
-11, 22, -6.050013922813482e-13
-10, 22, -0.4370685140834942
57, 11, 0.007180656764192778
-9, 22, 0.007074959592745041
70, 3, 0.3381795822804576
-8, 22, -0.6736994977625075
69, 4, 0.5929554386680751
27, 19, 0.5559546834459259
65, 7, 0.1470655689840021
-7, 22, -0.1214373376592504
71, 2, 0.4141649484951095
-6, 22, 0.3667621845519001
-5, 22, 0.3814563629571944
68, 5, 0.2064886985896329
52, 13, 0.9640288810168206
49, 14, -0.317577967729522
33, 18, -0.3029249625250682
12, 21, -0.2484429418717472
42, 16, -0.7085162345868001
-4, 22, 0.8234900251554202
21, 20, -0.119292830895436
-3, 22, 0.2795503628794384
72, 1, 0.2702334988462689
55, 12, 0.1200592071397201
38, 17, 0.004953531645653736
46, 15, 0.2708161229303256
-2, 22, -0.4097209643873099
67, 6, -0.2734379195641333
28, 19, 0.5324075906097112
62, 9, -0.9664124041002597
13, 21, 1.441541337976763
60, 10, 0.5463092683175508
-1, 22, -1.459829249539734
64, 8, 0.5906199402086959
0, 22, 0.1619189590161481
22, 20, 0.1867305978472951
73, 0, 0.009871318101485262
34, 18, -0.2169520494351799
58, 11, 0.4042306007117754
14, 21, 1.487158842474456
1, 22, -0.4285298810023748
71, 3, -0.600973293256442
43, 16, 0.0002224187012576925
70, 4, -0.8831023683613611
50, 14, -0.7062783527016889
66, 7, 0.4581227258314703
53, 13, 0.5016130634487503
39, 17, -0.9754453891721395
29, 19, 0.6855564682669006
72, 2, 0.7567715818529572
2, 22, 0.1188687672442067
69, 5, -1.211185573209226
47, 15, -0.5915230350985128
23, 20, 1.07243748539827
15, 21, 0.5427575812595021
56, 12, 0.3703057322987208
3, 22, 0.5391399253264839
73, 1, 1.143363494104964
35, 18, -0.1762771789062413
63, 9, 0.2555121142072985
68, 6, -0.2007881691815434
4, 22, -0.2856152979932474
61, 10, 0.9898164316072123
30, 19, 0.6924939983948687
16, 21, 0.9633825529268303
65, 8, 0.7206459370863769
44, 16, -0.1326918518510641
24, 20, -0.09484702317687742
40, 17, 0.1501071904195961
5, 22, -0.7738180062840004
59, 11, 1.683221892445925
51, 14, -0.4564892683198956
74, 0, -1.066238606517788
54, 13, -0.5869327873758362
6, 22, 0.1404713135909395
67, 7, -0.2478414958886609
17, 21, -0.1672073405095968
72, 3, -0.3138164606867526
48, 15, -0.4219695960277089
71, 4, -0.292104340720566
36, 18, 0.3430477185892424
57, 12, -0.04672715910201464
73, 2, -1.426633775420572
31, 19, -0.7899425313410329
70, 5, 0.8505077497729384
25, 20, 0.6436540396516476
7, 22, 0.3829892508643561
18, 21, -0.2886332669676842
41, 17, 0.3915993694327802
74, 1, 0.8677084948848978
45, 16, -0.457108984253371
64, 9, 0.8902711263402719
62, 10, -0.2471709578795225
8, 22, -0.1808528488289831
69, 6, 0.0147750636852465
66, 8, -1.577316726812179
52, 14, -1.576058480971504
60, 11, -0.7792045099515097
26, 20, 0.7223037542092318
55, 13, 0.05910686457217887
37, 18, 0.2942176364834327
32, 19, 1.304875035169246
9, 22, -1.339401226647049
49, 15, -0.1671067893513291
19, 21, -0.4983756360059555
75, 0, -0.08300757780459624
68, 7, -1.374201546892497
58, 12, 0.03475153584137301
10, 22, 0.5165147938467347
73, 3, -0.07367106160471326
72, 4, 0.01414500880846857
42, 17, -0.5191316154556194
74, 2, -0.140242187167871
46, 16, -0.4507976172340329
27, 20, 1.411882446564301
71, 5, 0.08927639350198707
20, 21, 0.2572431205104134
33, 19, 0.54726608017176
11, 22, 1.056363180440175
-11, 23, -0.3332250626231494
-10, 23, -0.5748519819142105
38, 18, 0.7719152125537415
-9, 23, -0.5221443152061016
-8, 23, -0.001831251097844916
63, 10, 0.006295523726922777
65, 9, -0.08130502142370086
53, 14, -0.6716377537215549
-7, 23, -0.5046514914274778
75, 1, 0.7968092866783852
70, 6, 0.4225447921742442
-6, 23, -0.5725192849591979
61, 11, 0.4369234179769715
56, 13, 0.5441380522178906
50, 15, 0.8482154760125454
67, 8, 1.034040183221426
-5, 23, 0.2746087977726272
12, 22, 0.2274075146504456
21, 21, -0.1013948063799226
-4, 23, -0.518426703448162
28, 20, -0.219941045442778
43, 17, 0.4517829719106766
-3, 23, -0.5778147154430789
59, 12, -0.09857976944230369
34, 19, -0.7301404344802908
76, 0, -0.3209041758562247
47, 16, -0.927312415404328
-2, 23, 0.6953743317697082
13, 22, -0.86622245549614
69, 7, -0.174715835558073
39, 18, -0.01699943853029341
74, 3, -0.786754819315522
73, 4, -0.6983312671106069
22, 21, -0.3631448267674529
-1, 23, -0.3178259273591748
75, 2, 0.4889974670807845
72, 5, 0.3926087422629753
0, 23, 0.008778462289978787
29, 20, 1.429338911656014
54, 14, 0.4570132409136208
14, 22, -0.2441682465273938
64, 10, 0.3311205166350594
66, 9, 0.4566123235228343
51, 15, 0.4696639191557414
1, 23, -1.115366762252636
57, 13, -0.3187682370664114
62, 11, 1.568955628380796
35, 19, -0.678635999052436
76, 1, 0.009188070752477481
71, 6, 0.008235956673462646
44, 17, 0.007196605150305254
23, 21, 0.006475258500829095
2, 23, 0.2810225670064756
68, 8, -0.1612190751702668
15, 22, -1.134427132284165
40, 18, 0.1113823098770789
48, 16, 0.1777080424078324
3, 23, -0.1130436047022625
30, 20, 0.1308726729073336
60, 12, 0.001031636886279807
4, 23, -0.4157456713131081
77, 0, -1.980705225726406
70, 7, -0.8254705579130136
24, 21, 0.3020052032073887
16, 22, 0.104134720809996
74, 4, 0.6085732228948928
75, 3, -0.007933997779189492
55, 14, 0.4009844002307257
36, 19, 0.4464742505498938
5, 23, -0.5769497864420244
52, 15, 0.433035199523683
73, 5, -0.8322042062140692
45, 17, -0.8191531106827648
76, 2, 1.073120855076956
65, 10, -0.6403440895660186
58, 13, 0.959563230842554
31, 20, -0.1977693070853193
67, 9, -0.4501253833280535
41, 18, -0.8519719102112505
17, 22, 0.3353519289590678
6, 23, -0.2109800655657959
63, 11, -0.1876790714527831
49, 16, 0.5194377624825283
25, 21, -0.4694497397468502
72, 6, -0.06574386002402567
77, 1, 0.5714353875460759
69, 8, 0.5394127118736631
7, 23, 0.192301713580958
61, 12, -0.569216390532579
37, 19, 0.6060968151418457
18, 22, 0.444746652870186
32, 20, -0.09856104302838632
8, 23, -0.92969071495713
26, 21, -0.5882669339615714
56, 14, -0.6573656967920752
71, 7, 0.6345715005134001
46, 17, 0.4132379683142421
53, 15, -1.592964118506814
78, 0, 0.625665965445614
42, 18, 0.190791594420935
75, 4, -0.6276518055667932
76, 3, -0.9560539953619092
19, 22, -0.1787891575681042
59, 13, 0.2046669554918816
9, 23, 0.1397385699344538
66, 10, -0.9254025808861727
50, 16, -0.8722587470832396
74, 5, -0.7324159919448896
77, 2, -0.4969565841811975
68, 9, -0.4348626457435705
64, 11, -0.4016634486232715
38, 19, -0.5670327058311442
27, 21, -0.6697365034936562
33, 20, 0.3203134028854334
10, 23, 0.1227207007370271
73, 6, -0.2731490226066554
70, 8, -0.402457109742219
20, 22, 0.6125541276003265
62, 12, 0.5713142536421626
78, 1, -0.9406580985906977
47, 17, -0.1386029243823724
43, 18, -0.3416210558926628
-12, 24, 4.381197003814671e-13
11, 23, -0.1833407769539956
-11, 24, 0.1607561889471044
-10, 24, -0.3987990948336306
54, 15, 0.3049983158789569
-9, 24, 0.1943631881082635
57, 14, 1.179544683740328
-8, 24, -0.3819696587072716
-7, 24, -0.5444546406689529
28, 21, 0.01223555190126959
72, 7, -0.1734815631233317
21, 22, 0.06026033867341137
-6, 24, -0.5390047700523986
51, 16, -0.3055535840614102
39, 19, -0.139881272199782
34, 20, -0.7204875866786559
60, 13, -0.2593804249928591
12, 23, -0.3103627899188587
79, 0, -0.4617737671922142
-5, 24, -0.250873205613581
-4, 24, -0.02436103914843782
76, 4, -0.1822749901803804
77, 3, 0.5273556700368236
67, 10, 0.4596973286135627
65, 11, 0.2091160247741871
-3, 24, 0.0002340737227139235
69, 9, 0.00341169905659439
75, 5, -1.27856299763593
78, 2, -0.3708445442067216
13, 23, -0.5577351777655782
44, 18, -0.2712759889442235
22, 22, -0.2068100412798185
-2, 24, 0.09889738570713068
48, 17, -0.7583866148119648
29, 21, -0.4274260852953339
63, 12, 0.02465663011261312
-1, 24, 0.09958298994063365
71, 8, 0.1825944591822854
74, 6, 0.980173858617354
55, 15, 0.6522183215846619
35, 20, 0.7079380646206649
79, 1, -0.3904482430373219
40, 19, -0.4787628650907801
58, 14, 0.02715245210602574
0, 24, -0.04649844274301589
14, 23, 0.7884646210587317
52, 16, 0.1047483128552945
23, 22, 1.051744409505729
1, 24, 1.381659104565754
61, 13, 0.04716664924373166
73, 7, 1.142210078242313
30, 21, 1.026510071197032
2, 24, 0.6221447241291022
15, 23, 1.798205175852529
45, 18, 0.4243573721654513
80, 0, 0.5483417111144642
68, 10, -0.07825340677186954
77, 4, 0.3777162902053636
66, 11, 1.080605523800954
49, 17, 0.5229811310696352
36, 20, -0.04357947342507082
3, 24, -0.07139373817652662
78, 3, -0.2062806826433702
70, 9, -0.5647466444993081
24, 22, -0.7388038195621727
76, 5, 0.0004597244630379799
41, 19, 0.389187070234863
79, 2, -0.3409046017524092
16, 23, 0.007407069764511066
4, 24, 0.06461319765728199
64, 12, 0.1414636413139836
56, 15, 0.5841937064989001
59, 14, 0.769545790694629
31, 21, -0.09257533902813775
72, 8, -0.5127192386343162
75, 6, 0.1461056170274497
53, 16, -0.327586283318283
5, 24, -1.091486634077906
80, 1, 0.310846684088264
25, 22, 0.8908510642030426
17, 23, 1.156396712523934
46, 18, -1.06339199590562
62, 13, 0.7894061397262424
37, 20, -0.5156849232127895
6, 24, 0.1074986688315041
50, 17, -0.6017943731622969
74, 7, -0.7463149670334623
42, 19, -0.1950830562427796
32, 21, -0.4478444111949086
69, 10, 0.2773784627356237
7, 24, -0.1250179572757634
67, 11, 0.8120995562784231
18, 23, -0.1301713044558833
81, 0, 0.1320033242611048
71, 9, -0.3821474098195334
78, 4, 0.2864098424209039
26, 22, 0.4308629691719051
79, 3, -1.271227702853582
57, 15, 0.3751958808431369
77, 5, -0.4404812454264304
65, 12, -0.5834775878876822
8, 24, 0.7885368851933123
60, 14, -0.5504950282526896
54, 16, -0.193976398478055
80, 2, 1.429248026253316
38, 20, 1.426692941350848
73, 8, 0.07871743588269697
19, 23, -0.3987154858880042
47, 18, 0.265547905897429
76, 6, 0.2606122640789481
9, 24, 0.9826247353840182
33, 21, 0.9502989764357068
43, 19, 0.573090457641115
63, 13, -0.4513781719737593
51, 17, -0.01839191464317591
27, 22, -0.2788671514672126
81, 1, 0.5449008800910221
10, 24, -0.7196488546625999
20, 23, -0.08434739613590155
75, 7, 0.04895433502120868
70, 10, 0.3241410933661458
39, 20, -0.2962624163705059
68, 11, -1.316957173289873
58, 15, -0.6454748047507139
-12, 25, -0.2494150437365318
55, 16, -1.124149869187968
34, 21, -1.012976647601732
11, 24, 0.8099002245181357
-11, 25, -0.8925791361288674
72, 9, 0.3667234658721599
82, 0, 2.548493071288229e-06
28, 22, -0.8006456975125771
-10, 25, 0.3132196724894215
-9, 25, -0.5670448995587337
61, 14, 0.5536942961279107
66, 12, -0.3731491277902761
48, 18, -0.329748923855419
79, 4, 0.4021818065754662
80, 3, 0.6776268738311813
-8, 25, -0.561948544434087
44, 19, -1.392780169321489
21, 23, -1.380469308865664
78, 5, -0.1262940152982725
-7, 25, -0.4964713062556269
-6, 25, 0.3111343793559683
81, 2, 0.8755807867017548
52, 17, -1.232023659991047
12, 24, -0.1273827157924105
74, 8, -0.5954244581283847
-5, 25, -0.2556019350250365
77, 6, -1.598213412625233
64, 13, -1.522169331606489
-4, 25, -0.4367915655990844
40, 20, -0.2436322098139008
29, 22, -0.1377262619238668
22, 23, 0.2675079078088142
-3, 25, 0.2636152306059519
35, 21, 0.5167862466274745
13, 24, 0.3643880337062507
82, 1, 0.2103795254263786
-2, 25, -0.972084531691872
59, 15, 0.02948763456109734
76, 7, 0.002781537368732091
49, 18, -0.001326506994340203
56, 16, 0.295741927151701
71, 10, 0.7622841524981159
69, 11, 0.5827248981926505
45, 19, 0.3543838602012693
-1, 25, -0.2623560284356762
62, 14, -0.6224880299039598
14, 24, 0.1439317983437009
0, 25, -0.01093469757836109
73, 9, -0.4970924075090166
67, 12, -0.3013584981638921
23, 23, -0.01782617983187318
30, 22, 0.5796646362218553
83, 0, 0.03544508820417153
53, 17, -0.4461326163169573
80, 4, 0.04066493331653822
1, 25, 0.8191719114596208
41, 20, 1.367363459345442
81, 3, -0.406202018267914
36, 21, -0.43270553142448
79, 5, -0.2883406769477577
15, 24, 0.154062141252644
75, 8, -0.003810406456862699
65, 13, -0.006923558948424074
2, 25, -0.000412156151273434
82, 2, 0.3711113481026022
24, 23, -1.309732996644764
78, 6, -0.4225381502668733
3, 25, 1.034120468520237
46, 19, -0.07038030810018658
50, 18, -0.1814480244940641
31, 22, -0.1787134174992946
60, 15, -0.4284006087839617
16, 24, -1.384904706418968
57, 16, -0.8595110219698979
83, 1, 1.552552634870182
4, 25, -0.1745940643975271
37, 21, -0.7955304116204561
70, 11, 0.5907809989134016
72, 10, -0.0295633990627119
42, 20, -0.7655592654262288
77, 7, 1.786480430534234
63, 14, 1.813194173358717
54, 17, -0.3997925013767625
25, 23, 0.7904061686980779
68, 12, 0.1966763471013951
5, 25, 1.330094488762444
17, 24, -0.4299496036057031
74, 9, -0.3375746266480503
32, 22, -0.004213677817449277
84, 0, 0.2388455176483245
6, 25, 0.1176930253792539
81, 4, -0.1036744377332762
82, 3, 0.5394547251161617
66, 13, -0.245428571043168
47, 19, -0.2409498541558249
80, 5, 0.4223015409140682
51, 18, -0.1752688196070018
76, 8, 0.1484401327418909
18, 24, 0.0210696390267051
38, 21, 0.003149439794283766
26, 23, -0.008779709330267045
83, 2, 0.559153370625547
7, 25, 0.5545050177742031
58, 16, -0.869617827812964
43, 20, 0.4198156182460118
79, 6, -0.5355488430684817
61, 15, -0.4705212839919989
8, 25, -0.0141350215784068
55, 17, 0.229904157916565
33, 22, 0.2588675342309607
64, 14, 0.02312533209766116
84, 1, -0.4202655571449941
71, 11, -0.327151773128947
19, 24, 0.1136439947021431
73, 10, 0.00130826472707495
78, 7, 0.3972194753609946
27, 23, -0.1916194230412239
69, 12, -0.4249527809176292
9, 25, 0.4850544556884842
48, 19, 1.050864750118464
75, 9, -0.4091298640846249
39, 21, 0.04103670543050655
52, 18, -0.2118789277262576
44, 20, -0.002073749545288511
20, 24, -0.002345547319232748
67, 13, -0.5174727538355033
85, 0, -0.0567506895467987
10, 25, -0.2661528058585877
82, 4, 0.8680095611489176
34, 22, 0.7600918521690013
83, 3, 0.2290140281093576
81, 5, 0.4850100732897416
59, 16, 0.3589176352195399
28, 23, 0.2794720099128525
77, 8, -1.110203173075359
62, 15, -1.189770259648835
56, 17, -0.4012460183986478
-13, 26, 1.111622089590234e-12
84, 2, -0.1864955004988013
-12, 26, -0.5354269735984372
11, 25, -1.933629275640332
-11, 26, 1.931538963694534
-10, 26, -0.2450823320168314
80, 6, 0.03095400823668013
21, 24, 0.3879241090110959
-9, 26, 0.7771412585538813
65, 14, 0.817456461600598
40, 21, -0.5543972874774046
-8, 26, 1.023497579915769
49, 19, -0.07484224527652397
-7, 26, 0.8879447453401967
72, 11, 1.047250982936972
74, 10, 0.207251931689401
-6, 26, 0.03542360024716046
12, 25, -0.1328894913852311
35, 22, 0.1787513876811134
85, 1, 1.173845596986378
70, 12, 0.5140212931555981
45, 20, 1.91243709880183
53, 18, 0.7332829876687196
29, 23, -0.5895743737570328
-5, 26, 0.5838209706235842
79, 7, 0.6658001746853147
22, 24, -0.4630149695366942
-4, 26, -0.4456939189565613
76, 9, -0.2245073895061803
68, 13, 0.03751183778847129
-3, 26, -0.601393899115423
13, 25, 0.3192406394426308
60, 16, -0.02744390072131704
-2, 26, -0.6546183409435639
63, 15, -0.9829485750292922
41, 21, -0.2379075481264388
86, 0, -0.1943701686934841
83, 4, -0.515671803404967
57, 17, -0.3782798865374839
84, 3, -1.010608598736247
82, 5, -0.4002526528003643
30, 23, -0.4404824987427815
-1, 26, -1.187237299569016
78, 8, -0.7941538760822029
36, 22, 0.4984732138670657
23, 24, 0.8310511992870776
14, 25, -0.005272983839482173
50, 19, -0.007652123543707526
66, 14, 0.4009836291287854
46, 20, 0.3507171729587457
0, 26, 0.08241980189644157
85, 2, -0.6647901239680846
81, 6, -0.3886545584196636
54, 18, 0.1876463672606656
73, 11, 0.05329177369522663
1, 26, 0.6417563413120558
75, 10, -0.5593572480391343
15, 25, -0.6725057843848247
71, 12, 0.06925624751853589
24, 24, 0.09442309767885701
2, 26, 0.1213338529978884
86, 1, -0.9429978520890716
31, 23, -0.9397996102577417
42, 21, 0.4220363286310417
80, 7, 0.05775061914333261
37, 22, 0.3993204956388378
77, 9, 0.2726730767019707
61, 16, 0.449123620585627
69, 13, 0.7609433375475733
3, 26, -0.5777100154357609
58, 17, 0.2241158348742766
64, 15, 0.5198308588331642
16, 25, 0.004751969497315523
51, 19, -0.4386465214092589
47, 20, 0.2085945907688178
4, 26, 0.07970429835253641
25, 24, -0.2548789259036455
84, 4, -0.5218053745079886
87, 0, -0.2757604153992849
79, 8, 0.7681575902758639
85, 3, -0.8825800858973439
83, 5, -0.9337875235575569
55, 18, -1.015498615870747
32, 23, -1.095854275794412
67, 14, -0.05188652079126611
17, 25, -1.229605681889159
5, 26, 0.458752451559404
43, 21, -0.1950555973648057
38, 22, -0.4026801474271627
86, 2, 0.5517104946166275
82, 6, 0.6937181115231916
74, 11, 0.2777403279140494
6, 26, 0.5775200463330785
72, 12, -0.130306005426471
76, 10, 0.3493658266043189
26, 24, -0.04782432516979427
18, 25, 1.210360884987364
62, 16, -0.7065131608273358
59, 17, 0.507537597059218
52, 19, 0.9485587747625527
48, 20, 0.2753011102396866
7, 26, 0.00734408779964875
87, 1, 1.552117154883384e-05
81, 7, -4.61485061839488e-05
33, 23, 0.008242943031643872
70, 13, -0.1196203941620659
65, 15, 0.02162810482249736
78, 9, 0.1647304551947061
39, 22, 0.3188520772933119
8, 26, 0.004584862609657192
56, 18, -0.0004509526671661527
44, 21, -0.5960757090957249
19, 25, -0.6025718098111693
27, 24, 0.05145111479419912
68, 14, 0.6761843048578338
85, 4, -0.09034443366755919
88, 0, 1.844515804736647
80, 8, 0.7687128152737988
84, 5, 0.04485714995383282
9, 26, 0.6709710393595532
86, 3, 0.4430997123293546
34, 23, 0.5718826185535848
20, 25, -0.6800668737645865
75, 11, -0.9968885790705951
49, 20, -0.6817914823325852
83, 6, -1.526122980776768
87, 2, 0.3184988842835589
53, 19, 0.6088775896803691
73, 12, -0.8303823464032073
28, 24, -0.1040169234300759
63, 16, -0.2751601813136276
10, 26, -0.5668494721833762
77, 10, 0.06773015503226951
60, 17, -0.2027168930284489
40, 22, -1.277246453439248
66, 15, 0.6605484399888455
45, 21, 0.7142354214497409
71, 13, 0.2601811831435246
82, 7, -0.1482119482706688
-13, 27, -0.05122605362349405
57, 18, -0.8424812443587567
-12, 27, 0.9081242662618618
21, 25, 0.4170732986822218
88, 1, 0.32708474580249
79, 9, 0.3458943281589197
11, 26, 0.5292405930243355
-11, 27, -0.5835878451831419
35, 23, -0.3277669070292502
-10, 27, 0.148105126301541
-9, 27, -0.2371698406245093
-8, 27, -0.08638974154700767
29, 24, -0.6471646020262626
-7, 27, 0.921895311279282
69, 14, 0.5315840419164118
12, 26, -0.01873728813924452
-6, 27, 0.084505419043799
50, 20, 0.5383371470114057
41, 22, -0.2478158415308563
22, 25, 1.377893776562963
-5, 27, 1.339400405742443
81, 8, 0.008578130391514741
54, 19, 0.0007734020783286574
86, 4, -0.3868672828306001
89, 0, -1.901525302104637
85, 5, 0.4058519686917808
-4, 27, 0.7835320757212637
87, 3, 0.1604207113392535
46, 21, 0.04813456020290661
64, 16, 0.3599706463785086
61, 17, -0.1297867276814445
76, 11, 0.45751829782938
36, 23, -0.06386814908835033
13, 26, 0.8548955096463224
-3, 27, 0.3675662526164685
74, 12, 0.9573621472982993
84, 6, 0.3623652693477695
30, 24, 0.2742336792155987
88, 2, 1.443692719948209
78, 10, 1.415370837413678
-2, 27, 1.243335162610782
67, 15, 1.268334485383343
58, 18, -0.3187932832892725
72, 13, 0.4535202478988863
23, 25, -1.045504551639519
-1, 27, -0.2266260511024967
14, 26, -0.2364876054473715
83, 7, -0.4004783096729356
80, 9, 1.124724439242998
42, 22, -0.7482429760763931
0, 27, -0.07160691136634588
89, 1, 1.490240520706018
51, 20, 1.335819915082794
70, 14, 0.004721134650946065
37, 23, 0.8953928054600544
55, 19, -0.8725969630148797
31, 24, -0.9714470583732839
1, 27, 0.2365607616883101
47, 21, -0.2444655132944436
24, 25, -0.5911224621004895
15, 26, -0.2099983779800917
62, 17, 0.003111395359374978
2, 27, 0.00357770451468317
65, 16, -0.3827522834374064
82, 8, 0.4881085133220651
87, 4, 0.598315055614947
90, 0, 0.5790077293213004
86, 5, -0.2613359510406139
88, 3, 0.5218315054266751
77, 11, 0.6411545186342915
59, 18, 0.01257833136819981
16, 26, -1.201311874469239
75, 12, -0.1053404042712663
3, 27, -0.3551569802152158
68, 15, -0.3939729250495499
43, 22, 0.4213162664099618
25, 25, 0.02220478700768395
32, 24, -0.01139425929278285
85, 6, -0.4103810664789514
79, 10, 1.062586245343281
73, 13, 1.232803365445698
38, 23, 0.3223607219261072
89, 2, 0.4581320917739931
4, 27, -0.5147734996720035
52, 20, -0.5623202875874225
48, 21, 0.6836775888455652
17, 26, -0.167667280373606
56, 19, -1.275856750157825
5, 27, -1.129974691422134
81, 9, -0.3183539251081931
84, 7, 0.1684349827342742
71, 14, 1.207719786910256
90, 1, -0.6042093538433484
26, 25, -0.4691269805099219
33, 24, -0.4013897554020005
6, 27, -0.3549942472606973
63, 17, 0.2844316574938281
66, 16, 0.2661526609247762
44, 22, 0.860806915467805
18, 26, 0.4513400336407746
39, 23, -0.3679093130863348
60, 18, 0.3613886286886324
83, 8, 0.2552301288893296
7, 27, 0.6803923301553221
53, 20, 0.4669548633648374
69, 15, 0.05927502985476966
88, 4, 0.2391833227067844
76, 12, 0.2727439086667926
78, 11, 0.03803617394963862
87, 5, -0.4012172794866673
27, 25, -0.03362469584952908
91, 0, -1.602948715710944
49, 21, -0.4888057816278893
89, 3, -0.004207744584090544
19, 26, 0.1788491025964733
74, 13, 0.1830282364845086
8, 27, 0.9215378138703635
80, 10, 0.46522312869333
57, 19, -0.3101656754292246
86, 6, 0.4659931336519331
34, 24, -0.04041442422227158
90, 2, 0.06977972321780182
45, 22, 0.3254159911327935
40, 23, -0.08582351756339153
9, 27, 0.4896126253519074
72, 14, -0.6189941281388995
82, 9, -1.114362518090174
20, 26, 0.4055772289300868
85, 7, 0.2247984005889215
28, 25, 0.2157035945157635
64, 17, 1.264792837802178
67, 16, -0.9648933914144111
91, 1, -0.6681617961947559
61, 18, 0.1565775753990952
10, 27, 0.283410112161993
54, 20, 1.230415047128275
50, 21, -0.05667758444056677
35, 24, 0.2789131316593983
21, 26, 0.06204822843178499
70, 15, 1.10439136300293
-14, 28, 8.230587868723723e-12
-13, 28, 0.2304995740639751
84, 8, -0.1083903402210953
-12, 28, -0.2114848116132431
77, 12, -0.4161208356341535
58, 19, -0.3021190962004848
11, 27, -0.1648476972489642
-11, 28, 0.05782864323250771
79, 11, -0.1768403873776623
29, 25, -0.1348079307358606
41, 23, 0.6980556250378496
-10, 28, 0.9899379150381894
46, 22, -0.1255210233644213
89, 4, 0.380136026370502
-9, 28, -0.03867316386910111
88, 5, -1.093314661596475
75, 13, -1.133904279254176
92, 0, 0.0419913336979059
-8, 28, 0.2305353132938403
90, 3, -0.475421375271261
81, 10, 0.7898107704119736
-7, 28, 1.380923770405407
87, 6, -0.0003127831066551262
12, 27, 0.002307012976199095
22, 26, -0.9188734545579162
-6, 28, -0.8075504402142402
36, 24, -0.03121582622027325
91, 2, 0.8954998947889061
73, 14, 0.6017325034854092
65, 17, -1.968441487893498
-5, 28, 1.960520188708649
51, 21, -0.6923604722666504
62, 18, -0.2713956895380925
55, 20, -0.3957371500388997
30, 25, -0.2828695968800255
83, 9, -0.09556058370973815
68, 16, 0.001725262773730092
-4, 28, 0.002277194958434034
86, 7, -0.3873830741837407
13, 27, 1.026884393052801
42, 23, -0.03441751115378606
-3, 28, -0.8212087950627425
23, 26, -1.041770080167089
92, 1, 0.9607297540773239
47, 22, 1.12230442930809
-2, 28, 0.1213887184437982
59, 19, 0.9047613303103923
71, 15, 1.053749540943491
37, 24, 1.75242031891607
14, 27, -1.748175580437142
-1, 28, 1.5559390340043
78, 12, -0.272823449958278
85, 8, 0.1601256029491304
80, 11, -0.5103458250563599
31, 25, 1.08866155886687
76, 13, 0.3615469005341649
0, 28, 0.03146343467714501
90, 4, 0.7090561189992783
24, 26, 0.7196911671549684
89, 5, -0.6399164934777025
82, 10, -0.7251729065187812
52, 21, 0.05950168380001102
93, 0, -0.2475839696449224
15, 27, 0.2546916775171861
91, 3, -1.073654265666729
1, 28, 0.9135682027107879
56, 20, -0.1087992076932315
66, 17, -0.3690227325343732
43, 23, -0.3228459475068468
63, 18, 0.1836299406070015
88, 6, -0.7370466256659916
74, 14, -0.7425976882717584
69, 16, -0.175226980377978
48, 22, 0.4290852846037365
2, 28, -0.3939119076894447
92, 2, -0.003978486787555587
38, 24, -0.001172894760602939
32, 25, 0.4039866752255848
84, 9, 0.1693703150919952
16, 27, 0.2126527090435077
60, 19, 0.7042925480513547
25, 26, -1.0420454128198
87, 7, 0.04221330113425761
3, 28, 0.2327390393333845
72, 15, 0.06876925235119608
4, 28, 0.07658943080127528
93, 1, 1.366756523975377
44, 23, -0.4284272654340324
17, 27, -0.3164680860829842
79, 12, -0.04833794768608485
53, 21, 0.6027957084372796
81, 11, 0.531393324743991
86, 8, -0.269442303106422
26, 26, -0.2893619017352119
77, 13, -0.02252226156711022
57, 20, -0.03333390013270942
33, 25, 0.8786003497669795
5, 28, 0.9863907817189993
39, 24, 0.05233977144013408
49, 22, -0.2567066842262192
67, 17, -0.8465781180748329
64, 18, 0.8705412798160638
83, 10, -0.444562980741454
91, 4, -0.9596338552714094
90, 5, 0.04218575137532244
6, 28, -0.7176309261025154
18, 27, -0.8599050239611102
75, 14, -0.05425783699421284
94, 0, 0.07146780558211943
70, 16, 0.2503478516145651
92, 3, 0.4245975128697334
89, 6, 0.06958943317116034
61, 19, -0.2533742491642973
27, 26, 0.04007378614018711
7, 28, -0.2754103028733837
93, 2, -0.147700901274843
45, 23, -0.5060141253175654
85, 9, 0.03233257309812473
34, 25, 0.262754663809226
19, 27, -0.01131650556608253
40, 24, -0.4812530341971546
88, 7, 0.5935294469464798
73, 15, 0.4913259390842133
54, 21, -0.3093305817277992
8, 28, -0.1485116187363653
58, 20, 0.2093826055789516
50, 22, 0.4043975323701516
94, 1, 0.2031579947593586
80, 12, 0.4725873858917808
28, 26, -0.7680211158506296
82, 11, 0.1330950727268415
78, 13, 0.8745143972230672
9, 28, 0.4002566050008478
68, 17, -0.03725520421320411
65, 18, 0.007444630448796692
20, 27, 0.3568880363360052
87, 8, 1.026627386761196
35, 25, -0.6559471531986318
71, 16, 0.2076310122746763
62, 19, -0.6070736399142956
46, 23, 0.07419803601205194
84, 10, -0.4197928678877487
76, 14, -0.7081637957500795
41, 24, 0.6223611532895235
10, 28, -0.5330980794229474
92, 4, -0.0540161215130416
91, 5, -0.1593443141592983
95, 0, -0.9570572888050608
93, 3, -0.2649988581968287
21, 27, -0.1546830955457225
55, 21, -0.07638095306029719
29, 26, 0.182589268440078
90, 6, -0.5447414501485188
-14, 29, -1.72996387065332
-13, 29, -0.8586663104894854
51, 22, -0.8500094710754255
-12, 29, 0.5318294416331454
11, 28, -0.09753270253192738
-11, 29, -0.1687249017027656
86, 9, -4.87461840090878e-05
74, 15, 7.648467681375061e-05
59, 20, -0.007971051727807654
-10, 29, 0.006145771349290691
94, 2, 0.05661052406386385
36, 25, -1.029392586395814
-9, 29, -0.1253001321924229
89, 7, 1.226603233514627
-8, 29, 1.284317254926065
22, 27, 0.6567773304262786
-7, 29, 0.7591732844812714
12, 28, 0.1618201399915351
66, 18, 0.2778825564394699
42, 24, 0.3016223750301474
47, 23, 0.772587884460702
69, 17, 0.5361983170316315
-6, 29, 0.5493897685905763
30, 26, -0.3312683069917773
81, 12, 0.1242204008379162
79, 13, 0.05204493684371361
95, 1, 0.3579628075663439
-5, 29, -0.155476622423347
83, 11, -0.07839333627728221
63, 19, -0.8433294892057719
-4, 29, -1.316817319639139
88, 8, -1.663645526907069
72, 16, -1.68852248506567
13, 28, -0.3375743619777091
77, 14, 0.9560035996556425
56, 21, 0.8448127965194995
37, 25, -0.9747036428649118
23, 27, 0.5320666071871678
52, 22, -0.1765307689286456
-3, 29, 0.607617828523671
85, 10, -0.4808160895847711
93, 4, -0.3842319529746734
-2, 29, 0.0002610749223013832
92, 5, 0.2308305547502419
60, 20, -0.1332662968499799
31, 26, 0.9274694971488108
14, 28, -0.5829482845487223
96, 0, -0.3861010217951906
94, 3, -0.2134674331658542
43, 24, 0.3357218842698129
91, 6, -0.2790549778233448
-1, 29, -0.1948126536855717
75, 15, 0.003076730333613941
48, 23, -0.2705368393836649
87, 9, -0.568045071878742
24, 27, -0.6770657356470163
0, 29, -0.03632628282242174
95, 2, -0.3586404806064477
67, 18, -0.4162186158404412
90, 7, -0.2856529533297613
70, 17, -0.3238490504049407
38, 25, -0.44875110906712
15, 28, 0.5591125662742745
1, 29, 0.4137495440660258
64, 19, -0.008129940609349193
82, 12, 0.1850531419010996
32, 26, -0.4468223754330815
57, 21, 0.04246618773725256
80, 13, -0.1163220174997347
53, 22, -0.3869866923097806
84, 11, 0.3357603711890563
73, 16, -1.287185779582359
2, 29, 0.9526182398134045
25, 27, -0.9855396321183515
96, 1, -0.5149541988903046
44, 24, -0.190882150304016
16, 28, -0.1565513867526298
78, 14, 0.1516345583867783
89, 8, 0.9754996521854278
61, 20, 0.1683197145150041
49, 23, -1.269579807950536
3, 29, 1.191412387727395
86, 10, 0.2727108355508601
39, 25, -0.5722701693755071
33, 26, -1.209894028587916
4, 29, -1.253294348336135
94, 4, 0.3999779062833313
93, 5, -0.00395395102967418
17, 28, -0.004044232096994668
76, 15, -0.3873252909453577
26, 27, 0.2917450599732497
97, 0, -0.4957466799771434
95, 3, 0.2577702156750472
92, 6, -1.323450994806347
68, 18, -1.26593853366563
5, 29, -0.38431935163938
88, 9, 0.314853524013209
71, 17, 0.3012980777489394
54, 22, 0.1702981633836025
65, 19, 0.1344322725978349
58, 21, 1.219943119186466
45, 24, 0.4312276186949862
96, 2, 0.1826534450055848
18, 28, 0.6318400974487383
91, 7, 1.082537684009039
6, 29, 0.3852493206349897
83, 12, -0.0513210296577233
50, 23, 0.4735144282139527
81, 13, 0.1091382596001067
40, 25, -0.2939462049951885
74, 16, 0.5290638794305731
34, 26, 0.1264757170743539
27, 27, 0.1454101682766912
62, 20, -0.1519215814142037
85, 11, -0.4130305091063938
79, 14, 0.7346885144347277
7, 29, 0.9354206606095942
97, 1, 0.06942035783884823
19, 28, -0.04102389366515916
90, 8, -0.624562417650032
87, 10, 0.1302259028549005
8, 29, -0.5512191121353156
46, 24, 1.026338842180644
77, 15, 0.6248790011570234
55, 22, 1.064836583316951
28, 27, 0.2626748226667443
69, 18, -0.4050161593534616
59, 21, -0.01749304751561642
35, 26, -0.1733982518778041
95, 4, -0.7215107171035362
94, 5, -0.9607675291124932
66, 19, -0.4350571411917533
41, 25, -0.213094812765728
20, 28, 0.3420079128891964
72, 17, -0.6213988666641114
51, 23, -0.3578145233141618
9, 29, -0.6583235448211052
96, 3, -0.5694195851117996
93, 6, -0.5994247969853601
98, 0, 0.2923574896920203
89, 9, -1.254588430767954
63, 20, 0.2039650902690845
75, 16, -0.393182991244425
10, 29, 0.4997059031585186
29, 27, -0.0009301214880922092
97, 2, -0.899433838867514
92, 7, -0.9216978592264695
84, 12, -0.07731432264516189
82, 13, 0.03195292871908134
21, 28, -0.05398016293491996
36, 26, -0.3159925568437504
86, 11, 0.06232418176855355
47, 24, -0.5095431772983599
-15, 30, -1.412355829306234e-12
80, 14, 0.001739614786955679
-14, 30, -0.002973668689786404
-13, 30, -0.5782561296849092
-12, 30, 0.1334496141200086
42, 25, 0.2822543293384323
11, 29, 0.5186189199429152
-11, 30, -0.4763540566644332
56, 22, -0.04887667443229018
-10, 30, -0.3008721980942859
60, 21, 0.3896270210199425
-9, 30, -0.2954129498681198
98, 1, 0.5848127877553118
91, 8, 0.4879728144056712
52, 23, 0.4364777679285176
88, 10, -0.6520635287221013
70, 18, -0.7243138564045676
22, 28, -0.8284812682823259
-8, 30, -0.9239509768789275
78, 15, 0.02861729334970673
30, 27, 0.2748574425779928
67, 19, 0.7593525229974484
-7, 30, 0.08472351435424678
12, 29, -0.5188812830811178
73, 17, -1.005914785932858
-6, 30, -0.1089011406255383
37, 26, -0.8227015254585694
95, 5, -0.5436127699808759
-5, 30, -0.0726538070482271
96, 4, -0.1977452115385625
64, 20, -0.2658957623802944
48, 24, -0.3930179353495351
94, 6, 0.5334930591773313
-4, 30, 0.1733128132365654
23, 28, -0.4718095797100201
13, 29, -0.8026647319648298
97, 3, 0.003409713172400197
43, 25, 0.002628362574754794
99, 0, 1.145283426384876
90, 9, 0.4773036071057029
76, 16, -0.02944419148977043
31, 27, -0.1316089876404827
-3, 30, -0.03419889513466133
83, 13, -0.07579118014949779
57, 22, 0.6086515937345038
85, 12, 0.1723409088009789
93, 7, 0.1752895426966409
98, 2, 0.1637647880723119
-2, 30, -0.01277350123398562
53, 23, 0.01065987297117875
81, 14, 0.2009392650896889
61, 21, -0.2932966452824585
14, 29, 0.2492695501865711
87, 11, 0.250138829238324
38, 26, 0.1429882271680648
-1, 30, -0.3320496702379921
24, 28, -0.1818765221328885
71, 18, 0.5218278260062001
68, 19, 0.7581651356637643
0, 30, -0.03662617790301993
79, 15, 0.9290898180761389
92, 8, 0.00931021299065562
32, 27, 1.01733972538362
99, 1, -0.8449722778196201
89, 10, -0.7514016840271698
44, 25, -0.1981539351640851
15, 29, -0.1704006746856432
74, 17, -0.5060113192470946
49, 24, 0.5846196232719594
65, 20, 0.3123989769768979
1, 30, -0.9834071706050205
25, 28, -0.7458055862138495
58, 22, 0.4805353745083721
2, 30, -0.1555382098242623
96, 5, 0.2882946868910302
39, 26, 0.2094967874412733
16, 29, 0.1605261065433421
97, 4, 0.3263053166155808
77, 16, 0.4489833910521088
54, 23, 0.2688598921271211
95, 6, -0.9155214791629481
91, 9, -0.4066825834448893
98, 3, 0.9673589334275923
62, 21, 1.049783143889414
33, 27, -0.5815139920125698
3, 30, -0.6217900951577384
100, 0, -0.05230557707029165
84, 13, -0.6461483457825499
86, 12, 0.4452894781496453
45, 25, -0.1299704266072546
82, 14, -0.2316450305612724
26, 28, 0.4754192187334274
94, 7, -1.403806626012297
17, 29, -1.3906508438425
50, 24, 0.8948219149161809
4, 30, -0.6687613580610667
99, 2, 0.283866088308953
88, 11, 0.9202162799575184
69, 19, 0.4831450106297369
72, 18, 0.3801020100080234
80, 15, 0.4218979347165596
5, 30, 0.1927009258126795
66, 20, 0.03762101068270874
40, 26, -0.05759138963605334
75, 17, -0.2614803142250575
34, 27, -0.456468796190943
93, 8, 0.4326749862449967
18, 29, -0.05248515634241917
90, 10, -0.4038618273714086
59, 22, -0.5739108001328049
55, 23, 1.438949523728527
27, 28, 1.423332768158407
100, 1, 0.6947632809503942
6, 30, 0.5666968323550928
46, 25, -1.362032517131176
63, 21, 0.230852967709004
78, 16, 0.5565176360392463
7, 30, 0.5251188202150586
51, 24, -0.09669584195510471
19, 29, 0.4838423378188907
97, 5, -0.6485469718499786
98, 4, 0.2671848864066719
92, 9, 0.8362929216757258
41, 26, -0.3723524427541008
96, 6, 0.1799247704027032
85, 13, -0.0688557853380905
35, 27, 0.3558014686210941
28, 28, -0.06389192392673375
99, 3, -0.6551555667532651
87, 12, -0.5932129079759725
101, 0, -0.4339700647996219
70, 19, -0.1219218812955672
8, 30, 1.056728289447884
83, 14, 0.1913270251377286
73, 18, 0.5522856643478884
95, 7, -0.2838021652790386
67, 20, -0.8973894486511674
89, 11, 0.3601899055472282
20, 29, 0.2664199893014543
56, 23, -0.1795065189453644
100, 2, 0.6644040854826758
60, 22, 0.6756764743122006
76, 17, -0.1974562766039491
81, 15, -0.5745026659221378
9, 30, 0.3012762457474384
47, 25, 0.4008761763137993
29, 28, 0.09225742118491011
36, 27, -0.007074841080997827
52, 24, -0.01071185866938616
91, 10, 0.002968122696048773
64, 21, 0.009087989501708638
94, 8, 0.2063229812284058
42, 26, 0.4044883683518459
10, 30, 0.6211195590527072
21, 29, 0.4757660414206012
101, 1, 0.8588701670695469
79, 16, 0.4492333339813309
-15, 31, 0.3090582469476572
-14, 31, -0.538088130073319
-13, 31, -0.536247967952717
-12, 31, -1.141465536656802
-11, 31, 0.2417649654611726
11, 30, -0.3670207336534433
-10, 31, 0.2236412792554674
71, 19, 0.450993678602653
30, 28, -1.075850253177141
98, 5, 0.6647803641012118
74, 18, 0.2495190829009531
-9, 31, -0.001029462926398963
99, 4, -0.005038173267689881
86, 13, -0.005645984973165489
22, 29, -0.001111869636796015
93, 9, -0.2502835309290211
57, 23, -0.273456656469687
48, 25, -0.08261587451431203
88, 12, 0.2877251892248158
68, 20, 0.2959493930852954
97, 6, 0.01431638716398844
61, 22, -0.7350967307762968
37, 27, 0.03627128150460995
-8, 31, 0.9539837704404206
84, 14, -0.5963262901183348
100, 3, -0.5396942450118296
43, 26, -1.022100682645464
-7, 31, -0.339084413475157
102, 0, -0.02417906121173536
12, 30, -0.113396419050011
77, 17, -0.7926447960288817
53, 24, -0.6102336817811418
-6, 31, -0.6802864231111112
90, 11, 0.57623156298147
96, 7, 0.7879284774048925
82, 15, -0.2749031431171565
-5, 31, 0.2334900058349727
65, 21, 0.2923894944783548
101, 2, 0.8811911359945074
23, 29, 0.5688115346634209
31, 28, 0.4528280206466888
13, 30, -0.7391021033712079
-4, 31, 0.8303883571542801
92, 10, 0.3802016089338973
-3, 31, -0.1820778754994182
95, 8, 0.3855264502429765
38, 27, 1.028272442516628
80, 16, -0.002585273167300318
49, 25, 0.8507643687183761
-2, 31, -0.4568257108199456
44, 26, -0.1223576674345114
14, 30, -0.05047888249942298
102, 1, -0.5950354696646494
58, 23, -0.3874936416832514
72, 19, -0.1038709849817154
24, 29, 0.1367729892885966
62, 22, 0.583312706990699
75, 18, -0.5446665542042989
69, 20, 0.763048293831194
-1, 31, -0.7744173294057277
32, 28, 0.1903025822371104
54, 24, 0.8148083125247508
87, 13, 0.04112225805749541
99, 5, -0.4119350455043722
85, 14, -0.4790367859529754
0, 31, -0.03261456244566282
94, 9, 0.200993349843601
89, 12, -0.6926787088848821
15, 30, -0.3799033037731669
100, 4, -0.004999451043314887
98, 6, -0.9120352374984504
78, 17, -0.1007065436618788
66, 21, -0.1797100634946558
39, 27, -0.1564783774950122
25, 29, 0.1681077084735012
101, 3, 0.05568788181144441
1, 31, -0.10873895849038
103, 0, -0.180858449490399
83, 15, -0.2313037631767355
91, 11, -0.07374010756256838
50, 25, -0.09242314395653842
97, 7, 0.7566207819219993
45, 26, 0.8822313872031697
16, 30, -0.3050096579831102
33, 28, -1.425745042707453
2, 31, -1.470367792073214
102, 2, -0.4634624861930982
59, 23, -0.5082809928979589
81, 16, 0.2148465814113231
3, 31, -0.311037062702447
93, 10, 0.8895305026097995
63, 22, 0.817541208054904
55, 24, 1.954689313176545
26, 29, 1.936571184697158
73, 19, -0.8175607409088831
96, 8, -0.1568537224103057
40, 27, 0.2381023786755946
17, 30, 0.3025795514207792
70, 20, 0.2329518108958396
76, 18, -0.8850114190972656
4, 31, 1.234854245022134
103, 1, -1.448085148808398
34, 28, 1.01164096286862
88, 13, -0.4242565219749407
67, 21, -0.4380460960132812
46, 26, 0.4789565475627576
51, 25, -0.5372309934313528
5, 31, 0.745163616430725
86, 14, -0.9777013514277204
79, 17, 0.4885640298470462
27, 29, -0.4990221039399904
90, 12, -0.2383183925504312
18, 30, -0.2865261835845472
95, 9, -0.7260717706932245
100, 5, 0.1212781688439994
101, 4, -0.2789194001965641
99, 6, -0.1777192911131369
84, 15, -0.2865089766999559
6, 31, -0.7225989781531811
60, 23, -0.6655503999770007
92, 11, -0.311368237467022
41, 27, 0.05520197365821872
102, 3, -0.4743322154726772
104, 0, 1.492733094159221
56, 24, 0.4551964511532283
64, 22, 0.09005874633802366
98, 7, -0.9283754833600367
35, 28, -0.702583404255138
19, 30, 0.0250241940682937
7, 31, -1.143794321524511
28, 29, -0.1987686867961852
82, 16, 0.03616793126711942
74, 19, -1.081268600681245
103, 2, -0.1038114244304502
71, 20, 0.4549443384094281