d = 43, symClass = C, D = 11.175781, Y = 0.09114036537000927
[11.65700787647046, 11.65700787692869], 11.65700787669881
1, 0, 1
2, 0, -1.851668025393666
3, 0, 1.992109921255377
0, 1, 0.08324950547237873
1, 1, -0.2025936975902958
4, 0, 2.428674475998514
2, 1, -1.043633732431126
3, 1, 0.7344850777127895
5, 0, -0.1015749975811822
4, 1, 0.8539297355187526
6, 0, -3.688726244088496
5, 1, -0.05037938900877427
-1, 2, 3.944696369783753e-12
0, 2, -0.1541504473362711
1, 2, -1.457710713090935
7, 0, -0.2150171084736787
2, 2, 0.3751362719677733
6, 1, 1.251936765659629
3, 2, -1.158142224940783
8, 0, -2.645430845463411
7, 1, 1.427903250241389
4, 2, 1.932463212339138
5, 2, -0.6169062779668424
9, 0, 2.96850193827537
8, 1, 1.306212890341928
6, 2, -1.360022533526268
-1, 3, -0.847751075374917
0, 3, 0.1658421656364574
10, 0, 0.1880831751151049
9, 1, 1.178706189174527
1, 3, 0.6480767648039922
7, 2, 0.8281542581133416
2, 3, -1.878959865402927
3, 3, -0.4035889150682539
11, 0, 0.006930480129449749
10, 1, 0.9930695198684513
8, 2, -1.581194386881151
4, 3, -0.8134284164718147
5, 3, 0.6795816495422505
11, 1, -0.01686582513257683
9, 2, 0.01686582508987412
12, 0, 4.838186518836721
6, 3, -2.079033112355241
10, 2, 0.09328590379765295
12, 1, 1.25303389942591
13, 0, 0.04104420638265804
7, 3, 0.9589557937402754
-2, 4, -5.630772285214754e-12
-1, 4, -0.2475640337242645
0, 4, 0.2021859488529682
1, 4, 1.064806493529147
11, 2, -0.08688199201847935
8, 3, 0.08688199211354512
2, 4, 2.699196317211705
13, 1, -0.3835097495101558
14, 0, 0.3981403047331815
3, 4, -0.6880749638244467
9, 3, 1.463175010378058
4, 4, -0.4920341424227985
12, 2, -2.31817127853683
14, 1, 0.2114336167825984
5, 4, -0.2114336167755224
15, 0, -0.2023485603115195
10, 3, -0.9281809374823666
6, 4, 2.144494926541721
13, 2, -1.049025376526719
15, 1, -0.5576852183202746
11, 3, 0.0611455194950343
7, 4, -0.06114551952551062
16, 0, 2.469785233646546
14, 2, -2.644002791549394
-2, 5, -0.2291511145674419
-1, 5, -0.6258829692240019
8, 4, -2.53464660784511
0, 5, -0.008456068264519619
12, 3, 1.701121897978009
1, 5, -1.541629556967565
16, 1, 0.07797804849806202
17, 0, 1.089171367368777
2, 5, -0.08917136714791435
9, 4, -0.8122505142924401
15, 2, -0.1488020477193406
3, 5, 0.1488020477882205
13, 3, 0.2884796864219745
4, 5, -0.7492120523280746
10, 4, 1.14230562944197
17, 1, 0.2258329161132914
18, 0, -5.496680122094197
5, 5, 0.02057845435906724
16, 2, -2.41867264330857
14, 3, 1.512616392579135
11, 4, 0.07108922808459368
6, 5, -0.0710892281093463
18, 1, -1.626250834443685
7, 5, 0.3809035444218192
19, 0, 1.548887071098812
17, 2, -0.3401713045015928
12, 4, 1.78382516120169
15, 3, -0.1003612806565185
8, 5, -0.8005795558767469
-3, 6, 4.180307506901873e-12
-2, 6, 1.569753559631622
-1, 6, 0.7665334030625947
19, 1, -0.7665334029958566
0, 6, -0.3070846353940411
13, 4, -1.405115912057722
20, 0, -0.2466926039544064
9, 5, -0.3082742626467077
1, 6, 0.1730007825724245
16, 3, -0.1730007825733244
18, 2, -2.182572561640113
2, 6, -1.200023023290792
3, 6, -2.903919973606691
10, 5, 0.1060070937780715
14, 4, -1.533466759755628
20, 1, 1.194502210763726
4, 6, 3.479209903455871
17, 3, 0.1674127866551784
21, 0, -0.4283377151092274
19, 2, 0.445114729889627
11, 5, -0.004194059202020142
5, 6, 0.00419405918929179
15, 4, 1.617259553147584
6, 6, 0.7473126893024544
21, 1, 1.190993503134537e-11
18, 3, 2.493995651555792
12, 5, 0.5500622732633009
22, 0, -0.01283294846693328
20, 2, -1.838835076883889
7, 6, -1.30175369020088
16, 4, 2.073917352551973
8, 6, 1.506199389701374
13, 5, -0.5642875539641765
22, 1, -0.1213536958055803
19, 3, 0.1213536957783478
21, 2, -0.8911898768453165
-3, 7, -0.8911898768967356
23, 0, 0.539468329436838
-2, 7, -0.4605316706121502
9, 6, -2.307146616397341
17, 4, 0.01020654661209262
-1, 7, -0.01020654670834555
0, 7, -0.01790006781782626
14, 5, 0.6863244161563827
1, 7, 1.871559826552879
10, 6, -1.258359610986817
2, 7, 1.88789237627545
20, 3, -1.107951746010159e-10
23, 1, -1.148677014846116
3, 7, 0.3876130265392876
22, 2, 0.03122990897712587
18, 4, -0.03122990889449939
15, 5, -0.0746053202740917
24, 0, -5.269989033357315
11, 6, 0.1042231162074743
4, 7, -0.1042231151137671
5, 7, 1.584025631210369
21, 3, 2.844540231167247
24, 1, 0.295323003469293
16, 5, -0.2953230034536083
12, 6, 3.849679137462549
19, 4, -1.039176751798561
6, 7, -0.5538315625226075
23, 2, -1.727236074639692
25, 0, -0.9896825199074815
7, 7, 0.04356111095820563
13, 6, -0.9704206817519582
22, 3, -0.09641476736699293
17, 5, 0.0964147673425008
20, 4, -0.1223551361814415
8, 7, 0.1156514324444713
25, 1, -0.8054733758207574
24, 2, -2.320202806274259
26, 0, -0.07600024449514074
14, 6, -1.775667780841115
9, 7, 1.07632174617717
-4, 8, -3.785376849608614e-12
-3, 8, 0.2536344985268593
18, 5, -0.2536344985278384
-2, 8, 0.4584064054226603
23, 3, 0.05257762979612812
-1, 8, 0.05257762987201246
21, 4, -0.2371336878131478
0, 8, -0.2202308094234712
10, 7, 1.027331568270258
15, 6, -1.228945116827691
1, 8, 0.6271986480796049
26, 1, 0.6271986481211984
25, 2, -0.7002773223109952
2, 8, -1.97166813713196
27, 0, 3.921472240928143
19, 5, -7.976735429617369e-12
11, 7, 0.1188722394051096
3, 8, -0.1188722394186924
24, 3, 2.602119657983629
22, 4, 0.1608766066402938
16, 6, -0.1608766065991168
4, 8, -3.540304801734348
27, 1, 0.2346323156642649
12, 7, -0.234632315683746
5, 8, -0.5546105499446543
26, 2, 0.7101327405369819
20, 5, -0.08673791079328476
28, 0, -0.5222065633442793
17, 6, 1.400036677083134
6, 8, 1.274086409161224
23, 4, 1.494856496212305
25, 3, 1.521316071954133
13, 7, -1.52131607206352
7, 8, 0.7022341787176807
21, 5, -0.5654462083764796
28, 1, -0.06145174360585258
27, 2, -0.1467191203906931
18, 6, -2.709314382066212
8, 8, 0.5359476168369971
14, 7, 0.224399107477236
29, 0, 1.985782523615784
24, 4, 3.040546867982083
26, 3, 0.7319327907278436
9, 8, 0.9642745024680388
22, 5, -0.05135714241449047
15, 7, 0.05135714244536599
-4, 9, -0.289284199298311
19, 6, -0.2892841992927261
-3, 9, -1.688813327918217
-2, 9, -1.060378382002123
29, 1, 0.9806132148399447
-1, 9, 0.7308816718059004
28, 2, -0.3915048676688803
10, 8, 0.3915048676677206
0, 9, 0.2471263180725413
30, 0, 0.3746823591921337
1, 9, -1.306563439214313
25, 4, -1.306563439395175
16, 7, -1.722644667939389
27, 3, 2.348112293561658
2, 9, -0.1087415770347855
11, 8, 0.108741577039559
20, 6, 1.718682963618749
23, 5, -0.6181596161249968
3, 9, 1.291040152768955
30, 1, -1.93517959922226
4, 9, -0.03700290951905836
29, 2, -0.03700290949789822
12, 8, -2.812750460816931
17, 7, 1.82517717148107
26, 4, 1.942446747354258
5, 9, -0.2708040071079655
31, 0, 0.7291959930193378
21, 6, 1.649774313958202
28, 3, -0.9144946167109179
24, 5, -0.3627343850080336
13, 8, 0.3705684379420177
6, 9, -3.743094589223712
18, 7, 3.095772768848172e-11
7, 9, -1.208676292702359
31, 1, 1.208676292629754
30, 2, 1.032647886838191
22, 6, -0.1132212032687017
14, 8, 0.1132212032046842
27, 4, -0.6286476284029777
32, 0, -1.927791500851029
25, 5, 0.005117286033028219
29, 3, 0.1249813238805889
8, 9, -0.1249813240691406
19, 7, 0.4655398692467288
15, 8, 0.8170304476384744
9, 9, -0.6013997835170184
23, 6, 1.829298690537056
32, 1, -0.07057485752011804
31, 2, 0.07057485816372551
28, 4, 3.467912177820152
-5, 10, -1.930948738680195e-11
-4, 10, 0.4243117920036741
20, 7, -0.2646304993394969
-3, 10, -0.2646304995418785
26, 5, -1.070666766587794
10, 9, 1.070666766713685
-2, 10, 1.158927481507613
16, 8, 2.7608608666897
33, 0, 0.01380627805603989
30, 3, 1.978303642915786
-1, 10, -0.3870809990626162
0, 10, 0.01565783140988135
11, 9, 0.09812670718435944
1, 10, -0.09812670730537644
24, 6, -3.149913025537198
2, 10, 2.854586157388851
21, 7, -0.1579268575464368
17, 8, 1.451607187694252
32, 2, -0.1443894591546793
33, 1, 0.05395207006106937
29, 4, -0.05395207010699282
27, 5, -1.490207998442036
3, 10, -1.490207998433192
12, 9, -1.620438818790167
31, 3, -1.544585190156857
34, 0, -2.016783795084267
4, 10, 0.1651157692358759
25, 6, -0.4764280803695227
18, 8, 1.504018305801424
5, 10, 0.1480669620672628
22, 7, 0.06894343241225824
13, 9, -0.06894343233642043
30, 4, 0.2755319938967959
6, 10, -0.2755319939198581
33, 2, -0.1564224794922109
28, 5, 0.1564224794102727
34, 1, 0.04302100273567984
14, 9, 1.157305156831413
19, 8, -1.573741851759441
32, 3, 0.9195288725532723
7, 10, 0.9195288726438333
35, 0, 0.0218403622973261
26, 6, -0.5341686113385614
23, 7, -0.1913952038689933
8, 10, 1.38729200155553
15, 9, 1.353801346305958
31, 4, 0.1717490250767257
29, 5, -0.1717490250629707
20, 8, -1.498264531265268
34, 2, -0.4181675896785246
35, 1, -0.0430204583411177
9, 10, -0.04302045833533651
24, 7, 0.1157714211482195
33, 3, -0.03359857753636854
27, 6, 0.03359857756213734
16, 9, -1.237985949983973
36, 0, 7.209524888607001
10, 10, -0.03810446594348599
-5, 11, -1.503904077267211
-4, 11, 1.830753780751493
-3, 11, 0.09317212407998955
21, 8, -0.2387984452363528
-2, 11, -0.2387984452662805
-1, 11, 1.651194819698184
30, 5, -0.1271654739155771
32, 4, 3.172365906674212
0, 11, -0.0826725463494649
11, 10, 0.1659220517759464
17, 9, 7.596176818284593e-12
35, 2, -0.131296268104575
25, 7, 0.1312962681390291
36, 1, 0.6438242012465453
1, 11, -0.6438242014193257
28, 6, -2.80086340875732
34, 3, -0.8506381820595993
2, 11, 0.8506381820751713
22, 8, -0.131633650664138
12, 10, 0.1316336506501346
37, 0, 0.3542108388345196
3, 11, 0.4583349224654271
18, 9, -3.098028757146816
31, 5, -0.1677788334161287
4, 11, 0.1677788333996928
33, 4, -0.06771751336051045
26, 7, 0.06771751338209564
13, 10, -1.442357052574143
29, 6, -1.363207833866568
5, 11, -1.363207833989547
36, 2, 3.011276671088212
37, 1, 0.3806654268161055
23, 8, -0.3806654268183109
19, 9, -0.8759695121655412
35, 3, 0.1797266782495366
6, 11, 0.4189327098160142
14, 10, -0.7053069138283413
38, 0, -2.868024664443142
27, 7, -1.244782523373621
7, 11, 1.24478252335713
32, 5, -1.145960012409089
34, 4, 0.629884327742003
20, 9, 0.6941818758214032
24, 8, -1.943029480174492
15, 10, 0.1176382936549098
30, 6, 0.185835774387986
8, 11, 0.3969709297477812
37, 2, 0.9874595439137275
38, 1, -0.1514677300153284
36, 3, 2.49618126267648
9, 11, 0.1931853999782068
16, 10, 1.482407565279243
28, 7, -0.1836095025707583
39, 0, 0.08176457058791899
21, 9, 1.91034535068625
33, 5, 0.05657483623307395
25, 8, -0.05657483617866348
35, 4, 1.048773629627353
10, 11, 1.048773629665811
31, 6, 1.080789039690676
-6, 12, -1.74012552614175e-12
-5, 12, -1.734097496927557
-4, 12, -2.058911398457279
-3, 12, -0.4931747677180143
17, 10, -1.931204108975777
-2, 12, -1.419365392656373
38, 2, 1.419365392690018
39, 1, -0.8031028993559017
22, 9, -0.2011896260970984
11, 11, -0.001404071565563841
-1, 12, -0.2011896260907344
37, 3, -0.4608906861119809
29, 7, 1.485634937638148
0, 12, 0.4027766346679831
26, 8, 2.601808206205864
1, 12, 0.6302703462037778
40, 0, 0.2687096316298072
34, 5, -1.407920448400861
18, 10, 0.570821595190002
12, 11, 1.007810464601645
2, 12, -0.3203400175229895
32, 6, 0.3203400175339176
36, 4, 2.862693636073003
23, 9, -0.1040888097905957
3, 12, 2.121211579975824
39, 2, 1.069066030961417
13, 11, 1.069066031004642
4, 12, 1.573967496893803
30, 7, 0.8847416188249707
27, 8, -0.8847416187975604
40, 1, 0.1647954705906402
19, 10, -0.1647954706369739
38, 3, -1.806193702351544
5, 12, -0.5539567014088155
35, 5, -0.1450392691544985
41, 0, 0.002538082692884563
14, 11, -0.997461917267647
33, 6, -0.1730784782911856
24, 9, 0.1730784783578968
6, 12, 5.377095762964872
37, 4, 0.04713605982118158
20, 10, -0.1962899459630814
28, 8, 2.011317108708742
31, 7, -1.230137539414539
7, 12, -1.230137539486503
15, 11, -1.557467806472835
40, 2, -2.211821549854252
41, 1, 1.801866772855417
39, 3, -0.7639935769562576
25, 9, 0.1126034926375135
8, 12, -4.563381866117717
36, 5, -0.6763547727748996
21, 10, 0.6763547729185877
34, 6, -0.3099929040335835
16, 11, -2.200309900482536e-11
42, 0, 0.7931392511167713
38, 4, -0.8242047128431127
9, 12, -1.370720961589713
29, 8, 0.3207641068430521
32, 7, 0.4550916834696501
26, 9, 0.1561199739017929
22, 10, 0.007766005409134403
10, 12, -0.007766005409321568
41, 2, -0.137678959205208
17, 11, 0.1376789592055479
42, 1, -0.4531084555141939
-6, 13, 0.4531084555389649
-5, 13, 0.864289719257454
40, 3, -0.8642897193820532
-4, 13, 0.1238934414029778
37, 5, -0.988972083576649
-3, 13, 0.9889720835861771
35, 6, 0.07129352762743771
11, 12, 0.1043144523437834
-2, 13, -0.1043144522444799
30, 8, -2.994627803211534
-1, 13, -0.6492401442532407
43, 0, 0.999999999933509
39, 4, 1.960945897122411
18, 11, -1.96094589728409
33, 7, 0.07983259560496798
23, 10, -0.07983259555088071
0, 13, 0.003416909980195075
27, 9, 2.180320376797297
12, 12, -0.9801860966014444
1, 13, -1.498907447658476
2, 13, 0.7744269828596567
42, 2, 8.946735655630053e-12
19, 11, -0.6266413290240253
43, 1, -0.02060958346989655
41, 3, 0.02060958342588229
3, 13, 0.8939356946306832
36, 6, -4.618052003060731
38, 5, 0.959393876230945
13, 12, 0.9593938763033731
31, 8, 1.582928158688411
24, 10, -1.018532723332483
4, 13, -0.07343857508728524
28, 9, 0.07343857495885439
34, 7, -0.5341728130698229
44, 0, 0.01683188042902415
40, 4, 2.411842595587682
14, 12, 2.410415684873142
5, 13, 0.1488821377005038
20, 11, 1.062375876783983
6, 13, -1.642719971216475
25, 10, 0.06266225368146681
43, 2, 0.3658686346042783
32, 8, -2.259012061849867
37, 6, -0.7676715195106473
42, 3, 0.4211990056795536
15, 12, -0.4211990056638897
44, 1, 0.08864461375132215
39, 5, -0.0886446137955622
29, 9, 0.6504914809561135
7, 13, 1.607607530239272
21, 11, -1.049136603242467
35, 7, 0.01083242995079126
41, 4, 3.715317109561406e-11
45, 0, -0.3015255764252943
8, 13, -0.2504793298874439
16, 12, -1.975552833460126
26, 10, 1.044873220160926
33, 8, -1.036400848705141
22, 11, -0.007232884184047771
9, 13, -1.036400850941267
30, 9, -1.849038454161913
44, 2, 0.2247067590612382
38, 6, -0.2247067586673085
40, 5, -0.1326785710305608
43, 3, 1.219329044614346
17, 12, 1.219329044334512
45, 1, 0.2975968576328182
36, 7, 0.6647072721063503
10, 13, 1.533245736909331
27, 10, 1.165625151026915
-7, 14, 2.474462445884333e-11
42, 4, 1.650187799349413
-6, 14, 1.650187799550411
-5, 14, -0.9683978738659149
23, 11, -0.026710983982162
46, 0, -0.9989162560031917
-4, 14, 0.8527517692478841
11, 13, -0.03192699676388421
-3, 14, 0.03192699699201936
18, 12, 4.272069619030209
31, 9, 0.5208056241121207
34, 8, -0.01889913617627156
-2, 14, 0.01889913630631414
-1, 14, 1.083000468868118
39, 6, -2.089773860250645
0, 14, 0.0331449836232821
45, 2, 0.8489213342097032
12, 13, -0.8489213341982899
41, 5, -0.557280234342389
28, 10, -1.270844976354395
44, 3, -0.05728190035564604
37, 7, 0.05728190044290772
24, 11, -0.2538567710113442
1, 14, -0.2538567711148167
46, 1, -0.06307180926178091
19, 12, -0.06307180933289527
2, 14, -3.465507488123275
43, 4, -0.3968720977149304
13, 13, 0.1942784001019827
32, 9, 0.03766822451586035
3, 14, -1.875150272478588
47, 0, 2.124920522633611
35, 8, -1.124920522638553
20, 12, 1.650482606309383
4, 14, -3.495749948237485
29, 10, -0.6226605143843014
25, 11, 0.622660514490927
40, 6, 9.063376729035096e-12
14, 13, 0.9653328178140619
42, 5, 0.05015491295982104
38, 7, -0.05015491300032632
5, 14, 0.6964308063319377
46, 2, 2.126968499638019
45, 3, -1.110970256284376
47, 1, -1.522500864453898
6, 14, -0.7177306477047942
33, 9, 0.1218085959697426
21, 12, -0.1218085959026565
15, 13, 1.164915413524672e-11
44, 4, -0.04096159896929749
36, 8, 0.04096159901838504
26, 11, -1.43538785221603
30, 10, 0.1381442855233947
7, 14, 0.3134327426561068
48, 0, 4.920083667118742
41, 6, 0.8657421069290746
16, 13, 0.8657421068881136
22, 12, -0.1929866123691004
8, 14, 0.1929866122803822
39, 7, -0.06191568711851309
43, 5, -0.757226837629983
47, 2, -0.5808917782113232
46, 3, -0.2157230847419327
34, 9, 0.2157230847973102
27, 11, 0.6238715878776303
48, 1, -0.7092343334143013
9, 14, 0.7092343331146738
37, 8, 0.4760027129523192
17, 13, -0.4760027129125661
31, 10, 1.759278135835691
45, 4, 0.1485907867503169
23, 12, 0.9355887922715578
10, 14, -2.93308961237399
49, 0, -0.9537676432572882
42, 6, -5.267144192674301
18, 13, -0.1019701570040477
40, 7, 0.05834649770198472
-7, 15, 0.0583464976643683
-6, 15, -0.4564942089490533
28, 11, 0.8823874428589005
-5, 15, 0.08611031340960217
44, 5, -0.01760174403410695
35, 9, 0.01760174403922468
11, 14, 0.01760174399201831
-4, 15, -0.01760174400707912
-3, 15, -1.246827672499712
48, 2, -0.546840162531144
32, 10, 0.5468401625449194
24, 12, -5.049294654114701
47, 3, -0.5267946147005502
-2, 15, -0.5267946146294666
38, 8, 1.924210363917979
49, 1, 0.6082669446480338
-1, 15, 0.6082669446720147
19, 13, 1.178006172382551
12, 14, 1.025512195656279
0, 15, -0.01684541755941769
46, 4, 3.198267811689881
29, 11, -1.824961635129279
1, 15, 1.82496163522404
50, 0, 1.832563477310875
43, 6, 0.9948798525864702
41, 7, -1.380067982773739
13, 14, 1.380067982659134
25, 12, 0.07769665822800711
2, 15, 0.07769665829691011
36, 9, 2.534892074545573
33, 10, -0.07727060402662854
20, 13, 0.07727060401147734
45, 5, -0.1197270782956408
3, 15, -3.071095535230225
39, 8, -2.26291193886929e-12
49, 2, 1.569135909009386
48, 3, 0.1553408441328497
14, 14, -0.08066071654346903
4, 15, 1.654098485415696
50, 1, 0.1393996511590128
30, 11, -0.1393996511973193
26, 12, 1.796896947600513
47, 4, 1.11541402778356
21, 13, 1.115414027752437
5, 15, -0.06582839580162883
15, 14, 1.709209225770068
37, 9, 0.8861151214059262
44, 6, 0.1785281419235357
34, 10, -0.1785281419211576
42, 7, -0.2691878233940397
51, 0, 2.16974908664
6, 15, -0.1776391651490183
46, 5, 0.2160399127044974
40, 8, 0.1332751895919615
22, 13, -0.08733084380124476
7, 15, 0.08733084381957278
31, 11, -0.4923831272666656
16, 14, -0.2141480594225971
27, 12, -1.6180923079689
50, 2, 1.491469295113464
49, 3, -1.348631036615917
8, 15, -0.6830491614508518
51, 1, 0.828469238028704
48, 4, 3.043211448957868
35, 10, -0.08411976672563999
38, 9, -1.098895191356349
17, 14, -0.4613834217902777
23, 13, 1.06121048929864
43, 7, 1.120843005085033
45, 6, -0.2964300356131152
9, 15, 0.2964300356672431
52, 0, 0.09968301631470972
28, 12, 2.328991459706116
32, 11, 1.187554098578295
41, 8, -0.531241963603482
47, 5, 0.3617153013245509
10, 15, 0.1908553437196643
18, 14, -1.992990562419971
51, 2, -0.07193689331131801
24, 13, -0.07193689333696342
50, 3, -1.546814453286564
-8, 16, -2.408804000792012e-12
-7, 16, -0.9424159355677637
-6, 16, -0.4696468910860642
36, 10, 0.46964689108665
-5, 16, 0.04642701853791976
11, 15, -0.04642701854584267
39, 9, 0.5746832455151444
52, 1, 0.9600675670570646
-4, 16, -0.6012524498112557
49, 4, 1.688236328230526
29, 12, -1.688236328272259
-3, 16, -0.472097583194565
44, 7, 0.7293947435082093
33, 11, 0.005090334152407507
19, 14, 0.7293947435847513
46, 6, -0.09735631586668862
-2, 16, -0.097356315896222
12, 15, -1.492512762631687
-1, 16, -0.9858778607389705
42, 8, 0.4390928674157335
53, 0, 1.567345665082476
25, 13, 0.5673456649565196
0, 16, 0.2056083990208659
48, 5, -1.839609213391799
1, 16, 0.9956882194097804
20, 14, -1.902277016312482
37, 10, -1.307708445335091
13, 15, -1.307708445120594
30, 12, 2.275598377538766
40, 9, -0.3878522216815874
2, 16, -1.161363682182437
52, 2, -1.161363682201096
51, 3, 0.4498839926602006
34, 11, -0.4569906163403779
53, 1, -1.000798614174859
26, 13, -0.04283511827855206
3, 16, 1.000798614172458
50, 4, 1.296681126464461
45, 7, 1.074479346561572
14, 15, -8.897560458451658e-13
47, 6, -0.4298943742314462
21, 14, 0.249020392446899
4, 16, 2.586068352539507
43, 8, 0.4649057933406364
54, 0, -7.261264760335584
31, 12, -1.018590604048152
5, 16, 0.59745103371854
49, 5, -0.5974510336844556
38, 10, 8.054055296268521e-12
15, 15, 0.04099454302489082
27, 13, -0.6061300092114967
41, 9, 0.2583661764212521
35, 11, -0.2583661764929897
22, 14, -0.220111924681753
6, 16, 0.2201119246973736
53, 2, -0.01907671697788423
52, 3, 0.01907671692328206
16, 15, 1.176227617170196
7, 16, -0.1880436081573908
46, 7, 0.1880436081900882
54, 1, -0.05210444761267183
51, 4, 0.05210444761405746
48, 6, -4.818261768604859
44, 8, -0.2110080764614383
32, 12, 0.2110080764943005
28, 13, -0.7239198514031919
23, 14, 0.723919851364371
8, 16, 3.856272883602035
39, 10, 0.6123118734913481
17, 15, -1.683722120193791
36, 11, 0.2750864939131592
55, 0, -0.0007039635703299397
50, 5, -0.1008710339792486
42, 9, 3.01329812270125
9, 16, -1.039606628702527
53, 3, -0.3167384442767686
54, 2, -0.434461156772992
24, 14, 0.434461156796556
33, 12, 0.141617556579743
18, 15, -0.1416175565991914
10, 16, 1.026954621982751
47, 7, -1.111267974938293
29, 13, 1.111267974997284
52, 4, -0.9314203397919283
45, 8, 1.025539855081336
55, 1, -0.128339898127511
49, 6, 0.128339898131404
40, 10, 0.1606098159644198
-8, 17, -0.2125259298916646
37, 11, 0.2125259298702576
-7, 17, 1.096149528235794
11, 16, 0.00649163387196904
-6, 17, -0.006491633904273051
-5, 17, -1.167110384207058
19, 15, -1.48581549493162
-4, 17, -1.449920831090385
43, 9, -1.449920831133708
51, 5, 1.006532264213738
25, 14, 1.006532264144751
56, 0, 0.5688128913822978
-3, 17, -0.3414598022521078
34, 12, -2.592403149154558
-2, 17, 2.081469864895608
30, 13, -2.081469864873883
12, 16, -1.671110101523927
-1, 17, 1.092030965947821
20, 15, 0.08262398940879827
54, 3, -3.239670421446601
55, 2, -0.007423472223458051
48, 7, 0.007423472245552417
0, 17, 0.0906729774744616
46, 8, -2.767977976505337
41, 10, 0.6632360090367678
38, 11, 0.5534120202735368
13, 16, -0.5534120202477908
50, 6, -2.816972326838066
26, 14, 2.81697232691455
1, 17, -0.4991425807463503
53, 4, 0.4991425807047878
56, 1, 1.744267894267912
2, 17, -1.150460645104504
44, 9, -0.06761945349659612
31, 13, 0.06761945349079207
35, 12, 1.82825163150739
21, 15, 0.7588017298085307
14, 16, -1.300304574979841
52, 5, 0.03107936130948215
3, 17, 0.03107936129171947
57, 0, 3.085553301188791
27, 14, 0.1129835105174559
4, 17, 0.1129835105472174
39, 11, 0.4002437111877752
15, 16, 0.4002437112607932
49, 7, -0.3070236280213537
42, 10, 1.047018664073967
55, 3, 0.01238769683791137
47, 8, -0.01238769683105595
22, 15, -0.0123876968437953
5, 17, 0.01238769683633898
56, 2, 0.1137882287177411
32, 13, 1.146560948423122
51, 6, -0.6776586307160039
54, 4, 0.2716751038544462
36, 12, 3.553575801265382
57, 1, 0.7071855464915022
6, 17, 0.7071855465026593
45, 9, -0.1495513138648052
16, 16, -0.5003629228163999
28, 14, -0.4155126523084329
7, 17, 0.0501280747680817
53, 5, 0.7180982423916475
23, 15, -0.7180982422684762
58, 0, -3.677010003994169
40, 11, -0.6117958002715513
33, 13, 0.02401579117421554
17, 16, -0.02401579119645297
8, 17, 1.604499700618604
43, 10, -1.604499700704325
50, 7, -1.28060534249364
48, 8, -3.311912136176581
37, 12, 5.22816714695071e-12
56, 3, -0.06580620733740748
29, 14, -0.06580620731237302
57, 2, 1.412177210882413
24, 15, -1.594842476010117
52, 6, -1.355296545336888
9, 17, -0.9387609884845465
55, 4, -0.0623715327799997
46, 9, 0.06237153277202091
18, 16, -1.785516263723399
58, 1, -1.530024051601823
10, 17, -1.018826631684578
34, 13, -0.7006609657594617
54, 5, -0.0894303681271322
41, 11, 0.3680728092166446
25, 15, -0.06902850432812491
44, 10, 0.09509637861397113
30, 14, -0.09509637857128861
59, 0, 1.341293412945247
19, 16, -0.3412934129245848
-9, 18, 1.229353168024148e-12
-8, 18, 0.5356583020328113
38, 12, 0.5356583019874492
11, 17, 0.01880047853112148
-7, 18, -0.01880047857259395
-6, 18, 3.127121639854612
51, 7, 0.04642457172187349
49, 8, -0.04642457171238907
-5, 18, 1.619141274388026
-4, 18, 1.963468744637934
57, 3, -1.527018797063145
-3, 18, 1.527018797125449
53, 6, 0.1267999450031372
47, 9, -0.126799945036829
58, 2, -1.815770135078959
12, 17, 0.5828872484614152
-2, 18, -1.353350221841414
56, 4, 0.5135034284806556
20, 16, -0.5135034284869014
35, 13, 1.393819686750988
26, 15, -0.9202933744105963
-1, 18, 0.4039136868854556
59, 1, 1.787644576588066
31, 14, 1.787644576609987
42, 11, 0.9855102010094661
0, 18, -0.4575959013921158
13, 17, 2.827261157979103e-12
39, 12, -2.799145348842196
55, 5, 0.001713146169141344
45, 10, -0.001713146125907535
1, 18, -0.6424629460654869
21, 16, 1.738620980248094
60, 0, -0.491438783751163
2, 18, 2.419321743528129
50, 8, 2.419321743698991
52, 7, -0.4758301726031565
27, 15, -0.6141162170632051
14, 17, -1.472109704864001
36, 13, -0.8021250035230511
48, 9, -0.3446365753767401
3, 18, 0.3446365753936523
32, 14, 3.189766050516355
54, 6, -4.347924453760103
58, 3, 0.9139649779674028
59, 2, 1.220941007090254
4, 18, 0.2013533012830525
22, 16, -0.2013533012553942
57, 4, 0.3123244323421526
43, 11, -0.3123244323329359
15, 17, 0.1835361005887383
40, 12, -2.254249351828328
60, 1, -1.002881062181987
46, 10, 1.144626395647176
28, 15, -0.01579786124213366
5, 18, -0.01579786127206732
56, 5, 0.1649668724244856
33, 14, 0.125924566542585
16, 17, -0.1259245665415256
6, 18, -2.390577770261672
37, 13, -0.2269817250033052
51, 8, 0.8992708901977378
23, 16, -0.8992708902297288
53, 7, 0.6532337553272095
61, 0, 1.217983436520788
49, 9, -0.5286731686423833
7, 18, -0.4393487424081201
55, 6, 0.8480115923641366
44, 11, 0.005918143122131809
29, 15, 0.8480115923849243
59, 3, 0.01806555700954632
41, 12, -0.01806555699224558
17, 17, -0.2206592546914472
60, 2, 3.583310186914904
8, 18, 0.06851710419077406
58, 4, 0.06851710424590542
24, 16, 3.063785165009349
47, 10, 0.5060481133270982
34, 14, -3.379622208919242
61, 1, 0.3715889763322428
38, 13, -1.486185604188249
9, 18, -4.327217076608147
57, 5, 0.1645568350716763
18, 17, -0.164556835107393
52, 8, -2.547741156364403
30, 15, 0.2111777833296688
54, 7, 0.5603558101784866
50, 9, 0.9203347010753513
25, 16, 0.9203347010339918
10, 18, 0.5014391209612478
62, 0, -1.350228904427015
45, 11, 0.5933853090948098
42, 12, -3.054834345981797
19, 17, 0.9829857296397889
56, 6, 1.69334044100459
35, 14, 0.1326454042513185
60, 3, 2.379579705045571
-9, 19, 0.5137486218959345
11, 18, -0.1353845776492276
-8, 19, 0.1353845776174199
48, 10, 0.6716636621759332
-7, 19, -0.7043387207441772
61, 2, 0.7043387206402687
39, 13, 0.03014635703193863
59, 4, 0.9686809359889481
-6, 19, -0.9686809361150261
-5, 19, 1.904080523481124
31, 15, -1.904080523553754
26, 16, -0.686169727632653
-4, 19, 0.3554541253470713
62, 1, 1.176878539188712
20, 17, 0.4626167964944173
-3, 19, 1.246994761408839
12, 18, 6.930968566639007
58, 5, 1.589576928185094
53, 8, -0.6946107124744375
-2, 19, 0.6946107124336391
55, 7, 0.0317100316291171
43, 12, -0.031710031627674
51, 9, 0.3335046732274679
-1, 19, -1.653715047062185
46, 11, -1.653715046989761
36, 14, -4.231481244223747e-12
13, 18, -0.1486289266701509
63, 0, -0.6382787034765514
0, 19, 0.1289440825608651
21, 17, -0.04270918122316995
27, 16, 0.04270918122209311
40, 13, -0.1818320884854719
32, 15, 0.1818320885257697
57, 6, 0.8867174693711939
49, 10, -0.05844416636657451
1, 19, 0.05844416633906805
61, 3, -0.8021309157912531
14, 18, 2.238067244128335
62, 2, -2.238067244149733
2, 19, 0.007095525349772121
60, 4, -1.354435855158943
3, 19, 0.02831909291879606
22, 17, -0.02831909289113183
63, 1, 0.1517856399515275
37, 14, -0.1517856399957899
44, 12, 0.1485025624070282
28, 16, -0.1485025623993799
59, 5, 0.2452851089030175
54, 8, 1.164046712241376
47, 11, 1.312982450287665
33, 15, -0.008355026921370674
15, 18, 0.008355026986049409
4, 19, 1.094798269000596
52, 9, 1.094798268867013
56, 7, -0.2808581188119607
41, 13, 0.8875298271271723
5, 19, 0.3423185465961191
64, 0, 1.09984464785553
23, 17, -1.453945644249943
50, 10, -0.00947551551373952
58, 6, -0.2314239213535084
16, 18, 0.2314239213640473
29, 16, -0.04575232547483164
6, 19, -0.0457523254983379
62, 3, -0.8446896523613208
38, 14, -0.8620252902752987
63, 2, -0.2213745010153348
61, 4, -0.05938249767681728
34, 15, -0.05938249762603241
45, 12, 3.221758801015931
7, 19, 0.90298275689202
17, 18, -1.684448835281468
48, 11, 0.7820844801321664
24, 17, -0.7820844801815082
55, 8, -0.06664785207416907
42, 13, 0.06664785206552608
64, 1, 1.367820002563224e-11
60, 5, -0.1272769152114473
53, 9, 1.230601589819924
57, 7, -0.7723276502743561
8, 19, -0.7723276503488029
30, 16, -1.51286915453904
51, 10, -1.616966124268185
18, 18, 1.113592750551904
39, 14, -0.03264971142910675
9, 19, 0.03264971140522428
65, 0, -0.004169065180748086
35, 15, -0.09740593241136694
25, 17, -0.8230898196245225
59, 6, 0.8480189255649171
46, 12, -3.387253895083608
63, 3, 2.045836920202619e-11
10, 19, -0.3273435267636559
43, 13, 0.582019105734232
19, 18, 0.5820191058905483
64, 2, 0.1306812073566331
62, 4, -0.1306812073302871
49, 11, -1.123649343210558
31, 16, 1.540487596939159
56, 8, -3.777419302242995
54, 9, 3.716376715116652
26, 17, 1.047146177643318
-10, 20, 4.866553812343108e-12
65, 1, 0.06381352657551438
61, 5, -0.06381352664508724
11, 19, -0.06381352663642353
-9, 20, 0.0638135266500356
-8, 20, -0.5565334633229283
58, 7, 0.580314978091507
-7, 20, -0.5803149781695067
36, 15, 1.095784511900871
40, 14, 0.4900078341177848
-6, 20, 0.4900078341039784
52, 10, 1.982519416944619
20, 18, -1.982519416937582
-5, 20, 0.02514631614624655
-4, 20, -1.520065992205432
12, 19, 2.994499598387507e-11
-3, 20, -1.617474720205431
32, 16, -2.577551181276466
66, 0, -0.02556464405834379
60, 6, -3.663161600082296
47, 12, 0.8732554825615346
-2, 20, 0.716745509131293
44, 13, -0.1169752046685624
27, 17, 0.116975204637859
50, 11, -0.3064465480374666
-1, 20, 0.3064465480554482
21, 18, -2.593236441114886
64, 3, -0.04172190550419708
13, 19, -0.04172190552641077
63, 4, 0.9178391826412959
65, 2, 1.635295941021363
37, 15, 1.635295941051194
0, 20, -0.02053703731030479
57, 8, 0.2613302618055721
55, 9, -0.02566367987397554
41, 14, 0.02566367985942496
1, 20, 1.174837203665568
62, 5, -1.336185513602393e-11
66, 1, 0.0144022296224889
59, 7, -0.01440222960655877
33, 16, -0.01440222959334858
14, 19, 0.01440222960835674
53, 10, -0.2816821882077526
28, 17, -0.2816821881447627
22, 18, -0.1816980862665487
2, 20, 0.1816980862616723
48, 12, 4.131471333592735
45, 13, 0.09466085000581592
3, 20, -0.09466084987099614
15, 19, 1.176306282379571
61, 6, -1.508985564669576
67, 0, 2.03890769179908
38, 15, 1.038907691744805
51, 11, -0.7921871488671849
4, 20, -3.744116356137814
23, 18, 0.5762325831726981
42, 14, 0.29242811256519
29, 17, 0.04287915962052122
34, 16, -2.687894614629498
65, 3, 0.009220622987564873
5, 20, -0.1081577170176557
64, 4, 0.1893832960694382
56, 9, -0.5053807931359811
16, 19, 0.5053807931454661
66, 2, -0.09990132303179869
58, 8, 0.09990132305459251
54, 10, 2.759370501614862
6, 20, 2.75937050163998
63, 5, 1.235775824287521
60, 7, -1.235775824410517
67, 1, -0.3595478629407785
24, 18, 3.000514747566779
49, 12, 0.2391498331617144
46, 13, -0.2391498331137528
39, 15, -1.124122834636513
17, 19, -0.6890970831193267
30, 17, 0.3294681697552649
7, 20, 0.3294681697850788
35, 16, 1.38911768769103e-11
52, 11, 0.6531925790655563
43, 14, -0.653192579263788
62, 6, 2.860059009049529
68, 0, 2.645242699476764
8, 20, -0.2165682235227135
18, 19, 1.809853254277673
25, 18, 0.2061733535309282
66, 3, -0.2417499014576729
57, 9, 0.2417499014955865
59, 8, -0.02776373173863805
65, 4, 0.7144652093347743
9, 20, -0.7144652093250639
67, 2, -0.07716865753565824
31, 17, 0.07716865753289108
55, 10, 0.008825038080480211
40, 15, -0.008825038082203489
47, 13, 0.7628517568680193
50, 12, 0.8821866427160145
61, 7, 2.323147141626165e-11
36, 16, -1.972692091812507
64, 5, -0.3659063815093129
19, 19, -0.3137947589774624
10, 20, -0.2741708592698531
68, 1, -0.4814507600982427
44, 14, -0.1276603491957981
26, 18, 0.1276603491919376
53, 11, 1.041707255001344
11, 20, 0.09944171819814872
-10, 21, -0.09944171817839886
63, 6, -1.775348195303596
-9, 21, -1.775348195392032
32, 17, -1.718212639289649
-8, 21, 1.718212639277757
20, 19, 0.7930742486235457
-7, 21, 0.1822809850426793
69, 0, 1.074680211161138
-6, 21, -0.9174297101383335
41, 15, 0.06891656234337495
-5, 21, 0.06891656239134965
58, 9, 1.608896608294097
37, 16, -1.608896608408763
27, 18, -3.437947439155199
-4, 21, -1.528198197038717
60, 8, -0.3613917353137987
12, 20, 0.3613917353009867
48, 13, 0.4013497762761333
67, 3, 1.524803870274086
66, 4, 0.2896425035295833
56, 10, -0.2896425035776848
51, 12, 0.02033256290130041
-3, 21, -0.02033256293705177
68, 2, -0.07966061519792036
45, 14, -0.08138052181251659
21, 19, -0.08138052181971238
-2, 21, -1.157562973614108
62, 7, -0.9582396724863113
65, 5, 0.03895500180270063
33, 17, 0.01393703165687122
13, 20, -0.01393703162612472
-1, 21, -1.496394400735752
69, 1, -0.9447084428326186
54, 11, 0.9447084427567952
0, 21, -0.03565890291874429
28, 18, -2.142944954340906
38, 16, 2.914047467058671
42, 15, 1.367233678479441
22, 19, 0.03705558104023345
1, 21, -0.03705558105245639
64, 6, -1.702662211680239
14, 20, -1.702662211740806
49, 13, -1.512780302811773
2, 21, -1.512780302870709
70, 0, -0.04044110044907575
59, 9, -0.05857002069585472
52, 12, 0.7006232512856132
61, 8, -0.9505714855382092
34, 17, -0.09306224673542794
46, 14, 0.3544003791707692
57, 10, -0.2941711588202814
3, 21, 3.728352898494808
15, 20, 0.06989121275968334
68, 3, 0.162192372478102
29, 18, -0.1621923724616108
67, 4, -0.09071021256937485
23, 19, -0.5777283264400408
69, 2, -1.567238384192756
63, 7, -0.2534419965709523
4, 21, -0.5099086285577931
66, 5, -0.05003023553748241
55, 11, -0.0003491534285700358
39, 16, -0.05003023559664928
43, 15, -0.1797695040345751
16, 20, -1.819592188654646
70, 1, 0.8476920357044132
5, 21, -0.8476920356521903
35, 17, -0.1237164441526552
24, 19, 1.144525653115572
30, 18, -2.506790665470494
50, 13, 0.007781252524802446
65, 6, 0.7358157055223585
6, 21, 3.760889132720189
47, 14, -1.882072880914224
53, 12, -1.207209333996423
17, 20, 1.207209334040213
60, 9, -1.566088398681892e-11
71, 0, 1.999936369159128
62, 8, -0.3180221779844721
58, 10, 0.3180221780347073
7, 21, -0.1393475921627872
40, 16, 1.631982896267535
69, 3, -2.288290877286718
44, 15, 0.1346360578141883
25, 19, -0.1346360578686572
68, 4, 0.5484746389944635
64, 7, -0.1552948364495601
56, 11, 0.1552948364712584
31, 18, 0.1552948364677796
8, 21, 0.1552948364304439
70, 2, 0.07965960703675669
18, 20, 0.07965960708912913
36, 17, -1.410593004993399
67, 5, 0.5937533403150098
9, 21, 0.7721677560085017
71, 1, 2.738979925028146
51, 13, -2.738979924939064
48, 14, -0.2143702385441691
26, 19, -1.061330739273418
19, 20, 1.0613307392658
66, 6, 0.06221341170596379
54, 12, -0.06221341169391639
41, 16, 1.193970012586409
61, 9, 0.2846676282534602
10, 21, -0.2846676282515548
32, 18, 2.292338999252982
59, 10, -0.9531627635473856
45, 15, -0.1486219981502636
63, 8, 1.070002906237656
37, 17, 1.070002906225361
72, 0, -7.852966591624933
20, 20, 0.04997836682298491
11, 21, 8.842750097368509e-12
-11, 22, -1.88240811261571e-12
-10, 22, 2.784731092789539
57, 11, 0.0409800266033075
-9, 22, -0.04098002661057504
70, 3, 0.3560504500613951
-8, 22, -3.389948237697348
69, 4, 0.06245442276752514
27, 19, -0.06245442275552925
65, 7, -0.3010671318776999
-7, 22, -0.3010671317897262
71, 2, 1.381792409281367
-6, 22, -0.17252384306844
-5, 22, 0.8188808672035648
68, 5, 0.8188808672324371
52, 13, 0.03504886828478951
49, 14, -0.1780673340230659
33, 18, 0.2076239044159544
12, 21, -0.2076239044665126
42, 16, 0.4421754456192799
-4, 22, 0.4421754456001047
21, 20, 0.5983718114281273
-3, 22, -0.6817350480078003
72, 1, -0.681735047985537
55, 12, 0.0457924121466481
38, 17, -0.04579241211096586
46, 15, -0.3122956903243314
-2, 22, -3.057464650962848
67, 6, 0.7819029705809444
28, 19, -0.7819029705259443
62, 9, -0.8808824793458967
13, 21, -0.8808824793737351
60, 10, 0.2354682418871858
-1, 22, -1.407252323396269
64, 8, -3.455495870500255
0, 22, 0.1530821105905101
22, 20, -0.3072325579667774
73, 0, 1.147592193888602
34, 18, 2.667911830262439e-11
58, 11, -0.6152594516565675
14, 21, 0.4040085173033342
1, 22, -1.035725341680761
71, 3, 1.475665613972361
43, 16, 1.475665614051145
70, 4, 0.2431171015120735
50, 14, -0.2431171015744098
66, 7, -0.1083703508130772
53, 13, 0.108370350788653
39, 17, -0.2114022898053945
29, 19, 0.2114022896922546
72, 2, -1.192148687446833
2, 22, 1.192148687517772
69, 5, 1.640053133028867
47, 15, -0.2356868489893415
23, 20, -0.2356868490994216
15, 21, 3.155553175176622
56, 12, 3.673652824391682
3, 22, 0.5780329032618119
73, 1, -0.5598023647463993
35, 18, 0.06768600476901587
63, 9, 4.238733565571155
68, 6, 1.575099522756293
4, 22, -1.575099522721133
61, 10, -0.2273802578156522
30, 19, 0.7701830870999309
16, 21, 0.856247879053293
65, 8, -0.4955593927221048
44, 16, 0.1726525937797403
24, 20, -0.1726525938294813
40, 17, 0.8113511287121258
5, 22, -0.8113511287840326
59, 11, 3.435985027915853e-11
51, 14, 1.043501532738742
74, 0, -0.6558808845203691
54, 13, 1.684911111232075
6, 22, -0.8486841207807333
67, 7, -0.7704934851539577
17, 21, -0.770493485150657
72, 3, 0.588315885033513
48, 15, -0.588315885000808
71, 4, -0.4145322287929422
36, 18, 5.736520790861581
57, 12, -2.070154317102229
73, 2, -1.45387883119499
31, 19, 0.8297608320283278
70, 5, -0.02147636908029225
25, 20, 0.02147636911415368
7, 22, -0.4689952535333926
18, 21, -1.103293350325018
41, 17, 0.4937224326253034
74, 1, 1.865145631455332
45, 16, 1.865145631510603
64, 9, 0.301074317930511
62, 10, 0.3106707010533585
8, 22, -0.3106707010728472
69, 6, -3.440844120703527
66, 8, 0.1253903542573555
52, 14, -0.1253903542443436
60, 11, -1.311157777466043
26, 20, 2.670766435149158
55, 13, -0.04697665972972572
37, 18, 0.04697665971662462
32, 19, -0.2419986197792603
9, 22, -0.2419986197831299
49, 15, 0.9092699272694583
19, 21, -0.9092699272466023
75, 0, -1.971556366732839
68, 7, -1.066511694199879
58, 12, 2.52420835778407
10, 22, 2.524208357905914
73, 3, -0.4286907203884348
72, 4, -3.949633892596924
42, 17, -1.809537756456299
74, 2, -0.7048659991180859
46, 16, 0.7048659991721786
27, 20, 0.2208737611360114
71, 5, 1.036796763239623
20, 21, 1.036796763305312
33, 19, -1.447608077822629
11, 22, -0.01010263524521849
-11, 23, 1.447608077841756
-10, 23, -0.5620245270314007
38, 18, 1.622004736861305
-9, 23, -1.319196683323133
-8, 23, -0.03423690828176682
63, 10, -0.03423690812101182
65, 9, 1.976580785253094
53, 14, -0.03391677542927332
-7, 23, 0.03391677551089407
75, 1, -0.8742308927627073
70, 6, -0.3327941435297672
-6, 23, -1.206092905320378
61, 11, 0.9818163164849749
56, 13, -0.9818163164988161
50, 15, 0.0942799764803956
67, 8, -1.578617491367336
-5, 23, -1.57861749152841
12, 22, -0.7757243036022899
21, 21, 0.08677852148722169
-4, 23, 0.5344965340983387
28, 20, 0.9250907158671463
43, 17, -0.09017743898029235
-3, 23, -0.0901774389344447
59, 12, -0.4096114709879197
34, 19, -0.4096114709317411
76, 0, 3.761742495675019
47, 16, -2.352338936492555
-2, 23, 2.352338936583331
13, 22, 0.9637049094277826
69, 7, -0.8060592846891701
39, 18, -1.933184668043636
74, 3, -0.07419111646311781
73, 4, 0.07419111653231698
22, 21, -0.07419111649002487
-1, 23, 0.07419111650957974
75, 2, -0.03833903376648905
72, 5, 0.03833903380462356
0, 23, 0.04491047159094796
29, 20, 0.9865649379909895
54, 14, 2.304923996926474
14, 22, -2.304923997007584
64, 10, 2.121937513171723
66, 9, -0.1920688146453789
51, 15, 0.1920688146112022
1, 23, 0.2790999544199228
57, 13, -0.4142811844969448
62, 11, -0.06082216327060116
35, 19, -0.02389926485497151
76, 1, -0.0008496900630817128
71, 6, 0.0008496900893871389
44, 17, 0.0008496899979030134
23, 21, -0.0008496899386240907
2, 23, -0.7649931547174893
68, 8, -0.8261653646769201
15, 22, -1.107393045247815
40, 18, -1.285394383204212
48, 16, 1.814020399256094
3, 23, -0.02804705678600682
30, 20, -0.2178270669147505
60, 12, -0.2437448807078703
4, 23, -1.045427810420932
77, 0, -0.001490171715850123
70, 7, -0.2135269367050877
24, 21, 0.2303903659191018
16, 22, -0.7350583775995376
74, 4, -1.828447263836114
75, 3, -1.604591503052257
55, 14, 0.05713616819944599
36, 19, -0.05713616815234647
5, 23, -1.365109408321109
52, 15, -1.365109408335347
73, 5, 1.185743316985687
45, 17, -1.185743317008606
76, 2, 0.2804679526005284
65, 10, 0.1065547500924822
58, 13, 5.753283561735126e-12
31, 20, -1.456908632031143
67, 9, -0.3274903788549539
41, 18, -0.3274903787859593
17, 22, 0.6498440927672343
6, 23, 0.3276465929357894
63, 11, -0.3276465929023867
49, 16, 1.697210228065751
25, 21, 1.697210227930782
72, 6, -4.622099029426717
77, 1, 0.1558064298272442
69, 8, -0.1558064300027214
7, 23, 1.109520982853498
61, 12, -0.3857857663056744
37, 19, 0.3597759781911691
18, 22, -0.3577152281384457
32, 20, -1.944347133145519
8, 23, -0.464190117886582
26, 21, -0.6299027205457673
56, 14, 0.3399838451572991
71, 7, -0.7505650662821165
46, 17, 0.7505650662839022
53, 15, 0.1005684822315046
78, 0, -0.1514008410112118
42, 18, -3.537325403112601
75, 4, 0.2083147864059554
76, 3, -0.3975237876904087
19, 22, 0.3975237876533065
59, 13, -0.5875676715801461
9, 23, 0.5875676716504892
66, 10, -0.1047578151761298
50, 16, 0.1047578152024842
74, 5, 0.5191159658673734
77, 2, 0.1571661064965218
68, 9, -0.1571661065299324
64, 11, 0.06905370343832812
38, 19, -1.616470794950237
27, 21, 2.144151229066759
33, 20, -4.157660530158647e-11
10, 23, -8.546616790934322e-11
73, 6, 0.2284996546695863
70, 8, -1.941980595907575
20, 22, -1.941980595853941
62, 12, -2.001262506813633
78, 1, -0.920285034360961
47, 17, -0.168308074142841
43, 18, 0.1683080741639417
-12, 24, -6.121038595470107e-12
11, 23, -0.09562679325973104
-11, 24, -0.09562679335962108
-10, 24, 3.210972887642789
54, 15, -0.5052678009269728
-9, 24, 0.5052678009623401
57, 14, -0.8697266115874238
-8, 24, 2.242666843787679
-7, 24, 1.761786725348746
28, 21, 0.1749010259700802
72, 7, -0.1114391499532194
21, 22, 0.1114391498156799
-6, 24, 0.9131959480880881
51, 16, -0.4597017012752717
39, 19, 0.4597017011753239
34, 20, 3.575948898950573
60, 13, 0.3550142481611688
12, 23, 0.3550142482440997
79, 0, 0.3805733558082282
-5, 24, 0.6194266442274099
-4, 24, 1.861660110732792
76, 4, -1.861660110766914
77, 3, 0.03226859280305108
67, 10, -0.03226859281884738
65, 11, 0.03207605901510582
-3, 24, 0.1047404178764316
69, 9, 0.1047404178870448
75, 5, 0.05664687471618596
78, 2, 1.487079959797981
13, 23, -1.92022292515246
44, 18, 0.3725363976287224
22, 22, 0.002599874449680141
-2, 24, 0.3725363976225139
48, 17, -0.6401701088222206
29, 21, 1.676497429944364
63, 12, -0.4723963721040409
-1, 24, 0.9591204150855898
71, 8, -0.9591204149185528
74, 6, 0.8534165466020225
55, 15, -0.006210855935195045
35, 20, 0.006210855911800188
79, 1, 0.2637270935838288
40, 19, -0.2637270935685563
58, 14, -2.750902711185568
0, 24, -0.4387239804413103
14, 23, 1.582932312257638
52, 16, -3.412569151112955
23, 22, 0.8545514125879602
1, 24, 0.7582888950148157
61, 13, 0.997421331494752
73, 7, -1.076561099605672
30, 21, 2.046557409406545
2, 24, -1.167051447356235
15, 23, -1.44993340235217
45, 18, -1.831287481701986
80, 0, -0.2508684291232349
68, 10, 2.607001276450446
77, 4, 1.243260242784765
66, 11, 0.008676522919927369
49, 17, 1.243260242731188
36, 20, -0.7486978332383336
3, 24, 1.249448649454231
78, 3, 1.249448649495178
70, 9, -1.560780562714573
24, 22, -1.866130412845406
76, 5, 2.176102758976441
41, 19, -2.176102758963034
79, 2, 0.8355118297698474
16, 23, -0.8355118299459361
4, 24, 0.420162584994867
64, 12, -0.4201625850364749
56, 15, 0.723248840789212
59, 14, -1.132303905001385
31, 21, 1.132303904921611
72, 8, -3.118185710387764
75, 6, -1.395029401310065
53, 16, -1.639047391938955
5, 24, 0.4613487439671706
80, 1, 1.087110679343273
25, 22, -1.210506515711392
17, 23, 1.210506515779792
46, 18, 0.1927379209190286
62, 13, 0.05727371305908041
37, 20, 0.05727371311475522
6, 24, -3.92777965723545
50, 17, -0.3644021016950376
74, 7, -0.990633450750515
42, 19, 0.9906334508405331
32, 21, 0.8563069354674974
69, 10, -0.8485497946458763
7, 24, 0.02798931068209439
67, 11, -0.8058109322842733
18, 23, -0.8058109323334437
81, 0, 4.843501818246111
71, 9, -0.7369976611278923
78, 4, -1.979555386497782
26, 22, -1.979555386599636
79, 3, -0.3327570005855984
57, 15, 8.974820466603405e-11
77, 5, 0.1318693503555531
65, 12, -0.1318693502866396
8, 24, -1.714442263590195
60, 14, -1.638247766140163
54, 16, 1.638247766106668
80, 2, -0.3051465038262929
38, 20, 0.3051465036906381
73, 8, 0.1143211021773003
19, 23, -0.1143211021023757
47, 18, -0.4478567196672309
76, 6, 3.344471126014715
9, 24, -0.2368065674151909
33, 21, 0.2368065674005673
43, 19, -0.3748999471796896
63, 13, -0.0654950384521101
51, 17, 0.7999801163189217
27, 22, 0.06549503863600988
81, 1, -1.050501043381578
10, 24, 1.025743911446704
20, 23, 1.191708561561398
75, 7, -1.478889462475575
70, 10, 0.268564577060151
39, 20, 0.007534317551942391
68, 11, -0.693250142213503
58, 15, -0.1266537405249327
-12, 25, -1.25029704738619
55, 16, -0.02458549401539615
34, 21, 0.02458549396435239
11, 24, 0.0245854939073957
-11, 25, 0.02458549397598064
72, 9, 3.877495496281987
82, 0, -0.004699686961690969
28, 22, 1.846968338496911
-10, 25, 0.0232760238510936
-9, 25, -1.018360940859232
61, 14, -1.0183609408048
66, 12, 0.3204838841832249
48, 18, -0.3204838841564934
79, 4, -0.1083268881704852
80, 3, -0.5965858821098692
-8, 25, 0.5965858820711022
44, 19, -0.08651095071154245
21, 23, 0.08651095071441676
78, 5, 1.466426363564295
-7, 25, -1.46642636367763
-6, 25, 0.017416309288538
81, 2, 1.683078398395032
52, 17, 1.683078398418449
12, 24, -7.05267631946382
74, 8, -0.08728033476464832
-5, 25, 0.06357406110041615
77, 6, -0.04610620353394551
64, 13, 0.04610620354666881
-4, 25, -1.006712062171875
40, 20, 0.2574567229134312
29, 22, -1.689753737791673
22, 23, -0.1437915490919083
-3, 25, 0.1437915490060928
35, 21, -0.1461216813792649
13, 24, -0.321725419342445
82, 1, 0.3217254194048486
-2, 25, 0.3465395502934492
59, 15, -0.987961466034207
76, 7, -0.06312708216071072
49, 18, -0.06312708218174873
56, 16, -2.190824819075887
71, 10, 0.1805494525457643
69, 11, -0.1805494524755345
45, 19, 0.1805494524556875
-1, 25, 0.1805494524636807
62, 14, 2.277806348567176
14, 24, 2.277806348602918
0, 25, -0.08239058026520013
73, 9, 0.09330081389600769
67, 12, -0.09330081401419753
23, 23, -0.1092928835971956
30, 22, 2.883913337621268
83, 0, 1.706192114948727
53, 17, 0.7061921146367236
80, 4, 2.901057030672386
1, 25, -0.9253909188136054
41, 20, 0.9253909187950783
81, 3, 0.4674133639702607
36, 21, -0.4674133638876664
79, 5, 1.19304551456424
15, 24, -1.104845178890643
75, 8, -0.04831160695056189
65, 13, -0.002067782066270005
2, 25, -0.04831160705291277
82, 2, -3.336459089140711
24, 23, -0.2325233116716335
78, 6, 1.414662477823424
3, 25, 1.046975351210456
46, 19, -0.2478925684033518
50, 18, -0.208504286783327
31, 22, -0.3084517925064187
60, 15, -0.1727914525555363
16, 24, 4.970658384913984
57, 16, -1.003689622280588
83, 1, -1.518571079553839
4, 25, 0.7680737064023431
37, 21, 1.047509210526925
70, 11, 1.805868990079601
72, 10, 1.252384506484924
42, 20, -1.252384506601621
77, 7, 0.003626440982647978
63, 14, -0.00362644110635869
54, 17, 1.620862318253529
25, 23, -0.2105137411602234
68, 12, 0.4065911618252326
5, 25, 0.1565910184240594
17, 24, 0.1390450012388653
74, 9, -0.139045001229516
32, 22, 4.412565799638823e-11
84, 0, -1.040292875626089
6, 25, 0.2118840249542476
81, 4, 0.2118840249121498
82, 3, 0.6758309082106504
66, 13, -0.08078704186788797
47, 19, 0.08078704181277767
80, 5, -0.007920619990124667
51, 18, 2.78902695450933
76, 8, 1.081038783140351
18, 24, 2.538120176073316
38, 21, 0.01247212486697799
26, 23, -0.01247212463390541
83, 2, -0.7926013023620888
7, 25, -0.7926013024722223
58, 16, -0.5939486402747709
43, 20, 0.7304089989488618
79, 6, -0.3791662255551966
61, 15, 0.3791662254244801
8, 25, -1.150115743109669
55, 17, -1.150115743130208
33, 22, -0.008026481834603113
64, 14, -0.8426787186875636
84, 1, 0.2527737739155995
71, 11, -0.5502850726289232
19, 24, 0.5502850725564766
73, 10, 0.9227631335094719
78, 7, 1.182524156853021
27, 23, 1.182524156640418
69, 12, 2.977918456907106
9, 25, 1.241408853427614e-10
48, 19, 0.6946226003186998
75, 9, 3.03062884026529
39, 21, -3.030628840343362
52, 18, -0.2890823636586902
44, 20, -0.01018600462627084
20, 24, 0.010186004618145
67, 13, -0.4073000563733763
85, 0, -0.1106325787116381
10, 25, 0.009057581331314884
82, 4, 0.2549357266144414
34, 22, -0.2549357264843953
83, 3, 0.9841100528610532
81, 5, -0.3824750971035857
59, 16, 0.3824750971665699
28, 23, 1.025175699978197
77, 8, 0.009627924404725074
62, 15, -0.009627924311754394
56, 17, -5.662385075433473e-12
-13, 26, 1.361489705110477e-11
84, 2, 0.8390064392115834
-12, 26, -0.8390064390893074
11, 25, -0.06705526004983084
-11, 26, -0.06705526013929969
-10, 26, -1.600377637881077
80, 6, 1.600377637798243
21, 24, 1.398927674308787
-9, 26, 0.998466935853873
65, 14, 0.1658709069482363
40, 21, 0.1658709068670804
-8, 26, -0.2294095241606562
49, 19, -2.682972898668469
-7, 26, 2.682972898672721
72, 11, -0.8267378084093648
74, 10, 1.831247985113941
-6, 26, -1.831247985091634
12, 25, 0.2327147238121099
35, 22, 0.2327147238456128
85, 1, -0.1574351617384955
70, 12, -0.1320119456004893
45, 20, 0.08250434401921022
53, 18, -1.246622800516659
29, 23, -1.246622800608051
-5, 26, 0.3261648881920099
79, 7, -1.119254569786818
22, 24, -0.1931557360064702
-4, 26, 0.1931557360139832
76, 9, 0.7949495750049004
68, 13, 0.8507932522734385
-3, 26, 0.8507932521041992
13, 25, 0.2615823722274662
60, 16, 3.927796997614046
-2, 26, 1.202177215915569
63, 15, -1.126431001684763
41, 21, 0.8401290482958257
86, 0, -1.85166802530983
83, 4, -0.07852795626542454
57, 17, 0.0785279563691656
84, 3, -0.1224186282081478
82, 5, -0.8957939621767055
30, 23, -0.8957939620196931
-1, 26, 1.139191133248353
78, 8, -3.631020816778699
36, 22, 3.631020817158658
23, 24, 1.289007169938293
14, 25, 0.05364430053291573
50, 19, -0.05364430038216367
66, 14, -0.1478234645633762
46, 20, 0.1478234645625298
0, 26, -0.006326982731871251
85, 2, 1.881434047873921e-10
81, 6, -0.2922806153752295
54, 18, -4.037229526481012
73, 11, -0.1747176314805577
1, 26, -0.174717631451771
75, 10, 0.01511456756137147
15, 25, -0.01511456763993346
71, 12, 0.2564216598423024
24, 24, 1.067666564835173
2, 26, 2.775478993648431
86, 1, 0.9420657959161275
31, 23, -0.9420657960003949
42, 21, 0.4470276884040372
80, 7, 1.228244286490721
37, 22, -0.2691922262078858
77, 9, 0.08960325300491949
61, 16, -0.08960325299751269
69, 13, -1.306611568679531
3, 26, -1.230816458969551
58, 17, -1.539021929681465
64, 15, -0.4645367467462046
16, 25, -0.4645367467594965
51, 19, -0.9132396699561248
47, 20, 0.5961350620449279
4, 26, -1.433981682077848
25, 24, -0.1422373151004167
84, 4, 6.64186681122824e-12
87, 0, 3.955897066651123
79, 8, -0.2285680998773708
85, 3, 0.02111494647760617
83, 5, -0.02111494656559766
55, 18, -0.02111494649284123
32, 23, 0.0211149464970879
67, 14, 1.886114295453779
17, 25, -0.328613407938034
5, 26, 0.2407498281958582
43, 21, -0.05281803734699037
38, 22, 1.160331712015401
86, 2, 0.03816210659144361
82, 6, -0.03816210659241855
74, 11, 1.280270168295434
6, 26, -1.65527214246846
72, 12, 6.057103581539248
76, 10, -1.776478964399226
26, 24, -1.77647896441434
18, 25, -1.799108854444206
62, 16, -2.931057457758967
59, 17, 0.5229829604651215
52, 19, -0.5229829604814391
48, 20, 1.335922203236075
7, 26, -0.004377061790944149
87, 1, 0.004377061800079519
81, 7, -0.00437706174218913
33, 23, 0.004377061961319931
70, 13, -1.852091747871659
65, 15, -0.02930232344484457
78, 9, 1.458090574164057
39, 22, -1.379449920989294
8, 26, 0.135983861223001
56, 18, -0.1359838611954778
44, 21, -0.01974126231305182
19, 25, 0.0197412621328737
27, 24, 1.920940803062039
68, 14, 0.9891107180609399
85, 4, -1.601416694819881
88, 0, -0.01833410590485024
80, 8, -2.6270967394124
84, 5, 1.110994168604183
9, 26, 1.110994168576213
86, 3, 1.827430911198183
34, 23, -0.2815641772255095
20, 25, 0.07610121228014596
75, 11, -0.4762239908113449
49, 20, -0.4762239908033284
83, 6, -2.014468554354967e-12
87, 2, -0.3209136097571649
53, 19, 0.3209136096089423
73, 12, -0.4479800460090849
28, 24, -3.161535961064087
63, 16, 1.068615540751472
10, 26, -0.275680293945734
77, 10, 0.08552484491285187
60, 17, -0.08552484489683111
40, 22, -1.967167442077251
66, 15, -0.1023090731930111
45, 21, 0.102309073159169
71, 13, 0.1209949802274326
82, 7, -1.687826623769868
-13, 27, 1.687826623705778
57, 18, -0.5762859236682097
-12, 27, -0.5762859233729932
21, 25, 1.011646701584625
88, 1, 0.05221397709131158
79, 9, -0.05221397721601695
11, 26, 0.05221397707092145
-11, 27, 0.05221397707293448
35, 23, -1.826560938760657
-10, 27, -1.826560938946267
-9, 27, -2.516550709967654
-8, 27, 0.01981261597398501
29, 24, -1.50852335963562
-7, 27, 0.9417295165899937
69, 14, 1.744739406469402
12, 26, 3.04177204545639
-6, 27, -2.112390294888362
50, 20, -0.1160296915153659
41, 22, -0.07998025628331004
22, 25, -0.05829774078127967
-5, 27, 0.0582977405159414
81, 8, 0.01932098688843806
54, 19, 0.01932098671625235
86, 4, -0.6774672519958024
89, 0, 0.7568798906563852
85, 5, -0.02293897784408365
-4, 27, 1.76521408003588
87, 3, 1.953489314265805
46, 21, -0.8639456345479302
64, 16, 2.109023050908859
61, 17, 0.03681950753471068
76, 11, -1.397880133826881
36, 23, 1.39788013367818
13, 26, -0.05983057925900298
-3, 27, 1.455996629472016
74, 12, 1.421472807253664
84, 6, -0.7799207312852817
30, 24, 0.7799207310672143
88, 2, -0.1641403972360511
78, 10, 0.1641403972206804
-2, 27, -0.2105306606907492
67, 15, 0.2105306606629986
58, 18, -1.204494276044756
72, 13, -0.727151247887924
23, 25, -0.7271512476971808
-1, 27, 0.5421707142061694
14, 26, -2.97675546094269
83, 7, -1.214862259722704
80, 9, -0.2634903312492773
42, 22, 1.942652701828736
0, 27, 0.3264606242435611
89, 1, 0.1122027844078796
51, 20, -0.1122027839364906
70, 14, -0.02005806550169013
37, 23, 0.6781626887551874
55, 19, 2.031835738176928e-10
31, 24, -9.231508785194123e-11
1, 27, 0.3499271429946801
47, 21, 0.3499271431610002
24, 25, -1.107343382193198
15, 26, 1.107343382442876
62, 17, 0.03466479624077677
2, 27, -0.03466479625261181
65, 16, -0.1902776793136311
82, 8, 1.521463435247622e-10
87, 4, 0.5089697502378203
90, 0, 0.5583252694800923
86, 5, -0.8163883249995861
88, 3, 1.418007194915175
77, 11, 0.009896055206402032
59, 18, 1.418007195061908
16, 26, 0.4638045658045335
75, 12, -2.602817990311147
3, 27, -2.602817990265792
68, 15, -1.194456970447982
43, 22, -1.194456970632099
25, 25, 0.2005034410572837
32, 24, 2.151868623710931
85, 6, 0.3608767442310297
79, 10, -0.3608767440150195
73, 13, -0.3998026250246163
38, 23, 0.3998026249778757
89, 2, -0.5740635435187221
4, 27, 0.5740635433640665
52, 20, -1.3704707794368
48, 21, -3.431697533511007
17, 26, 0.5674493901203962
56, 19, -0.3642404445906475
5, 27, 0.05850524472617443
81, 9, 3.498991606836115
84, 7, -0.26942372591379
71, 14, 0.1712787361477678
90, 1, -0.7870522033306684
26, 25, 0.7870522034888088
33, 24, 0.2166251743457578
6, 27, -0.2166251742323554
63, 17, -0.6415840783777217
66, 16, 1.919070314496233
44, 22, 0.01339289819076172
18, 26, 1.919070314422452
39, 23, 1.896967535865209
60, 18, 3.423805383216848
83, 8, 0.2797679694314864
7, 27, -0.2797679694531656
53, 20, 1.063527285473397
69, 15, -1.231441903950393
88, 4, -0.2947286236392021
76, 12, 0.2947286236844905
78, 11, -0.8287447003010876
87, 5, 1.358554061987167
27, 25, -1.358554062316001
91, 0, -0.008825206506253767
49, 21, -0.2061919019119645
89, 3, -0.7584867016693225
19, 26, -1.404645302831999
74, 13, -0.3356542059017052
8, 27, -1.511672993790085e-11
80, 10, 0.2456766680090736
57, 19, 1.137634440821846
86, 6, -2.257792604233822
34, 24, -2.257792603965386
90, 2, -0.5510505868036959
45, 22, -0.1956789510327491
40, 23, 0.1956789508926514
9, 27, 1.923817132349255
72, 14, -1.230817202187819
82, 9, -1.691040868016611
20, 26, -2.839062106339703
85, 7, 0.196601114359412
28, 25, -0.1966011142709005
64, 17, 0.635109568360405
67, 16, -1.35123505363078
91, 1, 1.539641218340674
61, 18, 1.53964121829902
10, 27, -0.633190523910709
54, 20, -2.15835082150796
50, 21, -0.5344600783290786
35, 24, 0.5344600781202775
21, 26, -1.789711647980795
70, 15, -0.1536440060663144
-14, 28, 2.970644191961451e-11
-13, 28, -1.130110291145887
84, 8, -2.164410107134934
-12, 28, -2.164410106980426
77, 12, -0.01953302430895368
58, 19, 0.01953302433380551
11, 27, 0.01953302442393367
-11, 28, 0.01953302420654545
79, 11, -0.2498507470849044
29, 25, -0.2498507469427539
41, 23, 0.4924064383469093
-10, 28, 1.793151378480009
46, 22, 0.04945987525053623
89, 4, -0.5108935611190956
-9, 28, -0.5108935610639228
88, 5, -0.04617105381401057
75, 13, 0.04617105391531551
92, 0, 1.310192962527727
-8, 28, -1.118481513584538
90, 3, -3.855090478587051
81, 10, 7.390630706294352e-11
-7, 28, 0.05323050249895803
87, 6, -0.07371386304218504
12, 27, -0.07371386311901869
22, 26, 0.05911819953384237
-6, 28, -0.05911819946380811
36, 24, -5.603308099112276
91, 2, -1.552179832976076
73, 14, 1.552179833034976
65, 17, -1.161497079608072
-5, 28, -1.161497079390004
51, 21, 3.635953551221445
62, 18, -0.9643591218984389
55, 20, -0.007220888306998888
30, 25, 0.007220888170593799
83, 9, -0.2024452041433799
68, 16, 0.02478837946975345
-4, 28, -0.02478837918742988
86, 7, -0.1363534136560012
13, 27, 0.7854703899890714
42, 23, 0.8465262239884268
-3, 28, -0.846526224090582
23, 26, 1.182455746321791
92, 1, -0.02343025145283466
47, 22, 0.02343025126902532
-2, 28, -2.005357339649573
59, 19, -0.3683385701124073
71, 15, -1.170334519514987
37, 24, 0.163183829199538
14, 27, 0.1631838294124761
-1, 28, -0.1582931787299688
78, 12, 3.869567436670848
85, 8, -0.3958161259540346
80, 11, 1.159142137001934
31, 25, -1.159142137013542
76, 13, 0.5704102591598178
0, 28, -0.04347343816305935
90, 4, -1.571920490771184
24, 26, 1.571920490820801
89, 5, -0.9140853788315153
82, 10, 1.031897991221005
52, 21, -0.05854591373158501
93, 0, 1.45263857208419
15, 27, -0.5394713494501595
91, 3, 0.588909525996801
1, 28, -0.5889095258284464
56, 20, 1.666858591557156
66, 17, 0.1165523608321858
43, 23, -0.1165523608421941
63, 18, 2.458377520674549
88, 6, 0.1060670632579715
74, 14, -0.1060670631989013
69, 16, -0.4243958816198534
48, 22, 0.4700584657115923
2, 28, 0.4700584657411309
92, 2, 0.1167880524278892
38, 24, 0.1167880525940795
32, 25, 1.227733611929022
84, 9, -1.821773798714798
16, 27, 1.524657362465209
60, 19, -1.316443319768757
25, 26, 1.316443319906458
87, 7, -0.5880137375329928
3, 28, 0.588013737172556
72, 15, -0.7226067667836094
4, 28, 4.545409580735487
93, 1, -0.5568610072719786
44, 23, 0.124446064071622
17, 27, -0.1244460640308696
79, 12, 0.06658777434397745
53, 21, 0.06658777421073829
81, 11, 1.550959223849247
86, 8, 0.7348753734907111
26, 26, -0.359739101335826
77, 13, -0.1266488103656254
57, 20, 0.126648810180372
33, 25, 0.1266488107542795
5, 28, -0.1266488107713206
39, 24, 0.7382130618352111
49, 22, -0.09289533696349195
67, 17, -0.623745990613669
64, 18, -0.0697490471076614
83, 10, -1.278004898806252
91, 4, 0.5944644903639056
90, 5, 0.1651864247009567
6, 28, 3.472155802101955
18, 27, -5.577696001760263
75, 14, 1.720029272310013
94, 0, -3.934647387577454
70, 16, 2.082979362522109
92, 3, 0.7430237079884618
89, 6, 1.56871920704422
61, 19, 1.568719207042041
27, 26, 0.1411701627566285
7, 28, -0.2289516131653996
93, 2, -0.2180560020699134
45, 23, 0.218056002489382
85, 9, 1.081745767039883
34, 25, 1.081745767050073
19, 27, 0.3342777774259331
40, 24, -1.79778625744797
88, 7, 0.05846064824681518
73, 15, -0.05846064824607677
54, 21, 1.849609281424443e-11
8, 28, 4.585076027228313
58, 20, 1.152960565419304
50, 22, -1.152960565377274
94, 1, 1.36973993564891
80, 12, -7.530277404492631e-11
28, 26, -1.787475912632277
82, 11, 1.20055201468628
78, 13, 0.05138475097905663
9, 28, 1.200552014622973
68, 17, 0.9300758173107381
65, 18, -0.07614608240134567
20, 27, 0.07614608226362098
87, 8, -1.788884753092161
35, 25, -0.0386902763030335
71, 16, 0.4806263863867648
62, 19, -0.4806263862068537
46, 23, -0.56300734636606
84, 10, -0.09287024886098701
76, 14, 0.09287024878365747
41, 24, 0.05511011245335706
10, 28, -1.289558655642696
92, 4, -2.789762546424918
91, 5, 1.42349246529769
95, 0, -0.1573282003112817
93, 3, 2.407816033932881
21, 27, -2.407816034110725
55, 21, -0.04707311703112896
29, 26, 0.04707311732771376
90, 6, 2.057148100558774
-14, 29, 0.8523974750213212
-13, 29, -0.02520338808574134
51, 22, -2.454321595828134
-12, 29, 2.454321596249314
11, 28, -0.005115827428573142
-11, 29, -0.005115827114030772
86, 9, -0.01065189621227785
74, 15, 0.01065189631342824
59, 20, -0.01065189644252464
-10, 29, -0.01065189636279208
94, 2, 2.819166169018048
36, 25, 0.5590462702877974
-9, 29, 0.5590462702916899
89, 7, -0.6936048667108629
-8, 29, -0.6936048666868735
22, 27, -0.0122142940801375
-7, 29, 0.01221429426970659
12, 28, 0.9413858645276104
66, 18, -0.2255490819902371
42, 24, 0.2255490821689814
47, 23, -0.1087740163892502
69, 17, 0.04804179094190991
-6, 29, -0.04804179076129561
30, 26, 6.780645524372044e-11
81, 12, -1.252335176641863
79, 13, 0.06982181639680647
95, 1, -1.032036670343063
-5, 29, -1.032036669753505
83, 11, -0.06252384648491573
63, 19, -0.2046378265316109
-4, 29, -0.7135479233700486
88, 8, 0.0446173739965612
72, 16, -0.04461737427496648
13, 28, 1.295629698906422
77, 14, 0.01868111421633828
56, 21, -0.01868111481334071
37, 25, -0.3099345156315664
23, 27, 0.3099345159397868
52, 22, 2.657861789329667
-3, 29, 0.8577469015899239
85, 10, 0.03455289926497842
93, 4, -0.7162713116413719
-2, 29, 0.7162713120202681
92, 5, 0.4533380838195927
60, 20, -0.1811920365069265
31, 26, 0.7446743271876318
14, 28, -0.580373387521761
96, 0, -3.840372574379439
94, 3, -0.208130901693785
43, 24, 0.2081309010715812
91, 6, -0.2264228457739391
-1, 29, 0.2264228458893735
75, 15, 0.01019419681114852
48, 23, -0.008672132776751263
87, 9, 0.2489765354465217
24, 27, -0.2489765355407718
0, 29, 0.165315412817401
95, 2, 1.003014246064747
67, 18, -1.00301424598968
90, 7, -0.1270664931446804
70, 17, 0.1270664933220499
38, 25, -0.1270664933714503
15, 28, -0.1270664929922214
1, 29, -1.471299036396594
64, 19, 1.012258407075645
82, 12, -1.60306697758877
32, 26, -1.603066977883371
57, 21, 0.9274065924914544
80, 13, -1.953222966836951
53, 22, 1.953222966847254
84, 11, -0.6174459303395077
73, 16, 0.970376846455587
2, 29, 0.9703768463166123
25, 27, -1.503429516209689
96, 1, 0.6575598980429449
44, 24, 0.2531240226175215
16, 28, -0.2531240226004868
78, 14, 0.1146472978357717
89, 8, -1.381826719794452
61, 20, -0.04993129484996083
49, 23, 0.1418717720343478
3, 29, 0.1418717723089694
86, 10, 1.402132722998944
39, 25, -1.45080556366928
33, 26, 0.06093304273789468
4, 29, -0.06093304300789085
94, 4, 1.075618731880407
93, 5, 0.04676118839772306
17, 28, 0.04676118836555886
76, 15, -1.532351842065018
26, 27, -0.5213648574160855
97, 0, 0.7186818859034444
95, 3, 0.2813181141496321
92, 6, 0.3994475385182933
68, 18, -0.3994475381583501
5, 29, 0.8099024787473249
88, 9, 0.08027537536681523
71, 17, -0.08027537556806059
54, 22, -1.155203070798398
65, 19, -0.1257415309755401
58, 21, 1.422941660294291
45, 24, 1.627614458988528
96, 2, 1.313266537942625
18, 28, -1.313266537446244
91, 7, 0.08246115725515041
6, 29, -0.8222883784046698
83, 12, -1.970268166924433
50, 23, 1.970268166636189
81, 13, 0.6772278029931955
40, 25, 0.0813188664306729
74, 16, -0.8813990033822965
34, 26, 0.8813990033476297
27, 27, -0.7944655615235848
62, 20, -3.257599071800933
85, 11, 1.654416787283374
79, 14, 1.364210438775212e-10
7, 29, -2.908733435832372e-11
97, 1, 0.2463413816753473
19, 28, 0.2463413824568481
90, 8, -0.2751408081751672
87, 10, 0.2705163201110322
8, 29, 0.3393460408198309
46, 24, -1.732399851530412
77, 15, -0.6126308206475513
55, 22, -0.004275456924571118
28, 27, -0.6126308211793423
69, 18, 3.644164071615465
59, 21, 1.198798080053308
35, 26, 1.198798079742437
95, 4, -0.02408276624663004
94, 5, 0.0240827664614526
66, 19, -0.02408276663712605
41, 25, 0.02408276620904999
20, 28, 3.847082619147934
72, 17, -1.493490302776846
51, 23, 1.33307039728891
9, 29, -1.33307039747951
96, 3, -0.1405928744837066
93, 6, 0.1405928742955962
98, 0, 1.76606104883691
89, 9, 1.063642072840873
63, 20, -1.51095760238332
75, 16, -0.6397744493828657
10, 29, 0.6397744494935778
29, 27, 1.325445520505278
97, 2, -0.08827597561709888
92, 7, 0.08827597561862661
84, 12, 6.908462254702572
82, 13, 1.137116885152802
21, 28, 0.1479478892453649
36, 26, 0.1888148797246192
86, 11, -0.4045260297192358
47, 24, 0.4045260297788302
-15, 30, -7.213841151470113e-12
80, 14, -0.1080383436962024
-14, 30, -0.1080383440487265
-13, 30, 0.4773572832378792
-12, 30, 0.8452757304777365
42, 25, -1.457338579452855
11, 29, 0.08163556539152855
-11, 30, 0.08163556512465962
56, 22, -1.633888613639899
-10, 30, -0.1594477141415226
60, 21, -0.5271730426885733
-9, 30, -0.5271730431645077
98, 1, 0.06084553803463804
91, 8, -0.06084553754451892
52, 23, 0.3552677234704425
88, 10, 0.03259258662046427
70, 18, -0.03259258666090665
22, 28, -0.03259258647744434
-8, 30, 0.03259258700831277
78, 15, -2.132885887439983
30, 27, 2.132885887473959
67, 19, 1.47249020541391
-7, 30, -1.274497574711641
12, 29, -0.002452374877134847
73, 17, -0.2628295366343021
-6, 30, 2.308710933804404
37, 26, 0.7730261406194769
95, 5, 0.07786062887914556
-5, 30, -0.07786062851447731
96, 4, 0.7172434401058035
64, 20, -0.7172434407260868
48, 24, 5.499938323926838
94, 6, 0.9754487436776274
-4, 30, 0.9754487437460487
23, 28, -0.9992494393953073
13, 29, 0.9992494392634601
97, 3, 0.05284925802196457
43, 25, 0.05284925828152526
99, 0, 0.02057314412811315
90, 9, 2.947928794690151
76, 16, -2.523822053067607
31, 27, -1.593127188232293
-3, 30, -0.7711078984796615
83, 13, 0.1928454416806575
57, 22, 0.1928454416713274
85, 12, -0.6915499929243439
93, 7, -0.6155001811858324
98, 2, -1.126308452419418
-2, 30, -1.126308452255153
53, 23, -1.960469381985393e-10
81, 14, 1.138631051011553
61, 21, -1.451191468512444
14, 29, -1.451191467874625
87, 11, -0.3780774796989418
38, 26, -2.181276362797781
-1, 30, 0.1600470262249911
24, 28, -1.345076579629254
71, 18, -0.872741254174312
68, 19, 1.252750475463512
0, 30, 0.03119212166744798
79, 15, -0.3809909910652772
92, 8, -4.194894168569068
32, 27, -0.6702912924668423
99, 1, -0.1087707597830036
89, 10, 0.1087707602538891
44, 25, -0.1087707598670687
15, 29, 0.1087707595062482
74, 17, 0.8773440489497887
49, 24, 0.8773440490455794
65, 20, 0.1427246453883231
1, 30, -1.143791216711393
25, 28, -0.7689034600855453
58, 22, 3.379223107029232
2, 30, -3.37922310705527
96, 5, -1.110607196711196
39, 26, -0.04753502836798531
16, 29, 1.11060719616281
97, 4, -1.686796057074718
77, 16, -0.1434093167398589
54, 23, 0.1434093162381359
95, 6, -0.5494077740712336
91, 9, 0.5494077746059735
98, 3, 0.1123606020979933
62, 21, -0.1123606017796523
33, 27, 0.1954791874999055
3, 30, -0.1954791874406191
100, 0, -2.403616675558335
84, 13, 1.835711711114668
86, 12, -1.842187212086516
45, 25, 0.03131295749379526
82, 14, 2.555427756436286
26, 28, -2.555427756098398
94, 7, 0.5018090964903809
17, 29, -0.5018090964125639
50, 24, -0.1438684180433166
4, 30, -0.1438684179623688
99, 2, 1.297160207251123
88, 11, 0.009052682403335731
69, 19, 1.297160207675327
72, 18, -4.693778602347298
80, 15, 0.0175725540223629
5, 30, -0.01757255408546988
66, 20, 0.1430795065844561
40, 26, -0.1430795066530853
75, 17, 0.2080136335117508
34, 27, -0.7305473769514276
93, 8, 0.1229621936580931
18, 29, 0.1229621937207781
90, 10, 0.2216948029169472
59, 22, -0.8222854695755452
55, 23, -0.05146148247028068
27, 28, 0.05146148198747549
100, 1, -1.068012546131841
6, 30, 5.686649404980249
46, 25, -0.5960782917812132
63, 21, -0.3146076607187825
78, 16, -1.272779383339455e-10
7, 30, -0.02620855350915014
51, 24, 2.891761079839648
19, 29, -0.5129675946736251
97, 5, -1.404490571546104
98, 4, -2.905518790061521
92, 9, -1.653142582039777
41, 26, 1.653142581205784
96, 6, -0.287639674530052
85, 13, 0.3269301271039141
35, 27, 0.3269301264989551
28, 28, 0.1057957596587787
99, 3, 0.107478453829367
87, 12, -0.1074784543730251
101, 0, 1.389348280911827
70, 19, 0.3893482803965085
8, 30, -3.062841275890802
83, 14, 0.2867143609363472
73, 18, -0.2867143602535075
95, 7, -0.4801299547861782
67, 20, -0.4801299561018206
89, 11, -0.2836386077498708
20, 29, 0.2836386076424232
56, 23, -0.6916708899961687
100, 2, -0.2581218766396824
60, 22, 0.2581218768523229
76, 17, 1.057494961456333
81, 15, -2.968658138465347
9, 30, -2.968658137764395
47, 25, 1.370809269822488
29, 28, -3.35620254326688e-10
36, 27, -2.414663831377362
52, 24, -2.356835940735413
91, 10, 0.02809584098004862
64, 21, 0.02809584062719448
94, 8, -2.065376489413289
42, 26, -2.065376489932131
10, 30, 0.121892335506265
21, 29, 1.284600849379887
101, 1, 1.042106200234499
79, 16, -1.444268132941396
-15, 31, 0.7436492152593506
-14, 31, 0.09327633618628942
-13, 31, -0.1310386829855683
-12, 31, -0.7783222983768805
-11, 31, -0.1611027441095826
11, 30, -0.1611027444693179
-10, 31, 0.3028485051010801
71, 19, -0.302848505093207