d = 43, symClass = C, D = 11.531250, Y = 0.08539132706174
[11.61674313382949, 11.61674313384763], 11.61674313383856
1, 0, 1
2, 0, -0.1615767289723405
3, 0, -1.159238323415419
0, 1, -0.1234072907648048
1, 1, -0.5745075370997055
4, 0, -0.9738929606557062
2, 1, 0.01265598586015299
3, 1, 0.5239501378430115
5, 0, 1.249268356472257
4, 1, 0.01192028581155045
6, 0, 0.1873059363750607
5, 1, 0.3987443906081914
-1, 2, -8.54445643928287e-13
0, 2, 0.01993974636311227
1, 2, 1.323382946777042
7, 0, 0.6495444516274131
2, 2, 0.09282704860676035
6, 1, 0.8343805952517178
3, 2, -1.051550743981071
8, 0, 0.3189351678970182
7, 1, -0.9881980089676369
4, 2, -0.002044912798370936
5, 2, 0.1051083639065147
9, 0, 0.3438334905082563
8, 1, 0.1942627805187312
6, 2, -0.08465814942442715
-1, 3, -0.2343087966033082
0, 3, 0.1430584608256371
10, 0, -0.2018526946306951
9, 1, -1.013409737961483
1, 3, -0.6488951908404544
7, 2, 0.4334100055732764
2, 3, -0.7970503631301927
3, 3, 0.6659911540875307
11, 0, -2.609258920870277
10, 1, -1.63971763972004
8, 2, -0.001926040787254439
4, 3, -0.1906354106552308
5, 3, -1.503883480771886
11, 1, 0.6891661303705406
9, 2, 0.5473692930444329
12, 0, 1.128974042895696
6, 3, -0.01467130382295478
10, 2, -0.06442781433579295
12, 1, -0.6753831852283992
13, 0, 0.1844095787610338
7, 3, 0.5242917584127652
-2, 4, -4.668331053433039e-13
-1, 4, -0.6402227667153572
0, 4, 0.1201854917453204
1, 4, 0.2856628527822507
11, 2, 1.909964024906452
8, 3, 1.91308770675113
2, 4, -0.2138278877036367
13, 1, 0.07835145613890396
14, 0, -0.1049512677874707
3, 4, -0.01115365466995285
9, 3, -0.6073830793569031
4, 4, 0.5595088461980772
12, 2, -0.1348164873131871
14, 1, -0.4575814947784072
5, 4, -0.443039576266162
15, 0, -1.448199755055995
10, 3, -0.1213959654466657
6, 4, 0.1699061295634373
13, 2, 0.2576435987081869
15, 1, -0.7310231254797882
11, 3, -0.9692419022525767
7, 4, -0.8399233682345469
16, 0, 0.9223604594650552
14, 2, 0.1596698018354399
-2, 5, 0.5636589760717214
-1, 5, -1.436492532989346
8, 4, -0.01232557554683015
0, 5, -0.1541688232772777
12, 3, -0.01381845214829704
1, 5, 1.038854439681145
16, 1, 0.3412416279580491
17, 0, -1.39208499748809
2, 5, -0.3924053454404006
9, 4, 0.3828436766877464
15, 2, -0.08791490987809468
3, 5, 0.5141116966244971
13, 3, -0.7085880900361824
4, 5, -0.476064408422202
10, 4, -0.0169830656431575
17, 1, -0.112395421084362
18, 0, -0.05555549069891203
5, 5, -0.7177140866384502
16, 2, -0.03138834463094665
14, 3, 0.4827569608065769
11, 4, -0.881750314498846
6, 5, -0.8788082141764862
18, 1, -0.4218034288994362
7, 5, -0.1735374800011756
19, 0, -1.121029458309085
17, 2, 0.9366067295287438
12, 4, -0.5102713509659434
15, 3, -0.4622397788434596
8, 5, -0.3575748943549741
-3, 6, 1.145757704624265e-13
-2, 6, 0.03785884887663175
-1, 6, 0.65221470375627
19, 1, 0.6654769148482131
0, 6, -0.0231149181193495
13, 4, 0.4987441582340351
20, 0, -1.216653658328253
9, 5, -0.09632576760484586
1, 6, 0.2142213848212804
16, 3, 0.2005247967326371
18, 2, 0.1637434305367692
2, 6, 0.1048463623611583
3, 6, -1.534116228475254
10, 5, 0.01581072266704807
14, 4, -0.07002897101275958
20, 1, 0.7461974380572352
4, 6, 0.1287847904977699
17, 3, -0.5950795773813126
21, 0, -0.7529768211551759
19, 2, -0.3450491499978882
11, 5, 2.138370685899024
5, 6, 2.236786615796623
15, 4, -0.4069690437424714
6, 6, -0.1076086721900622
21, 1, -2.290710473051121
18, 3, -0.9672459623331039
12, 5, 1.456462899707636
22, 0, 0.4215955214319009
20, 2, 0.2649402126381288
7, 6, 0.2731619046153672
16, 4, -0.01160908242360508
8, 6, 0.03080224609225096
13, 5, -0.7197367956028646
22, 1, -0.4904848331946467
19, 3, -0.1638546249939098
21, 2, 0.6412954988722583
-3, 7, -0.6409937729551852
23, 0, -0.03725883943517935
-2, 7, -0.4136936666691861
9, 6, 1.218997921460261
17, 4, -0.7444237367697065
-1, 7, -0.286260421200578
0, 7, -0.08015852098424996
14, 5, -0.5855605166639276
1, 7, -0.06015633825135274
10, 6, 0.242992573532607
2, 7, 0.7025861409819667
20, 3, 0.5396375106662081
23, 1, 0.08693023497317764
3, 7, 1.499022003294327
22, 2, -0.1113532090516974
18, 4, -0.08844213990384091
15, 5, 0.6545543275766845
24, 0, -0.369721869309271
11, 6, -1.708344926239837
4, 7, -1.502407628801933
5, 7, -0.3900817883644811
21, 3, 1.145557003168087
24, 1, -0.6832199841476305
16, 5, 0.8373669706459734
12, 6, 0.002370541280265384
19, 4, 0.2250983729976284
6, 7, 1.005520375320845
23, 2, 0.3238005800632658
25, 0, 0.5606714264703435
7, 7, -0.3731681831492572
13, 6, 0.03965385860399161
22, 3, 0.4717427264709881
17, 5, 0.2122046695829175
20, 4, -0.3883343550292654
8, 7, -0.4048036204113656
25, 1, -0.1369321866132831
24, 2, 0.1091262058919764
26, 0, -0.02979629649191349
14, 6, -0.08471334734926429
9, 7, -0.2821158071914015
-4, 8, 9.561497105418318e-13
-3, 8, 0.8575468338249045
18, 5, -0.1011690477287489
-2, 8, 0.10344510048461
23, 3, -1.588259592146671
-1, 8, 1.598352598864984
21, 4, 0.1683812194301631
0, 8, -0.03935892500899291
10, 7, 0.5118932032303443
15, 6, -0.1218456435168443
1, 8, 0.3096515765459723
26, 1, -0.2971603057739205
25, 2, 1.149879638787475
2, 8, -0.04615646933945298
27, 0, 0.7606533643274596
19, 5, 1.668421365515785
11, 7, 0.4280419613702048
3, 8, 0.1841402833840188
24, 3, -0.2251968599940537
22, 4, -0.3086057395732469
16, 6, -0.3091104538784396
4, 8, -1.288833336138168
27, 1, 0.5235628679161712
12, 7, -0.6846847881990651
5, 8, 0.008274951038799647
26, 2, -0.01265977199852014
20, 5, 0.01489163586434812
28, 0, -0.6325867690972681
17, 6, 0.3439224678154059
6, 8, 0.001802171038734454
23, 4, 0.9106410067750721
25, 3, 0.2550402732804877
13, 7, 0.2215428415458256
7, 8, -0.08300304237526711
21, 5, -0.4429818051891865
28, 1, -0.2516156366539178
27, 2, 0.7730345405789754
18, 6, 0.09813897118725341
8, 8, -0.183230657798969
14, 7, 0.008220625400767666
29, 0, -0.3680494822795107
24, 4, -0.8125973882333826
26, 3, 0.5021782923957671
9, 8, -1.021510237590501
22, 5, 0.2306720055764292
15, 7, 0.2566142824189936
-4, 9, 0.6398350735524388
19, 6, 0.4956193350239548
-3, 9, 0.2716197365498654
-2, 9, -1.119270661616182
29, 1, 1.099812069760588
-1, 9, -1.472641585067121
28, 2, 0.07393452116060642
10, 8, 0.0715848855290699
0, 9, -0.0424315595176368
30, 0, 0.2339953793099929
1, 9, -1.158703563011179
25, 4, 1.179823381034513
16, 7, 0.2045519862055024
27, 3, 1.174783405583159
2, 9, -0.6780518033751511
11, 8, -0.7259986902105711
20, 6, 0.01961476300652605
23, 5, 0.1093731391273478
3, 9, 0.7522241730947189
30, 1, -0.7209828246326027
4, 9, -0.5450707716167964
29, 2, 0.962915128457845
12, 8, 1.024097867347949
17, 7, -0.4056890949902625
26, 4, -0.04162920992155668
5, 9, -0.7046035560257831
31, 0, -0.2951122575208707
21, 6, -0.5024254882050349
28, 3, -0.3494675753590886
24, 5, 0.5320721876149676
13, 8, -0.7209548843312746
6, 9, 0.9239713266132804
18, 7, -0.7895394054018162
7, 9, -0.2357655030187709
31, 1, -0.262382325709019
30, 2, 0.1181163254029557
22, 6, 0.1566069361385324
14, 8, 0.1357120704158869
27, 4, -0.7565509293685351
32, 0, -0.4679671538719467
25, 5, 0.4981387495117728
29, 3, -0.1177821415945727
8, 9, 0.002988952947393315
19, 7, 0.439052089332059
15, 8, -0.01062542814580678
9, 9, -0.1975349318024006
23, 6, 0.4736547390509743
32, 1, 2.26601049444588
31, 2, 2.208179666898502
28, 4, 0.9623990846977417
-5, 10, 1.134563979543552e-12
-4, 10, -0.09107417358752444
20, 7, 0.05377520515997329
-3, 10, -0.2769860683152329
26, 5, 0.5806210544805465
10, 9, -0.8061523002873672
-2, 10, 0.2321037646432498
16, 8, 0.004036438985962982
33, 0, 3.024752936847765
30, 3, 1.900823527577297
-1, 10, -0.4519137512444669
0, 10, 0.02491009414450799
11, 9, 0.5411714058455264
1, 10, 0.2910471054931407
24, 6, 0.002232740301131941
2, 10, -0.1678547022216736
21, 7, 0.3403289049620276
17, 8, -0.1246350086904176
32, 2, -0.05513670603912646
33, 1, -0.8590085684323107
29, 4, -1.019165363369162
27, 5, -0.2354457362312778
3, 10, 0.2104324962043053
12, 9, 0.2209918737865988
31, 3, 1.078903686350256
34, 0, 0.2249285402647893
4, 10, 0.06340357214543794
25, 6, 0.150921317035981
18, 8, -0.06185862890646174
5, 10, 1.65326043891771
22, 7, -1.94731515674016
13, 9, -1.840343247751109
30, 4, 0.01420500321298312
6, 10, -0.08306848638549129
33, 2, 1.618120712177089
28, 5, 1.421397060260748
34, 1, -0.9769871310161222
14, 9, 0.2797612144999329
19, 8, -0.9299469464950709
32, 3, -0.1161513725151204
7, 10, 0.9904990282980669
35, 0, 0.8114553295214089
26, 6, 0.1144913457775836
23, 7, 0.3504668040573782
8, 10, 0.07692092987666567
15, 9, 1.743359364877985
31, 4, -0.3923948155820228
29, 5, -0.6616191548894964
20, 8, -0.1023642957059048
34, 2, 0.0181604844709888
35, 1, 0.7384886108634203
9, 10, -0.7289823166530813
24, 7, 0.7541568095511659
33, 3, -0.7989077895302517
27, 6, -0.6345314615605573
16, 9, -0.0225442043698295
36, 0, -0.3348570160590569
10, 10, 0.115965894461009
-5, 11, 1.055093039154245
-4, 11, 0.039925880295036
-3, 11, -1.365577178107714
21, 8, 0.4841859787520893
-2, 11, 0.6802370865114543
-1, 11, 0.7807771554294262
30, 5, 1.042365274918656
32, 4, -0.1891911544696853
0, 11, 0.4454088650643292
11, 10, 0.7267077972966557
17, 9, -0.7683268944936833
35, 2, 0.5940219800408147
25, 7, -0.1515683757728647
36, 1, -0.1761253611598363
1, 11, -0.1787858611319769
28, 6, -0.07800229060070211
34, 3, -0.4330920489344265
2, 11, 0.668828265588219
22, 8, 0.1424703315706986
12, 10, 0.141994956625825
37, 0, -0.6791755815767556
3, 11, 0.5648204887501561
18, 9, 0.00435155179977374
31, 5, 0.1971443029436657
4, 11, 0.6951389326406525
33, 4, -1.713898483811547
26, 7, -1.760950082903771
13, 10, 0.4815046132198386
29, 6, 0.5137732793780234
5, 11, -0.5088561053711034
36, 2, 0.06815361829640866
37, 1, 0.09989199175523858
23, 8, -0.8159308903497456
19, 9, -1.422560508300578
35, 3, 1.413024320455384
6, 11, 0.3185260485937396
14, 10, 0.02803961839772974
38, 0, 0.1811322729397279
27, 7, -0.09396085228388713
7, 11, -0.1255110581723916
32, 5, -0.8796986107155862
34, 4, -0.1513338516680663
20, 9, 1.697436978300557
24, 8, 0.1671061251856749
15, 10, -1.313669069680149
30, 6, 0.07468719146337711
8, 11, -1.071269453399445
37, 2, 0.6632174301966954
38, 1, 1.464632653214133
36, 3, 0.782930071342947
9, 11, -0.6056376846749426
16, 10, 0.05777578180451829
28, 7, 0.007742755530044861
39, 0, -0.2137746509023609
21, 9, -0.6077790989887715
33, 5, 0.6062359218492642
25, 8, 0.2350555499210464
35, 4, -0.4122660255727026
10, 11, -0.6232669404595405
31, 6, 0.2024339015621054
-6, 12, 4.47318651029773e-14
-5, 12, 0.4816212546067004
-4, 12, 0.2281916876171109
-3, 12, 0.7421707667158559
17, 10, 1.343433590160427
-2, 12, -0.1053827184231105
38, 2, -0.1075255830919201
39, 1, 1.0139137423659
22, 9, 0.7894326562121654
11, 11, 1.499038916267896
-1, 12, 1.094627629245535
37, 3, 1.119695342359157
29, 7, 1.157304812498007
0, 12, -0.1393236279597438
26, 8, -0.08058544967851572
1, 12, -0.2499754673718281
40, 0, 0.3984356129952366
34, 5, 0.6187165255597109
18, 10, 0.01556400242686068
12, 11, -0.2259288616992255
2, 12, -0.03461319063169436
32, 6, -0.03240014073092527
36, 4, 0.9869526100655714
23, 9, -0.2579419166694412
3, 12, -0.3311513265373346
39, 2, -0.5285129881253026
13, 11, 0.5484050984653325
4, 12, 0.6319544585605884
30, 7, -1.632336415386422
27, 8, -1.626405597768881
40, 1, 0.5188177777267463
19, 10, 0.2997748172488925
38, 3, -1.40822831860864
5, 12, 0.9042506157660222
35, 5, -1.234524502533406
41, 0, -1.664406120486652
14, 11, 0.9824002985725675
33, 6, -2.214103494051872
24, 9, -2.21772458575339
6, 12, 0.2478774820346155
37, 4, -0.5525888691069305
20, 10, -0.002554644837960633
28, 8, -0.4220949534877007
31, 7, -0.3158956772721822
7, 12, 0.2902442786338902
15, 11, 0.03012648854495431
40, 2, -0.1205681411841718
41, 1, 0.5749585119425045
39, 3, -0.09082801065742022
25, 9, -0.395805574962233
8, 12, 0.7762417379221567
36, 5, 0.6757643649353204
21, 10, 0.6921891816712437
34, 6, 0.09615101156992495
16, 11, 1.90936624246269
42, 0, 0.121663531742532
38, 4, 0.05575191301001595
9, 12, 0.01292974395773294
29, 8, 0.1888858195992193
32, 7, -0.4692821812506202
26, 9, 0.368822367972017
22, 10, -0.3455109407432614
10, 12, -0.36141266474829
41, 2, 0.7648981526736305
17, 11, -0.9630866365026833
42, 1, 0.1390480482963924
-6, 13, 0.02890496477897022
-5, 13, 1.373870711666328
40, 3, 1.384841173459251
-4, 13, 0.3933049751023646
37, 5, 0.1021665670655297
-3, 13, 0.1272361378818264
35, 6, -0.3888819185182834
11, 12, -1.574828285418054
-2, 13, -1.741522703670611
30, 8, 0.06575672687731123
-1, 13, -0.8304853981513317
43, 0, -0.9993819407555968
39, 4, -1.11699216111782
18, 11, -1.096817244867274
33, 7, -0.7751003461127393
23, 10, -0.6456974951431729
0, 13, -0.02275748650323193
27, 9, 0.1801516047584084
12, 12, -0.6486040968306681
1, 13, -0.8135090547887779
2, 13, 0.8812731353041692
42, 2, 0.370125505226172
19, 11, 0.1211261291468007
43, 1, 1.113485543656092
41, 3, 0.9554692293816236
3, 13, -0.5182416988891652
36, 6, 0.1562844386902038
38, 5, -0.1401831006540215
13, 12, 0.3437511219114369
31, 8, -0.6457221203322723
24, 10, -0.2353305111829452
4, 13, -0.2549871217719364
28, 9, 0.8003959315151903
34, 7, -0.05160516925464237
44, 0, 2.541138895574938
40, 4, 1.596909466799532
14, 12, -0.04413660702927776
5, 13, 0.8929985817419971
20, 11, -1.075666788817746
6, 13, -0.459630424380596
25, 10, 0.1313085530082704
43, 2, -0.001558577985562332
32, 8, 0.003801798368334679
37, 6, -0.168957675936268
42, 3, 0.5304460048375219
15, 12, 0.513588455559483
44, 1, 0.5634273618192998
39, 5, 0.6339331192947416
29, 9, 0.7214432080216822
7, 13, -0.07033027096292063
21, 11, 0.2707154493572034
35, 7, 0.2590022065575329
41, 4, -0.285560857907117
45, 0, 0.4295402995705784
8, 13, -1.090787518959277
16, 12, 0.1856584844324889
26, 10, 0.1162927171399489
33, 8, -0.4925446998750097
22, 11, -0.03302274398805221
9, 13, 0.4510402133430367
30, 9, 0.1407268554278349
44, 2, 0.07925093495880468
38, 6, 0.02647509430853175
40, 5, 0.2426863445277937
43, 3, 0.09088637986210749
17, 12, -0.1144455852544163
45, 1, -0.977599958660634
36, 7, 1.186967206711963
10, 13, 0.7207906908043525
27, 10, -0.2500292311017616
-7, 14, -4.289613729560901e-13
42, 4, -0.1036184290104549
-6, 14, 0.1035696771007908
-5, 14, -1.583407182894128
23, 11, 0.5103163402890785
46, 0, 0.006020161407871547
-4, 14, 0.06684326944623478
11, 13, -1.55584244240389
-3, 14, -1.536504160514055
18, 12, -0.1969616967456354
31, 9, -0.9284050292507456
34, 8, 0.1202815523309975
-2, 14, 0.04625302250110022
-1, 14, -0.9715012435162143
39, 6, -0.298670333432175
0, 14, 0.0129517515974451
45, 2, 1.263026942992808
12, 13, 1.267852301143659
41, 5, -1.066297571877878
28, 10, 0.09461295290644479
44, 3, 1.116526476936635
37, 7, 1.113773592338906
24, 11, 0.7786398770814195
1, 14, -0.002614416416030715
46, 1, 1.670827101966162
19, 12, -1.005417937982594
2, 14, 0.009719864385767033
43, 4, -0.7083638266137481
13, 13, 0.4685628441789516
32, 9, 0.488405372722908
3, 14, -0.8289630099201597
47, 0, 1.71055731827395
35, 8, -0.7921275293990405
20, 12, 1.464621535572021
4, 14, -0.1135215705217806
29, 10, 0.6482936565373609
25, 11, 0.8938259090921881
40, 6, -0.08719286383215046
14, 13, -0.5991866282280803
42, 5, 0.1241142632260505
38, 7, -0.6115113465927439
5, 14, 0.4943271093492434
46, 2, -0.01404590302034906
45, 3, 0.8474300223870271
47, 1, 0.6620080870120501
6, 14, -0.2422070718636222
33, 9, 1.123582357777517
21, 12, 0.9736713572015957
15, 13, -1.401207343784885
44, 4, -0.6711740430464102
36, 8, -0.533079101502514
26, 11, -0.4667289268479325
30, 10, -0.1057607471330096
7, 14, 0.8595960509147832
48, 0, -1.069235592284455
41, 6, -0.3875557535092135
16, 13, -0.6743965901385836
22, 12, 0.2760287850733991
8, 14, 0.2427541102468117
39, 7, 0.6831293795093124
43, 5, -0.6265210661795045
47, 2, -0.8194062821026739
46, 3, -0.3051504459354409
34, 9, 0.02308047808261737
27, 11, -0.7569156841038649
48, 1, -0.3254072164317866
9, 14, -0.2873409603109757
37, 8, -0.6636639221577159
17, 13, 0.01631352723935404
31, 10, 0.08428295274016039
45, 4, 0.2638156133760319
23, 12, -0.2010019326432549
10, 14, 0.0630281393838036
49, 0, -0.5780920052495575
42, 6, -0.1850953534530914
18, 13, -0.172698243544673
40, 7, -0.7043438552508993
-7, 15, -0.1342560659549318
-6, 15, -0.6534150864424532
28, 11, 0.9913187032651694
-5, 15, -0.2927145652040014
44, 5, -1.035686916051985
35, 9, -1.145035543640293
11, 14, 1.162479697227005
-4, 15, 1.049541912120707
-3, 15, 1.665237195551889
48, 2, 0.1103924502108666
32, 10, -0.1352990160509663
24, 12, 0.01428827956605894
47, 3, 0.08297323619365723
-2, 15, -0.08046739275287336
38, 8, -0.03637065879756487
49, 1, -0.4256610663610731
-1, 15, 0.879831530735433
19, 13, -0.2251889789557397
12, 14, -0.1624686931613733
0, 15, 0.1787184082439864
46, 4, -0.05231863854999749
29, 11, 0.9040782201532129
1, 15, -1.304331881620381
50, 0, -0.09059145508041409
43, 6, 0.7073237671078059
41, 7, 0.106200798015451
13, 14, 0.9414300932748462
25, 12, 0.3192285622269579
2, 15, -0.4092555664186738
36, 9, 0.004098593482600367
33, 10, 2.805108902092296
20, 13, 2.775146607656529
45, 5, -1.266020717776263
3, 15, -1.204279878971263
39, 8, 0.2984820840809623
49, 2, 1.205548519470671
48, 3, -0.3955803727041628
14, 14, 0.06029529437531744
4, 15, -0.9396391478079863
50, 1, -0.2562952615339957
30, 11, -0.2691109788638246
26, 12, -0.006407140747539578
47, 4, -0.2331505266021695
21, 13, 0.2377818623358955
5, 15, -0.8106442285688176
15, 14, -0.1790557504409731
37, 9, -0.3124383210088759
44, 6, -0.076222646646061
34, 10, -0.03428733637509183
42, 7, 0.5419672861875444
51, 0, 1.613758278486019
6, 15, 0.4548913147147863
46, 5, 0.5482687983692205
40, 8, 0.1271736091839241
22, 13, -0.3236108918545726
7, 15, -0.2600206948828891
31, 11, 0.4862625296482269
16, 14, 0.06540684482021918
27, 12, -0.4438070618874188
50, 2, 0.02212505479472135
49, 3, 0.7258488449151382
8, 15, -1.068942102775464
51, 1, 1.480995770506492
48, 4, 0.6577509298567638
35, 10, 0.5414454053030726
38, 9, -0.8096906903777956
17, 14, -0.1498873590060237
23, 13, -0.7337293482528688
43, 7, -0.4042084043704283
45, 6, 0.1019143327279304
9, 15, -0.5959779812385722
52, 0, -0.1795951906409903
28, 12, -0.5106040528413017
32, 11, 0.9043666474636406
41, 8, 0.215387186332645
47, 5, 0.08963170782854475
10, 15, -0.9957297971384242
18, 14, 0.04558334930146517
51, 2, -0.6491732555856402
24, 13, -0.1389035702113252
50, 3, -0.5493507557646655
-8, 16, -6.29536175651183e-13
-7, 16, -1.057160670101861
-6, 16, -0.1385596123468453
36, 10, 0.01634656380467996
-5, 16, -1.145911312085014
11, 15, -0.9654841453358582
39, 9, 0.8214224694839011
52, 1, -0.6817705534944641
-4, 16, 0.6235084457641391
49, 4, -1.348973748167389
29, 12, 1.434234896384836
-3, 16, 0.269016910259835
44, 7, -0.6358660987762195
33, 11, -1.36712157125307
19, 14, -1.082394467916125
46, 6, 0.2566257896229894
-2, 16, -0.2582565846448703
12, 15, 0.5518721066351221
-1, 16, 0.07903497691067775
42, 8, -0.02720648665551923
53, 0, -0.2858034978366663
25, 13, 0.6781854532972702
0, 16, -0.1138260053942428
48, 5, -0.2204482384101482
1, 16, 0.958431967692134
20, 14, -0.0827100293392503
37, 10, 1.199171735877999
13, 15, -1.216267015941185
30, 12, 0.019687420521942
40, 9, -1.284213995579689
2, 16, -0.05003248885985701
52, 2, 0.04801419017510056
51, 3, 0.1302930795110042
34, 11, -0.5810515474686909
53, 1, 0.5240490224372907
26, 13, 0.002333885019084139
3, 16, 0.5107781642732051
50, 4, -0.1857937907198569
45, 7, -0.9827589798444952
14, 15, 0.2671629913632089
47, 6, -0.2327275955296059
21, 14, -0.6830289513787338
4, 16, -0.2782050414349115
43, 8, -0.01198300824200671
54, 0, -0.1229038824685109
31, 12, 1.51620923922209
5, 16, -0.4989547499826527
49, 5, -0.6987216493421241
38, 10, -0.2695780667797075
15, 15, 0.832001674501768
27, 13, 0.5655560067953915
41, 9, -0.7615563032299063
35, 11, -0.7453510026753621
22, 14, -0.06916161998221269
6, 16, -0.02975278465602217
53, 2, 1.537463282030648
52, 3, 1.676582536330457
16, 15, -1.152967281542333
7, 16, -0.7270313732386136
46, 7, -0.5875455790032141
54, 1, 0.3024738120716851
51, 4, -0.05207349127825064
48, 6, 0.03638657202214491
44, 8, -1.860100518955738
32, 12, -1.863142650744378
28, 13, 0.7475507350463018
23, 14, 0.7531367907281957
8, 16, 0.4220733623200871
39, 10, 0.2194654681990084
17, 15, 0.9607580905983936
36, 11, -0.3500488800571237
55, 0, -3.259664603659059
50, 5, -2.048447360852611
42, 9, -0.5596303698595463
9, 16, 0.1610329454281344
53, 3, -0.161028947139111
54, 2, -0.08459557559420368
24, 14, 0.1106291284514488
33, 12, 1.022158756288516
18, 15, 1.018748160812221
10, 16, -0.001337039525379556
47, 7, -0.4324288064503267
29, 13, -0.4396594964667237
52, 4, -0.07630593159128726
45, 8, 0.7864345302169234
55, 1, 0.3512992809328491
49, 6, 0.6077037047156587
40, 10, -0.002406141827035435
-8, 17, 0.216763126852655
37, 11, -0.079273251844639
-7, 17, 1.616014258442842
11, 16, 1.064951480650197
-6, 17, 1.149174890228102
-5, 17, -0.01081760820960972
19, 15, 0.3679722259991681
-4, 17, -1.086575823342697
43, 9, -0.6682112480911329
51, 5, 0.1274870162635091
25, 14, -0.151647283711374
56, 0, 0.2071625686931065
-3, 17, 0.6392464685990755
34, 12, -0.05556986737331544
-2, 17, 1.345921831406392
30, 13, -1.269606954854643
12, 16, 0.0108624657875681
-1, 17, 0.3304905027848521
20, 15, -0.2381547860989429
54, 3, 0.4889706997339571
55, 2, 0.09681016922231001
48, 7, -4.119191622613097e-05
0, 17, 0.1717934380553927
46, 8, -0.1471383951332704
41, 10, -0.1734505364111162
38, 11, -0.3227140502207225
13, 16, -0.3072440179638669
50, 6, -0.04120857310627222
26, 14, -0.03579616766961227
1, 17, 0.9329439644466904
53, 4, -0.6429759496104701
56, 1, 0.6929259140357651
2, 17, 0.04459256767435697
44, 9, 0.9793367964464815
31, 13, 1.073828198325699
35, 12, 0.9347421968322417
21, 15, 0.2011712973614156
14, 16, 0.01341136008222938
52, 5, -0.161171472054115
3, 17, 0.2449942130773003
57, 0, 1.299540309761591
27, 14, 0.6686758505950693
4, 17, 0.1712807401689485
39, 11, 1.12713505437505
15, 16, -1.125151824547921
49, 7, -0.6418785338716295
42, 10, 0.07157555106707213
55, 3, 0.7801858630393722
47, 8, 0.9070761262614723
22, 15, -0.1848987482666556
5, 17, -0.20659742995948
56, 2, 0.04065523150286884
32, 13, -0.5264606980741074
51, 6, -1.085750414877802
54, 4, -0.1249043924480722
36, 12, 0.5915261054123871
57, 1, -0.6300426292092216
6, 17, 0.6403753714850973
45, 9, 0.1371016756530417
16, 16, -0.5299030358831625
28, 14, -0.001328261751659898
7, 17, 1.242870282193612
53, 5, -0.8123521166291645
23, 15, -0.8120697956579264
58, 0, 0.05946823141936979
40, 11, -1.333729476161736
33, 13, 0.9815346964570461
17, 16, 0.8066448235575622
8, 17, 0.5192431935659276
43, 10, 0.500241057306291
50, 7, 0.7107997172674864
48, 8, 0.2661133152360756
37, 12, 0.2126570371175032
56, 3, 0.6626173381056431
29, 14, -0.5076949500404281
57, 2, -0.3178773801657436
24, 15, 0.4145145210610333
52, 6, -0.08114032585238297
9, 17, 0.5414357205614708
55, 4, -0.1488500128693689
46, 9, -0.2663496505919807
18, 16, 0.1650522827934328
58, 1, 1.532610659552095
10, 17, 0.8199841843986113
34, 13, -0.8328092244382903
54, 5, -0.7049772013860854
41, 11, 1.097817045251597
25, 15, -1.878754044293681
44, 10, -0.03727122811446115
30, 14, -0.04146289637232623
59, 0, 1.061199419729445
19, 16, -0.150318514676621
-9, 18, -3.943783969104552e-13
-8, 18, -0.1033824582637503
38, 12, -0.08008055095728812
11, 17, -1.202137662328268
-7, 18, -1.2298784911343
-6, 18, -0.04388742855836752
51, 7, -0.7024031308441236
49, 8, -0.05475047060980728
-5, 18, 0.5245155307164746
-4, 18, 0.1808480923228579
57, 3, -0.7714463430630669
-3, 18, -0.7560722797318677
53, 6, 0.7957815740514731
47, 9, -0.8547700002918973
58, 2, -0.1777040367011587
12, 17, -0.1335668482963991
-2, 18, 0.2379446102490067
56, 4, 0.4456353966897285
20, 16, 0.4314731245865775
35, 13, -0.9291585813286651
26, 15, -0.1326954881613756
-1, 18, 0.01979585443337198
59, 1, -0.6373000096163826
31, 14, -1.011766476326527
42, 11, 0.7070483334342431
0, 18, 0.00685595259519692
13, 17, -0.6127429096396736
39, 12, -0.5781633418102474
55, 5, 0.8609534390066217
45, 10, 0.6838111370987005
1, 18, -0.1955381013184584
21, 16, 0.3132732698800803
60, 0, 1.410391547078987
2, 18, 0.1872195315645623
50, 8, -0.1906320026648303
52, 7, 0.07188643833453612
27, 15, 0.1116645213313302
14, 17, 0.4447131964796982
36, 13, 0.1987006219997013
48, 9, -0.2324560291959058
3, 18, -0.2483336389950853
32, 14, -0.03305084083289504
54, 6, -0.1898176599164665
58, 3, 1.18120439117744
59, 2, 0.1256125174833401
4, 18, 0.1095573924488062
22, 16, 0.1173044935943437
57, 4, -0.709788979532318
43, 11, 0.4838704315624088
15, 17, 0.7984578113744289
40, 12, 0.1182266761833035
60, 1, -1.230077164302511
46, 10, -0.01767215406191163
28, 15, -0.4568439359500751
5, 18, 0.06475216148320877
56, 5, -0.6565126064564611
33, 14, -1.325447836702393
16, 17, -1.206296379460496
6, 18, -0.1215419213296125
37, 13, 0.5377934249926373
51, 8, 0.1694712653852753
23, 16, -0.1087259673165642
53, 7, -0.6166617093063286
61, 0, 0.7507469864772394
49, 9, 0.2392672208471174
7, 18, 0.6555650058757281
55, 6, 0.1977198553055163
44, 11, -0.03110311207455332
29, 15, -0.2368116611614108
59, 3, 0.2140415810022838
41, 12, -0.2368380760843145
17, 17, 0.799763323326609
60, 2, 0.1164940464369719
8, 18, 0.08807075233361784
58, 4, -0.155584676737555
24, 16, -0.3353765130652048
47, 10, -0.3434239076041812
34, 14, 0.06554991694846291
61, 1, -0.3988441749704819
38, 13, 1.255037054674961
9, 18, 0.4550233778645966
57, 5, -0.4617852692688268
18, 17, -0.02189211369696701
52, 8, -0.2509172871662405
30, 15, -0.01832839562909494
54, 7, 0.02522499189014258
50, 9, -0.9253906247797133
25, 16, 0.2176563987842576
10, 18, 0.1138475378131066
62, 0, 0.04768327324328549
45, 11, 0.7120688416706055
42, 12, 0.08118026691939534
19, 17, -0.4265218713770079
56, 6, 0.05646582770184226
35, 14, 0.06827255456936909
60, 3, -0.8650206670252948
-9, 19, -0.1762184417804593
11, 18, 1.998366205715236
-8, 19, 1.894258968928686
48, 10, -0.08597048364706633
-7, 19, -0.5195560053482655
61, 2, 0.02984947282006765
39, 13, 0.09662142421118752
59, 4, -2.033704489552378
-6, 19, -2.030631718308145
-5, 19, -0.3445987910366482
31, 15, 0.16956931081175
26, 16, 0.1164895319480717
-4, 19, -0.1761883518886807
62, 1, 0.0636576356700969
20, 17, -0.374104489537772
-3, 19, 0.8843888494018984
12, 18, -0.1492922645841605
58, 5, 0.4461957981482187
53, 8, -0.5850216759198262
-2, 19, -0.5804768187655764
55, 7, -1.239530936736051
43, 12, -1.282362517265324
51, 9, 0.6898390515920151
-1, 19, 1.079024360131305
46, 11, 0.9992563430001233
36, 14, 0.1275711945144125
13, 18, 0.8298422043387533
63, 0, 0.2233351360429359
0, 19, 0.1383432082971651
21, 17, -1.771247112172228
27, 16, -1.958105748816239
40, 13, 0.02110861628311274
32, 15, 0.6919982300395284
57, 6, 0.3999941981386717
49, 10, 0.1964626796800308
1, 19, -0.6177157171684574
61, 3, 0.1568719343532031
14, 18, 0.03809421879178779
62, 2, 0.04239487792289136
2, 19, 0.478063498556771
60, 4, 0.7119382759915246
3, 19, 0.05757402063189015
22, 17, -0.1735941773487666
63, 1, 0.3224082284375742
37, 14, -0.2245969531002072
44, 12, 0.9439378657902159
28, 16, 0.8179954558260165
59, 5, -0.1179035530399307
54, 8, 0.1222410244465528
47, 11, -0.218416852219689
33, 15, -2.478881248813589
15, 18, -2.592968766370225
4, 19, -0.2092810563273794
52, 9, 0.2158025238289975
56, 7, 0.1261823112552349
41, 13, 0.6132917766527938
5, 19, 0.4990931513593605
64, 0, -0.8467478574938463
23, 17, -0.813628978047842
50, 10, -0.08048762971208839
58, 6, 0.01903085317186291
16, 18, -0.0004829452562381874
29, 16, 0.3510349192915271
6, 19, -0.2218908862176339
62, 3, 0.003945915793421059
38, 14, -0.07094060043878547
63, 2, -0.0125004255117321
61, 4, -0.750929241861789
34, 15, -0.05725365492777306
45, 12, 0.4717741119834589
7, 19, -0.1628165732156994
17, 18, 1.126398930286183
48, 11, 0.3560202688418601
24, 17, 0.05667408666460501
55, 8, 1.4086962690919
42, 13, 1.320441571196105
64, 1, 1.952585259752791
60, 5, -0.8437348418046026
53, 9, -0.2371793937569897
57, 7, 0.2367347363245051
8, 19, -0.06133397785379682
30, 16, 0.001716821921607711
51, 10, 0.09216383611656404
18, 18, 0.03191704812978118
39, 14, 0.5240098818662928
9, 19, 1.041496516737004
65, 0, 0.2303770513818067
35, 15, 0.654981103334036
25, 17, -0.313757948837886
59, 6, -0.7426181825953955
46, 12, -0.07653158340590542
63, 3, 2.655479368252911
10, 19, 0.3011285331680337
43, 13, 0.7596575077589227
19, 18, -0.7781611444382932
64, 2, -0.3661345634561256
62, 4, -0.3567904475625447
49, 11, 1.400572245682429
31, 16, 0.8476654993958952
56, 8, -0.3151710978866365
54, 9, 0.2868879924942157
26, 17, 0.4133622961863718
-10, 20, -1.501792886702272e-13
65, 1, 0.9096078062770684
61, 5, 1.070583905422059
11, 19, 0.9308679227940976
-9, 20, 1.095117329051745
-8, 20, -0.54894350901523
58, 7, 0.1231620093171336
-7, 20, 0.1590154511346138
36, 15, -1.688387609996302
40, 14, -0.008688821746650024
-6, 20, 0.04475450288650736
52, 10, -0.09381485075511832
20, 18, 0.1302554516940646
-5, 20, -0.7998100435419532
-4, 20, 1.398989965910486
12, 19, 0.3631892118040069
-3, 20, 0.2252730513325826
32, 16, 0.01167338092497345
66, 0, -0.4887296854233533
60, 6, -0.3071288479292911
47, 12, -0.4175502239863044
-2, 20, 0.07301874570096344
44, 13, 0.6504674866918484
27, 17, 0.773564817383084
50, 11, 0.02086218318812043
-1, 20, 0.5755572083130019
21, 18, -0.316659748321495
64, 3, 1.751375278717776
13, 19, -1.40573566161202
63, 4, 0.7924510628521809
65, 2, -0.267333542289424
37, 15, 0.5915117311841401
0, 20, 0.1501439317507237
57, 8, -0.3857469049030746
55, 9, -2.354270401611858
41, 14, -2.378045005632115
1, 20, 0.2913264182648436
62, 5, -0.8196555359201844
66, 1, 0.4866605192198467
59, 7, 0.5395334806564104
33, 16, -0.5231033661817472
14, 19, -0.4736109223819201
53, 10, -0.4918674485548498
28, 17, 0.5739719610540146
22, 18, -0.08744070555716563
2, 20, -0.04702643929366243
48, 12, 0.01345769325931135
45, 13, -1.584577577970395
3, 20, -0.94893885531738
15, 19, -0.2766695531340383
61, 6, -0.971194922146571
67, 0, 0.9408362409455459
38, 15, 0.01223436901630779
51, 11, 0.3816021821205643
4, 20, -1.01173302597333
23, 18, -0.001024905673849363
42, 14, -0.05498923122974066
29, 17, 0.3101990319407418
34, 16, 0.02013811700917085
65, 3, -0.1454232531644016
5, 20, 0.3568695626192943
64, 4, -0.3323328193757059
56, 9, 0.3785149138706899
16, 19, 0.3902028316862661
66, 2, 0.1387957946163343
58, 8, 0.1646734056974828
54, 10, 0.03804255189477532
6, 20, -0.03400099441535256
63, 5, -0.03120312341775578
60, 7, 0.5889574079616064
67, 1, 0.9491810389947231
24, 18, -0.03570714407616118
49, 12, -1.163329123516091
46, 13, -1.17759644355017
39, 15, 0.8343464762650823
17, 19, -1.465762278157339
30, 17, -0.216176219835982
7, 20, 0.7008347179935254
35, 16, -1.652975332521526
52, 11, -0.1093688036454553
43, 14, -0.07300834526671603
62, 6, -0.1743257284970634
68, 0, 1.355741779662784
8, 20, 0.3821608036238213
18, 19, 0.2697602466636535
25, 18, -0.504978528942481
66, 3, 0.5685888156702305
57, 9, 0.1899465607748094
59, 8, 0.3337034716644975
65, 4, -0.1422737468134961
9, 20, 0.07877980968234782
67, 2, 0.396747982058122
31, 17, 0.1973508015749233
55, 10, 2.386057618314891
40, 15, 2.389959935178976
47, 13, -0.1920435980810812
50, 12, -0.02438537272022382
61, 7, 1.326478621710576
36, 16, -0.3728487617515686
64, 5, -0.1351751558574502
19, 19, 0.6440398730903499
10, 20, -0.2671284138189385
68, 1, -0.9318587393099065
44, 14, 0.3146408132900602
26, 18, 0.2973566421212621
53, 11, 0.7766605113789987
11, 20, 0.510621620750569
-10, 21, 0.6947940291405411
63, 6, -0.7434143189601036
-9, 21, 0.7430645466878375
32, 17, -1.289256823769459
-8, 21, 1.393001506869824
20, 19, -0.3948326760288585
-7, 21, -0.1521939788383455
69, 0, 0.04319187459065339
-6, 21, 0.4795695525434792
41, 15, -0.5244218153214406
-5, 21, -0.5517534354887759
58, 9, -0.336093499511247
37, 16, -0.3623889536901768
27, 18, -0.3615583627511762
-4, 21, -1.430218657082603
60, 8, 0.08561971186505474
12, 20, -0.5006897623231684
48, 13, 0.7807333011868193
67, 3, 0.4256350923415444
66, 4, -0.2614506516900488
56, 10, -0.2296646875154481
51, 12, 0.8629645245261582
-3, 21, 0.3318440507506147
68, 2, 0.1578583848430753
45, 14, -0.8020022124577649
21, 19, 0.8106397108839352
-2, 21, -0.6001357396989613
62, 7, 0.06618811080280966
65, 5, 0.09788199484953768
33, 17, 1.385221359173634
13, 20, 1.238347042317016
-1, 21, 0.7812046755092624
69, 1, -0.9758037759553718
54, 11, 0.7416698836351084
0, 21, 0.09292282950220768
28, 18, -0.04520290193286011
38, 16, 0.1502577857217135
42, 15, 0.6788041916047524
22, 19, -0.3222958302613723
1, 21, -0.4074589918046631
64, 6, 0.01876735883814083
14, 20, -0.1600415930286206
49, 13, -0.1128025126730108
2, 21, -0.2957518300947941
70, 0, -0.1311122978682953
59, 9, 0.6905467659744037
52, 12, 0.6900889529080009
61, 8, -0.02755076106404458
34, 17, -0.03027419391295916
46, 14, -0.05662727980184637
57, 10, 1.303010747279515
3, 21, 0.06973553268014078
15, 20, -0.01393390784944963
68, 3, -0.1160308714512258
29, 18, -0.526889815256499
67, 4, -0.4500793345331406
23, 19, 0.02181825423259717
69, 2, 0.01749526622303302
63, 7, -0.6582546725589171
4, 21, -0.2830507388649384
66, 5, -1.193754520252504
55, 11, -1.04042735832355
39, 16, -0.1139019018105905
43, 15, 1.130175756278096
16, 20, 0.4636357761641705
70, 1, -0.7428582069878427
5, 21, -0.7525487353006711
35, 17, -0.06283879388181515
24, 19, 0.6784563343911532
30, 18, -0.2816863035841515
50, 13, -0.1549541808696334
65, 6, -0.01353362758342547
6, 21, -0.8144647801485806
47, 14, 0.6066738445444708
53, 12, 0.3374819258920175
17, 20, -0.8096528947594737
60, 9, -0.6255684831365945
71, 0, -0.6626200996016225
62, 8, 0.06340187077088502
58, 10, 0.1069022588494305
7, 21, -0.4214862708839308
40, 16, 0.03352275371407216
69, 3, -0.1007728598471681
44, 15, -0.1198907007991495
25, 19, -0.2203365950471113
68, 4, 0.109461109419019
64, 7, -0.6079455600204323
56, 11, 0.1414589662246775
31, 18, -0.6209587407565861
8, 21, -0.1436842659371179
70, 2, -0.1193225741066485
18, 20, 0.1177865781992438
36, 17, -0.6468687958606727
67, 5, -0.4820329411073713
9, 21, -1.737723753872535
71, 1, -0.8653491248860511
51, 13, 1.244256591683459
48, 14, -0.1218541904184242
26, 19, 1.172908569134686
19, 20, 1.563913995497668
66, 6, 0.1290849073798621
54, 12, 0.102525517984302
41, 16, -0.6069240339086263
61, 9, -0.4542665370251668
10, 21, 0.1187980189720718
32, 18, 0.003642618789163509
59, 10, 0.6674776943434841
45, 15, -0.7587844612722672
63, 8, -0.564219182240117
37, 17, 0.5481176610381467
72, 0, 0.1096605919960808
20, 20, 0.6989766967465283
11, 21, 0.565380746760355
-11, 22, -3.373684764276151e-13
-10, 22, -0.1704784820088903
57, 11, 1.372173136903522
-9, 22, 1.524202738183414
70, 3, -0.8414550985430316
-8, 22, -0.006451093143182132
69, 4, 0.612750983184139
27, 19, 0.5020712241951316
65, 7, -0.6601712851275824
-7, 22, 0.6422355234143452
71, 2, 0.00425252200385953
-6, 22, 0.2206454935817117
-5, 22, 0.2445245149021279
68, 5, -0.2320250996922842
52, 13, 0.002198214890966265
49, 14, 0.2815190644002392
33, 18, 1.980378908131949
12, 21, 1.741648500723812
42, 16, -0.07823318664933684
-4, 22, -0.1099104833454329
21, 20, -0.8118675872929547
-3, 22, -1.025279042172873
72, 1, 0.8980681765100867
55, 12, 0.2565933920891374
38, 17, 0.6160696731480089
46, 15, -0.2691306204064837
-2, 22, -0.1261554188123351
67, 6, 0.1451786772938647
28, 19, 0.157228806141749
62, 9, -0.1322837023401507
13, 21, -0.0754520494972518
60, 10, -0.1684219714967532
-1, 22, -0.4470824982007739
64, 8, 0.06195723250587514
0, 22, -0.07196770748068905
22, 20, -0.1174190687844989
73, 0, 0.2590048069733962
34, 18, 0.1241437463739084
58, 11, 0.9196238322718391
14, 21, -0.5177196410358313
1, 22, -1.444048510678666
71, 3, -0.5910390675845943
43, 16, -1.100099773200704
70, 4, -0.09598012846216275
50, 14, 0.02448992237069722
66, 7, 1.598205144653984
53, 13, 1.665625485809925
39, 17, 0.3393422839996407
29, 19, 0.3546055607198593
72, 2, 0.02845775973597093
2, 22, 0.02888763461895139
69, 5, -0.1925977306406446
47, 15, 0.8842476609668181
23, 20, -0.8870926107032996
15, 21, 0.4521977583569478
56, 12, -0.4701536058284417
3, 22, -0.1959774009747327
73, 1, 0.8803228286296922
35, 18, 0.8656194542335054
63, 9, -0.3397755707381184
68, 6, 0.0699775966033556
4, 22, -0.108067083377555
61, 10, -0.6239492372709792
30, 19, 0.2350118051103318
16, 21, 1.137749375159196
65, 8, -0.7655809022761561
44, 16, 0.8587304243642623
24, 20, 0.8558651335593533
40, 17, -1.115856750000132
5, 22, -0.03300563881032341
59, 11, -1.516461716337522
51, 14, 0.7111012674744013
74, 0, 0.1097389688737572
54, 13, 0.6067594096450758
6, 22, -0.09126184702488908
67, 7, 0.03441222069442763
17, 21, 0.2355725774299306
72, 3, 0.7920147889400788
48, 15, -0.9707078831273148
71, 4, 0.1862215858196148
36, 18, -0.0007031094852180164
57, 12, -0.2609426605190272
73, 2, 0.4669525749458374
31, 19, -0.3817485452879414
70, 5, -0.5716420819111849
25, 20, -0.5534753232620889
7, 22, 1.110695879214
18, 21, -1.16563775407158
41, 17, -1.497789750441043
74, 1, -0.110093676359647
45, 16, -0.2738465094899514
64, 9, 0.1201454202202505
62, 10, -0.03185393160010212
8, 22, -0.1123182749138143
69, 6, -0.3753620415953005
66, 8, 0.2769261107731777
52, 14, 0.2845285542652654
60, 11, 0.3521826651858978
26, 20, -0.07779994038911044
55, 13, -0.4215717947770914
37, 18, -0.5992133307496822
32, 19, -0.5706798403844801
9, 22, -0.2867122642530373
49, 15, 0.2042084425674499
19, 21, 0.197398076836895
75, 0, -0.649951804414876
68, 7, -1.17096622380195
58, 12, -0.08301380587866869
10, 22, 0.08221930501902767
73, 3, -0.005804906149960215
72, 4, 0.4107913901697978
42, 17, -0.5894849380623857
74, 2, -0.01614022127042529
46, 16, 0.1318354443202394
27, 20, -0.4754494753149024
71, 5, -0.7968096809280862
20, 21, 1.520067477803603
33, 19, -2.089224102168763
11, 22, -3.453048759656503
-11, 23, 2.250724621689319
-10, 23, -0.8403892035861933
38, 18, 0.2298526736896383
-9, 23, -0.8752478928447707
-8, 23, -0.2490460353790129
63, 10, -0.9502841687929903
65, 9, -0.5800193432593221
53, 14, 0.03285219743452001
-7, 23, -0.6509032073136672
75, 1, 0.9066469135712112
70, 6, -0.2283118476561961
-6, 23, 0.02833537278445325
61, 11, -0.04510835032181691
56, 13, -0.5378835291036568
50, 15, -0.1516561382105611
67, 8, 0.928097985045518
-5, 23, -0.9158784544953182
12, 22, -0.05146639702428898
21, 21, 0.4325908590067644
-4, 23, 0.6337953285814558
28, 20, 0.1690069301919989
43, 17, 0.2841898735718088
-3, 23, 0.1122768011058031
59, 12, -0.7468871079669389
34, 19, -0.01915222675713248
76, 0, 1.091762698131968
47, 16, 0.2645797176987159
-2, 23, 1.594666430547449
13, 22, -0.9477100333994986
69, 7, -0.7495223722524984
39, 18, -0.04596827256407354
74, 3, 0.09074843763510489
73, 4, -0.06745817217416478
22, 21, -0.04521380349323155
-1, 23, 0.1130672766472055
75, 2, -0.8968595782719125
72, 5, -0.9989652074414751
0, 23, 0.004598012443446015
29, 20, 0.4771318917693813
54, 14, 0.01518188716445278
14, 22, 0.02027966623263957
64, 10, 0.1421388239686426
66, 9, -0.5468622472630649
51, 15, -0.2459957854031233
1, 23, -1.729973704985361
57, 13, -0.07970957596332587
62, 11, -0.02468017684980445
35, 19, 1.252927844621371
76, 1, -0.9749230179264659
71, 6, -1.045576264006377
44, 17, 1.595178521349905
23, 21, 1.411443888320365
2, 23, -0.3981590660312183
68, 8, -0.9121547008195648
15, 22, -0.8522609885590128
40, 18, -0.2742663145678123
48, 16, 0.4832708898620732
3, 23, 0.5128723436895068
30, 20, 0.2122583512171728
60, 12, 0.4501720667504037
4, 23, -0.3700081067337083
77, 0, -1.694829654976261
70, 7, -1.065069495163334
24, 21, 0.4692638699899419
16, 22, 0.1730922140941923
74, 4, -0.1071605029609332
75, 3, 0.1587370384098121
55, 14, -0.9671720616405781
36, 19, -1.11169693546992
5, 23, 1.119871255785313
52, 15, 1.011432272067184
73, 5, -0.4688716379104128
45, 17, 0.03569566501082642
76, 2, -0.236650553237499
65, 10, 0.3218659951333198
58, 13, 0.3671487504408498
31, 20, -0.4308251434857461
67, 9, -0.5176678092323441
41, 18, 0.5195357527321022
17, 22, 0.3782911520578157
6, 23, -0.1937320085743973
63, 11, 0.2738815574355315
49, 16, -1.422920150894249
25, 21, 1.412243474434964
72, 6, -0.1265032799253732
77, 1, 0.559456395314041
69, 8, 0.5446089338718
7, 23, 0.4990087532297517
61, 12, 0.3889414768118459
37, 19, 0.4369257538285983
18, 22, 0.09785695601959755
32, 20, 0.3482396725484263
8, 23, -1.220442218272288
26, 21, 0.4538412334989515
56, 14, -0.001251049111662231
71, 7, 0.8047102810982326
46, 17, -0.5599821602806736
53, 15, -0.7073660314255183
78, 0, 0.03454100884265094
42, 18, 0.09820295873627202
75, 4, -0.4421658270940204
76, 3, 0.9162045684390796
19, 22, 0.9205971442382549
59, 13, 0.373899369756189
9, 23, 0.3741652792560093
66, 10, -0.09795361723370868
50, 16, -0.03797950687891961
74, 5, 0.6708694413664559
77, 2, 0.7460407343903283
68, 9, 0.9194492387208021
64, 11, -0.1549124454772159
38, 19, -0.0141877329708349
27, 21, 0.3270394553700501
33, 20, 1.249435228887464
10, 23, 1.382625635240351
73, 6, -0.3470675115093374
70, 8, 0.06661259586457344
20, 22, 0.1007054334862827
62, 12, -0.03270860764164864
78, 1, 1.077278271148764
47, 17, 0.8492219433294453
43, 18, 0.2585635469233191
-12, 24, 3.486482101065292e-13
11, 23, -0.4045008595041714
-11, 24, 0.3830452099094443
-10, 24, -0.07781878690062387
54, 15, 0.1172790372818391
-9, 24, -0.994101153899451
57, 14, 0.1603989292067437
-8, 24, -0.07472931539221629
-7, 24, 0.3841844076798068
28, 21, -0.1238261732039789
72, 7, -0.9395383600775205
21, 22, 0.7339594666734207
-6, 24, -0.1199175247955752
51, 16, -0.709497708980103
39, 19, 0.7958032123263366
34, 20, -0.2170676050657586
60, 13, 0.05410487621738674
12, 23, -0.03039751316657196
79, 0, -0.0115707293190743
-5, 24, 0.9663337343284193
-4, 24, -0.6351873088450781
76, 4, -0.6481032828558618
77, 3, 0.3167121657139544
67, 10, 0.6866926541221652
65, 11, -0.301798674056813
-3, 24, -1.852871587013705
69, 9, 1.841171386787761
75, 5, -0.9132440585173378
78, 2, -0.163824865940927
13, 23, 0.303609745349585
44, 18, -0.1275539463219242
22, 22, -0.2422098046602806
-2, 24, -0.1768663517573476
48, 17, -0.1834926380966726
29, 21, -0.3094547552299421
63, 12, -0.1951939624863242
-1, 24, 0.7025206335123416
71, 8, -0.2089845940748786
74, 6, -0.1809167108469088
55, 15, -1.210843238271124
35, 20, -1.049289685815582
79, 1, -0.5413744391907784
40, 19, -0.227507293094084
58, 14, -0.186993526024964
0, 24, 0.04562637421501325
14, 23, -0.4361229755106499
52, 16, -0.4857234248712002
23, 22, 0.4379288483012841
1, 24, -0.0169227545937562
61, 13, 1.264983486090025
73, 7, -0.598783071039363
30, 21, -0.5934062186760466
2, 24, 0.04039021833262077
15, 23, 0.3714844115323031
45, 18, 0.03613977562178219
80, 0, 1.152275735271495
68, 10, -0.09997019233886897
77, 4, -0.9719183061881891
66, 11, -2.177115011599378
49, 17, -1.764378854363832
36, 20, 0.09381098699257932
3, 24, -0.3589599744286157
78, 3, 0.344479614630969
70, 9, 0.3995046694902812
24, 22, 0.03650484642142817
76, 5, 0.6401126546278698
41, 19, -1.036165150059749
79, 2, -0.9983987470118195
16, 23, -0.9893478214054903
4, 24, -0.2086286987128362
64, 12, -0.1952896879881051
56, 15, -0.197142273966744
59, 14, 0.7095777538556729
31, 21, -0.3790380998841429
72, 8, -0.3232120049288949
75, 6, -1.3329845446258
53, 16, -0.5123812825950862
5, 24, -0.401352322216362
80, 1, -0.829873351048102
25, 22, -0.02936640203243315
17, 23, -0.4924533746174031
46, 18, 0.0416774111581093
62, 13, 0.5603651756628911
37, 20, -0.2027779796545769
6, 24, 0.05350634811921767
50, 17, -1.671927206126758
74, 7, -1.937775891471927
42, 19, 2.042651613296509
32, 21, 1.241004727478225
69, 10, -1.01086180505116
7, 24, -1.203159952616493
67, 11, 0.08559082901105297
18, 23, -0.04475354295862732
81, 0, -1.225612021337172
71, 9, -0.174636805671039
78, 4, 0.08539539982609126
26, 22, -0.08860950195823308
79, 3, 0.4683523861806136
57, 15, -1.934097986524144
77, 5, 1.421214893972059
65, 12, 1.324937020618209
8, 24, -0.2069554966294698
60, 14, 0.2637475785650617
54, 16, 0.2627892964625149
80, 2, -0.08382887946646116
38, 20, -0.04843663439344276
73, 8, 0.5337306973136543
19, 23, -0.2932577302794117
47, 18, -0.5843165161253567
76, 6, 0.2275369253542686
9, 24, -0.2134624733351286
33, 21, -0.4962026456840473
43, 19, 1.0272085186286
63, 13, -0.1889241483552697
51, 17, -0.7293831263263755
27, 22, 0.2222775213099457
81, 1, 0.5295333300410843
10, 24, -0.1461058566415801
20, 23, -0.5934982683910895
75, 7, 0.1428420389241535
70, 10, 0.1994704309341974
39, 20, 1.160209756035683
68, 11, 0.7566643687537139
58, 15, -0.3594156382446152
-12, 25, -0.6873721688856503
55, 16, 0.9028292322727347
34, 21, 1.109503610695325
11, 24, -0.5459291437314229
-11, 25, 0.7145577981776489
72, 9, 0.06679404990258772
82, 0, 0.2689292966147043
28, 22, -0.1587330267663556
-10, 25, 0.7041613226740029
-9, 25, 0.903704585873732
61, 14, -1.221829560672537
66, 12, 0.3577476001490065
48, 18, 0.3583326842949555
79, 4, 0.1712185415744252
80, 3, 0.554423288123304
-8, 25, 0.1532412937906422
44, 19, -1.7916717071481
21, 23, -1.736114146442242
78, 5, -0.5122793923849563
-7, 25, -0.5249035904258196
-6, 25, -0.2002941976657039
81, 2, 0.9529191298998737
52, 17, 1.049979840797717
12, 24, 1.494064995739839
74, 8, 0.08928550193893706
-5, 25, -1.794564665755904
77, 6, -1.241873097346806
64, 13, -0.9936960066847885
-4, 25, 0.4106579105188051
40, 20, -0.01539795148504959
29, 22, -0.239730736436169
22, 23, 1.202673258156984
-3, 25, 1.282591962805395
35, 21, -0.9768391708396426
13, 24, 1.724591873518605
82, 1, 1.722153678406819
-2, 25, -0.8414138346881442
59, 15, -0.0450793917432139
76, 7, 1.112826772102578
49, 18, -1.651437285333133
56, 16, 0.1382296928914977
71, 10, 0.3655124343989996
69, 11, -0.3709990731605375
45, 19, -0.3764214387965563
-1, 25, -0.3604367564273513
62, 14, 0.05104139022994632
14, 24, -0.04689672115386324
0, 25, -0.06919094171104631
73, 9, 0.4609759946918134
67, 12, -0.0143642643793261
23, 23, 0.02140548410105111
30, 22, -0.004867739451636282
83, 0, -0.1500469398923459
53, 17, -0.7744770043467992
80, 4, -0.7267164321799328
1, 25, -0.5317122768179761
41, 20, 0.7507615943995715
81, 3, -0.60693414122806
36, 21, 0.7937128459404831
79, 5, -0.4878538523719363
15, 24, -0.009592640370913383
75, 8, 0.8011942148234199
65, 13, 0.07353228510694224
2, 25, -0.3830774194096564
82, 2, -0.09289991564708178
24, 23, -0.3098087225624577
78, 6, 0.01467569284416816
3, 25, 0.01671717718527152
46, 19, -0.3035081798638242
50, 18, 0.06395297011143844
31, 22, 0.6620400998085928
60, 15, -0.01726295498918102
16, 24, -0.2542073913873592
57, 16, -1.467728868203688
83, 1, 0.1000177221758852
4, 25, 1.381399334833525
37, 21, 0.2135285578964164
70, 11, 0.8771161721092509
72, 10, -0.1091877956158205
42, 20, -0.1118416637659975
77, 7, 0.4476440362285262
63, 14, 0.3555406873285756
54, 17, 0.9812369977221256
25, 23, 0.8343535678408378
68, 12, 0.5795438114433543
5, 25, 1.297807978485636
17, 24, -0.09154260954247942
74, 9, 0.5812752509302164
32, 22, -0.3085091518305568
84, 0, 0.7333188256057346
6, 25, -0.6794308334985941
81, 4, -0.06309882137880854
82, 3, 0.06845460118250177
66, 13, 0.7725783546513645
47, 19, 0.7823655051496193
80, 5, 0.4263023677248484
51, 18, -0.3986881049783187
76, 8, 0.3360409382744173
18, 24, -0.002089145741857929
38, 21, -1.117548811363171
26, 23, -0.6069783374273441
83, 2, 0.934389303855692
7, 25, -0.9372834530195805
58, 16, -0.03051955288067741
43, 20, 0.8806436969529359
79, 6, -0.09548564242480902
61, 15, -0.1646061818589204
8, 25, 1.808650399144794
55, 17, 1.639842208825327
33, 22, 2.743768159552257
64, 14, 0.07582507980750715
84, 1, 0.04397779306872916
71, 11, -0.3209874669686807
19, 24, 0.177880557848635
73, 10, 0.4007501185965584
78, 7, -0.2074197303476413
27, 23, -0.6491700787630111
69, 12, -1.055649953928353
9, 25, -1.447291649206809
48, 19, 0.1883126878200318
75, 9, -0.2956524587637441
39, 21, -0.2568209521885825
52, 18, -0.05959311178013083
44, 20, -2.0825441582991
20, 24, -2.178390739628196
67, 13, -0.3192994583559187
85, 0, -1.73908773682655
10, 25, -0.49021958093236
82, 4, -0.1235897414681473
34, 22, 0.1556123884141631
83, 3, 0.03583313430330071
81, 5, -0.5998161663931572
59, 16, 0.2074659005328023
28, 23, 0.9428709510488412
77, 8, 0.9633323668103994
62, 15, 0.8634209306847583
56, 17, -0.6200516343467182
-13, 26, 3.116340743059937e-12
84, 2, -0.02246692882977865
-12, 26, -0.004670369685572578
11, 25, 1.518396593551163
-11, 26, -1.484599733215937
-10, 26, -0.2219855356108911
80, 6, -0.2237581069331933
21, 24, 0.09622030767534887
-9, 26, 0.4090182870425993
65, 14, -0.4780112205007112
40, 21, 0.3602320277526319
-8, 26, -0.06354893134516734
49, 19, 0.6103958088080479
-7, 26, -0.9648913549637657
72, 11, 0.6812369109347323
74, 10, -0.01650773970660189
-6, 26, -0.02055839897212125
12, 25, -0.1427057407616181
35, 22, 0.04282159035067717
85, 1, -0.3453317377674494
70, 12, 0.06283426833855039
45, 20, 0.4782744907265792
53, 18, -0.4295337473572629
29, 23, 0.4484214758025588
-5, 26, 0.9843053954548168
79, 7, -1.147222611900881
22, 24, 0.2544556030265169
-4, 26, 0.2813895418662363
76, 9, -0.002194139197445582
68, 13, -0.9975059162482844
-3, 26, -1.512116471491934
13, 25, -0.7009535219622575
60, 16, 0.3963442869250978
-2, 26, 0.1341871140773245
63, 15, 0.5135214851407198
41, 21, -0.7174926594421438
86, 0, 0.1614768649446037
83, 4, -0.9793887270574493
57, 17, 0.7430101512685543
84, 3, 0.2916824888316923
82, 5, -0.09480671101951584
30, 23, 0.100949081687936
-1, 26, 0.6283679027392001
78, 8, 0.18047993962717
36, 22, 0.1772201426666657
23, 24, -0.7293623009675076
14, 25, -0.612921876891622
50, 19, -0.3851089565839743
66, 14, 0.1252381785448926
46, 20, 0.1043296891740835
0, 26, 0.003677080218119339
85, 2, 0.9029143704668195
81, 6, -0.8961312647185155
54, 18, -0.0291083070086289
73, 11, -0.962959258302047
1, 26, 0.9478966208850063
75, 10, -0.1098293149762965
15, 25, 0.6422634742608456
71, 12, 0.7738315968893451
24, 24, 0.2124080005455701
2, 26, 0.1314441320664914
86, 1, 0.4268510952862723
31, 23, 0.02592547959000857
42, 21, -0.009529663996412413
80, 7, 0.4772797098639356
37, 22, 0.2910609843627195
77, 9, -0.9893628561393325
61, 16, -1.058993151042662
69, 13, 1.612797205866776
3, 26, 1.260744922710356
58, 17, 0.2849515605607814
64, 15, 0.2613887205139979
16, 25, -0.2701225948682164
51, 19, 0.5344324331906678
47, 20, 0.9780798733770912
4, 26, -0.1423932304988833
25, 24, -0.6310140489518659
84, 4, 2.230906804618557
87, 0, 0.4266570647704515
79, 8, 0.08564218760858905
85, 3, 1.332343821157234
83, 5, 1.543998884074104
55, 18, -0.3939451919130502
32, 23, -0.4189151880772027
67, 14, 0.0945826175240595
17, 25, 0.743300288476119
5, 26, 0.3779629405493538
43, 21, -0.1102443036927323
38, 22, -0.01957116375280064
86, 2, -0.1799133518882017
82, 6, -0.1543815927045259
74, 11, 0.3028085248508982
6, 26, 0.0837357984897409
72, 12, 0.9419940339584771
76, 10, 0.02265032686536981
26, 24, -0.05554218184575638
18, 25, -0.7730799487712198
62, 16, 0.1043336680341432
59, 17, -0.2323074914347294
52, 19, -0.1830518629403016
48, 20, -1.418438965472545
7, 26, 0.5385214387409918
87, 1, 0.5926478170640397
81, 7, 0.9871445448562866
33, 23, 0.9305270653163603
70, 13, 0.8773922300174739
65, 15, -0.8852166786775499
78, 9, -0.5821443217100186
39, 22, -0.4477884130161511
8, 26, 0.04119998507210652
56, 18, -0.129325356465897
44, 21, -0.2084251744448502
19, 25, -0.1668662342345158
27, 24, 1.184173815171425
68, 14, 0.008338194448015755
85, 4, -0.6150279872695409
88, 0, -0.8321844319969498
80, 8, -0.5229636207266218
84, 5, -0.1833676886033462
9, 26, 0.6892488409015404
86, 3, -0.7416227824295387
34, 23, 0.1008778134588977
20, 25, -0.5947322010577433
75, 11, -0.3628054390957974
49, 20, 0.345377429913678
83, 6, 0.5225411396835467
87, 2, -0.09935947372091937
53, 19, -0.5475693287429658
73, 12, 0.2344428850351529
28, 24, -0.2660304560047536
63, 16, -0.3245289980847037
10, 26, -0.1442877897947559
77, 10, -1.979239888339231
60, 17, -1.852897181610047
40, 22, 0.1738027211635899
66, 15, -0.2674038290203714
45, 21, -0.2974771104979793
71, 13, 1.238179306425673
82, 7, 0.1187503734216737
-13, 27, 0.1290515623343062
57, 18, -0.5745409270130991
-12, 27, -0.7417213379686569
21, 25, -0.198534294890176
88, 1, -0.5102185875621281
79, 9, -0.4337920633163515
11, 26, 0.487111306604295
-11, 27, -0.4137678100666523
35, 23, -1.100499391537754
-10, 27, -0.6870817882496993
-9, 27, -0.08056321140374954
-8, 27, 0.04200577847050725
29, 24, 0.2290319415123007
-7, 27, 0.2925401155214652
69, 14, 0.198960333752336
12, 26, 0.07426558051338249
-6, 27, 1.297501445245826
50, 20, -0.02121640649436759
41, 22, -0.4483331720634024
22, 25, 0.1660594768571932
-5, 27, 0.4498665386953365
81, 8, 1.320017516561321
54, 19, -1.257533109341092
86, 4, 0.0002518299280911044
89, 0, 1.719129129324279
85, 5, -0.1404120429684011
-4, 27, 0.6965000795614111
87, 3, -1.274944299837446
46, 21, 0.2714124771690077
64, 16, 0.01099480031008062
61, 17, 0.5718214253549898
76, 11, 0.605280166630076
36, 23, -0.7823973777629495
13, 26, 0.2440444917530904
-3, 27, 1.70714256206028
74, 12, 0.02729962860337594
84, 6, -0.08570773036756617
30, 24, -0.08298394267355941
88, 2, -0.09103675014304924
78, 10, -0.1024288397803307
-2, 27, 0.5448523992027572
67, 15, 0.2862109754736331
58, 18, -0.1165684336987436
72, 13, -0.1451471479380495
23, 25, -0.06788853106613019
-1, 27, 0.1602988734047009
14, 26, 0.01136373511168889
83, 7, 1.040478601511311
80, 9, -0.240511250804363
42, 22, -0.04374131677718165
0, 27, -0.09387017086571738
89, 1, -0.3143552838205012
51, 20, 0.8410027848379743
70, 14, -0.04184872932319415
37, 23, 0.1530787381618833
55, 19, -0.2348865598905155
31, 24, 0.1769041612046027
1, 27, 0.1067091429401478
47, 21, -0.4787608904552707
24, 25, 0.552883832076861
15, 26, 0.6439187887691932
62, 17, -0.9339537638829559
2, 27, -0.9250588494237788
65, 16, -0.4066847222257634
82, 8, 0.04613998933785441
87, 4, -0.6504713652653625
90, 0, -0.06940371653716904
86, 5, 0.4359124037290587
88, 3, 1.544817954621386
77, 11, 2.578464470566952
59, 18, 1.695913459150814
16, 26, 0.17624587932872
75, 12, -1.367696478145536
3, 27, 1.343213575698372
68, 15, 0.4498317873428496
43, 22, -0.8918397167681424
25, 25, -0.3221099603210074
32, 24, -0.06080033670513213
85, 6, -0.7183015385370128
79, 10, 0.9762182447142
73, 13, 0.01897538815139387
38, 23, 0.1553840118439967
89, 2, -0.2993657440607269
4, 27, -0.3362316917728142
52, 20, 0.7009465987618078
48, 21, -0.237124501557393
17, 26, 1.111952075334252
56, 19, -0.5783615390706383
5, 27, 0.01192707492158676
81, 9, -0.3484442075443375
84, 7, -0.4386914006915947
71, 14, -0.4916194870729467
90, 1, 1.526599192886424
26, 25, -1.636220393260251
33, 24, 0.8416055044752541
6, 27, 0.7860236357276941
63, 17, 0.4694590205697755
66, 16, 0.0795837614811116
44, 22, 0.005335706942005783
18, 26, -0.07287760229265983
39, 23, 0.5732536521524895
60, 18, -0.02273818496927511
83, 8, -0.5255356197511919
7, 27, -0.3436856465733301
53, 20, 0.1866318928655419
69, 15, -0.1267895344261098
88, 4, 0.4776797263311866
76, 12, 0.159576865851508
78, 11, 0.3510683783069595
87, 5, -1.185135842912537
27, 25, -1.192050109359817
91, 0, 0.1197822187093451
49, 21, 0.340550802674436
89, 3, -0.06901929283211078
19, 26, 0.5893128529008643
74, 13, 0.188774485259064
8, 27, -1.34953369818925
80, 10, -0.03921246572572087
57, 19, -0.5873635392015913
86, 6, -0.01468512397912943
34, 24, 0.01849174330549391
90, 2, 0.1579574035254575
45, 22, 0.5457303158952308
40, 23, 0.5322923637148177
9, 27, -0.2231118984191465
72, 14, -0.1917862786527035
82, 9, 0.2318898283993074
20, 26, -0.1164630020881965
85, 7, -0.2059355414302711
28, 25, -0.1603726601205371
64, 17, -0.3601467680750711
67, 16, -0.07554586566334145
91, 1, -0.0855625897171184
61, 18, -0.3081729972865604
10, 27, 0.2935990366470024
54, 20, 0.0403989052955953
50, 21, 0.02486996758220817
35, 24, 0.05911677069248017
21, 26, -0.4682644623443696
70, 15, 0.6030929949607619
-14, 28, -3.876946704184563e-12
-13, 28, -0.02609224089870103
84, 8, -0.6245531720714433
-12, 28, 0.6242593232792943
77, 12, -0.7621112444753754
58, 19, -0.9311014339744582
11, 27, -0.5182848803369645
-11, 28, 0.3890619301698649
79, 11, 0.4707408855745748
29, 25, 0.5107295644774524
41, 23, 0.07808506214907826
-10, 28, 0.2558417532194569
46, 22, -0.0824552450073094
89, 4, 0.2213677662830116
-9, 28, -0.1302577330929286
88, 5, 1.650361705990682
75, 13, 1.652404084610978
92, 0, 0.03628612147623048
-8, 28, 0.4028933498126003
90, 3, 0.8357909208719931
81, 10, 0.9733272129827418
-7, 28, -0.4158531459336375
87, 6, -1.116248119119556
12, 27, 0.6318669274519553
22, 26, 0.2513879325895726
-6, 28, 0.2482633162778348
36, 24, -1.187173494764791
91, 2, 0.4526730593831882
73, 14, -0.3034096364276871
65, 17, 0.3910193772455929
-5, 28, -0.01424831088004351
51, 21, 0.4702903463557748
62, 18, 0.1500086477430385
55, 20, -1.101542766189739
30, 25, -1.097867293379862
83, 9, -0.910253726080585
68, 16, 0.7249890369979234
-4, 28, 0.2787870091213878
86, 7, 0.9160647497477817
13, 27, -1.610495468736245
42, 23, -0.3772528702498427
-3, 28, -0.1251405022001477
23, 26, 0.3090669542570787
92, 1, 0.01739267473692161
47, 22, -0.4477327869628696
-2, 28, 0.1569719931256469
59, 19, -0.8145717719207103
71, 15, 0.3756143820568741
37, 24, -0.2750490792711649
14, 27, 0.4323862258103012
-1, 28, -0.4008951739530698
78, 12, 0.04825817551180432
85, 8, 1.027519582225199
80, 11, -0.2248627661636884
31, 25, -0.05730944696674951
76, 13, 0.9321514470183884
0, 28, 0.07806581932071793
90, 4, -0.204075762034368
24, 26, -0.2048554275977847
89, 5, -0.4100746369807403
82, 10, 0.172288873769326
52, 21, 1.0693580322565
93, 0, 0.3421054386107175
15, 27, 0.8168034449763742
91, 3, 0.3626315212607097
1, 28, 0.380849478655422
56, 20, 0.5702732652333673
66, 17, 0.4244277037755485
43, 23, 0.5093127837651932
63, 18, 0.1490208750018225
88, 6, -0.1804046959260928
74, 14, -0.1799598938581437
69, 16, 0.393356329206685
48, 22, -0.125810084365605
2, 28, 0.0004224288512858662
92, 2, -0.2699667777836348
38, 24, 0.1624521416423778
32, 25, -0.7902801081429804
84, 9, 0.4051162061738274
16, 27, -0.6159953724747077
60, 19, 0.1732129736725038
25, 26, 0.1484460899650485
87, 7, 0.2829746895109742
3, 28, 0.6576775199320181
72, 15, -0.6167984707393549
4, 28, 0.05858583435656312
93, 1, 0.5926260183398659
44, 23, -1.133412087438098
17, 27, -0.9086526084540956
79, 12, 0.375387613221432
53, 21, -0.3672522177629278
81, 11, 0.4331615565252557
86, 8, 0.1144551100169505
26, 26, -0.07570885167357115
77, 13, 2.498200075875481
57, 20, 2.552880079559228
33, 25, -2.565295217818759
5, 28, -2.502347559477914
39, 24, 0.8357585313615834
49, 22, 1.137766879039032
67, 17, -1.058724251642155
64, 18, -0.07891494252638338
83, 10, 1.16481986686829
91, 4, -0.2049800576864179
90, 5, -0.5269456763853486
6, 28, 0.1339411315710201
18, 27, -0.2740526084778824
75, 14, 0.07774307989380257
94, 0, -0.2763862561443047
70, 16, 0.1279893751109154
92, 3, -0.1116491802640543
89, 6, -1.577817913930108
61, 19, 0.4507646656874363
27, 26, -0.248312616143848
7, 28, 0.1855507211050929
93, 2, 0.4033499069065747
45, 23, 0.07919459174956685
85, 9, -0.4223855731546085
34, 25, 0.5907764387441229
19, 27, -1.159895010297438
40, 24, -0.4796413303843691
88, 7, -2.689570385411007
73, 15, -2.710056746549214
54, 21, 0.9152643366039078
8, 28, -0.6842436969979253
58, 20, -0.1047491684627318
50, 22, -0.144421466646532
94, 1, -0.4105923044658278
80, 12, -0.5255491729474021
28, 26, 0.09681461542042445
82, 11, 0.00291413043772708
78, 13, 0.1538677740904391
9, 28, 0.872003608456848
68, 17, -0.01659405104548586
65, 18, 0.01155105104770543
20, 27, 0.02090621876766221
87, 8, 1.274855279898975
35, 25, -0.2167948824565656
71, 16, 0.6851690040081754
62, 19, 0.695640406390047
46, 23, -0.0004715473057089179
84, 10, -0.02005397667357277
76, 14, 0.09880600308698163
41, 24, 0.3227186524325095
10, 28, -0.07987175736847366
92, 4, -0.08466074393083194
91, 5, 0.0615089513393372
95, 0, -1.400466628915479
93, 3, 0.30416364734826
21, 27, 0.2733084064156284
55, 21, -1.136626657336874
29, 26, -1.24596102621523
90, 6, -0.1369249710090058
-14, 29, -0.3433248579033382
-13, 29, 0.05248453356231757
51, 22, 0.2516835923201929
-12, 29, 0.561358031889336
11, 28, 0.1640957043517197
-11, 29, -0.1019932963194364
86, 9, -1.104346577128671
74, 15, 0.7321846528819066
59, 20, 0.7394304685394965
-10, 29, 1.085503744559099
94, 2, -0.1069651012140089
36, 25, -0.08905758377250275
-9, 29, 0.2964355456430812
89, 7, 0.3488895046724815
-8, 29, -0.3397622926241216
22, 27, -1.276671839781393
-7, 29, -1.085875643130279
12, 28, -1.459886976848819
66, 18, -0.1815447620577649
42, 24, -0.1573226330036626
47, 23, -0.3069690835242695
69, 17, -0.05253136505106732
-6, 29, 0.1409411942424963
30, 26, 0.2264024992244444
81, 12, 0.877022831014995
79, 13, 0.8637612179626484
95, 1, 0.5067277480328606
-5, 29, 0.01590639289357172
83, 11, -1.64237180402236
63, 19, 0.5884871483426117
-4, 29, -1.079459762045335
88, 8, 0.2197993155146886
72, 16, 0.1745753173670668
13, 28, -0.6433831173025281
77, 14, 1.240606535275866
56, 21, 1.242635505424407
37, 25, 0.09859121813228731
23, 27, 1.166970124516613
52, 22, 0.07541253334842457
-3, 29, 1.031859106310475
85, 10, 1.170073149675453
93, 4, 0.749653281790976
-2, 29, 0.7644749729791847
92, 5, 0.7573715214410248
60, 20, -0.6374658519704217
31, 26, -0.09260945284006909
14, 28, -0.1388907180590196
96, 0, 0.5424854588407538
94, 3, 0.15729417810066
43, 24, 0.7454671849577382
91, 6, -0.866013709064763
-1, 29, -0.7650739106113016
75, 15, -0.5774615287891415
48, 23, 0.09703311070246906
87, 9, 0.1365375723373037
24, 27, -0.00346490879177675
0, 29, 0.04541998948415977
95, 2, 0.1242544803089126
67, 18, 0.1537755931448477
90, 7, -0.06670381131892346
70, 17, 0.2890905178524314
38, 25, 0.06460786963668531
15, 28, 0.2768338011128071
1, 29, -0.1917348169443849
64, 19, -0.6003787649692903
82, 12, 0.06261999095563862
32, 26, 0.1089667950690785
57, 21, -0.5089660079314189
80, 13, -0.4028300858106395
53, 22, -0.4013074103057389
84, 11, 0.07265917828491091
73, 16, 1.437075221387226
2, 29, 1.535194101501217
25, 27, -0.5780312143161076
96, 1, -0.4045002344608072
44, 24, 1.663745098043589
16, 28, 1.463184213730935
78, 14, -0.1103778105817539
89, 8, -0.2209718045730588
61, 20, 0.5264937228705884
49, 23, -0.7331633606726733
3, 29, -0.5880656778008451
86, 10, 0.1012312244847916
39, 25, 0.9560254777601759
33, 26, 0.881198146233511
4, 29, 1.005143071301623
94, 4, 0.1323969867113185
93, 5, -2.374049383985765
17, 28, 2.277237463450799
76, 15, 0.6152264345212655
26, 27, 0.4653516495708463
97, 0, -1.851983269707255
95, 3, -0.9617844940999459
92, 6, 0.04930521089815681
68, 18, -0.003729268130810792
5, 29, -0.08645093297753399
88, 9, -0.1930229071868916
71, 17, -0.4451465290186095
54, 22, 0.1222999603254623
65, 19, 0.883620108873007
58, 21, 1.222498995010579
45, 24, 0.01231740352261242
96, 2, 0.05257823356947176
18, 28, 0.04642761245210536
91, 7, 0.05089275359666455
6, 29, 0.02639907631389198
83, 12, -0.5976314897976646
50, 23, -0.6154153303012585
81, 13, 0.1532784527762338
40, 25, -0.4467070006775722
74, 16, 0.1072326456842013
34, 26, -0.002635886397662414
27, 27, -0.4370010909281676
62, 20, -0.01361816382922338
85, 11, -0.7771845082190639
79, 14, -0.9516910048363567
7, 29, 0.9653502942458171
97, 1, 0.2914399546768912
19, 28, -0.3083330998148039
90, 8, -0.04262646387785814
87, 10, -0.8610473550249421
8, 29, -1.090099206784557
46, 24, 0.03247723479242635
77, 15, -0.2324827190338293
55, 22, -0.2742549360876093
28, 27, -0.1122133577636297
69, 18, -0.5490787256165242
59, 21, 0.2879017509006935
35, 26, -0.2857013752400269
95, 4, -0.8657828915381363
94, 5, -0.7078622656048581
66, 19, -0.4962823042610316
41, 25, -0.3739562254512253
20, 28, 0.3798979077643428
72, 17, 0.3329024290716197
51, 23, 0.6045589512412848
9, 29, 0.1278558689696823
96, 3, -2.626846206467185
93, 6, -2.559806494902254
98, 0, 0.0934062152254846
89, 9, 0.5148139952864246
63, 20, -1.046431403174283
75, 16, -0.07530585574961338
10, 29, -0.06395620812141578
29, 27, -0.6444176740876399
97, 2, 0.230931068725794
92, 7, -0.04532125118999809
84, 12, -1.115649901372146
82, 13, 0.3284042018603023
21, 28, -0.007244794494456084
36, 26, 0.02790401727725537
86, 11, -0.3464394926625879
47, 24, -0.3843826951726058
-15, 30, -1.127220052675985e-13
80, 14, 0.1138055761721166
-14, 30, 0.0216926560059542
-13, 30, 0.9751552066063792
-12, 30, 0.1055766722907967
42, 25, 0.3819899450649354
11, 29, -1.102206737642003
-11, 30, 0.8307570819127392
56, 22, -0.1601740334394756
-10, 30, 0.04729586198561585
60, 21, -0.06233827867254447
-9, 30, 0.321092865450801
98, 1, 0.2405310910111259
91, 8, -0.1229383254840137
52, 23, 1.519137405734622
88, 10, 0.16734290410629
70, 18, 0.1850110976462649
22, 28, -0.1878296669935352
-8, 30, -0.1695815490571932
78, 15, -0.6730781777282636
30, 27, 0.9345226409620696
67, 19, 0.04625755714243062
-7, 30, 1.459194465358039
12, 29, 0.03518532188937775
73, 17, -0.1643235321727098
-6, 30, -0.2690635790021789
37, 26, -0.9004839496807761
95, 5, 0.8313592516659069
-5, 30, 0.8147911910416095
96, 4, 0.6653831331521668
64, 20, -0.8155057981672497
48, 24, -0.004679194748294434
94, 6, -0.01340654409322438
-4, 30, 0.01300165807583161
23, 28, -0.1172377437961366
13, 29, -0.5921393761668019
97, 3, 0.3459699276817681
43, 25, -0.140502048095033
99, 0, -0.8971506023816603
90, 9, -0.5637898395633256
76, 16, -0.2192217209100968
31, 27, -0.03410651695107599
-3, 30, 0.5238757392701816
83, 13, -0.4092008925017864
57, 22, 0.406521321449709
85, 12, -0.4588079173898268
93, 7, 0.09424605403075634
98, 2, 0.06877692276685567
-2, 30, -0.1421603007270082
53, 23, 2.43528421040962
81, 14, 0.1138866180553248
61, 21, 0.9262617743764705
14, 29, 0.4941376075118329
87, 11, 0.6665553629211992
38, 26, 0.03638529861739413
-1, 30, 0.1006850901976043
24, 28, -0.9792692153681625
71, 18, -0.6798157028211478
68, 19, 0.07064106045652531
0, 30, -0.02887673581591563
79, 15, -0.1557105636033069
92, 8, -0.31534710561836
32, 27, -0.8655792380900564
99, 1, 1.717614937774871
89, 10, 1.431630002839596
44, 25, 1.469658902195736
15, 29, 1.760856516306981
74, 17, 0.598705616209487
49, 24, 0.1832348848727415
65, 20, 0.6230652948405137
1, 30, 1.269211156837786
25, 28, -1.071703476907903
58, 22, -0.1460780015618894
2, 30, 0.210749678908603
96, 5, -0.4587536310274863
39, 26, -0.1939160297011104
16, 29, 0.6438851462665639
97, 4, 0.7236841446083541
77, 16, -1.989564774134611
54, 23, -1.939078361201856
95, 6, 0.9525128792827474
91, 9, 0.6484291767161232
98, 3, -0.3937809918556976
62, 21, -0.3842729483996651
33, 27, -0.6273466332200586
3, 30, -0.3373929586308969
100, 0, -0.5460339555142681
84, 13, 0.7406472949587102
86, 12, -0.114287060554301
45, 25, -0.120336733335516
82, 14, -0.01715957750934347
26, 28, -0.152113194994978
94, 7, 0.141255595936031
17, 29, 0.1813303482163598
50, 24, -0.05157990689783975
4, 30, 0.06612617571209331
99, 2, -0.1452660405435361
88, 11, -0.5068818931142827
69, 19, -0.4918061754603515
72, 18, -0.0006622373024294316
80, 15, 0.2505092832676852
5, 30, 0.2676199973729854
66, 20, -0.4532403208169022
40, 26, -0.4483991112226825
75, 17, -0.5488566873277166
34, 27, 0.3725881887365582
93, 8, 0.140340763698405
18, 29, -0.7639248169247561
90, 10, 0.2045594863718986
59, 22, -0.2729852625179978
55, 23, -1.359054853596567
27, 28, -1.332059968022125
100, 1, -0.08287331370523389
6, 30, 0.194583603598477
46, 25, 0.4992777760455087
63, 21, -0.3945223092023648
78, 16, -0.04822775878657055
7, 30, 0.6809841631157302
51, 24, 0.1444816785466473
19, 29, -0.05380216711452286
97, 5, 0.6218042820478511
98, 4, -0.1947885864271526
92, 9, -1.005006188923756
41, 26, -0.9951324497835921
96, 6, 0.06391658267413262
85, 13, -0.30655088310338
35, 27, -0.05502621634350328
28, 28, 0.3634258666687892
99, 3, 0.9957956527242111
87, 12, 1.181455547109467
101, 0, 0.9610257074336426
70, 19, 0.09297288662719319
8, 30, 0.1518238198768025
83, 14, 0.5384331899467769
73, 18, -0.8080202633886709
95, 7, -0.8804056039406775
67, 20, 1.011155473112596
89, 11, -0.307569698756909
20, 29, 0.08760240108914437
56, 23, -0.2060760248474778
100, 2, 0.04141135002955938
60, 22, 0.04348207166720664
76, 17, 0.404434902914034
81, 15, 0.2729377205195607
9, 30, -0.243941414078653
47, 25, 0.3511018384481845
29, 28, -0.2547031736119497
36, 27, -0.06554683858708406
52, 24, -0.03861861376833586
91, 10, 0.5884599060867521
64, 21, -1.171442647477235
94, 8, 0.03767169937627025
42, 26, -0.03842001555945625
10, 30, 0.1309812428264233
21, 29, 0.5799385769688502
101, 1, -0.5548540504362044
79, 16, -0.05871953868237425
-15, 31, -0.7671350867676401
-14, 31, -0.1317483332825013
-13, 31, -0.4736665575833234
-12, 31, 0.385744615038659
-11, 31, -0.44782357741978
11, 30, 0.6257726514939317
-10, 31, 0.7637013288110025
71, 19, -0.2826389152370855
30, 28, 0.02893124246277309
98, 5, -1.289817431495974
74, 18, 0.05048276189950568
-9, 31, -1.388048640062528
99, 4, 0.8527505912239003
86, 13, 0.7182191768116555
22, 29, -1.625710134512433
93, 9, -1.250706500440315
57, 23, 1.512734720015772
48, 25, 1.715838273736748
88, 12, -0.4594269205192352
68, 20, -0.2066646339013785
97, 6, -0.7222358746437392
61, 22, 0.4503861652298602
37, 27, -0.467679810239543
-8, 31, -0.7434312837327182
84, 14, -0.08756930135194566
100, 3, -0.5822939868580816
43, 26, 0.8064877410701845
-7, 31, -0.5087056695713632
102, 0, -0.2607457839524062
12, 30, -0.07349985063849035
77, 17, 0.3483202212802911
53, 24, 0.2481902369666031
-6, 31, -1.281869013254199
90, 11, 1.287566696929408
96, 7, -0.4667856664071534
82, 15, 0.05895424414437378
-5, 31, 0.6914338100022727
65, 21, 0.6728210240210987
101, 2, -0.418831394117741
23, 29, 0.4303405960412663
31, 28, -0.02135962884411524
13, 30, 0.3733252477166399
-4, 31, -0.815989240218253
92, 10, -0.08858747901260633
-3, 31, 0.8780734854400741
95, 8, 0.826855638282705
38, 27, 0.8014039349266054
80, 16, 0.3677860593404496
49, 25, 0.486449229208553
-2, 31, -0.07967605583395679
44, 26, 0.05228798934779615
14, 30, 0.0420132933441421
102, 1, 0.6836984508236545
58, 23, 0.5883267039080383
72, 19, -0.9009638947658869
24, 29, 0.9091599259815062
62, 22, -0.07856870895296758
75, 18, -0.17495377457268
69, 20, -0.501777566879932
-1, 31, 0.4277108369875559
32, 28, 0.3942353961800056
54, 24, 0.07170889335047433
87, 13, 0.1997604187924466
99, 5, 0.06596685505986546
85, 14, -0.1079395766955782
0, 31, 0.03641900418848908
94, 9, -1.108675717423949
89, 12, -1.482187540225436
15, 30, -1.916522859423206
100, 4, 0.1333572926357196
98, 6, -0.1172802821364891
78, 17, -0.8465446794205037
66, 21, 2.25740235762856
39, 27, 2.133396420995919
25, 29, -0.859454648095218
101, 3, -0.2718645744320108
1, 31, -0.1545983987371744
103, 0, 0.08504352934133644
83, 15, 0.2429135919658969
91, 11, -0.04459052218852787
50, 25, 0.007095849660059396
97, 7, 0.7063530274985382
45, 26, 0.1530756723556218
16, 30, 0.172716168309454
33, 28, -1.282561229192529
2, 31, -1.36881492247527
102, 2, -0.2392944521353656
59, 23, -0.08924878271979886
81, 16, 0.5351371961085694
3, 31, 0.02614442444804706
93, 10, -0.3783976765981833
63, 22, 0.2223802941594012
55, 24, 0.8068489875731957
26, 29, 0.938172161839556
73, 19, -0.1541171108945684
96, 8, -0.2154034496386621
40, 27, 0.1132129245933276
17, 30, 0.1758972348059127
70, 20, -0.0874849775301621
76, 18, 0.1308271732466502
4, 31, 1.303016554600327
103, 1, -0.3858771339712688
34, 28, 0.02421830918690839
88, 13, -0.6281585736268703
67, 21, -0.8061007517521063
46, 26, 0.1185535880798391
51, 25, -0.1658338596610791
5, 31, -0.7223944802824828