d = 43, symClass = C, D = 11.125000, Y = 0.08807560594184563
[11.90169437500147, 11.9016943769863], 11.90169437598697
1, 0, 1
2, 0, -1.212920219476607
3, 0, -1.639085784948993
0, 1, -0.8400336105020324
1, 1, 1.159343792137857
4, 0, 0.4711754579647069
2, 1, -0.7157206293939953
3, 1, -0.1002944292291121
5, 0, 0.2389957094630334
4, 1, 1.446404083501528
6, 0, 1.9880802892228
5, 1, -0.2241732270307254
-1, 2, 1.798905813673324e-11
0, 2, 1.01889375165665
1, 2, -0.6195689490524798
7, 0, -0.3147099375781092
2, 2, -1.406191526720466
6, 1, 0.3290920843247466
3, 2, -0.4493577930274262
8, 0, 0.6414219788910442
7, 1, 1.122521655844096
4, 2, 0.8681120219562992
5, 2, 0.6420221924985814
9, 0, 1.686602209605915
8, 1, -0.7342472853890165
6, 2, 0.121649141495662
-1, 3, 0.1995450958606273
0, 3, 1.376887149881201
10, 0, -0.2898827282787216
9, 1, -0.6734200620887626
1, 3, 1.500880461462866
7, 2, -0.2702089307569177
2, 3, 0.2924122449230141
3, 3, -1.900263929471905
11, 0, -0.03506504404175611
10, 1, -0.4463779772659147
8, 2, -1.754372758288843
4, 3, 0.1546038549157431
5, 3, -0.7496547378346236
11, 1, -0.60984142213583
9, 2, 1.337934080904064
12, 0, -0.7722969957346407
6, 3, 1.173127508848702
10, 2, 0.2719042399311866
12, 1, -1.37374102838231
13, 0, 1.165158247965621
7, 3, -0.5229978085833177
-2, 4, 2.945337600151098e-12
-1, 4, 0.06566257013489724
0, 4, -0.3958032208772217
1, 4, -0.269556521769905
11, 2, 1.504263078955148
8, 3, 0.3018043098785196
2, 4, 0.7514877056350133
13, 1, -0.2007021260758277
14, 0, 0.3817180466602036
3, 4, -0.4315846664586617
9, 3, 0.1643911734854017
4, 4, 0.5462543421849867
12, 2, -0.3991624432217366
14, 1, -1.273585027679764
5, 4, 0.3859475092611105
15, 0, -0.3917344698006234
10, 3, 0.01896794337824874
6, 4, 0.5450351530182463
13, 2, 0.7972859159140595
15, 1, 0.3158909325206291
11, 3, 1.015463939649261
7, 4, 0.8469625567740411
16, 0, -1.249169146229542
14, 2, -1.361529213094116
-2, 5, 0.103179906780121
-1, 5, -0.3548731107074
8, 4, -0.337229995880122
0, 5, -0.2007644285667874
12, 3, -2.370780372224668
1, 5, 0.5087380223727295
16, 1, -0.8736476533504215
17, 0, -0.5886568636335243
2, 5, -0.613168900923846
9, 4, -1.276397787148299
15, 2, -0.5739440379837488
3, 5, -0.3413925900539524
13, 3, 0.568443568239532
4, 5, 0.03302927908343609
10, 4, -0.7787216984512325
17, 1, 0.02124893440503087
18, 0, -2.045713921943928
5, 5, 0.2770781920293538
16, 2, 0.8905833779141157
14, 3, 0.4530664742153103
11, 4, -0.7924121782102392
6, 5, 1.637643910963187
18, 1, -0.5994428829992575
7, 5, -0.3439403486245774
19, 0, -1.331460005773279
17, 2, 0.1251753631170185
12, 4, -0.04725627314097873
15, 3, 0.3674391497415997
8, 5, 0.967192764423484
-3, 6, -7.133870955104896e-11
-2, 6, -0.2420322812669969
-1, 6, -1.20705013311708
19, 1, -1.06348454893414
0, 6, -1.670054263035685
13, 4, -0.4833579258686164
20, 0, 0.1126089129365108
9, 5, -0.8472038491357795
1, 6, -1.884584856537238
16, 3, 1.469174333873764
18, 2, 0.8168048093982754
2, 6, -1.820448258196862
3, 6, 1.015526657166276
10, 5, -0.1710541595858068
14, 4, 0.3277418757979787
20, 1, -1.338841570977023
4, 6, -0.3546727243796227
17, 3, 0.3506000110712977
21, 0, 0.5158365848793658
19, 2, -0.5605564521027547
11, 5, -0.8586670285243956
5, 6, -1.235293119331449
15, 4, 0.5798892096404745
6, 6, 2.304868541693305
21, 1, -1.059254381427066
18, 3, -0.5394101573058803
12, 5, -0.2277607872167971
22, 0, 0.04253110023024916
20, 2, 0.5414208743455777
7, 6, 0.6112324471142955
16, 4, 0.6815101065426563
8, 6, -0.1875221413535693
13, 5, -0.8625817847695436
22, 1, -0.4673282431528794
19, 3, -1.508245725660531
21, 2, -1.550443711863088
-3, 7, -0.519998769446034
23, 0, -1.16063487297311
-2, 7, 0.1807528177963894
9, 6, 0.7365359706670309
17, 4, 0.2546710107296728
-1, 7, 0.7744586889473575
0, 7, 0.2643669251166175
14, 5, 1.310296518524626
1, 7, -0.4988560722414561
10, 6, 0.9092713886679815
2, 7, 1.633818582782786
20, 3, 0.5205973688379537
23, 1, -0.01228368303028149
3, 7, 1.190321221464151
22, 2, 0.7396889918668502
18, 4, -1.622807299281613
15, 5, -0.02396993821563727
24, 0, -1.051345648629425
11, 6, 0.1912134159340838
4, 7, 0.7441102390601944
5, 7, 1.40036468041548
21, 3, -1.83990928938286
24, 1, -0.232820506645341
16, 5, 1.203766323166071
12, 6, -1.422910075789556
19, 4, 0.07341623324081963
6, 7, 0.1148013332157941
23, 2, -0.05964460169364032
25, 0, -0.9428810510444453
7, 7, -0.3648570125606708
13, 6, 0.2304000261185055
22, 3, 1.074753313895173
17, 5, 0.3198020155477257
20, 4, -0.105624922461188
8, 7, 0.2210974533403745
25, 1, -0.2762353071284276
24, 2, 1.66623826989118
26, 0, -1.413243998926752
14, 6, 0.6343546175883373
9, 7, -1.104984817012857
-4, 8, -4.298470929322434e-11
-3, 8, -0.6113751041480889
18, 5, 0.1516866265325387
-2, 8, -0.07964345944267338
23, 3, 1.436847222852612
-1, 8, -1.115956416458223
21, 4, 1.210773453470837
0, 8, -0.5388160204939204
10, 7, -0.6423795261269273
15, 6, -1.052329449260087
1, 8, 0.3862339372836606
26, 1, -0.6763664817542304
25, 2, -0.1709783102618529
2, 8, 0.3269505551475598
27, 0, -1.125399920958327
19, 5, 1.291365761090542
11, 7, -1.600125766325782
3, 8, 0.2857860726879135
24, 3, 1.2034942874581
22, 4, -1.824551102678667
16, 6, -0.3660645503517667
4, 8, -0.2919256834353168
27, 1, -0.8636549198990222
12, 7, 0.1782654157603802
5, 8, -0.2647320116334442
26, 2, 0.2434356667692001
20, 5, 0.3456843698492175
28, 0, -0.1482835988843265
17, 6, -0.4746432956612763
6, 8, 0.5234777683907256
23, 4, 0.4021870868958761
25, 3, 1.64767619632832
13, 7, 0.7607996399013066
7, 8, -0.1914903013716532
21, 5, 0.6500746962435726
28, 1, -1.077505070536965
27, 2, 0.6714538728464473
18, 6, -0.1993933781036346
8, 8, 0.7436285895548749
14, 7, 0.2252443944511705
29, 0, 1.212954776403223
24, 4, 0.1550601134686586
26, 3, 0.1748941893551175
9, 8, -0.0710204540330842
22, 5, -1.168893734974165
15, 7, -0.0902532936066293
-4, 9, 0.9784057632416143
19, 6, 1.624371263308342
-3, 9, -0.3270715302140522
-2, 9, -0.01093358116954928
29, 1, -0.4797814776264279
-1, 9, 0.4172225493822045
28, 2, 1.544757030428495
10, 8, -0.4681235368169629
0, 9, -1.416802543650537
30, 0, 0.4751426588131737
1, 9, 0.3346012308650094
25, 4, -0.8056772185438904
16, 7, -0.1059165966453426
27, 3, 1.103793250950716
2, 9, -0.7411770963201858
11, 8, 0.4924076999804873
20, 6, -0.02300660151729651
23, 5, -0.7055803017129071
3, 9, -2.460071828597832
30, 1, 0.3225875901334763
4, 9, -1.293749160319726
29, 2, 1.338715811963411
12, 8, -0.2117263639459478
17, 7, 0.1586319529164864
26, 4, -0.9670442080998334
5, 9, 1.333206662675621
31, 0, 1.850962882841999
21, 6, 0.4428956178196354
28, 3, -0.4102347718514531
24, 5, -0.2345236453241477
13, 8, -0.5551243511930859
6, 9, -0.479288754350327
18, 7, 1.331663383658656
7, 9, -1.171684765434142
31, 1, -0.5284554806105416
30, 2, -0.3831504994513639
22, 6, -1.231676744777646
14, 8, -1.02729800951989
27, 4, -0.05703804495957349
32, 0, 0.873720534581281
25, 5, -0.05357643942604223
29, 3, 1.053744277608485
8, 9, -0.4349046091507102
19, 7, -0.5539260818143321
15, 8, -0.1689582022521703
9, 9, 1.955351801462664
23, 6, -0.4534393635593921
32, 1, -0.5473120448082801
31, 2, -0.2120628702452466
28, 4, 0.5289046553957312
-5, 10, 1.133632653017435e-12
-4, 10, -0.1251489951410269
20, 7, -0.7901130247630749
-3, 10, -0.9123770394130929
26, 5, 1.303955993019551
10, 9, 1.179677364881025
-2, 10, 0.4304327712837929
16, 8, -0.4590789434005251
33, 0, 0.0574746143330753
30, 3, 0.7316517975918584
-1, 10, 0.5242193073171021
0, 10, 0.2435112349451097
11, 9, 1.090684292614064
1, 10, -0.04070667934620689
24, 6, 2.8755674486763
2, 10, -0.6170586335785293
21, 7, 0.03156365353466037
17, 8, 0.04785142483055946
32, 2, 1.059664903683442
33, 1, -1.040938077095721
29, 4, 1.480641989086093
27, 5, -0.002238312208785234
3, 10, -1.604585499476276
12, 9, -0.2534089808951918
31, 3, 0.5156226687751121
34, 0, 0.7139938111522475
4, 10, 0.7437249586014345
25, 6, 0.8288373273761135
18, 8, 1.548168683608893
5, 10, -0.1480743203711715
22, 7, 0.5436512384891354
13, 9, 0.08968207167626793
30, 4, 0.6961483280544029
6, 10, 0.4140819740574462
33, 2, 0.7418583920129451
28, 5, 1.233130618302065
34, 1, 1.46827534872816
14, 9, -0.7877312042705497
19, 8, -0.5654668259982136
32, 3, -0.6209367668369745
7, 10, 0.5549245611519783
35, 0, -0.07521432507480011
26, 6, -0.6894766978035322
23, 7, -0.04563228693746191
8, 10, -0.04006187963056554
15, 9, 1.228748424037421
31, 4, 0.4179483766199152
29, 5, -0.04473435948938373
20, 8, 0.3025051009034319
34, 2, -0.02577326218086733
35, 1, 0.2731054643245304
9, 10, -0.9215956068347956
24, 7, -0.08077033025059324
33, 3, 0.9995824060914028
27, 6, -2.192988733176355
16, 9, -1.454442988334012
36, 0, 0.7946855691625077
10, 10, -0.3360737417186257
-5, 11, 0.2947140746188726
-4, 11, -0.1818832034482508
-3, 11, 0.3610208358801841
21, 8, -1.03874440179493
-2, 11, -0.5227063351328521
-1, 11, 0.9179213974984377
30, 5, 0.07865159609297155
32, 4, -0.3459593012323582
0, 11, 0.869489426005423
11, 10, 0.7794008232898106
17, 9, 0.6043535954108757
35, 2, 1.631984638826085
25, 7, -1.848088252491284
36, 1, 0.3080216284480951
1, 11, 1.227038683348135
28, 6, -0.5495334867647925
34, 3, -0.8315288425727574
2, 11, -0.921665009179188
22, 8, 0.9611327529491782
12, 10, -1.986331411697712
37, 0, -0.4290111782081706
3, 11, 0.7707878199609042
18, 9, -1.207135994607163
31, 5, -0.4688988868489898
4, 11, 0.1576312060228802
33, 4, -0.08799827020304174
26, 7, 0.1717465985464972
13, 10, 0.2207443608647401
29, 6, 0.6771566895043147
5, 11, 0.3738751676432157
36, 2, 0.7270763928375826
37, 1, -0.1463228406886166
23, 8, -0.8243354825303232
19, 9, 0.5474627865853177
35, 3, 0.2643524136519926
6, 11, -0.2992978365696111
14, 10, 0.4171722027541158
38, 0, 1.614954762078344
27, 7, -0.3325689164739895
7, 11, 1.459725199333473
32, 5, 0.6946304146990534
34, 4, -0.1518277289484662
20, 9, -0.7916232416849814
24, 8, -0.0643310509595468
15, 10, -0.1073945845353765
30, 6, -0.4456743742187783
8, 11, -1.400566904507025
37, 2, 0.3098521722492796
38, 1, -0.5864656121029433
36, 3, 2.251679391321238
9, 11, -0.08573696513917002
16, 10, -1.173127659762379
28, 7, -0.4551977389394368
39, 0, -1.909794321404236
21, 9, 0.8572382736391346
33, 5, 0.2254493654336909
25, 8, -1.034020987039391
35, 4, 0.7135918904423024
10, 11, -0.9387572281369866
31, 6, 0.8396194359410225
-6, 12, 1.370961661299467e-12
-5, 12, 0.08452356624561357
-4, 12, 0.09402075169104425
-3, 12, -0.1076265849924357
17, 10, 0.6730653625679582
-2, 12, 1.464055511719384
38, 2, 1.28992191258504
39, 1, 0.1510614582939032
22, 9, -1.129127841857339
11, 11, -0.04065244100685874
-1, 12, 0.09411676825476796
37, 3, 0.1462008285142611
29, 7, 0.01993460927050692
0, 12, 0.6487554339632285
26, 8, 0.5862746019087918
1, 12, 0.8148307246263305
40, 0, 0.1532971008936566
34, 5, 0.2241863412569129
18, 10, 1.027590678979299
12, 11, 0.7995115318818032
2, 12, 2.285851077301146
32, 6, -1.781991255117474
36, 4, -0.3172990063904588
23, 9, -0.5061163897465434
3, 12, 0.4418262626660949
39, 2, 0.2091774413233966
13, 11, 0.7428228277496044
4, 12, 0.7071780391769535
30, 7, 0.3200687413155307
27, 8, 0.6057058246983509
40, 1, 0.1586589017431845
19, 10, -0.1998191368289249
38, 3, 0.818921739157366
5, 12, -1.394259429922038
35, 5, 0.2682778593999786
41, 0, -1.429610604053051
14, 11, 0.5301178755073587
33, 6, -2.465616228226262
24, 9, -0.4946831548522827
6, 12, -1.23175281532158
37, 4, -1.052265347522405
20, 10, 0.2074750483601477
28, 8, -0.1273158163441537
31, 7, -0.1580474701919054
7, 12, 1.122008731272189
15, 11, -0.3033300937586877
40, 2, 1.623908011401608
41, 1, 0.2592101484799182
39, 3, 0.3289680015020015
25, 9, 0.4120077239837088
8, 12, 0.1377774731622559
36, 5, -1.342238593580177
21, 10, 0.8061836224604639
34, 6, -0.4252498421621665
16, 11, -1.49721347989403
42, 0, -0.6256686238090657
38, 4, 0.679910254852529
9, 12, 0.7074042915802397
29, 8, -0.8613858834180369
32, 7, 0.6695848856387154
26, 9, 0.949841231181206
22, 10, 1.041494600381751
10, 12, 1.498312001108544
41, 2, -0.6704110750205913
17, 11, 1.067804058317838
42, 1, 0.727090014124868
-6, 13, 0.8558725132801311
-5, 13, -0.579451018748972
40, 3, -0.1926628060982363
-4, 13, -0.5402868678488985
37, 5, -1.047782090576372
-3, 13, 0.2521238027524718
35, 6, 0.07587615229543443
11, 12, 0.8009671311584756
-2, 13, -1.507010140719648
30, 8, -0.7033593478229215
-1, 13, 0.1463523482194581
43, 0, -0.5147661144439245
39, 4, -1.413166824237972
18, 11, -0.9945958716231729
33, 7, 1.283445441752096
23, 10, 0.4047739665117169
0, 13, -0.9787720899136773
27, 9, -0.1691568060827269
12, 12, -0.895357727856801
1, 13, -0.6187511389117839
2, 13, 1.1841644977674
42, 2, 1.284791056458569
19, 11, 0.3634958349172575
43, 1, 0.8824919644121926
41, 3, 0.9928094962338977
3, 13, 1.221223670610508
36, 6, 0.6542614857982181
38, 5, 0.2300136885785692
13, 12, -0.08273186324390873
31, 8, -1.131938511392203
24, 10, 0.276255664234603
4, 13, -1.53508795835736
28, 9, -1.257306417084767
34, 7, 0.425515258891922
44, 0, -0.01652178868401653
40, 4, -0.2103223474752112
14, 12, -0.7413761942477586
5, 13, 0.1094677811269694
20, 11, -0.2882765530068871
6, 13, 0.2016769937270607
25, 10, 0.1534405494941873
43, 2, 0.1039016120416446
32, 8, 0.9277553697156413
37, 6, -0.5242426584723526
42, 3, 2.087515114176426
15, 12, -0.6326010755798769
44, 1, -0.5743440895035847
39, 5, -1.027217166394833
29, 9, 0.2045872047649727
7, 13, -0.9364313325222455
21, 11, -0.277018203258213
35, 7, 0.0705495422473332
41, 4, -1.412565554220683
45, 0, 0.4030906914520663
8, 13, 0.8085259523010018
16, 12, 0.07284554221003726
26, 10, 1.046242887967978
33, 8, -1.197675382411675
22, 11, 0.02509677456753118
9, 13, 1.836639236575485
30, 9, -0.03109008606736439
44, 2, 0.5668318748097821
38, 6, 1.829381736614287
40, 5, -0.1754819507954595
43, 3, 1.998565686291163
17, 12, 1.248674127460556
45, 1, 0.2683654846394762
36, 7, 0.2119114313639398
10, 13, 0.3634124952396109
27, 10, 0.2414281832543739
-7, 14, -5.422500979251182e-12
42, 4, 1.880564526777237
-6, 14, 0.6307170212579039
-5, 14, -0.577886707927312
23, 11, 0.6377666781640111
46, 0, 1.407757504207106
-4, 14, -0.2192387475117003
11, 13, 0.2002724311736832
-3, 14, -0.1369206317654539
18, 12, -0.8933593709822277
31, 9, 0.1587371757184838
34, 8, -0.308895618055452
-2, 14, -0.9393566029034732
-1, 14, -1.057605914332625
39, 6, -1.306820011323068
0, 14, -0.3206559884887871
45, 2, -0.1617030979858604
12, 13, 0.05960323838774362
41, 5, -0.3353871594316222
28, 10, -1.589285140250145
44, 3, -0.1305924215006212
37, 7, -0.8556836723305909
24, 11, -1.419136781644999
1, 14, -1.766139484553338
46, 1, 0.587247556012141
19, 12, -0.7347948246848686
2, 14, 0.6050726166791259
43, 4, 0.1381504560461967
13, 13, 0.1914751897859356
32, 9, -0.6725205149848417
3, 14, -1.52658863300632
47, 0, -0.9333947353010035
35, 8, -0.7011261005007412
20, 12, -0.3532189151455007
4, 14, -1.9816915941995
29, 10, 0.4573186179354214
25, 11, 0.4973451401886403
40, 6, -0.6314430744047966
14, 13, 0.006603180649842151
42, 5, -0.3847066843323623
38, 7, -0.5369576700757331
5, 14, 0.9873808745341465
46, 2, 0.01489912721626968
45, 3, -0.5177723372836411
47, 1, 0.6554879895006295
6, 14, -1.443764677230667
33, 9, -1.664432508790546
21, 12, -1.388244286026585
15, 13, 0.6687706954036927
44, 4, -0.2873423107625752
36, 8, 0.6304017023413403
26, 11, -0.2637400415594883
30, 10, 0.02907362414427125
7, 14, 0.1949845068348363
48, 0, 2.047495384160487
41, 6, -0.5924601702845372
16, 13, 0.7275407324021058
22, 12, -0.2319266173557438
8, 14, -0.902546355447135
39, 7, -0.3130670084007029
43, 5, 0.1583395036362753
47, 2, -0.2845182620614509
46, 3, 0.08105522257243503
34, 9, 0.7060725833126985
27, 11, -0.4144259137963914
48, 1, 1.029419163576319
9, 14, -0.04366755746130314
37, 8, -0.4269213480714928
17, 13, -0.1258614488766232
31, 10, 0.5402861555221143
45, 4, 0.08027032780448357
23, 12, -0.4150277937906836
10, 14, -1.698530634899567
49, 0, -0.9009576552806927
42, 6, 2.231663178146948
18, 13, 0.3533789504262568
40, 7, 1.086307931109978
-7, 15, -0.8848399577574793
-6, 15, -0.1691207189938201
28, 11, 1.212229034537649
-5, 15, 0.04769042167184814
44, 5, 0.4621621597981265
35, 9, 1.110579919574613
11, 14, -0.2376277460992353
-4, 15, -2.377336204892344
-3, 15, 0.5816674710759172
48, 2, 0.2823927002535218
32, 10, -1.460072512770267
24, 12, 0.5527488910552814
47, 3, 1.287824317171046
-2, 15, 0.5694227251643244
38, 8, -0.08904803336499476
49, 1, -0.3710035337469914
-1, 15, 0.4252044341873663
19, 13, 1.609005177421176
12, 14, -0.1392448580817346
0, 15, 0.329070121515275
46, 4, 0.07234414359528275
29, 11, 0.419753813000677
1, 15, 0.8275442866454795
50, 0, 1.143639491076705
43, 6, -0.06400700188981585
41, 7, -1.270776300951003
13, 14, -1.212121662761198
25, 12, -0.2482506864847649
2, 15, -0.2171148414761019
36, 9, 2.439508323023949
33, 10, 0.7669885914321624
20, 13, 0.7988560114799007
45, 5, -0.160944505558262
3, 15, -0.8338652607057206
39, 8, 0.9971283550149721
49, 2, -0.009264216223970934
48, 3, 1.431983449899298
14, 14, 0.4425424476815327
4, 15, -0.6714790931214543
50, 1, -0.257989832325518
30, 11, 0.7427201752525894
26, 12, -0.2794568497823543
47, 4, -0.9910510507542416
21, 13, -1.132985492349046
5, 15, 0.358703990488254
15, 14, 0.7018921850269307
37, 9, 0.4214151027075828
44, 6, -1.303590025119028
34, 10, -0.387894330687909
42, 7, -0.1035685491998095
51, 0, 0.9648590964917112
6, 15, 1.005036429716721
46, 5, -1.35905586694805
40, 8, -0.1437896349036401
22, 13, -0.2571583196519063
7, 15, 1.082335613389245
31, 11, 0.4684188615866727
16, 14, -0.2681735713584416
27, 12, 2.092125468441443
50, 2, 0.335051389278075
49, 3, 1.037903713638397
8, 15, -0.5146152718257888
51, 1, -0.2897084052036791
48, 4, -0.647273058447724
35, 10, -0.06457877507902325
38, 9, -0.1766875888595016
17, 14, -0.3840935337216831
23, 13, -0.1006559020860744
43, 7, 0.2189431534697611
45, 6, 0.9407435141162479
9, 15, 0.5595717412509101
52, 0, 0.5489939710961785
28, 12, -0.2464237320564159
32, 11, -0.6645329349559461
41, 8, -0.6579098287224545
47, 5, 0.8056291739957732
10, 15, 0.06988527187221963
18, 14, 1.340258426443345
51, 2, -1.180522458252168
24, 13, 0.6772438542306385
50, 3, -0.9193375982692032
-8, 16, 1.996492429251182e-13
-7, 16, -0.5512565350639143
-6, 16, 0.7415492250164063
36, 10, -0.1839837761861822
-5, 16, 0.3543562260196737
11, 15, -0.176361775191343
39, 9, -0.9317277720873913
52, 1, -0.6166911035980791
-4, 16, 0.03093859196736305
49, 4, 1.208260707567928
29, 12, 0.6514444364020879
-3, 16, 0.550361950151239
44, 7, -1.519731629803315
33, 11, 0.003516828775051516
19, 14, 1.609270078527443
46, 6, -1.742781048459487
-2, 16, 1.353566101709225
12, 15, -0.05413782137616635
-1, 16, 0.6348583715769862
42, 8, -1.46857160278999
53, 0, -0.1869613048751912
25, 13, -0.5964354952904504
0, 16, 1.049344068651205
48, 5, -0.1563422485033872
1, 16, -0.6594136987388753
20, 14, 0.7791551156917015
37, 10, 1.413592889216216
13, 15, 0.5528366965346212
30, 12, 1.276391666574195
40, 9, 0.3841308806813292
2, 16, -0.4684709518091617
52, 2, 0.8203785810968004
51, 3, -0.03482882624298738
34, 11, 0.6139958705292958
53, 1, -0.6547567262238435
26, 13, -0.8339277944908018
3, 16, -1.403397367320115
50, 4, 0.2073830497529232
45, 7, 0.5417684604290924
14, 15, -0.9397729503991561
47, 6, 0.3467824295465203
21, 14, 0.1414173628133962
4, 16, -0.127008417974055
43, 8, -1.149243582249481
54, 0, 1.365020319245081
31, 12, 0.4878933508041228
5, 16, -0.03713705942226578
49, 5, -0.06814887023760891
38, 10, -1.566323642025353
15, 15, -0.4541549259004549
27, 13, 0.6926844701451905
41, 9, -1.190111506027886
35, 11, -1.096119394406861
22, 14, 1.940824895392186
6, 16, -0.3466357064731004
53, 2, -0.640877086643185
52, 3, -0.4675279069760364
16, 15, -0.07463343174378793
7, 16, -0.4067773434070272
46, 7, -0.3627966084404302
54, 1, 1.626152437196871
51, 4, 1.029941756230726
48, 6, -1.459742555445384
44, 8, 0.7087718459803398
32, 12, 0.1422027833251091
28, 13, 0.5052520895835961
23, 14, -0.07199359352296321
8, 16, -0.3974051413480245
39, 10, 0.9916181160353159
17, 15, 1.280464751660226
36, 11, 0.2756183503065457
55, 0, -0.008380395185045363
50, 5, -0.1066824211917138
42, 9, -0.7426148169950095
9, 16, 0.4169003848017638
53, 3, 0.09829648880233102
54, 2, 1.047544514866765
24, 14, -0.216221727152406
33, 12, 1.298831536963386
18, 15, -2.684238854985175
10, 16, 0.3210988089584081
47, 7, 1.169180557131498
29, 13, 0.7833262312940519
52, 4, -0.09456591635699073
45, 8, 0.4704974013212992
55, 1, -0.5962028512901013
49, 6, 0.2585112241995314
40, 10, -0.4192875620176627
-8, 17, -1.127105607857535
37, 11, 0.7215513466741826
-7, 17, 0.8008745452942311
11, 16, 0.9173626654488239
-6, 17, -0.5504241198322178
-5, 17, -0.6804550092454933
19, 15, -0.278425948384502
-4, 17, 0.2923530344395525
43, 9, -0.5881132197751763
51, 5, -1.273567912744629
25, 14, -0.674507142336736
56, 0, -0.2018618706328083
-3, 17, 0.8759803085637382
34, 12, 0.5757044497432025
-2, 17, -0.1808873468875134
30, 13, -1.571846472322257
12, 16, -0.2033521029931831
-1, 17, -1.663799616687241
20, 15, 0.03694965804305812
54, 3, 0.9825383080667398
55, 2, -0.777557202231372
48, 7, -1.807722173090229
0, 17, 0.4944915507845761
46, 8, -0.4878208493593381
41, 10, 1.783176809685399
38, 11, 2.045443923153316
13, 16, -2.296315333037803
50, 6, -1.998499772742908
26, 14, -0.9227892664169671
1, 17, 0.4330700095982688
53, 4, 0.5834423980999196
56, 1, 0.526221326733427
2, 17, 0.3036871054187402
44, 9, 1.273092233738624
31, 13, -0.8713418492571284
35, 12, 0.35020527784241
21, 15, 0.5637477361865569
14, 16, 0.2322624585398808
52, 5, -1.03380103680338
3, 17, 0.7459526632817232
57, 0, 2.182377168338509
27, 14, 0.3224862532141409
4, 17, 0.4099661300707926
39, 11, 0.105029702664016
15, 16, 0.1822636009049117
49, 7, -0.353268720241444
42, 10, -0.7884887433066587
55, 3, 1.329865729697882
47, 8, 0.7563032294310906
22, 15, -0.6339758348675479
5, 17, -1.598240399675539
56, 2, 1.306927686389435
32, 13, -0.9369811191040133
51, 6, -0.2051731582077351
54, 4, -0.8144199784083421
36, 12, 0.07745708666842843
57, 1, -0.5715042675544396
6, 17, -0.2101583343207251
45, 9, -0.3780910601946284
16, 16, -1.448216495098896
28, 14, -0.2732034805305912
7, 17, 0.3391676024617575
53, 5, 0.9100920242981314
23, 15, 0.2923039262134426
58, 0, -1.471217373609765
40, 11, -0.9968848227744856
33, 13, -1.227184512218136
17, 16, -0.2721611060153908
8, 17, -0.9863575332748407
43, 10, -0.1404650029526357
50, 7, 0.2835425858834765
48, 8, 0.2110868957406292
37, 12, -0.9003093523675402
56, 3, -0.01121418638651148
29, 14, 0.3404113534439899
57, 2, -1.296337632815257
24, 15, -1.585311911061685
52, 6, -0.2121326986599127
9, 17, -0.06558483533757935
55, 4, 0.2499324097586884
46, 9, 0.3054238190931966
18, 16, 0.08614214477903108
58, 1, 0.003119160268044731
10, 17, -0.8614153627533613
34, 13, 0.9172458691930828
54, 5, -0.8405716656575984
41, 11, 0.210117226303751
25, 15, -0.1791642659463344
44, 10, 1.417774845081172
30, 14, 0.1094700451007511
59, 0, -0.4544594055156667
19, 16, 0.1416957425586785
-9, 18, -2.236732991312691e-13
-8, 18, -1.186728132886121
38, 12, -1.970232748913004
11, 17, 0.3081696732678866
-7, 18, 0.3438693111474643
-6, 18, 0.3967116719237587
51, 7, 0.3919978249436591
49, 8, 0.1527558560704917
-5, 18, -0.2025814203124926
-4, 18, 0.01326156138982489
57, 3, 1.743142406579962
-3, 18, 1.978458714298788
53, 6, -1.064122288128967
47, 9, -0.2412824125280779
58, 2, 0.5819366548806529
12, 17, -0.1001457023506568
-2, 18, -0.5060576654714374
56, 4, -0.6000820093661485
20, 16, 0.1818489949041971
35, 13, -0.4982629073165822
26, 15, 1.407442074870855
-1, 18, 0.5941174161711851
59, 1, 0.7843236522536612
31, 14, -0.0454976693775811
42, 11, -0.1192950983097672
0, 18, 1.718468451721207
13, 17, -0.177873917053338
39, 12, 0.7922651055524593
55, 5, -0.1457494831365775
45, 10, 0.319760504639342
1, 18, 0.456155740578103
21, 16, 1.095497880826273
60, 0, -0.1845756685767644
2, 18, -0.4058445988157515
50, 8, 0.9772221879009502
52, 7, 0.6242606239222335
27, 15, 1.388639786180066
14, 17, -0.552000150586858
36, 13, 0.1479179334192947
48, 9, -2.408102765714047
3, 18, 3.088996248255941
32, 14, 0.1284683817995984
54, 6, -1.338813151702159
58, 3, -0.4091102900904378
59, 2, 0.4977246110153824
4, 18, 0.8989886854233738
22, 16, -0.5972512545564652
57, 4, 0.6727858156054817
43, 11, -0.5068187204752873
15, 17, -0.8257081593879712
40, 12, 0.00893722988192633
60, 1, 0.2559784788276098
46, 10, 0.8558126144375888
28, 15, -1.10302860006017
5, 18, -0.9226873668379783
56, 5, 0.7654514326413105
33, 14, -0.4871192588657998
16, 17, 0.2740628735493941
6, 18, 2.98387086166808
37, 13, 0.09312240587588892
51, 8, -1.237342917243195
23, 16, -0.4417888869842152
53, 7, -0.418631495243265
61, 0, -0.9249929395873356
49, 9, -1.091013300725153
7, 18, -0.6580250126923973
55, 6, -1.355665993374513
44, 11, -0.05071822265151639
29, 15, 0.06438013518814947
59, 3, -0.07557307561421442
41, 12, 1.346174042003535
17, 17, -0.6824556805400104
60, 2, -0.3912730105719717
8, 18, 1.56921451486036
58, 4, -1.623755476247005
24, 16, -0.2882279647156516
47, 10, 1.651008987036831
34, 14, -0.1924079027110236
61, 1, -0.1733836581780246
38, 13, 0.3228363885657133
9, 18, -1.044966358550448
57, 5, -1.578509047050549
18, 17, 1.381058654689101
52, 8, 0.3756615566706736
30, 15, 0.2803724411790449
54, 7, 0.1677616909168897
50, 9, 0.5815868020816654
25, 16, -0.3060296569659044
10, 18, -1.617073317281496
62, 0, -2.245070305555288
45, 11, -0.7583272295471561
42, 12, -0.5371970493376436
19, 17, 0.2547514375781188
56, 6, 0.4975820492639231
35, 14, -0.2020507642640101
60, 3, 2.194476186727735
-9, 19, 0.07591886786071743
11, 18, 0.8144212193130368
-8, 19, -0.1926831196789471
48, 10, 0.2844584715902905
-7, 19, -1.113643604358188
61, 2, -1.008736070684015
39, 13, -0.1168588814669093
59, 4, -0.9680575717830165
-6, 19, -0.9409060756138652
-5, 19, -0.6207896661305258
31, 15, 0.2890439717028992
26, 16, 0.6733215493269452
-4, 19, 0.2094802265091833
62, 1, 0.1724947558603142
20, 17, -0.1800950970290037
-3, 19, -0.2943733105306425
12, 18, 0.5813390206041696
58, 5, -0.5986879478327021
53, 8, 0.1997285003505715
-2, 19, -0.2475107934741638
55, 7, -0.1196176135945446
43, 12, -0.6974605194497381
51, 9, -0.5746634942527248
-1, 19, -1.1230402195022
46, 11, 0.1142125117660211
36, 14, -1.615201443213083
13, 18, 0.1588170878445836
63, 0, -0.5307904759226334
0, 19, 1.118471156069319
21, 17, -0.4919402875841863
27, 16, -0.5814056236604043
40, 13, -1.185372448195421
32, 15, -1.172201268050327
57, 6, 0.9188001121775811
49, 10, 1.027467193655606
1, 19, -0.2905758504942979
61, 3, 0.3491922616122088
14, 18, 1.421160142207693
62, 2, 0.6409743375567428
2, 19, -1.642839597301641
60, 4, 0.1488400545416061
3, 19, 0.1950654965955384
22, 17, -0.01523752791832152
63, 1, -0.09817964611727482
37, 14, -0.1747642253377134
44, 12, 0.4784616866255693
28, 16, 0.3990679710606259
59, 5, -0.4942295913565842
54, 8, 0.0691825983011473
47, 11, 0.929425501047487
33, 15, 1.40742892025912
15, 18, 2.024751391690593
4, 19, -0.06763596177412268
52, 9, -1.073631993270902
56, 7, 0.2310749172424694
41, 13, 0.5790219693574029
5, 19, -0.2164102694591434
64, 0, 0.1894158426773445
23, 17, 0.7749220066849073
50, 10, 0.06498394678670705
58, 6, -1.278107739982013
16, 18, 0.5275045937183546
29, 16, -0.135595708735397
6, 19, 0.1848653491647035
62, 3, 1.240408411321358
38, 14, 0.6718681449160315
63, 2, 0.1942733602396175
61, 4, 0.8930133190699703
34, 15, -0.5910878221757198
45, 12, -0.9504881606173368
7, 19, 1.272518398462757
17, 18, -0.5022465390586039
48, 11, 1.033752817853876
24, 17, 0.9796827823108926
55, 8, -0.3633764445543715
42, 13, 1.261572414859358
64, 1, -0.5429646596993817
60, 5, -0.3283182116148065
53, 9, -0.9125878329431627
57, 7, 0.6087718660171528
8, 19, -0.1862030227969353
30, 16, 0.2049328203712259
51, 10, 0.8382239313574193
18, 18, -2.371685735630744
39, 14, -0.02570531607344892
9, 19, 0.6472091169600198
65, 0, 0.2784678219842436
35, 15, -0.1249942322113665
25, 17, -1.549198798243734
59, 6, -0.1148244060822011
46, 12, 0.5499857716417436
63, 3, 1.736208798833448
10, 19, -1.14527514560906
43, 13, -0.3345885898841011
19, 18, -0.1175907245257002
64, 2, 0.6638458456993704
62, 4, 0.2572153428054772
49, 11, -1.267605805359356
31, 16, 0.2809839685057473
56, 8, 0.7200100619819165
54, 9, 0.5550474364470578
26, 17, -0.5134940527541172
-10, 20, 2.689805462248918e-12
65, 1, 0.2569049008700718
61, 5, -1.771020462596631
11, 19, 1.469282047879981
-9, 20, -0.3174434823179813
-8, 20, 0.04861583973415927
58, 7, -0.8536399281963822
-7, 20, 1.31496741975777
36, 15, 0.3733194689592088
40, 14, 0.9583440628380487
-6, 20, 1.106640558248974
52, 10, -1.581594589168988
20, 18, -1.430854527595118
-5, 20, 0.0156930725451236
-4, 20, -0.1672075004162435
12, 19, 0.7507500264815031
-3, 20, -0.8361151335548166
32, 16, 0.894056125944117
66, 0, -0.06971212268954828
60, 6, -0.887435258063585
47, 12, 0.3262014624837249
-2, 20, -0.6358361973234892
44, 13, -0.01214697280347957
27, 17, -0.8242207801198808
50, 11, 0.5776157799456717
-1, 20, -0.4729038282838338
21, 18, -1.001862415532607
64, 3, 0.5081691928268146
13, 19, -0.3870219771128648
63, 4, -0.406632598725893
65, 2, -0.1631034641373602
37, 15, -0.3201664748637667
0, 20, -0.09459527125709882
57, 8, 0.8168897507326152
55, 9, 1.264289998548864
41, 14, -0.1590694175623353
1, 20, -0.01234943521012944
62, 5, 0.3143950111577733
66, 1, 2.599629799903228
59, 7, -0.5665994426695831
33, 16, -1.197554803805864
14, 19, 1.27075683632384
53, 10, -0.01969270240399069
28, 17, 0.05995131286331316
22, 18, -1.32291303164224
2, 20, 0.04937395457445369
48, 12, -1.117053528110591
45, 13, 1.330232782644444
3, 20, 1.461334775637569
15, 19, 0.2770013438498133
61, 6, -0.8903425649648947
67, 0, 0.6770122517524235
38, 15, 0.8430974841615676
51, 11, -0.4607610077131232
4, 20, 0.2397048706881636
23, 18, -0.6360444096252681
42, 14, -0.03828419361217588
29, 17, -0.4795143883304875
34, 16, -0.05803996074824061
65, 3, 0.8597366184710484
5, 20, -0.06442285221542009
64, 4, -0.4116413328750138
56, 9, 0.663244153847161
16, 19, 0.5766730781599541
66, 2, 1.262574840356342
58, 8, -1.795900605569874
54, 10, 0.002714893911205448
6, 20, 1.946234195477257
63, 5, -0.6299630337955403
60, 7, -0.3826991432534987
67, 1, 0.1509052832164341
24, 18, 0.3073648763682135
49, 12, 0.6017953155343412
46, 13, 0.7494912908353089
39, 15, 1.41384554167885
17, 19, 0.1341200150227265
30, 17, -0.847744845753078
7, 20, -0.5421759243601235
35, 16, 0.4528429874237599
52, 11, -1.365068248416445
43, 14, -1.873048260745445
62, 6, -0.6254091610075775
68, 0, -0.2773606682442316
8, 20, -0.2889101371651732
18, 19, 0.2805697385064685
25, 18, -0.250032863554825
66, 3, 0.7659910799747026
57, 9, 2.472144128923387
59, 8, 0.09263870084601528
65, 4, 0.3041509022990267
9, 20, 0.8811462535776601
67, 2, -0.197958246098304
31, 17, 0.5995319698480629
55, 10, 0.359512421599717
40, 15, 0.07212993517054637
47, 13, 0.9001746852450437
50, 12, -1.00531355217706
61, 7, 1.412147298995792
36, 16, -0.6014073120870689
64, 5, 0.4749209595625205
19, 19, -1.543619892239687
10, 20, 0.1796023373075722
68, 1, 0.406173347443417
44, 14, -0.659405580397077
26, 18, -0.1087771966563503
53, 11, -0.2339054218819392
11, 20, 1.407195687184746
-10, 21, -0.8421481508964375
63, 6, 2.541310247897571
-9, 21, 0.8523225908813866
32, 17, 1.117327434018034
-8, 21, 0.2828671136964416
20, 19, 1.199389835659818
-7, 21, -0.0627988246470262
69, 0, 1.902380121130518
-6, 21, -0.2962693743324866
41, 15, 0.1009307773782165
-5, 21, 0.1893117829559021
58, 9, -0.1582697841801711
37, 16, 0.5699588106693871
27, 18, -0.7578878465131108
-4, 21, 0.7114569233281329
60, 8, -0.2704283448168615
12, 20, -0.1608558103137814
48, 13, -0.5795560544095912
67, 3, 0.44239069834447
66, 4, -0.8998150408913597
56, 10, -1.495689060793131
51, 12, -0.4174276333011688
-3, 21, -1.269404228166909
68, 2, -1.780900858036926
45, 14, 0.4016152791570168
21, 19, 0.8489600176661437
-2, 21, 0.3057360862280711
62, 7, 0.4574102380849103
65, 5, -0.04796694700837945
33, 17, -1.205546730250387
13, 20, -0.6165151440585952
-1, 21, 0.03923791021107526
69, 1, -0.636716003187611
54, 11, 1.223081857237823
0, 21, -0.4333200689814262
28, 18, 0.9554551045185512
38, 16, 0.6858661458917672
42, 15, -2.14768839694195
22, 19, -0.07251910263322042
1, 21, -1.014291623648956
64, 6, 0.7531467591743438
14, 20, -0.67307921995503
49, 13, 0.4470291863794461
2, 21, 0.212850292775305
70, 0, 0.09122897535647925
59, 9, 0.4865110319580078
52, 12, 0.2678366586620045
61, 8, 1.299029124219463
34, 17, 1.13703448911264
46, 14, 0.05534832303836161
57, 10, 0.3214349458000618
3, 21, 0.8176678966735991
15, 20, -0.1031468834842587
68, 3, 0.9005883581922961
29, 18, -1.342029495512068
67, 4, 0.328895950869024
23, 19, -0.3960291964380327
69, 2, 0.02956381717809494
63, 7, 0.2119319855721408
4, 21, 0.5357455460941212
66, 5, 1.859062894896303
55, 11, 0.007860644073826013
39, 16, -1.658930911706867
43, 15, -0.970007993505645
16, 20, 0.01556258606981097
70, 1, 0.6686518293745178
5, 21, -1.158436625355076
35, 17, 0.4830245211257626
24, 19, 0.3296760588330626
30, 18, -1.490373808256321
50, 13, -0.06648527281712327
65, 6, -0.2728855300229908
6, 21, -2.677968814027191
47, 14, 0.8571013106599863
53, 12, 0.5897029464298742
17, 20, 0.2548768198593031
60, 9, -0.8533037468536661
71, 0, -1.266838986552884
62, 8, -0.5069380368265625
58, 10, 0.05425920944637952
7, 21, -0.4723419963647583
40, 16, 0.4118071457525097
69, 3, 0.0201340097891863
44, 15, -0.4748291051971649
25, 19, 0.4994237477628921
68, 4, 0.01001197632573083
64, 7, -1.02731087591745
56, 11, 1.77146128160628
31, 18, -1.515994314081607
8, 21, -0.9498941052298021
70, 2, -0.3312551399521743
18, 20, 1.117821945192365
36, 17, 0.5306475395145432
67, 5, -0.05382042765633324
9, 21, -1.951038593051732
71, 1, 1.135700834924011
51, 13, 1.498039929441012
48, 14, 0.09796796691002699
26, 19, 0.305388130552206
19, 20, 0.1740507077140531
66, 6, -1.212413710682456
54, 12, 2.659920374479275
41, 16, -0.5739043425450885
61, 9, -0.3548509631842041
10, 21, 0.7659050586296939
32, 18, 1.764123308431692
59, 10, 1.552058607346883
45, 15, 0.03928878517221134
63, 8, -1.785569543577989
37, 17, -2.188399722005913
72, 0, 1.081823727391284
20, 20, 0.130552444003994
11, 21, 1.779618564905148
-11, 22, -8.517608789195979e-12
-10, 22, -0.3574646604757989
57, 11, 0.02452940253016407
-9, 22, 0.09384549254634805
70, 3, 0.2970520157017934
-8, 22, 0.2206098155381485
69, 4, -1.253794833511848
27, 19, 0.7106062127674568
65, 7, 0.5070996770641764
-7, 22, -1.320793253600132
71, 2, -0.1831190732470017
-6, 22, -0.4378894713180944
-5, 22, -0.2748625554503243
68, 5, -1.238069776740254
52, 13, 1.685289647751814
49, 14, 0.08503743569612124
33, 18, -0.3134151913394752
12, 21, -1.219660515596725
42, 16, 1.259914087374558
-4, 22, 0.6340010826906258
21, 20, -1.064513003285716
-3, 22, 0.9823644593422152
72, 1, -0.9861692175371382
55, 12, 0.8002606670981317
38, 17, 0.4176072344634413
46, 15, 0.9338075169805027
-2, 22, -1.113365423134611
67, 6, -0.3621646605687244
28, 19, -0.3148851886781718
62, 9, 0.162124728714185
13, 21, 1.279242900669772
60, 10, -0.0953981112220836
-1, 22, 1.085198639819711
64, 8, -0.4709623473934311
0, 22, -1.054621304372833
22, 20, -0.9453510174987674
73, 0, -1.251156634010942
34, 18, -0.7330326954404407
58, 11, -0.9360988461621381
14, 21, -0.09202503931910956
1, 22, -0.657353004599886
71, 3, -0.5530740700860695
43, 16, 0.1098396463723479
70, 4, -1.979467165724813
50, 14, 2.241583608217361
66, 7, -1.458331875636423
53, 13, -0.4314202766790233
39, 17, -0.4399984811790819
29, 19, -0.6299476999876001
72, 2, -0.3736056609069328
2, 22, -1.488300029246182
69, 5, -0.09730744968411212
47, 15, -0.4126675107937475
23, 20, 0.3822509092976412
15, 21, -2.295317840643119
56, 12, 0.2134738038533426
3, 22, -0.4096061987139667
73, 1, -0.7594615411093303
35, 18, -0.2954343667908368
63, 9, 1.893247505003504
68, 6, 1.008578145714658
4, 22, 1.117906125158777
61, 10, 0.3116048841838995
30, 19, -0.3689766158774206
16, 21, 0.5847987775503908
65, 8, 0.7444484277623816
44, 16, -0.3733651709188089
24, 20, 0.7716176200014794
40, 17, 0.3551221796785122
5, 22, -0.632733578916142
59, 11, 0.0598813336001421
51, 14, -0.8641969768165688
74, 0, 0.5203563319423455
54, 13, 0.575221718524722
6, 22, -0.9349041319867458
67, 7, -0.5986576204981439
17, 21, 0.4387309486870831
72, 3, 0.3816127830235944
48, 15, -1.973076268390642
71, 4, 0.4325401924448447
36, 18, 1.464159655198335
57, 12, -0.1203355041074963
73, 2, 1.162220767484134
31, 19, 1.045644055100024
70, 5, -0.3043813572170387
25, 20, 0.09223979878832073
7, 22, -0.1642062293438402
18, 21, -0.1881692334004067
41, 17, 0.3499748030280824
74, 1, -0.9345628719207311
45, 16, -0.7138540849035714
64, 9, 0.07384870830010436
62, 10, 0.5687369412164208
8, 22, -0.1911940773929534
69, 6, 0.09776261892902741
66, 8, 0.1067348811571765
52, 14, -0.2083149219365844
60, 11, -0.2597779670442227
26, 20, -0.2677452983937535
55, 13, 0.7129795609481855
37, 18, -0.7362158208053435
32, 19, -1.691031118741247
9, 22, -1.413324209158558
49, 15, 0.06699471555545343
19, 21, 0.8467700233983542
75, 0, 1.545462927409737
68, 7, -0.4600200601782739
58, 12, -0.8213370412919822
10, 22, -0.453480751169415
73, 3, 0.4346643402365148
72, 4, -0.28244277523079
42, 17, -0.07276218165523911
74, 2, 0.1774779315705114
46, 16, 0.9998531745623283
27, 20, -0.8515612336068987
71, 5, -0.2888542344340608
20, 21, 0.1110069940060081
33, 19, 1.936110468100948
11, 22, 0.02172521248262173
-11, 23, 1.382986599712319
-10, 23, 0.3615092922447245
38, 18, -0.6640286828208707
-9, 23, 0.1162221799452769
-8, 23, 0.7394942608328305
63, 10, -0.4033892171169272
65, 9, -0.3857717501895437
53, 14, 0.8542151530177602
-7, 23, 0.04128326027709325
75, 1, 0.5942571051097855
70, 6, -0.3206383880035009
-6, 23, 0.8084622576046815
61, 11, 0.2677513730665242
56, 13, 0.4470856607430038
50, 15, 0.004533257128682333
67, 8, -0.1943976112357771
-5, 23, -0.4541404322375447
12, 22, 0.3630243975311994
21, 21, 0.598031942490168
-4, 23, -1.202933218473603
28, 20, -0.1620562514391177
43, 17, -0.3828073270043406
-3, 23, -0.91694795888688
59, 12, -0.1435667891544884
34, 19, 0.08020258764973912
76, 0, -0.6273512782496723
47, 16, -0.5272338346584592
-2, 23, -0.7196949448199572
13, 22, 0.3041318608713728
69, 7, -0.4550745341645526
39, 18, -0.3776454072854042
74, 3, 1.440493173201608
73, 4, 0.5668602852629184
22, 21, 2.911051346187517
-1, 23, 0.3062016875344942
75, 2, -0.3386294447633274
72, 5, -0.03495256053885441
0, 23, 0.9749723029348228
29, 20, 0.2460316708992741
54, 14, 0.4033795633933305
14, 22, -1.770530209147716
64, 10, -0.8425312753320791
66, 9, -1.761612879073667
51, 15, -0.5241829373925754
1, 23, 1.267583295321568
57, 13, 0.02454884504724377
62, 11, 1.260907588709592
35, 19, 0.2867567329057278
76, 1, -1.945990618495687
71, 6, -0.6448479608178019
44, 17, 0.9182682001118214
23, 21, 1.346132617216006
2, 23, 0.1323839867313532
68, 8, 0.05897955915378734
15, 22, -0.1521874797840813
40, 18, 0.9601758353106971
48, 16, 0.1252847072843975
3, 23, 0.15875225639858
30, 20, 0.1302610629029411
60, 12, 0.1731283099090455
4, 23, 0.9198261553492165
77, 0, 0.01103531764628785
70, 7, 0.1404795854408702
24, 21, -0.3623976926007506
16, 22, 1.698775916348894
74, 4, -0.3758259644347645
75, 3, 0.4527733652496766
55, 14, -1.427983765317623
36, 19, 0.7734024649950071
5, 23, 0.7968043909200213
52, 15, -0.191591285348389
73, 5, -0.0399465797172362
45, 17, 0.15162891587253
76, 2, 0.7113359991255905
65, 10, 0.1905479130053243
58, 13, -0.5781410560653774
31, 20, 0.3055922420924724
67, 9, -0.3083689398484296
41, 18, -0.2722238092294558
17, 22, 0.05985842064862215
6, 23, -0.678334785100996
63, 11, 0.6662471256463757
49, 16, 0.05004474249433736
25, 21, 0.8080225317606782
72, 6, -2.731107460931403
77, 1, -0.02823281627558777
69, 8, -0.8663445509511654
7, 23, 0.379312534059414
61, 12, -0.6059344729849281
37, 19, -0.8372713836153477
18, 22, 0.1039920984044376
32, 20, 0.4557174935046416
8, 23, -0.4318362495821401
26, 21, 0.5807352693833874
56, 14, 0.5521185408740057
71, 7, -0.8813898132127691
46, 17, 0.4674748499066546
53, 15, -0.6809249597803542
78, 0, 2.316428146616756
42, 18, -1.039761634795511
75, 4, -0.1376417015968623
76, 3, 0.7442262651170738
19, 22, 0.2518958598427324
59, 13, -0.3428877695831969
9, 23, 0.9056038781536061
66, 10, -0.2734520933126926
50, 16, 1.254184961862115
74, 5, 0.3695031895561051
77, 2, -1.600321966412781
68, 9, 1.144603079701162
64, 11, -0.3357058369135583
38, 19, 0.9529533927704685
27, 21, 1.811164905867173
33, 20, -1.665359278751877
10, 23, -0.7907207038816113
73, 6, -0.3007863761876806
70, 8, -0.8655300319557957
20, 22, 1.138637623092229
62, 12, -1.018391390147329
78, 1, -0.4236997134779681
47, 17, 0.6863786723663896
43, 18, 0.7070754122359406
-12, 24, 5.371071760932995e-12
11, 23, -0.9796055964286777
-11, 24, 1.000243010135523
-10, 24, -0.1025203426392856
54, 15, -0.2486273929252319
-9, 24, 1.002096241554078
57, 14, -1.383097814414401
-8, 24, 0.12799261014975
-7, 24, -0.2155739056007401
28, 21, -0.04865536960062302
72, 7, -0.5633290531118478
21, 22, -0.03522294379282735
-6, 24, 0.1305424613134551
51, 16, -1.633989865879863
39, 19, -1.705173458074471
34, 20, -0.8163745872766989
60, 13, -0.1992071679529961
12, 23, 0.02002598878996569
79, 0, -0.1229111894952677
-5, 24, 0.05270381929834174
-4, 24, -0.5687323999996067
76, 4, -0.501087819065573
77, 3, -0.6769583479234395
67, 10, 1.322861319428136
65, 11, 1.155856212716567
-3, 24, 1.82914829899836
69, 9, -2.355115857654935
75, 5, 0.07549657753050931
78, 2, -0.1832254976248469
13, 23, 0.7928346254539504
44, 18, 1.369541989939164
22, 22, 0.04930816693688376
-2, 24, -0.114156130634085
48, 17, 0.3617919736287301
29, 21, 0.310047871111151
63, 12, -1.984561556143
-1, 24, -0.4195144182944187
71, 8, -0.1766734405271841
74, 6, -0.1773299416657187
55, 15, 0.2426915246740361
35, 20, 0.202420417066944
79, 1, 1.173011799741375
40, 19, -0.2442452864997493
58, 14, -0.02417909031320246
0, 24, 0.8831656813754741
14, 23, 0.1741721377756191
52, 16, -0.2277463919698643
23, 22, -0.6850349344469978
1, 24, 0.1404390024314809
61, 13, -0.7773989859507953
73, 7, -0.1263874880930217
30, 21, 1.052915149559614
2, 24, -0.9883246605557221
15, 23, 0.04899888416176134
45, 18, 1.082836048567537
80, 0, -0.2985460663034323
68, 10, -0.2719201460864238
77, 4, -0.9326027656466701
66, 11, -0.01153962850026558
49, 17, 0.6388038480302474
36, 20, -0.3991816613660565
3, 24, -0.6330705559220748
78, 3, 1.108622685344177
70, 9, 0.3484413556123009
24, 22, -0.9697437024559691
76, 5, -1.060974967283854
41, 19, -0.798179525188709
79, 2, -1.239747354746098
16, 23, 0.1447322730080139
4, 24, -0.887970133078294
64, 12, 0.6922388895785355
56, 15, 0.536286424424093
59, 14, 0.1612443899944479
31, 21, 0.2632915691752326
72, 8, -0.4319464292027493
75, 6, 0.2802481177959759
53, 16, -0.4751534647955868
5, 24, 0.1435197905388952
80, 1, -0.6155873912803032
25, 22, -0.1128659037756163
17, 23, -0.5608532867161319
46, 18, 0.6138788025932649
62, 13, -0.1430301686927431
37, 20, 0.3182741543032847
6, 24, -0.5359000080818918
50, 17, -0.1469678793891078
74, 7, -0.07467135170829119
42, 19, -1.003596948038122
32, 21, -0.921418153796378
69, 10, -0.008049201529480878
7, 24, 0.6025650362149922
67, 11, -0.5771233670492636
18, 23, -0.3656827367592839
81, 0, 0.1580248035402393
71, 9, 0.7013847492166327
78, 4, -0.2537155480732631
26, 22, -0.9009848274161627
79, 3, 0.4694674741547142
57, 15, -2.116659261827785
77, 5, -1.426229133765409
65, 12, 0.9264776630688676
8, 24, 0.9626977161610686
60, 14, -0.3882178483809984
54, 16, -0.7346728411748384
80, 2, -0.1924405897226352
38, 20, 0.2423646711491756
73, 8, -0.9943188133597234
19, 23, 1.005738861325901
47, 18, 0.7724342289366243
76, 6, -0.993286735398797
9, 24, -0.4684278893993656
33, 21, 2.622743397185389
43, 19, 0.9621591813380883
63, 13, 1.686565935769951
51, 17, 0.05903900460498792
27, 22, 1.563571086393179
81, 1, -0.3410014257770154
10, 24, 1.691125452956364
20, 23, 0.6045377663273422
75, 7, -1.237324476017148
70, 10, -0.3253996399810242
39, 20, 1.396558190748359
68, 11, -0.5571985991281972
58, 15, 0.4750505960529272
-12, 25, -0.0006081018746886055
55, 16, -2.381940680787612
34, 21, -0.3595323393689873
11, 24, -0.724055855811111
-11, 25, 1.115209957471355
72, 9, -1.238383093365671
82, 0, 1.734003607346464
28, 22, -0.6429906895060056
-10, 25, 0.02465955501769277
-9, 25, 0.07731657130790447
61, 14, 0.02444123854219839
66, 12, 2.990595777095332
48, 18, 0.6000111995015949
79, 4, 0.2677399318026642
80, 3, -0.1245187827322812
-8, 25, -0.3805499579142242
44, 19, -1.208047407146569
21, 23, -1.084703200057068
78, 5, 0.8557685510198469
-7, 25, 0.1638700729836533
-6, 25, -1.278808773349537
81, 2, -0.2901573130217753
52, 17, -1.221699893344284
12, 24, 0.4784912382017234
74, 8, 1.276313915500329
-5, 25, -0.08481315090364559
77, 6, 0.7034443216771148
64, 13, 0.8963182784430166
-4, 25, 0.8270247616687346
40, 20, -0.08059652246034009
29, 22, 1.157864389552315
22, 23, -0.431811292688424
-3, 25, -0.5320182332184819
35, 21, 0.2359237956769246
13, 24, -1.280063473583535
82, 1, -0.06734092883927331
-2, 25, -0.1817463069501923
59, 15, 0.4933704847185554
76, 7, -0.1910257440755693
49, 18, 0.8069376629450715
56, 16, -0.1733179468925132
71, 10, -1.0961396707296
69, 11, 0.1095750198594604
45, 19, -2.588097498407543
-1, 25, -1.006897086351918
62, 14, 0.191698972573922
14, 24, -1.360907076165286
0, 25, 0.7920517734601596
73, 9, 0.3013578220626512
67, 12, -0.1177514925145947
23, 23, -1.345574834858994
30, 22, 0.3679152038409854
83, 0, 0.5182319365298951
53, 17, -0.4399937854063334
80, 4, -0.6308292908798863
1, 25, -1.489717654322075
41, 20, 1.879823987389134
81, 3, 1.415604501980774
36, 21, -0.292192308720136
79, 5, 1.355738729368939
15, 24, 0.4339184765230573
75, 8, 1.310357235277992
65, 13, -0.261197284429123
2, 25, -1.075873022176846
82, 2, -0.3144012299011221
24, 23, -1.451144407655848
78, 6, -0.3990119404453303
3, 25, -0.7654068258831068
46, 19, -0.4756371345620491
50, 18, -0.4997324988400798
31, 22, -0.398225147687557
60, 15, -0.5666063368642047
16, 24, 0.1875596406933447
57, 16, 0.7838431184772011
83, 1, 1.112339851713321
4, 25, 0.5755015312323387
37, 21, 0.1569519120800872
70, 11, -0.2151899795965137
72, 10, 1.628028329371149
42, 20, -0.9778364162060867
77, 7, 0.1919231557479632
63, 14, -0.4210611510794894
54, 17, -0.6179423994960813
25, 23, 0.9107810724799787
68, 12, 0.1651941209303399
5, 25, 0.121586204623946
17, 24, -1.358228862750655
74, 9, 1.679939406283584
32, 22, 1.816000502295487
84, 0, 0.2430495390250504
6, 25, -0.9994782801652754
81, 4, 0.8854548334992535
82, 3, -0.1363237481704824
66, 13, -0.8447254201224188
47, 19, -0.4576378885597668
80, 5, -0.2087980405547615
51, 18, 0.777981078357868
76, 8, -0.2641204430844752
18, 24, -0.8580249682575305
38, 21, 1.31061181793932
26, 23, 1.340051398509413
83, 2, -0.4192580581140635
7, 25, 0.4741286791978451
58, 16, 1.044792353899502
43, 20, 0.3764980267772126
79, 6, -0.3585143487297496
61, 15, 0.7981770320873817
8, 25, 1.372056771214315
55, 17, -0.9708899259084592
33, 22, 0.01575675056303825
64, 14, -0.8121530459863041
84, 1, -0.4404116740029812
71, 11, -0.3524013930937236
19, 24, -0.3457760873916803
73, 10, 1.016426840920804
78, 7, -0.0223679837277962
27, 23, -0.5842627691334097
69, 12, -0.6592191368656114
9, 25, -0.5048315329905877
48, 19, 0.0298549137584309
75, 9, -2.700682630684833
39, 21, -1.247015875140348
52, 18, -1.152081634212573
44, 20, -0.404582830684706
20, 24, -0.582039801295957
67, 13, 0.4523610099261399
85, 0, -0.1406864645647002
10, 25, -0.1465447364081854
82, 4, 0.8131551475113096
34, 22, -1.295161132146374
83, 3, -0.1184128802959878
81, 5, 2.006144720637252
59, 16, -1.782170142284433
28, 23, -0.3782234458998269
77, 8, -0.8604391576643213
62, 15, -0.4889805737942421
56, 17, 1.207102655627626
-13, 26, -8.842787287629089e-12
84, 2, -0.8819021795417562
-12, 26, -1.038105076111415
11, 25, 0.3473339320610493
-11, 26, 0.1167599525120015
-10, 26, 0.7028278554576948
80, 6, 0.233684614029754
21, 24, 0.3138690310206834
-9, 26, -1.407855414538652
65, 14, -0.4119932449570232
40, 21, 0.4077309455430033
-8, 26, 0.6553248661337401
49, 19, 1.204346498178992
-7, 26, 0.5478683433754717
72, 11, -1.005990414461071
74, 10, 1.270876083057759
-6, 26, -0.3058060581842177
12, 25, -0.5007643593387586
35, 22, 0.4722823360882603
85, 1, 0.6558264458055845
70, 12, -0.09203171883833429
45, 20, -0.3050535944123584
53, 18, 0.6138041384729196
29, 23, 1.302668923732736
-5, 26, 0.2215196863828172
79, 7, -0.09708134412487622
22, 24, -0.9715092281695762
-4, 26, 1.827883070040994
76, 9, 0.204237993662803
68, 13, 0.008544391710539305
-3, 26, -0.5019552723168611
13, 25, 0.5778974413532967
60, 16, 0.2732295638345637
-2, 26, -0.1775137225619269
63, 15, -1.065528193800075
41, 21, 0.4903803805818604
86, 0, 0.6243702282293208
83, 4, 1.221268839417264
57, 17, -1.538714198450476
84, 3, 1.766123243777727
82, 5, 0.9177967069180079
30, 23, 1.388598502197292
-1, 26, 1.080229042048597
78, 8, 1.714058613059349
36, 22, 1.206365443843053
23, 24, 0.5418282206685883
14, 25, -1.192298576979049
50, 19, -1.07144386602542
66, 14, -1.556716926394223
46, 20, -0.4909585282653021
0, 26, 1.187172458597022
85, 2, 1.340869179853043
81, 6, -1.100570497976692
54, 18, 0.2051737103746659
73, 11, 0.859730877319915
1, 26, -1.361594198436153
75, 10, -0.1371701624243418
15, 25, -0.08159136427734828
71, 12, 0.3248419346628125
24, 24, -1.21887105099212
2, 26, 0.7504957669573297
86, 1, -0.1088906616737421
31, 23, 0.03005423248840833
42, 21, -0.3691948851695374
80, 7, -0.5864070444444156
37, 22, 0.1796246497574474
77, 9, 0.6927499620335958
61, 16, -1.163698808848501
69, 13, 0.478736553046011
3, 26, 0.3362512717309433
58, 17, 1.143484935822336
64, 15, 1.063682041070881
16, 25, -0.2612784080271489
51, 19, 0.5769298929950918
47, 20, 0.7441703458698358
4, 26, -1.436297061961559
25, 24, 0.8452949383273848
84, 4, -0.4990946685705343
87, 0, -1.988136931647369
79, 8, 0.6665130594419335
85, 3, 1.175561237426139
83, 5, 0.1484099662016578
55, 18, -0.5497979351970572
32, 23, -0.2949542069016584
67, 14, -0.4840933688576735
17, 25, -0.1827750796415155
5, 26, -0.190696365868632
43, 21, -1.099475487207887
38, 22, -0.4408914476015755
86, 2, -1.070392347470086
82, 6, -1.204198711384667
74, 11, -0.1058198996199808
6, 26, -1.481246882166676
72, 12, -0.2541568281651274
76, 10, -0.2789882531684454
26, 24, 0.100347150410029
18, 25, 1.153044328207259
62, 16, 1.372951107089285
59, 17, -0.1946015734234462
52, 19, -0.4508263334735292
48, 20, -0.1073152929198171
7, 26, 0.2552187461309638
87, 1, 1.48435015762647
81, 7, -0.3905316380446017
33, 23, -2.158781175159296
70, 13, 0.1655065923493405
65, 15, 0.1358555739100169
78, 9, -0.2866665797053643
39, 22, -0.60100279361318
8, 26, 1.861939223202033
56, 18, 1.525012374903382
44, 21, -1.369036566210973
19, 25, 0.6651442253005526
27, 24, 0.116408616748548
68, 14, -0.5161160612585849
85, 4, 0.8932194543619416
88, 0, -0.02249149052659517
80, 8, -0.2863166451566465
84, 5, 0.08848406003282308
9, 26, -0.179364147114959
86, 3, 0.7508826743853714
34, 23, -0.3758293736788255
20, 25, 0.007893856083291991
75, 11, 0.4061289033908276
49, 20, 0.5076829663810142
83, 6, -1.145140753349612
87, 2, 1.746311851630456
53, 19, -1.500696345844237
73, 12, -0.4594575833223414
28, 24, 0.2879977279594726
63, 16, 0.680928003495097
10, 26, -0.1327756855838438
77, 10, 1.286443122668212
60, 17, 0.2072023380522717
40, 22, 0.3496564595701099
66, 15, 1.915917104379598
45, 21, 0.1479328909634203
71, 13, -0.2831776686242248
82, 7, -0.4300306684322651
-13, 27, 0.4000466721390952
57, 18, -2.662483846962121
-12, 27, -1.603690978198285
21, 25, 0.01523429694798959
88, 1, 0.9800751385188882
79, 9, 1.628974116574087
11, 26, 1.957467239393104
-11, 27, -0.8211260845662176
35, 23, 0.38035649929389
-10, 27, 1.32189807094331
-9, 27, 0.3365531997622848
-8, 27, 0.4391084256468383
29, 24, 1.10031540404971
-7, 27, -0.5466424827949593
69, 14, 1.209654184002571
12, 26, -0.2446181029735206
-6, 27, 0.01792107733217609
50, 20, -0.1861111448528819
41, 22, -0.04882973363310343
22, 25, -0.7127019666230597
-5, 27, -0.9999570205779256
81, 8, 0.08976465427047295
54, 19, 0.0002194322437798227
86, 4, -0.1260243656934562
89, 0, -0.2794982291818664
85, 5, 0.005078404150589722
-4, 27, -1.037759897739612
87, 3, 0.786402999630498
46, 21, -1.263756381108939
64, 16, -1.806803354051843
61, 17, 1.324672870859107
76, 11, 1.44969320747314
36, 23, 0.8016268020321088
13, 26, -0.7218958712437679
-3, 27, -0.6838635494764268
74, 12, 0.6358645204136201
84, 6, -2.531989290283323
30, 24, 0.7672946356165475
88, 2, 0.6966335600586623
78, 10, 1.245932469531599
-2, 27, 0.4783004964771219
67, 15, 0.6485298049311916
58, 18, -0.2481479573427674
72, 13, 0.01386167385477764
23, 25, -0.8785629235539701
-1, 27, -0.0638625163986649
14, 26, 1.135816497029966
83, 7, -0.6218614378243974
80, 9, 0.2188276864821863
42, 22, 0.336000979870881
0, 27, 0.9453737587590516
89, 1, -0.260027692032421
51, 20, -0.5262161179524124
70, 14, -0.08557096630937409
37, 23, -0.2651326887892708
55, 19, -0.3266604304841739
31, 24, 1.842920855164357
1, 27, -0.3059978032624147
47, 21, 0.1677006056341132
24, 25, -0.2102739684173289
15, 26, 0.08275692163878966
62, 17, -0.6002810750815959
2, 27, -0.7937805297631042
65, 16, -0.4361030076028307
82, 8, 1.713329321511197
87, 4, -1.410910330959687
90, 0, -0.4889168497982104
86, 5, -0.3163744579524125
88, 3, 0.6030205718794956
77, 11, -0.0393612710131115
59, 18, -1.605158464359664
16, 26, -0.9806774747677298
75, 12, 1.320574075369058
3, 27, -0.5484401216000275
68, 15, -0.3306946234334467
43, 22, 0.4509361877200365
25, 25, -1.093123292974227
32, 24, 0.09916631037970249
85, 6, 1.209718874612616
79, 10, 1.291083853882782
73, 13, 1.150460923129549
38, 23, -0.7767362060829811
89, 2, -0.5793548096809399
4, 27, -0.9053809981024228
52, 20, -0.4064273671007385
48, 21, 0.1736063880011049
17, 26, 0.5473412847199632
56, 19, -0.6291334789639367
5, 27, -0.6718101803434462
81, 9, -1.135791764471744
84, 7, 0.4323299530835743
71, 14, 0.5542135029065544
90, 1, 0.7174373575806662
26, 25, 0.04371096050800984
33, 24, -0.8070984608148093
6, 27, 1.214852841981678
63, 17, -0.3290230004387906
66, 16, 1.452684688312393
44, 22, -0.03044038724238466
18, 26, -2.2276968644421
39, 23, -1.272818389382776
60, 18, 0.03770979432458887
83, 8, 0.5480985724338491
7, 27, 0.4791079705829365
53, 20, 0.8407881909296305
69, 15, 1.156506642359483
88, 4, -0.2201935994375966
76, 12, -0.7106483704680311
78, 11, -0.8868041116187027
87, 5, 0.71445239331248
27, 25, 1.589395737239009
91, 0, -0.3666868795582288
49, 21, 0.1645926080297563
89, 3, 0.2491941617917108
19, 26, -1.045623844443646
74, 13, 0.7119072529204057
8, 27, 0.04529750419794557
80, 10, 0.2128456063081608
57, 19, 0.1335380215620968
86, 6, -2.42410073045345
34, 24, -1.514542096324981
90, 2, -0.32550592238416
45, 22, 0.4654379847465618
40, 23, 0.1669583076132833
9, 27, 2.53138830198573
72, 14, -0.2570316598281014
82, 9, 0.8000236399721559
20, 26, -0.4407903634533717
85, 7, 0.5871525411504686
28, 25, 0.05292686171943213
64, 17, -0.42122424710894
67, 16, 0.4033390765688286
91, 1, 0.582614916165444
61, 18, 0.4062987885521694
10, 27, 0.9489836656558517
54, 20, -0.2928331244139324
50, 21, -1.271002182782769
35, 24, -0.2444223497939002
21, 26, -0.06442009196986739
70, 15, 0.1082809435095014
-14, 28, 6.276654393355449e-12
-13, 28, 0.2302494391883164
84, 8, -0.7305310262666235
-12, 28, -0.2450106583966995
77, 12, 0.4950485361557213
58, 19, 0.794546417693214
11, 27, -0.246472426689339
-11, 28, 1.69747074754409
79, 11, -0.1255916023130499
29, 25, 0.1004828189945237
41, 23, -0.5533656886714197
-10, 28, 0.7009304724934092
46, 22, -0.773560099705316
89, 4, 0.09566952454632907
-9, 28, -0.4426297849816803
88, 5, 0.9163566118681136
75, 13, 0.4715890367906617
92, 0, -0.5468626685331813
-8, 28, 0.08516629168843814
90, 3, -0.5287487334485251
81, 10, -0.705202467385439
-7, 28, -0.02066466335270196
87, 6, -2.194270057153773
12, 27, 2.120565857494825
22, 26, -0.2429144810953715
-6, 28, 0.1660738022559284
36, 24, 0.347037673360502
91, 2, -0.9008697922285954
73, 14, -1.23488749419402
65, 17, 0.2106970310197427
-5, 28, 0.1363953192555702
51, 21, -0.260011378425091
62, 18, -0.1925355296633628
55, 20, -0.1893831106957743
30, 25, 0.3913898683820102
83, 9, 0.7010821481696579
68, 16, 0.1199947300159704
-4, 28, 0.3649059277192971
86, 7, -1.170421439578493
13, 27, -0.4346911999705275
42, 23, -1.06509904946654
-3, 28, 1.138935758206894
23, 26, -0.6342564264710105
92, 1, 0.5879311963319227
47, 22, 0.07527527643754366
-2, 28, 1.282791597386205
59, 19, 0.5327112215598878
71, 15, -1.265104736901349
37, 24, -0.3769123965764792
14, 27, -0.2635909799776114
-1, 28, 0.4529934833840186
78, 12, 1.585068414312701
85, 8, 1.11947693007662
80, 11, 1.027052460432023
31, 25, 0.651582159220212
76, 13, 0.03344989993701421
0, 28, 0.1245632072876611
90, 4, 0.1961329573189163
24, 26, -0.0722939729840002
89, 5, -1.20076548368167
82, 10, 0.4067978666229242
52, 21, -0.8622640248988662
93, 0, -3.033886948940442
15, 27, -2.18524008868346
91, 3, 0.6315315554441104
1, 28, -0.6032036002017568
56, 20, 0.6173795624648368
66, 17, -0.3240982050034026
43, 23, -1.12153084824514
63, 18, -0.4557349797763501
88, 6, 0.1583981884207591
74, 14, 1.037876027850189
69, 16, -0.2166741096342461
48, 22, 1.721299696162774
2, 28, 2.142186290328324
92, 2, -0.7122844341415265
38, 24, 0.8912475004806506
32, 25, 0.1757071573606192
84, 9, 0.6724099826773028
16, 27, -0.4145113000867927
60, 19, 0.8321750954471242
25, 26, -0.6395064100881407
87, 7, -0.6615967947763415
3, 28, -0.4675887022361879
72, 15, 0.3844043732283715
4, 28, -0.2350487384887461
93, 1, 0.2558500182824823
44, 23, 0.434451472239724
17, 27, 1.110152813608877
79, 12, -1.368325235626775
53, 21, -1.158969831164505
81, 11, -0.1891535522275701
86, 8, -0.1675654818909094
26, 26, -0.2322441288328298
77, 13, -0.4916093834633775
57, 20, 0.7865851534156012
33, 25, -0.1176322253728048
5, 28, 2.65057454312842
39, 24, 0.9098964324603283
49, 22, -0.371512020482651
67, 17, 0.493684037378296
64, 18, 0.8157137301864562
83, 10, 0.3031789907590298
91, 4, 0.5421069087255573
90, 5, -0.1432642773024265
6, 28, 1.85163021927417
18, 27, 0.4931831386548919
75, 14, 0.7745230951664608
94, 0, 1.132133346451391
70, 16, 0.8504100235434955
92, 3, 0.7573935941732283
89, 6, -0.2292036914540167
61, 19, -0.6749709053132693
27, 26, -0.1513890892352215
7, 28, 0.08483211595078222
93, 2, -1.165327424108503
45, 23, 1.396787151760643
85, 9, 0.2515760111145975
34, 25, 0.1452243373482149
19, 27, -0.3810331003799733
40, 24, -0.4808450264538185
88, 7, -0.8893738214305092
73, 15, -1.21109039994377
54, 21, -2.182710522005251
8, 28, 0.769815218943749
58, 20, -0.5546909979577865
50, 22, -0.6032399771378196
94, 1, 0.3261340874521307
80, 12, 0.2452927039809838
28, 26, -0.008009131750871161
82, 11, -0.7050514214397631
78, 13, 0.3834443563225949
9, 28, 0.3608225438759897
68, 17, -0.8514356910215798
65, 18, -0.1493793001316289
20, 27, 1.624400704740803
87, 8, 0.1225633588506479
35, 25, -0.08220026749877689
71, 16, 0.09835345967261877
62, 19, 0.3570905008447648
46, 23, 0.8306903205582445
84, 10, 0.4666185165494374
76, 14, 0.6512868151610923
41, 24, 1.103487578343859
10, 28, -1.197614227209174
92, 4, -0.005787770349035268
91, 5, -0.4253146281754223
95, 0, -0.318213228358
93, 3, 0.8661838663434248
21, 27, 1.920491842658866
55, 21, -0.09657799791241052
29, 26, 0.9955911905474426
90, 6, 0.6280165365650247
-14, 29, 0.2113986517144393
-13, 29, 1.101252251347902
51, 22, -0.048879164256436
-12, 29, 0.3805266299455677
11, 28, 0.8413670167395417
-11, 29, 0.9689139325921955
86, 9, -1.562569538326143
74, 15, 1.024984749256508
59, 20, 2.133576869967559
-10, 29, 1.198022946605602
94, 2, -0.7950546352720608
36, 25, 0.1665901079621287
-9, 29, 0.08210750245667602
89, 7, -1.960795555354807
-8, 29, -1.731578387188718
22, 27, 0.03965275322041908
-7, 29, 1.167740395697101
12, 28, 0.5608501469341731
66, 18, 2.018823843000207
42, 24, 1.683829564743797
47, 23, 1.112805752789292
69, 17, 1.576675538101133
-6, 29, -1.230729836352552
30, 26, -0.811165498532705
81, 12, 0.09349024901916086
79, 13, -1.188189029784853
95, 1, 0.5742065496277891
-5, 29, -0.4772503350178122
83, 11, 0.8361437680498489
63, 19, 1.544494469575107
-4, 29, 0.6942996940719182
88, 8, -0.3911656914353712
72, 16, 0.8581803259214168
13, 28, 0.3592765680595597
77, 14, -0.4734065398905833
56, 21, -0.0949808154237006
37, 25, -0.5703859995298669
23, 27, -0.6136040637131603
52, 22, 0.3198956282899025
-3, 29, -0.7721878631232302
85, 10, 0.02991637467573935
93, 4, -0.5387973352961001
-2, 29, 1.336815161518304
92, 5, 0.04199723409431108
60, 20, -0.01129404670505702
31, 26, -0.8020323523430755
14, 28, -0.2365006488597186
96, 0, -1.432102909069694
94, 3, -1.111783643697021
43, 24, 0.3776937868926173
91, 6, -0.6097555408467857
-1, 29, -0.7796951936488773
75, 15, 0.0878163804619735
48, 23, 0.4034294516362004
87, 9, -1.727177266343806
24, 27, 0.7128459626827087
0, 29, -1.018922780463264
95, 2, -0.3902263288040754
67, 18, -0.925019245397337
90, 7, -0.1933637200012482
70, 17, -1.088919555235198
38, 25, -1.466946280733708
15, 28, -0.1013362825483259
1, 29, 0.1774281214077873
64, 19, 1.785458584809167
82, 12, 0.7186069209028221
32, 26, -0.8824488653792661
57, 21, 0.9079323662421356
80, 13, 0.9023433540982086
53, 22, 0.188260190067518
84, 11, -1.682966872504975
73, 16, -1.200186989160421
2, 29, -0.4828203659202532
25, 27, -0.5443123813524119
96, 1, -1.35096717865951
44, 24, 0.09009506930811943
16, 28, 0.3506064823806136
78, 14, 0.3797253038145805
89, 8, 0.500655176509606
61, 20, -0.1043133126852534
49, 23, 0.2226421554400339
3, 29, -0.6190874405150346
86, 10, -0.1920531860620145
39, 25, -1.251864917753781
33, 26, -1.179813918065621
4, 29, -0.8859799229446079
94, 4, 0.3450979533605357
93, 5, 1.102377090171861
17, 28, -1.110881300494762
76, 15, 1.673026513982186
26, 27, 0.1938545877753373
97, 0, -0.1548062708329492
95, 3, 0.76555723898046
92, 6, -0.09831351845560365
68, 18, -0.8564097111051375
5, 29, 0.6874673231399576
88, 9, 0.9680931080150588
71, 17, 0.8487739713993073
54, 22, 0.5026655699431418
65, 19, 0.0046647552867579
58, 21, -0.5325209487952965
45, 24, 0.2769369880946445
96, 2, -1.248603317985483
18, 28, 0.0529652640843901
91, 7, 0.06316295343373469
6, 29, 0.2689399441452762
83, 12, -0.8915680336658333
50, 23, 1.447147295158808
81, 13, 0.6626620289751844
40, 25, 0.2311549210831881
74, 16, 0.51782153443028
34, 26, 0.152659896427712
27, 27, -1.304725411811442
62, 20, -0.655324000778163
85, 11, -0.5139584540300599
79, 14, 1.124534602660151
7, 29, -1.869739155093839
97, 1, 1.249922094358795
19, 28, 0.3944761019524108
90, 8, -0.09736150405360174
87, 10, -0.6114961772850561
8, 29, 0.2722353217231086
46, 24, 0.503395602575881
77, 15, 0.7711412567892995
55, 22, -0.02251253644944654
28, 27, -1.344310392768651
69, 18, 0.7432260145137423
59, 21, 1.215635266336727
35, 26, -1.198051897093797
95, 4, -1.17512961968938
94, 5, 0.4686578323223981
66, 19, -0.1939907868660624
41, 25, 2.535062127704619
20, 28, 0.6598174702537326
72, 17, -1.229709627664391
51, 23, 0.4168718257291705
9, 29, 0.5942896609463539
96, 3, 0.8970913925612923
93, 6, 0.3475892361089708
98, 0, 1.092789756679549
89, 9, -0.7024902314116411
63, 20, 0.5781229100326013
75, 16, -0.110654517798639
10, 29, -0.2062018856029206
29, 27, -0.8397769578568565
97, 2, 0.3529808309845772
92, 7, 0.3346116798840275
84, 12, -0.8669201025137122
82, 13, 0.2761440709897005
21, 28, 0.1358239836424952
36, 26, -0.428620473932577
86, 11, -1.245656373204048
47, 24, 0.4582185329166946
-15, 30, 6.554047326328737e-11
80, 14, -1.317604853976604
-14, 30, 1.073240275937609
-13, 30, 0.1761484669510396
-12, 30, 0.2051299393634107
42, 25, -0.3106000608893456
11, 29, -0.2541637239696373
-11, 30, 1.060228858257216
56, 22, -1.470337106684292
-10, 30, -0.05784467692011062
60, 21, 1.295063026850895
-9, 30, 1.495464235013602
98, 1, -0.5624739922130428
91, 8, 0.1384879373242785
52, 23, 0.2972384815371492
88, 10, -0.5605658292963537
70, 18, -1.347044838631248
22, 28, 0.2882234986847771
-8, 30, 2.883519149859552
78, 15, -2.137295732345744
30, 27, -1.933592398755822
67, 19, -0.5341684458448818
-7, 30, -0.01218069971630997
12, 29, -0.5504095157895793
73, 17, -0.8860410865260675
-6, 30, -0.7055162363961818
37, 26, -0.1422079479495155
95, 5, -0.2541682443370368
-5, 30, -0.2884798026363131
96, 4, -0.1096993088843336
64, 20, 0.5671851486353243
48, 24, 0.7524697685188803
94, 6, -1.562028152996753
-4, 30, -0.6906643365321984
23, 28, 0.1347270632839991
13, 29, 0.4034824048941126
97, 3, 0.4044473070949889
43, 25, -0.7619076199754981
99, 0, -0.0591407802760204
90, 9, -0.7528620827908438
76, 16, 0.03459192755914906
31, 27, 0.1693910050770548
-3, 30, -0.8592404148387021
83, 13, -0.1552746470603038
57, 22, 0.2167437384660739
85, 12, 1.025512245090344
93, 7, 0.07594253912969959
98, 2, 0.4499976866848266
-2, 30, -0.5157390565722695
53, 23, 1.119602801160626
81, 14, 0.9568577204346548
61, 21, 0.9496177777684806
14, 29, 0.2849846956201492
87, 11, -0.7088432518680398
38, 26, -1.951594912627266
-1, 30, 0.2079528988494369
24, 28, 0.05409157071131207
71, 18, 0.1730678745189232
68, 19, 1.188083555405523
0, 30, -0.3991358029340124
79, 15, -0.8157850675894063
92, 8, -0.02810307212137669
32, 27, -1.19043578610597
99, 1, -0.3186102566040221
89, 10, 0.2435423031764335
44, 25, 1.308692400580846
15, 29, -0.04489948484081437
74, 17, -0.2209022016453592
49, 24, 0.4894589047410352
65, 20, -0.1155204703258514
1, 30, -0.6520619973089127
25, 28, -0.1501354751282558
58, 22, -0.5091278865893074
2, 30, -1.003745198043665
96, 5, -0.5595889257238029
39, 26, -0.5235729388050843
16, 29, -1.029615207941657
97, 4, -0.4784498669996229
77, 16, -0.7046219615637825
54, 23, -0.8825689638037717
95, 6, 0.4121875521995505
91, 9, -0.1867991192312321
98, 3, -0.6479859188838942
62, 21, -0.03415509017872536
33, 27, -1.787725119723506
3, 30, 0.06672173981306542
100, 0, -0.4442624103556493
84, 13, 0.6529237190552595
86, 12, 0.07763538619701167
45, 25, -0.2024780850930524
82, 14, 1.541350270189967
26, 28, 1.470206872414805
94, 7, 0.1348498970451865
17, 29, -0.06366831456671221
50, 24, 0.3011082769407512
4, 30, 0.2633429808306848
99, 2, 0.5367264726099801
88, 11, 0.02574641273566313
69, 19, 0.1187771636287258
72, 18, -2.958928969880963
80, 15, 0.3511263621096312
5, 30, -0.4504076949983309
66, 20, -0.9302959706929302
40, 26, -0.9689486079616541
75, 17, -0.3491451060183963
34, 27, 0.8456977802576394
93, 8, 1.110158010811827
18, 29, -1.180484466787259
90, 10, 0.1952128447996762
59, 22, 0.6554212289151223
55, 23, 0.4731593848239994
27, 28, -0.7122629516395445
100, 1, -0.04390522532240306
6, 30, 1.011412034852153
46, 25, -0.4915402159684731
63, 21, -0.05173553594547691
78, 16, -1.20943714340755
7, 30, -1.294602204794246
51, 24, -0.07843259070196261
19, 29, -0.3183965419961418
97, 5, 1.499666941280058
98, 4, 0.01123675619672298
92, 9, -0.6976396005426638
41, 26, 1.306900179321117
96, 6, -1.736881679290083
85, 13, 0.7393738939732561
35, 27, -0.6269325146674304
28, 28, -0.1719116700516414
99, 3, 1.706186804414482
87, 12, -2.426899235740088
101, 0, 0.08140703674616949
70, 19, -0.1744178765716347
8, 30, 0.8144505693175388
83, 14, -0.9121628328087605
73, 18, -0.8531508573587162
95, 7, -0.08604837271467576
67, 20, -0.04605058896235668
89, 11, -0.19502926873005
20, 29, 0.9055202471042031
56, 23, 1.086954666208931
100, 2, 0.3129210841245408
60, 22, -0.9008603178122268
76, 17, -0.3614645008734821
81, 15, 0.003668785451191017
9, 30, 2.630053282437546
47, 25, -0.5371446748320605
29, 28, 0.5900143658340979
36, 27, 0.26075520256303
52, 24, 0.1085588373437583
91, 10, 0.05497971039531446
64, 21, -0.1966082904450048
94, 8, 1.202065857371642
42, 26, 1.374221011429996
10, 30, -0.4350793229712125
21, 29, -1.119994429612489
101, 1, -0.9481937708273704
79, 16, 0.06495412837332008
-15, 31, -0.5092340213874007
-14, 31, 0.9076191438815464
-13, 31, 0.08648432348730739
-12, 31, -0.2313212505062583
-11, 31, -0.1863240945054538
11, 30, -0.3556447416799672
-10, 31, -0.8458405324507118
71, 19, 0.08670567259908701
30, 28, -0.8513392230822955
98, 5, 1.041800125361416
74, 18, -0.5111428985078973
-9, 31, 0.8108069290101082
99, 4, 0.9830459685607719
86, 13, -1.190539588386882
22, 29, -1.438325625060715
93, 9, -0.8451497869524092
57, 23, 0.1084017291683125
48, 25, 0.2162394625874417
88, 12, 0.5063973849685768
68, 20, 0.1506828615731162
97, 6, 0.8095416864329472
61, 22, 1.287783871340994
37, 27, -0.9545149928802051
-8, 31, 2.532662467137278
84, 14, 0.1256203877850461
100, 3, -0.9509615477697132
43, 26, -1.166543809543821
-7, 31, 0.8549022159870163
102, 0, -1.1702971079061
12, 30, -1.219029005809767
77, 17, -0.4296099869031672
53, 24, -0.1630976420198547
-6, 31, -1.450122753955486
90, 11, 1.345031728736318
96, 7, -0.1464220193316018
82, 15, 0.1245367764421969
-5, 31, 0.4533786645717557
65, 21, 0.1693164695382202
101, 2, 0.7160964566666086
23, 29, 0.5945379396253728
31, 28, 0.391238752953277
13, 30, 0.9806627369150093
-4, 31, 0.4710261253357702