d = 43, symClass = C, D = 11.226562, Y = 0.08915575841690578
[12.55279714531515, 12.5528212824965], 12.55280346044375
1, 0, 1
2, 0, -1.619267776049133
3, 0, 0.7737927922756621
0, 1, 0.1587837891667304
1, 1, 1.118850493799303
4, 0, 1.747102930500634
2, 1, 0.3611013022768954
3, 1, -1.029690673969946
5, 0, -0.2703149897866588
4, 1, 0.8025357210432281
6, 0, -0.8874889448085673
5, 1, 0.544465703902518
-1, 2, 0.007951204052555899
0, 2, -0.3096987218586416
1, 2, -0.2234755661454614
7, 0, -0.89884037812688
2, 2, -1.866354540568014
6, 1, 0.2017312098848782
3, 2, -0.4784526696273518
8, 0, -1.130489497699861
7, 1, -0.3574155494520995
4, 2, -0.3765444793194277
5, 2, 0.2579739032718061
9, 0, -0.6503207191263791
8, 1, 1.204775751947466
6, 2, 1.70317672390682
-1, 3, 0.6622650572740375
0, 3, -0.02728915726043332
10, 0, 0.6405904377778483
9, 1, 0.7337739839327382
1, 3, 0.8203532179581423
7, 2, 0.1704896703662613
2, 3, 0.7157372625860723
3, 3, 0.6663207284281177
11, 0, 0.0581229814526744
10, 1, 0.827658790853968
8, 2, -0.9928441044053078
4, 3, -0.1099083359604325
5, 3, 0.2314032265882637
11, 1, 0.3045295566414773
9, 2, -0.005769572287325431
12, 0, 1.040537723636852
6, 3, 0.2348788789282119
10, 2, -0.8476319112607595
12, 1, 0.9041383594505333
13, 0, 1.334240052732574
7, 3, -0.3064411609645296
-2, 4, 0.006907562735177893
-1, 4, 0.2231763288722961
0, 4, 0.4121449649000251
1, 4, -0.730285612661372
11, 2, -0.118718840048669
8, 3, -0.5080287949836193
2, 4, 0.06664627967989685
13, 1, -0.4409204024235244
14, 0, 1.741878723780349
3, 4, -0.2314558070157144
9, 3, -0.6756393546672134
4, 4, 1.781434341650182
12, 2, -0.250905748521453
14, 1, 0.4612509783194225
5, 4, -0.04949135373528099
15, 0, 0.004935758401333729
10, 3, 0.253230956854639
6, 4, 0.8814821298861574
13, 2, -0.4920342813494415
15, 1, -0.2215610938360327
11, 3, -0.601888508314129
7, 4, -0.162650452742044
16, 0, -0.1474379066831679
14, 2, 0.6619285487420016
-2, 5, -0.5400891491841556
-1, 5, 0.1396714942746008
8, 4, 0.3866743354268237
0, 5, -0.0188227643866701
12, 3, 0.4605854074560954
1, 5, 1.299806020248538
16, 1, 1.12028607850567
17, 0, -0.4626186416200648
2, 5, 0.3579620246623212
9, 4, 0.2155983783764433
15, 2, -1.013270764379921
3, 5, 1.310751376611671
13, 3, 0.4469153101292673
4, 5, 0.2276222610938307
10, 4, -0.3673493453787236
17, 1, -0.01888847605143999
18, 0, 1.264233066592765
5, 5, -0.4800369932968537
16, 2, -1.835964274039435
14, 3, -0.4834510691361044
11, 4, -0.01150941790866138
6, 5, -0.2145115018223253
18, 1, -0.1638734623693503
7, 5, 1.108872403695459
19, 0, -1.004672258040513
17, 2, -1.075327582542037
12, 4, -1.667792185479079
15, 3, 0.2409729071712168
8, 5, 0.6031142828613286
-3, 6, 0.005410985305826456
-2, 6, -0.9796640070852143
-1, 6, -0.3330011266901375
19, 1, -1.060428489983588
0, 6, -0.2449376248256718
13, 4, 0.6500731622505417
20, 0, -0.7407799671756656
9, 5, 0.6680384840304243
1, 6, -0.5963950365096653
16, 3, 0.7055008670474279
18, 2, -1.369553369952945
2, 6, -1.770662258387815
3, 6, -0.1524850999018027
10, 5, -0.09695463273545875
14, 4, -0.09631659664557618
20, 1, -0.2545964677922058
4, 6, -1.210705807515912
17, 3, 0.8469660546318289
21, 0, -0.1948050192240556
19, 2, -0.3012000471529937
11, 5, 0.08703569175279997
5, 6, -0.1477199044833297
15, 4, -0.2679719915761812
6, 6, -0.9146583079266355
21, 1, -0.1360255481455925
18, 3, 0.272995044148208
12, 5, -0.6995638521567316
22, 0, 0.2641869198344303
20, 2, -1.367393970869286
7, 6, -0.1017104931767589
16, 4, 1.050913436272671
8, 6, 0.0533670461881901
13, 5, -0.8087458957556162
22, 1, 0.3503936062176746
19, 3, 0.2167639424208248
21, 2, -0.17926263118789
-3, 7, 0.3031100079905432
23, 0, 0.321471143901114
-2, 7, 0.6475736062372009
9, 6, -0.2820780855901072
17, 4, 0.683174169994013
-1, 7, -0.2579739633473994
0, 7, -0.2385660407136177
14, 5, 0.5528827996444513
1, 7, 0.242134837196717
10, 6, -0.2997886314885494
2, 7, 0.9545502286364341
20, 3, 0.3759328704061415
23, 1, -1.248469170641205
3, 7, 1.074702610682246
22, 2, -0.5631307561034692
18, 4, 0.1972548224469751
15, 5, 0.4437275961116498
24, 0, -0.4386911918955511
11, 6, 0.3429914113972952
4, 7, 0.5922258805086837
5, 7, 0.665081904756368
21, 3, -0.3569760749450985
24, 1, -0.1595192453633783
16, 5, -0.03519745629822924
12, 6, -0.2477794194456529
19, 4, 0.6426724901766578
6, 7, 1.143298054530386
23, 2, -0.8716530485298115
25, 0, -0.7142166243625409
7, 7, -1.118110115019678
13, 6, -0.5650053599203532
22, 3, -0.2262075043505507
17, 5, -0.05847966362428631
20, 4, 0.7466454203512815
8, 7, 0.6410424663358952
25, 1, -0.151014060561331
24, 2, -1.601721689946236
26, 0, -1.82586573235448
14, 6, 0.3644493641329493
9, 7, 0.4126345531855268
-4, 8, 0.001689868204092136
-3, 8, -0.588032831696907
18, 5, -0.06359544501675372
-2, 8, -0.3526368758997712
23, 3, -0.3191185620758111
-1, 8, 0.7797622020111895
21, 4, -0.1272885956670998
0, 8, -0.2297222164492426
10, 7, -0.3743581194085065
15, 6, 0.2368414517474081
1, 8, -0.6634441624771582
26, 1, -0.9012158010208611
25, 2, -0.6014540767358356
2, 8, 1.033294289303584
27, 0, -0.8381329752609784
19, 5, -1.178258705508952
11, 7, 0.2549954845931587
3, 8, 0.314276828476432
24, 3, 0.6866605720153462
22, 4, 0.2782197483125194
16, 6, 0.6809360103533102
4, 8, -0.2308595792501239
27, 1, -0.7875618056521755
12, 7, 0.985799112469175
5, 8, 0.8195472888070408
26, 2, 0.5563693643774842
20, 5, -0.9585430393529558
28, 0, -2.208043873475696
17, 6, -2.150081463047476
6, 8, -0.4184960587774764
23, 4, 3.181833460318569
25, 3, 1.251583775324796
13, 7, -1.012189645454694
7, 8, -0.06756728068374644
21, 5, -0.3588301745479637
28, 1, -0.396201489473738
27, 2, 0.3607526666479829
18, 6, 1.116180703264034
8, 8, -0.9473414300389096
14, 7, 0.1046466065852972
29, 0, -1.551268812278686
24, 4, 0.02197304397672034
26, 3, 1.428985910524267
9, 8, 0.5594949072010844
22, 5, -0.375935777678473
15, 7, -0.03326342975847636
-4, 9, -0.4758414627216844
19, 6, -0.8630492728675456
-3, 9, 0.3840889421684186
-2, 9, 0.108141735129658
29, 1, 0.3678613980550224
-1, 9, -0.9992992231599571
28, 2, -0.7889524137573896
10, 8, 0.05045345160509454
0, 9, -0.1811425099348321
30, 0, 0.5041742790527211
1, 9, -0.9733342020507028
25, 4, 0.9545380767576577
16, 7, 0.129618529616871
27, 3, 0.4330844868448822
2, 9, -0.2906111985908764
11, 8, 0.02872212466157517
20, 6, -0.5331276232921468
23, 5, 0.7522119030843197
3, 9, 0.7000950434421452
30, 1, 0.5621373710979031
4, 9, -0.02323308173822328
29, 2, -0.9087689538729954
12, 8, -0.8107869491541783
17, 7, -0.7877250576629753
26, 4, 0.6576088712601993
5, 9, -0.4968692537894444
31, 0, 0.437820492570932
21, 6, -0.02504290993963766
28, 3, 1.643718748485733
24, 5, 1.467787492126666
13, 8, 0.2704225708922662
6, 9, 0.6542988607026038
18, 7, -1.007902898178132
7, 9, -0.2126894803618125
31, 1, -0.4884298583772387
30, 2, 0.3501780590405046
22, 6, 0.8701938614550377
14, 8, 0.1912442618534752
27, 4, 0.5358258101032576
32, 0, 1.093551467525485
25, 5, -0.1099461726163605
29, 3, 0.2269338646689979
8, 9, -0.2114811259220763
19, 7, -0.8944313937515121
15, 8, -0.06498000700504269
9, 9, -0.8467713308929602
23, 6, 0.3654140283236896
32, 1, 0.05121468969085623
31, 2, -0.07223840947166818
28, 4, -0.7948261841300526
-5, 10, -0.0003051647001788471
-4, 10, 1.168194475646174
20, 7, 1.499093302790507
-3, 10, 1.021804614989927
26, 5, 0.3416152188856726
10, 9, 0.2381179329510823
-2, 10, 0.03503583437064802
16, 8, -0.382504214263948
33, 0, 0.03682657430815188
30, 3, 0.4615949399519317
-1, 10, -0.06473959891243769
0, 10, 0.2272224332483839
11, 9, 0.06353738794048305
1, 10, -0.1938968004520779
24, 6, -0.5701485333582093
2, 10, -2.054021715734996
21, 7, 0.9738486605241907
17, 8, 0.5738269109388758
32, 2, -1.45264682888398
33, 1, 0.4335826484869804
29, 4, -0.05314840085527741
27, 5, 0.4825015308421238
3, 10, -0.6082513369691795
12, 9, -0.1415085797393469
31, 3, 0.6484093228829464
34, 0, 1.027365847436684
4, 10, -0.3916576460228539
25, 6, -0.3457165887645574
18, 8, -0.3772233170340679
5, 10, -0.02537559496429381
22, 7, 0.05437288941386359
13, 9, 0.1304103783020931
30, 4, 1.569545151629006
6, 10, -2.163680309806735
33, 2, -0.287385198255236
28, 5, -0.4589853864574993
34, 1, -1.350097987275121
14, 9, 1.096702456148772
19, 8, 0.475344842157376
32, 3, 0.8117864861444184
7, 10, -1.034851254969135
35, 0, 0.5031862846690291
26, 6, -0.3207233031540861
23, 7, -0.1956620864260858
8, 10, -0.3944046719719051
15, 9, 0.1154208920073756
31, 4, 0.5274130719082235
29, 5, -0.7163653712087166
20, 8, 0.4380917202247482
34, 2, 0.2513183521957146
35, 1, -0.009486115459016703
9, 10, 0.5491849114076834
24, 7, -0.4182964475428461
33, 3, 0.09387802236992909
27, 6, -0.09317233086905764
16, 9, 1.810361616784266
36, 0, -0.893244188514941
10, 10, 0.6190178447689862
-5, 11, 0.0365268062775553
-4, 11, -0.9550050648443807
-3, 11, 0.6123022118969319
21, 8, 0.8175811923824117
-2, 11, 0.8019175333701944
-1, 11, 0.919434234653754
30, 5, 0.3917963413330418
32, 4, 1.938802544764963
0, 11, -0.2902145211066193
11, 10, 0.1835244056867634
17, 9, -0.4469570740583274
35, 2, 0.6453168557121751
25, 7, -1.263642453513918
36, 1, 0.1282478601410844
1, 11, 0.1314429012331814
28, 6, 0.7069842090263756
34, 3, 0.06730331893607135
2, 11, -0.9819981487124088
22, 8, 0.3423408049633663
12, 10, 0.8361295348940283
37, 0, -1.103724322794004
3, 11, -0.5247858404971464
18, 9, -0.4835093636878456
31, 5, -2.118854746351069
4, 11, -2.230805972049048
33, 4, 0.4682134115814112
26, 7, 0.3735976591289467
13, 10, 0.3363352848885542
29, 6, 0.1402588641832697
5, 11, 0.6047047547177765
36, 2, -0.5458139020294809
37, 1, 0.6673343584597646
23, 8, -0.7250473381441089
19, 9, -0.3467578513717897
35, 3, 1.58370403266917
6, 11, -0.4099402512966532
14, 10, -1.597665269921104
38, 0, 2.026632179793282
27, 7, 0.09552545496208791
7, 11, 0.352649458158515
32, 5, -0.3430711910136973
34, 4, 1.914698417281545
20, 9, -0.2425331659382557
24, 8, 1.110884055981368
15, 10, 0.3223821078899615
30, 6, -0.5497055610332661
8, 11, -0.35980577312529
37, 2, -0.1092343921363188
38, 1, 0.4845614326626427
36, 3, 0.531617531314691
9, 11, 1.216714983293396
16, 10, -1.105289207860418
28, 7, -0.4909634157379294
39, 0, 0.7411009259805208
21, 9, -0.1262010009114889
33, 5, 0.1468149843565439
25, 8, -0.1674226436223976
35, 4, 1.121498582447854
10, 11, -0.04148239109393341
31, 6, -0.3095379911051587
-6, 12, 0.0003595579387765846
-5, 12, 0.2944977517291736
-4, 12, 0.750098433848802
-3, 12, 0.02605406067776566
17, 10, -0.9108242476443257
-2, 12, 0.5857482608514812
38, 2, 1.551927240173541
39, 1, 0.1712092258287608
22, 9, 0.9890931186306611
11, 11, -0.08369387108074562
-1, 12, 0.6668958909354678
37, 3, 0.3212162689411503
29, 7, -0.08695001562844293
0, 12, 0.3650226139980595
26, 8, -0.9647091992987874
1, 12, -0.2201865749075832
40, 0, 0.3147384004197838
34, 5, 0.2916938422439795
18, 10, -0.9113468586137142
12, 11, -0.6781663119126424
2, 12, 1.077784726496578
32, 6, -1.368262375122308
36, 4, 1.312917914653114
23, 9, -0.9280686958315378
3, 12, -0.4584420102633556
39, 2, 0.4411286294532648
13, 11, -0.2446198198664986
4, 12, 1.801045863776001
30, 7, 0.1533345302468587
27, 8, -0.1026688158240637
40, 1, -0.5429994042529008
19, 10, -0.1369348906203701
38, 3, -1.045577499350497
5, 12, -0.2589691027048187
35, 5, 0.1905156142563317
41, 0, -0.189154616264537
14, 11, -0.3288638396684381
33, 6, -0.129954818317897
24, 9, -0.3447506885197468
6, 12, -0.000681081314294354
37, 4, 0.9931992234682581
20, 10, 0.1942742905106105
28, 8, 0.3055921368559676
31, 7, 0.02918764034809361
7, 12, 0.2559349732547941
15, 11, 0.1300528287623723
40, 2, 0.3991759771101571
41, 1, 1.221655395428697
39, 3, -0.1966779243746554
25, 9, -0.9913971690554625
8, 12, 1.244421269373586
36, 5, 0.9381815691239694
21, 10, 0.1212193225764723
34, 6, -1.311491772207388
16, 11, -0.8892931247448712
42, 0, 1.099987029492804
38, 4, 0.6623028547725827
9, 12, -0.03697562851604097
29, 8, 0.3064632142675859
32, 7, 0.8856730057211732
26, 9, -0.3015171349913238
22, 10, 0.1585131543324141
10, 12, 0.7230597528487676
41, 2, 0.3257168168794105
17, 11, -0.3190694964847245
42, 1, -0.4789863184504284
-6, 13, 0.2367363079879155
-5, 13, 0.2679370701100972
40, 3, 0.2585917697874164
-4, 13, 0.5280876522301889
37, 5, -0.4147385624017727
-3, 13, 0.2802620630946737
35, 6, -0.4026638770201406
11, 12, 0.02876653309312707
-2, 13, -0.5810695320079083
30, 8, -0.2234568313066128
-1, 13, -0.5008033737629947
43, 0, -0.6303613182819248
39, 4, -0.4584463531684115
18, 11, -0.7824421531501878
33, 7, 0.2185345322240017
23, 10, 0.3404198149498295
0, 13, 0.242378689367949
27, 9, 0.6751196590120655
12, 12, 1.023312896893532
1, 13, 1.102310904951796
2, 13, 0.4428825833650625
42, 2, 0.8363702489799905
19, 11, -0.4077962795984925
43, 1, 0.05377918812257125
41, 3, 0.1862174874239721
3, 13, -0.4002793615777552
36, 6, -0.1250857063843853
38, 5, -1.663520907517711
13, 12, -0.6498864786620115
31, 8, 0.2997131039159918
24, 10, 1.720822330467689
4, 13, 0.3415180965673733
28, 9, 0.3640858800657836
34, 7, -0.7124610253688588
44, 0, -0.2771142024389674
40, 4, 1.380058137001727
14, 12, 0.1946226601090705
5, 13, 0.3366257379226995
20, 11, -0.4787114788710009
6, 13, 0.2402848488544922
25, 10, -0.03077088604608294
43, 2, -0.003880958664108764
32, 8, -0.5793353039144757
37, 6, -0.1926476459819371
42, 3, 0.1972738069708884
15, 12, -0.04768281751787994
44, 1, -0.3490897031094142
39, 5, -0.1652272361001575
29, 9, -0.09463462103035122
7, 13, 0.4700030593730835
21, 11, 0.3742884663538605
35, 7, -0.468799600790738
41, 4, 0.5417941991759047
45, 0, 0.255786796715249
8, 13, 0.6446797718667169
16, 12, -0.1225699561135778
26, 10, 1.166651019405332
33, 8, 0.1723831003601628
22, 11, -0.09300478306215572
9, 13, 0.5107496080876505
30, 9, 0.09906242477201921
44, 2, -0.2799909194315426
38, 6, -0.3465720081668688
40, 5, -0.4358964926471961
43, 3, -0.2700975589450355
17, 12, -0.6241609966276548
45, 1, -0.4089763653071377
36, 7, 0.6123722821193116
10, 13, -0.2482502095886969
27, 10, 0.5918107842446131
-7, 14, -0.004613074626424866
42, 4, 0.2608368370399707
-6, 14, -0.6335357623919823
-5, 14, -0.3363662329009458
23, 11, -0.4865628038816048
46, 0, -0.4899318544080642
-4, 14, -0.9413614558135427
11, 13, 0.318239616447288
-3, 14, 0.5509492214389703
18, 12, 0.5665157826828637
31, 9, -0.5036112392769443
34, 8, -1.123256736348035
-2, 14, 0.70577110315889
-1, 14, -0.8469076979206058
39, 6, -0.2266850302689208
0, 14, 0.3890604199921037
45, 2, 1.164609756503051
12, 13, 1.239254973163684
41, 5, -1.076658800040994
28, 10, -0.9766206580131837
44, 3, 0.218886375091856
37, 7, 0.3485474036280695
24, 11, 1.090908048395708
1, 14, 0.9710679267822729
46, 1, 0.9450007553131243
19, 12, -0.6665047643139544
2, 14, -0.5317106015768959
43, 4, 0.8422674916280127
13, 13, 0.1077986536347031
32, 9, -0.7983271738210633
3, 14, -0.4913200658604975
47, 0, 0.03795967475540813
35, 8, 0.7760194532609168
20, 12, 0.3832459451679863
4, 14, -1.597673390797014
29, 10, -0.6029983182997649
25, 11, 0.6459071772239433
40, 6, -0.4683423527702638
14, 13, 0.5765294419379766
42, 5, -0.05341871518796437
38, 7, -0.2814514102855315
5, 14, -2.024725605618754
46, 2, 1.916599971009699
45, 3, -0.1134329706617673
47, 1, 1.57686877462881
6, 14, -1.413436033301344
33, 9, -0.2583975850942976
21, 12, -0.1012120190705623
15, 13, 1.491321167840885
44, 4, 0.5245249506755777
36, 8, -0.3124794052603417
26, 11, 0.06018664026296872
30, 10, -0.5830748867411586
7, 14, 0.00598725073895316
48, 0, -0.21574565212253
41, 6, -0.8985277396855351
16, 13, -0.5360814939240593
22, 12, -0.8666343941477495
8, 14, -0.7583841485991066
39, 7, -0.4854875189062979
43, 5, 0.2149453340699271
47, 2, -0.348625532281167
46, 3, -0.6315212415773593
34, 9, 0.9123817196254719
27, 11, -0.1400200136503321
48, 1, -0.06659202171040544
9, 14, -0.2260777690264673
37, 8, -0.5388689936350531
17, 13, 1.759454088785477
31, 10, -1.703579150397246
45, 4, 0.7501853592203201
23, 12, -1.225998912907899
10, 14, -1.347931490052639
49, 0, -0.1355790534621385
42, 6, 0.2285664055517365
18, 13, 0.3076916754493362
40, 7, -0.4641647225660724
-7, 15, 0.1973760616836224
-6, 15, -0.36019808451251
28, 11, -1.153216513069957
-5, 15, -0.3089026679581947
44, 5, -0.3865809949883308
35, 9, -0.2733319650767688
11, 14, 0.5186028965941833
-4, 15, 0.4062825728657067
-3, 15, 0.1875697195405688
48, 2, 0.4652454535133254
32, 10, -0.2280818367148426
24, 12, 0.3181324597130604
47, 3, -0.04607165168129058
-2, 15, 0.3067055706049374
38, 8, -0.9358307567681738
49, 1, 0.3206800612734131
-1, 15, -0.3762256250104205
19, 13, 0.3556877423093752
12, 14, -1.802482171914694
0, 15, -0.1738309094408702
46, 4, 1.328614417818485
29, 11, -0.7064507000920195
1, 15, -0.1064883938911738
50, 0, 0.8161415773615089
43, 6, -0.2907835224309303
41, 7, -1.488490048498697
13, 14, 0.3387807809205606
25, 12, -0.8801520029248457
2, 15, -0.6562693075228814
36, 9, -0.2897134817336939
33, 10, 0.9399853463740986
20, 13, 0.7830968929130981
45, 5, -0.4599509261571595
3, 15, 1.331402597158454
39, 8, -0.4931702990717764
49, 2, -0.2201710949591371
48, 3, -0.1127742628121217
14, 14, 1.497933598990528
4, 15, -0.5402600330383563
50, 1, -0.6948265710166619
30, 11, 0.002395507794883693
26, 12, 1.739464465538712
47, 4, 4.092948723682893
21, 13, 2.077699802811695
5, 15, -2.680161359572341
15, 14, -4.403546480269219
37, 9, 0.2158344626397672
44, 6, 0.4956035559826151
34, 10, 0.9076877363434658
42, 7, -0.13547360939532
51, 0, 1.254930425157349
6, 15, 0.6223822174921613
46, 5, 1.54181472513864
40, 8, -0.1910994130335768
22, 13, -0.06042904336726449
7, 15, -0.05304117849985474
31, 11, 0.437484744814363
16, 14, -1.565845882714426
27, 12, -0.2751426743426397
50, 2, 0.8886100288849539
49, 3, 0.5829250564592758
8, 15, 1.053652476574869
51, 1, 0.3424026100842382
48, 4, 1.515519955354168
35, 10, -0.0281356753350524
38, 9, 0.03707917181675869
17, 14, 0.782574965088026
23, 13, -0.5286733814776884
43, 7, -0.5549811736198457
45, 6, -0.314743533988858
9, 15, 0.4450854237939651
52, 0, 1.407754986442572
28, 12, -0.007769523805632783
32, 11, 0.4734723052261201
41, 8, 0.3093555291529759
47, 5, -0.3561027306412518
10, 15, -0.5073157650874438
18, 14, -0.6157214097815648
51, 2, -0.1862612785243567
24, 13, -0.7649122045201722
50, 3, 1.12534240570028
-8, 16, 0.01181012345591344
-7, 16, -1.241498849601562
-6, 16, 0.9696549331618808
36, 10, -0.008639190453119902
-5, 16, -0.3161143926083254
11, 15, -0.3971092138467741
39, 9, -0.05855625757424589
52, 1, 0.5376354952250874
-4, 16, 0.0004185397819875204
49, 4, 0.4131121285589608
29, 12, -0.0592732021483805
-3, 16, -0.6020926970859538
44, 7, -1.065457628023776
33, 11, 0.181233146532918
19, 14, -0.8224872814708885
46, 6, 0.4253632180343511
-2, 16, -1.221391182479182
12, 15, 0.3032834229152578
-1, 16, -0.7579754082479686
42, 8, -0.02420896433860658
53, 0, -1.380601791985905
25, 13, 0.315580032573883
0, 16, 0.03226961804245284
48, 5, -0.09531447754815993
1, 16, -0.8494617859752334
20, 14, 0.6347138781504136
37, 10, 0.06859625060758792
13, 15, 0.7840265663620778
30, 12, -0.2587730253798191
40, 9, 0.7920487909625991
2, 16, 0.6059276382056173
52, 2, 1.434250055632699
51, 3, -0.2506133673683103
34, 11, 0.885519505550999
53, 1, 0.5050558521111669
26, 13, 0.3250346759204842
3, 16, 0.4061784997774751
50, 4, 1.018204597003859
45, 7, -0.09540776663002884
14, 15, 0.8980660933376768
47, 6, -0.8548676887078577
21, 14, 0.6436407746040708
4, 16, -0.9269182557285596
43, 8, 0.2568281507330324
54, 0, 1.680018688880715
31, 12, 0.8927519426080477
5, 16, 1.231078076682095
49, 5, 1.070153674224514
38, 10, 1.77700803366608
15, 15, -0.2278263849456968
27, 13, 1.016909905097778
41, 9, 0.3492489668406997
35, 11, 0.4277236667485149
22, 14, -0.2204857377623913
6, 16, -0.7115763753061323
53, 2, -0.0002763799783844508
52, 3, 0.162341510559473
16, 15, -0.2287123910634892
7, 16, -0.5964721767749501
46, 7, 0.0167042102591832
54, 1, -0.02465215890589024
51, 4, 0.2688197525859043
48, 6, -1.080197081990132
44, 8, -0.4354570210369101
32, 12, -0.7370404923497987
28, 13, 0.3620886737849244
23, 14, -0.4506567400675374
8, 16, 0.2299633257455199
39, 10, 0.891512102122757
17, 15, 0.8686759097243372
36, 11, -0.4542631948684651
55, 0, 0.1567743166784458
50, 5, -0.4753969451147776
42, 9, -0.3163034264730523
9, 16, 0.7064726730890003
53, 3, -1.409519411099719
54, 2, 0.7139861580162341
24, 14, -1.037464437094212
33, 12, -0.07538423400470928
18, 15, -0.1984706487306477
10, 16, -1.347562457828248
47, 7, -0.5104497377999463
29, 13, -0.3950871554952679
52, 4, -0.5869057846037449
45, 8, -1.236922043544506
55, 1, 0.63555545119649
49, 6, -0.01313357122748299
40, 10, 0.4900965444318788
-8, 17, 0.4739170081041227
37, 11, -0.474048566485995
-7, 17, -0.496638959687269
11, 16, 0.3304853601819767
-6, 17, -0.1045350232398141
-5, 17, -0.3917424217118347
19, 15, 1.840416778988596
-4, 17, -0.5022971050471309
43, 9, 0.4369632338740289
51, 5, 0.4437768164179902
25, 14, 0.6681851932081094
56, 0, 0.7437283761217843
-3, 17, -0.08285583028087329
34, 12, 1.634509555262623
-2, 17, -0.5991455891139366
30, 13, -0.1728264742903888
12, 16, -0.4078812263298334
-1, 17, -0.8646019961229396
20, 15, -0.1716687393024653
54, 3, -0.0915843902030453
55, 2, -0.1645510665508435
48, 7, -0.2191091894075742
0, 17, -0.1420711391022915
46, 8, 0.9556848965418473
41, 10, -0.7238201822926781
38, 11, 0.8644531324248824
13, 16, -0.4273296789542162
50, 6, -0.6003761366164404
26, 14, -0.6700066908230418
1, 17, 0.04401049509165252
53, 4, -0.2601737808690557
56, 1, -1.004360552723711
2, 17, 0.7059481890132439
44, 9, 0.499106205156385
31, 13, 0.5462509126350061
35, 12, -0.4091613159628751
21, 15, 0.4778781106970346
14, 16, -0.9775033336305065
52, 5, -0.00178223049467584
3, 17, 0.1611931175460933
57, 0, -0.4213228466464283
27, 14, -0.01141328306591283
4, 17, -0.4134941112054545
39, 11, 0.857367349322735
15, 16, -1.130334973811626
49, 7, 0.4771761393212182
42, 10, 0.4280209942266444
55, 3, -0.1694287222888308
47, 8, -0.5806404704500018
22, 15, 0.0298607350296471
5, 17, 0.432970208150284
56, 2, -0.2989486596774871
32, 13, -0.06018773449897219
51, 6, -0.68271768191816
54, 4, -0.3795300555188348
36, 12, -0.9392380851674605
57, 1, 0.1425422399146586
6, 17, -0.1515694623243263
45, 9, -0.3400500739009857
16, 16, -0.002454715126867026
28, 14, 0.5392861579975142
7, 17, 0.9302393738799771
53, 5, 0.6340020554572158
23, 15, 0.6595751728551001
58, 0, 3.118075813747741
40, 11, 0.8112752352541357
33, 13, 0.3444221205166672
17, 16, -0.03980123663336191
8, 17, -0.740436790699062
43, 10, 0.3056412981538225
50, 7, -0.8657120493943917
48, 8, -0.1336752165349918
37, 12, -0.3100765067078862
56, 3, 0.1250527039877727
29, 14, 0.9932072074358955
57, 2, -0.2533415824834363
24, 15, 0.3316016105901991
52, 6, -2.291862208717618
9, 17, -0.2211013563640848
55, 4, 0.2615245781266942
46, 9, 0.1845464754891752
18, 16, -0.5715030080429713
58, 1, -0.5960429532459385
10, 17, -0.04185477968287375
34, 13, 0.6560411258033094
54, 5, -1.501391328711958
41, 11, -0.9045683728108789
25, 15, -0.1757081219962844
44, 10, 0.05965056087290543
30, 14, 0.2452121852826882
59, 0, 0.148319338521932
19, 16, 0.6715777577479854
-9, 18, 0.001717896560710588
-8, 18, 0.5882774073314989
38, 12, 1.109484136707556
11, 17, -0.1732523071717138
-7, 18, 0.0561621966138488
-6, 18, -0.6070395613865553
51, 7, -0.8122606038111311
49, 8, 0.7044095822139768
-5, 18, 1.18834934686183
-4, 18, -0.1143534960723393
57, 3, -0.6157555211328594
-3, 18, -0.1971588457143933
53, 6, -0.03195616627553953
47, 9, 0.06922599597920721
58, 2, -1.042356014131868
12, 17, -1.643384907115306
-2, 18, 1.623379638155516
56, 4, 0.8486595854904629
20, 16, -0.1944470926905166
35, 13, -1.645478508429475
26, 15, -0.07439993286781597
-1, 18, 1.314925467429571
59, 1, -0.9282843878845689
31, 14, 0.4935421633053937
42, 11, 0.1906160085937397
0, 18, 0.3771934736513683
13, 17, -0.8789122699761307
39, 12, 0.295545035151665
55, 5, -0.2277146448226659
45, 10, 0.1260374999015385
1, 18, -0.001245485850154683
21, 16, -0.7089476586722938
60, 0, -0.2882453670506167
2, 18, 1.507836653835301
50, 8, -1.709046034737602
52, 7, -0.5077358868603039
27, 15, 0.4511568384315358
14, 17, -1.03346763966651
36, 13, -0.5980139697476702
48, 9, 0.3108663071683287
3, 18, -0.2733201282577287
32, 14, -0.3673485457760504
54, 6, -0.8981456924658549
58, 3, -0.350044718434846
59, 2, 0.7508167196110165
4, 18, 0.8902360648272862
22, 16, 0.02327660295977655
57, 4, 1.220835044620156
43, 11, -1.593649192982288
15, 17, 0.9486858698918148
40, 12, 0.299672127369441
60, 1, 0.3906015064722339
46, 10, -0.9448945849706485
28, 15, 0.791016261099439
5, 18, 0.9916414278719741
56, 5, 0.07529290599942923
33, 14, -0.3761108852993985
16, 17, -0.2371749373018051
6, 18, -0.9858134090447013
37, 13, -0.8625705450253474
51, 8, -0.1808144088024302
23, 16, 0.2539679613478097
53, 7, 0.03889554603060778
61, 0, 1.59339739034603
49, 9, 1.005055179939872
7, 18, -0.2029557727207313
55, 6, 0.482463529515039
44, 11, 0.05401432356752078
29, 15, 0.5318844331365122
59, 3, 0.3046048949577692
41, 12, -0.1077682462277895
17, 17, -0.6781663884418652
60, 2, -0.6068578551425674
8, 18, -0.06459689332129367
58, 4, 1.557570871978978
24, 16, 0.4238238747198924
47, 10, -0.01927799796082241
34, 14, 1.407185293225203
61, 1, -0.05710898324295002
38, 13, 0.194774359420798
9, 18, -0.05177969714518418
57, 5, 0.06034923755347962
18, 17, -0.5507037012626744
52, 8, -0.6252254298506639
30, 15, -0.1494427041844316
54, 7, -0.7080346961740482
50, 9, -1.403238480637603
25, 16, -0.5111522501117323
10, 18, 0.9104884564424601
62, 0, -0.5622568855181531
45, 11, 1.086131484676992
42, 12, -0.1204026255500773
19, 17, -0.2783291191086888
56, 6, -2.428903858900738
35, 14, -0.1918453657191698
60, 3, -0.1677020442110865
-9, 19, -0.6406714555932965
11, 18, 0.1031620648436896
-8, 19, 0.03052912353706909
48, 10, -2.148993728892649
-7, 19, 0.2264133408210935
61, 2, 0.6031360245381036
39, 13, -1.255163264766268
59, 4, 1.343242550176701
-6, 19, 1.155786755024815
-5, 19, 0.4536038215502239
31, 15, 0.212790565394869
26, 16, -0.4461315963012065
-4, 19, 0.6184754625356981
62, 1, 0.4986643675296671
20, 17, -0.8029064500094543
-3, 19, 0.1980185642475765
12, 18, -0.9570640198337246
58, 5, -0.4217547744784614
53, 8, 0.3338725018996836
-2, 19, 0.6006162249092643
55, 7, 0.2505601263426159
43, 12, -0.3557296840310933
51, 9, 0.4432921219362194
-1, 19, -0.007707970733670354
46, 11, 0.4931905402938358
36, 14, 1.702395963810342
13, 18, 0.4702349011214141
63, 0, 0.6399962493598365
0, 19, -0.1505456881467494
21, 17, -0.3112416133014526
27, 16, 0.3026875065776258
40, 13, 0.197456750214937
32, 15, 0.5885475157255364
57, 6, -0.1403972534661503
49, 10, 0.1439775309902988
1, 19, -0.2533502957216169
61, 3, 0.07055567036060348
14, 18, 0.2357980988037422
62, 2, 0.7652997176425687
2, 19, 1.300203863272686
60, 4, -0.1668869802424673
3, 19, -0.01161258302638905
22, 17, -0.4595847169248952
63, 1, 0.1288336655090097
37, 14, -0.3201423066520888
44, 12, -0.7314262120779433
28, 16, -0.2157069729720119
59, 5, -0.0450566058824395
54, 8, -0.9436155568296704
47, 11, 0.5455660877489606
33, 15, -0.189878344275668
15, 18, -0.07625395339794101
4, 19, -0.02784817186280131
52, 9, -0.03965052312703664
56, 7, -0.9913266193286057
41, 13, -0.7724700504253674
5, 19, 0.1121889574437011
64, 0, -1.74528035193777
23, 17, -0.2006007082494156
50, 10, 0.2780659762777596
58, 6, -0.4529336171373797
16, 18, 0.3811938263925407
29, 16, 0.03215771438171477
6, 19, -0.2232988481742422
62, 3, -0.1447320520488505
38, 14, 1.260205704167451
63, 2, 0.5613069880970841
61, 4, 0.3661695279393417
34, 15, 0.6101101854457729
45, 12, -0.01133890373016129
7, 19, -1.469271778044047
17, 18, -0.09523987601764707
48, 11, 0.1069139702752933
24, 17, -0.8574504013521144
55, 8, 0.07906911051843733
42, 13, -0.1793064907525797
64, 1, -0.03866736843321439
60, 5, -0.3578401695684926
53, 9, 0.2055846831492968
57, 7, 0.2462748837555652
8, 19, -0.2376188580319122
30, 16, 0.1298613064028913
51, 10, 0.6629482882032554
18, 18, 1.145732041012537
39, 14, 0.8120349811036405
9, 19, -0.06866214682222456
65, 0, -0.2752678837990108
35, 15, 0.08986738503712378
25, 17, 0.6460713837271057
59, 6, -0.9149628837348782
46, 12, -0.6446190640780292
63, 3, -0.4382620260338985
10, 19, 0.007557928880023866
43, 13, -0.7965636745029263
19, 18, 0.8744864163999773
64, 2, -0.2270700133126744
62, 4, 0.1640427476882045
49, 11, 1.268862112761788
31, 16, 0.6796448924682036
56, 8, 0.6804544542033973
54, 9, 0.00895415848184053
26, 17, -1.391969655970895
-10, 20, 0.002531480303625097
65, 1, 0.1410027349118357
61, 5, 0.3519511397447578
11, 19, 0.2966387304115727
-9, 20, 0.5581098977668064
-8, 20, -1.098146571137032
58, 7, 0.1051443145985295
-7, 20, -0.03693478265405167
36, 15, -0.5619495073529864
40, 14, -2.221322003407166
-6, 20, -1.708219532841381
52, 10, -0.595635886348174
20, 18, -0.4864447959255801
-5, 20, -0.1047154284001416
-4, 20, -0.1065573015924661
12, 19, -0.2840921355514542
-3, 20, 0.3820919978584051
32, 16, 0.02408119914630759
66, 0, 0.3032687122415316
60, 6, -0.7260289052697534
47, 12, 0.7721363387121533
-2, 20, -0.07169933138330388
44, 13, 0.6370709336377826
27, 17, 0.4596787411079963
50, 11, -0.2482164571439186
-1, 20, 0.4344318335746619
21, 18, -0.1423498965140828
64, 3, 0.2560906265366157
13, 19, -0.05005941767414619
63, 4, 1.547619669364969
65, 2, 0.8289136804302697
37, 15, -0.5302429932607483
0, 20, -0.02222765305377292
57, 8, -1.038153520653437
55, 9, 0.2658751271116288
41, 14, 0.2756624990307451
1, 20, 0.3363792538162558
62, 5, 0.9271544699443821
66, 1, -0.1440925139687844
59, 7, -0.08437678797988982
33, 16, 0.2490614554937644
14, 19, 0.1346460588341455
53, 10, 1.191983937959193
28, 17, -0.6655251844783368
22, 18, -0.2169868209679306
2, 20, 0.3594675726348922
48, 12, 0.4743358674501165
45, 13, -0.09726175918129093
3, 20, -0.9789055138781447
15, 19, 1.871842758856585
61, 6, -0.5413229855926119
67, 0, 0.02217137295973966
38, 15, -0.2912733352091623
51, 11, -0.04302755760330351
4, 20, 2.077330228408859
23, 18, 0.03764698003347581
42, 14, -1.656497044308927
29, 17, -0.6988641074730351
34, 16, -0.8252087698259546
65, 3, -0.7258934917130848
5, 20, 0.2377139275801976
64, 4, 1.341181353257504
56, 9, 0.7972718299855029
16, 19, 0.323491924657653
66, 2, -0.76291361979834
58, 8, -0.141472877441854
54, 10, -0.5779957895591307
6, 20, 1.185370669574669
63, 5, -0.1040675240649151
60, 7, 0.1487426124603887
67, 1, 0.2568143774952392
24, 18, -0.02742376604738785
49, 12, -0.08499994994908536
46, 13, 0.4806792188933567
39, 15, -0.4566441656792374
17, 19, 1.637632835866099
30, 17, -0.1408509911595078
7, 20, -0.3047144072295543
35, 16, 0.437592454169959
52, 11, 0.1720521165461874
43, 14, 0.4044625950614286
62, 6, -1.140170354459887
68, 0, -1.035805854597109
8, 20, 0.3272967961054749
18, 19, 1.271013295648748
25, 18, -0.5677712628541061
66, 3, 0.1303289458064248
57, 9, -0.03550147573350095
59, 8, -0.2905749880244837
65, 4, -0.1301520109226461
9, 20, 0.004744966542692777
67, 2, 1.307472916586906
31, 17, -1.313372165418317
55, 10, 0.2429252059828643
40, 15, -0.05097983481764232
47, 13, 0.5756161697934554
50, 12, 0.499976451350077
61, 7, -0.9051752981645502
36, 16, 0.3479540248121646
64, 5, 0.3079448012743272
19, 19, -1.310639611950295
10, 20, -0.001963797358708717
68, 1, 1.525915611611977
44, 14, -0.2465062580171264
26, 18, -0.09307379369971262
53, 11, -1.444134777200936
11, 20, -0.8285396347739089
-10, 21, -0.5863041542642735
63, 6, -0.08754075150500401
-9, 21, 0.1877074424622878
32, 17, 0.01655635460113062
-8, 21, 0.26802755008041
20, 19, 0.2302786495933243
-7, 21, -0.592263180042911
69, 0, 0.3822195235169479
-6, 21, 0.4883839651799614
41, 15, -0.8960972009738283
-5, 21, -1.340614849564522
58, 9, 0.9152069084994927
37, 16, 0.05756059481929911
27, 18, 0.4720007829494307
-4, 21, 0.1638622522314746
60, 8, -1.544697803956855
12, 20, 2.10546724131146
48, 13, -0.0332470699590429
67, 3, -0.7168990053739456
66, 4, 0.07203153759785634
56, 10, 0.8388615343670789
51, 12, 0.3272670062983433
-3, 21, -0.1408639820348525
68, 2, 1.974583481724898
45, 14, 0.7463662152155175
21, 19, -0.07649578662542891
-2, 21, -0.4041471366381965
62, 7, 0.6725790785686226
65, 5, 0.07541126174662008
33, 17, -0.06781760239787371
13, 20, -0.4201922655816772
-1, 21, -0.4832457323744394
69, 1, -0.4450755569283235
54, 11, -0.2911179955077561
0, 21, -0.1613132063308633
28, 18, -1.874320383868967
38, 16, -0.5537571777287628
42, 15, 0.32446251016477
22, 19, -0.03357615900453882
1, 21, 0.0989578705816434
64, 6, -1.219014093464651
14, 20, 1.724574919610034
49, 13, -0.9171719361482431
2, 21, -0.360527313169201
70, 0, -0.5798108112127635
59, 9, 0.3765823171425665
52, 12, 0.391730206764504
61, 8, -0.1093805171998391
34, 17, -0.3872990268615074
46, 14, 0.287832606833266
57, 10, -0.2460896882731158
3, 21, 0.2360044744394226
15, 20, 0.03990250037563841
68, 3, 0.7266456042943038
29, 18, -0.5401681715162187
67, 4, -0.4626593895493334
23, 19, 0.992304157582642
69, 2, 1.19743470530681
63, 7, -0.7497425414078309
4, 21, 0.7052359000653697
66, 5, 0.2830555659113695
55, 11, -0.2122343059877858
39, 16, 0.4081011977858772
43, 15, 0.5372644604480847
16, 20, 0.4066595602821316
70, 1, 1.085804860285492
5, 21, 1.114722977666547
35, 17, 0.7501702724009428
24, 19, -0.7004073583102345
30, 18, -0.2498303744504253
50, 13, 1.408373219559485
65, 6, 1.285494596086987
6, 21, 0.4872417996122803
47, 14, 1.446142326589879
53, 12, -0.164980509300537
17, 20, -0.2690950419493784
60, 9, 0.1545801454549228
71, 0, 0.427437848803736
62, 8, -1.090678659483342
58, 10, 1.059714244414099
7, 21, -0.9897088234384303
40, 16, -0.251200481738075
69, 3, -0.7607668760084429
44, 15, -0.2943652194948222
25, 19, -0.2560547932096796
68, 4, -0.1116360943943273
64, 7, -0.6561318534932378
56, 11, 0.3582944642494525
31, 18, -1.292711834086751
8, 21, -0.6739492882098325
70, 2, -0.09890526990561492
18, 20, -0.8304585837922227
36, 17, -0.4407967195074748
67, 5, 1.038452430109903
9, 21, 0.836311331913745
71, 1, 0.1305008459112353
51, 13, 0.348865943625486
48, 14, 0.8849122825520251
26, 19, 0.1419193170693984
19, 20, -0.09696175592150812
66, 6, -0.2366027408131501
54, 12, 0.1613595532897126
41, 16, 1.787821120122249
61, 9, 0.4131994767466454
10, 21, -0.953835020275799
32, 18, -2.603168250346606
59, 10, 1.535362993333742
45, 15, 0.2340311872756724
63, 8, 0.215900574486597
37, 17, 0.6627996468642741
72, 0, 0.5559712746404092
20, 20, -0.6965076393829698
11, 21, -0.1794265777239321
-11, 22, -0.01221230375093564
-10, 22, -0.3411260645156263
57, 11, 0.8168954400595524
-9, 22, 1.0510646572028
70, 3, 0.06251401330548945
-8, 22, 1.566080909104214
69, 4, 0.4945958922000382
27, 19, -0.7685632037127091
65, 7, 0.4287620533891843
-7, 22, -0.139239620460568
71, 2, -0.1321231813516562
-6, 22, -1.184602816411695
-5, 22, -0.3741412390080586
68, 5, 0.07215091756463256
52, 13, 0.9344830961694888
49, 14, -0.2716992453166409
33, 18, 0.2479080951346418
12, 21, 0.3373609192133818
42, 16, -1.503944734402836
-4, 22, -1.343888103249311
21, 20, 0.2339725597043779
-3, 22, -1.35530464494324
72, 1, 0.9113253201542445
55, 12, -0.05812270432285701
38, 17, 0.479265207942393
46, 15, -0.7944779883870211
-2, 22, -1.401854962625806
67, 6, 0.6149531595367548
28, 19, 0.3128245698174978
62, 9, -0.07099175497047348
13, 21, -0.3024681421093407
60, 10, 0.160137488518758
-1, 22, 0.1694006115212443
64, 8, -1.077520520771541
0, 22, 0.3481919389636037
22, 20, -0.4670291880915255
73, 0, -0.6991540882586375
34, 18, 0.665712246030285
58, 11, -0.4276226629375791
14, 21, -0.8948397650482061
1, 22, 0.2994108051814012
71, 3, 0.5680104667472687
43, 16, -0.08644341838248602
70, 4, -1.74375151024628
50, 14, 2.172194882253414
66, 7, 0.5536690430507067
53, 13, 0.7010288123501331
39, 17, 0.2720992087200435
29, 19, 0.07804432611245751
72, 2, 0.1334171786380167
2, 22, 0.3284204097700769
69, 5, 1.111532155809765
47, 15, -0.3297420844571624
23, 20, 0.2143230726181903
15, 21, 0.2296152187713991
56, 12, -0.5473582451619371
3, 22, 0.146737189462162
73, 1, 1.135843913902181
35, 18, -0.2348684432873057
63, 9, 0.396559832673023
68, 6, -0.3906137731411574
4, 22, 1.341062522809177
61, 10, 0.9002652769041158
30, 19, -0.5390848521501397
16, 21, 0.381166882943391
65, 8, 0.6438864300224892
44, 16, 0.1076312248407654
24, 20, -0.5104515794884105
40, 17, -0.6673923952398455
5, 22, -0.8760776230997177
59, 11, 1.795506462973539
51, 14, -1.154191620146311
74, 0, 1.454868226837013
54, 13, -0.7915494362440522
6, 22, -0.4795179726233798
67, 7, 0.4285770760803753
17, 21, 0.2971819888003178
72, 3, -0.215888668587179
48, 15, -0.2000369080426172
71, 4, 0.4501607017483138
36, 18, 0.3497240488065689
57, 12, 0.330059961461722
73, 2, -0.04467614311934915
31, 19, -1.273366614398719
70, 5, -0.222120012220248
25, 20, 0.2178909297682406
7, 22, 0.07498694855086491
18, 21, 0.7714265334122008
41, 17, -0.1681880710399726
74, 1, -0.3230442084237148
45, 16, -0.9978719705463662
64, 9, 0.6584779141903029
62, 10, -0.08150733261000437
8, 22, 0.3529187963896224
69, 6, -0.3675025363364702
66, 8, -0.8179256734658509
52, 14, -0.8757442384441479
60, 11, 0.7563119505762718
26, 20, -0.6244725941642197
55, 13, 0.3110718151164899
37, 18, 0.5510251729858866
32, 19, -0.04219619923951796
9, 22, -0.6491941824789479
49, 15, -0.508434516088317
19, 21, 0.1132782112703789
75, 0, -0.3593181852722735
68, 7, 1.203959751520811
58, 12, 0.3495462270738844
10, 22, -1.415889518538137
73, 3, -0.3664984796928946
72, 4, -0.1509072888926589
42, 17, 0.3950844626519503
74, 2, -1.699065737500154
46, 16, 1.270714976113332
27, 20, -1.27774018100976
71, 5, -0.3397467733195613
20, 21, 0.3518042256884115
33, 19, 0.06776701453468043
11, 22, 3.405089916671291e-05
-11, 23, 0.1523278550655726
-10, 23, -0.06162328952840192
38, 18, 0.157464375959676
-9, 23, 0.1116386774666313
-8, 23, 0.2815457011233083
63, 10, -0.09634286636829149
65, 9, 1.166762374438506
53, 14, 0.9457326877854846
-7, 23, -0.9537353066253169
75, 1, -0.455396364263255
70, 6, -2.054556080484862
-6, 23, -0.6234846933887427
61, 11, -0.2610783072453255
56, 13, 0.1974661782467465
50, 15, -0.1026274510469871
67, 8, -0.4686079520419331
-5, 23, 0.5541044551975302
12, 22, 1.128267943778098
21, 21, -0.6536979267588914
-4, 23, -0.1412754790575428
28, 20, 1.917183363485228
43, 17, -0.4448105793862234
-3, 23, -0.4668098240282217
59, 12, -0.6154010664217234
34, 19, 1.044502190952142
76, 0, -1.655591909205319
47, 16, 0.9740047286792067
-2, 23, 0.7377748198252463
13, 22, 0.6159977984162724
69, 7, -0.6722750706401133
39, 18, -0.3093326719327493
74, 3, -0.1091129768172157
73, 4, -0.3843366518933454
22, 21, -0.07338475830064677
-1, 23, -0.2629580055551531
75, 2, 0.8346209922237735
72, 5, 0.4761962455649046
0, 23, 0.09012050423018519
29, 20, 0.1321616428853022
54, 14, -0.2937934014576271
14, 22, -0.1571721831158434
64, 10, 0.7010947363497075
66, 9, -0.2176849254596051
51, 15, -0.04521426424005182
1, 23, -0.3518256664790949
57, 13, 1.297909099458586
62, 11, -0.4220999184573411
35, 19, 0.8120156452514802
76, 1, -0.3282503585967953
71, 6, -0.2874196459497877
44, 17, 0.4104124434007602
23, 21, 0.1009237874921111
2, 23, -0.4530489006871151
68, 8, -1.923032363399937
15, 22, -0.6559599417794076
40, 18, 0.5173604609166363
48, 16, 0.1067130930018917
3, 23, 1.573359060434891
30, 20, -0.4314600721761369
60, 12, 0.4089310374197888
4, 23, -0.643571887931461
77, 0, 0.3014274598551114
70, 7, -0.8092307501475682
24, 21, 0.2933266697871778
16, 22, 0.2642211868023546
74, 4, 0.2292326389666648
75, 3, -0.03914987226781444
55, 14, -0.3301988229270257
36, 19, -0.5011359668157667
5, 23, -0.3404697492686928
52, 15, -0.4329232928813061
73, 5, -0.6309996692876875
45, 17, -0.7423997216510083
76, 2, -0.6718102452195914
65, 10, 0.1186599586813751
58, 13, -0.2194706858243956
31, 20, 0.05816141591998931
67, 9, 0.1898062731306162
41, 18, -0.637015098002624
17, 22, -0.5949374729966411
6, 23, 0.1595324400863288
63, 11, 0.1952305722951761
49, 16, 0.1109685449932521
25, 21, 0.0299088372989934
72, 6, -0.9923649024801215
77, 1, -0.4100858884556776
69, 8, -0.7436278472360702
7, 23, 0.04643590016389831
61, 12, 0.06906655710735066
37, 19, -0.7576835183741681
18, 22, -2.008733758887169
32, 20, 0.9436080974781651
8, 23, -0.4902018396765194
26, 21, 0.758278754697033
56, 14, 1.046501856075712
71, 7, -0.2832005757233801
46, 17, 0.8010184762920529
53, 15, -1.202862891494907
78, 0, -0.9293598757131512
42, 18, 0.2707232775558893
75, 4, 0.6617912623490653
76, 3, 0.1264217036346154
19, 22, -0.4999110297989881
59, 13, 0.09920383329024027
9, 23, 0.454081965259959
66, 10, 0.04052320887432891
50, 16, 0.06653528266976828
74, 5, 0.3713549209235903
77, 2, 0.5605463455174784
68, 9, 0.1806319472440683
64, 11, -0.6196427841886554
38, 19, -0.1879229896325101
27, 21, 0.3423630462656675
33, 20, -0.5775955701968425
10, 23, -0.6441876077882677
73, 6, 0.07288687105506214
70, 8, -1.525300657101184
20, 22, 0.1928934476550359
62, 12, 0.5561082394979462
78, 1, -0.07566528211430151
47, 17, 1.056710350626002
43, 18, -0.5990597813630399
-12, 24, -0.00503813000721494
11, 23, -0.3960915628673595
-11, 24, -0.09099094061827744
-10, 24, -0.4775771813413341
54, 15, -0.1443649396241324
-9, 24, -0.3402023912813359
57, 14, -0.07036798650093824
-8, 24, -0.6851014459501189
-7, 24, 0.6261123196382725
28, 21, -0.1835209635298276
72, 7, -1.183611827291292
21, 22, 1.150695529433441
-6, 24, -0.09763973415653322
51, 16, 0.293307541582057
39, 19, 0.2317334709270843
34, 20, 1.365213402074036
60, 13, -0.9487892513118861
12, 23, 0.1296656138293467
79, 0, 0.04281745160069179
-5, 24, 1.07959673214161
-4, 24, -0.730023541900868
76, 4, -1.459151558933581
77, 3, 0.3058162708904114
67, 10, -0.07630713375841255
65, 11, 0.7983202228468709
-3, 24, 0.2162357112470343
69, 9, -0.37446562870214
75, 5, 0.2492211047391474
78, 2, -0.1435232319645329
13, 23, 0.4998394759439304
44, 18, -1.529986811818048
22, 22, 0.2854430842911484
-2, 24, -1.421610621231608
48, 17, -0.06215693224853809
29, 21, 0.3099435863746662
63, 12, -0.2409537946323349
-1, 24, 0.2845826139694981
71, 8, -0.004186181558684459
74, 6, -0.3185635979271144
55, 15, 0.2953179065774383
35, 20, -0.01764978902294285
79, 1, -0.4600595815750738
40, 19, -0.2530414501205857
58, 14, 0.4574234158143596
0, 24, -0.02427146787699528
14, 23, 0.06950573958042383
52, 16, 0.7810171941429529
23, 22, 1.02865014242848
1, 24, -0.9203231903254523
61, 13, 0.2623032475635373
73, 7, -1.451200179923603
30, 21, -0.1136077890765133
2, 24, 0.2330532680049149
15, 23, 1.051816130874369
45, 18, -0.1029641271667646
80, 0, 0.007440968999567552
68, 10, -0.7415107315254232
77, 4, 0.1037814025994207
66, 11, 0.07719067075551357
49, 17, -0.0965134302382059
36, 20, 0.7529387984761593
3, 24, -0.2608828890604181
78, 3, -0.6115158100412197
70, 9, -0.6452208919912572
24, 22, 0.9092324802329196
76, 5, -0.7027360609702312
41, 19, 0.1582747111002235
79, 2, -0.07115265241528709
16, 23, -0.4523777995944618
4, 24, -0.9949216085144174
64, 12, 1.266344947736914
56, 15, -0.377162133462795
59, 14, -0.7912994366798403
31, 21, 1.599736424045473
72, 8, -0.819555193101702
75, 6, -0.4566899282974159
53, 16, -0.139986381420681
5, 24, -0.8915629582470401
80, 1, 0.2520555732186626
25, 22, -0.4702455676185863
17, 23, 0.4188217195098036
46, 18, 1.238962963699898
62, 13, -0.5508914569676728
37, 20, -1.337796027142935
6, 24, 0.5583695304899544
50, 17, 0.9122090541710371
74, 7, 0.2419412138594655
42, 19, -0.05341868892070775
32, 21, 1.167486053967123
69, 10, -1.608328127778264
7, 24, -0.1015701657307568
67, 11, 0.1194178055848351
18, 23, 0.4152949817146205
81, 0, 0.08533063142001607
71, 9, -0.812556404373352
78, 4, -0.7312273214553566
26, 22, 0.4099727942859714
79, 3, 0.405781436611571
57, 15, -0.7508350590493753
77, 5, 0.3168434150978556
65, 12, -0.03442296050839042
8, 24, -1.047902199069314
60, 14, -0.3386804431120859
54, 16, 0.2963366923183324
80, 2, 0.6074401886577782
38, 20, 0.3545323428854064
73, 8, -0.9320080038156554
19, 23, 0.5064914656334067
47, 18, 0.7287296599103482
76, 6, 1.724152842768636
9, 24, 0.1258402784056189
33, 21, 0.2808948800865052
43, 19, -0.2752083850183498
63, 13, -0.5158633136095715
51, 17, 0.6619448465028848
27, 22, -0.1341742896603459
81, 1, 0.09363727764220704
10, 24, 0.3292076742528713
20, 23, -0.3649249572018235
75, 7, -0.500070233212728
70, 10, -0.1666968509258873
39, 20, -0.3871749680712324
68, 11, 1.331408711167133
58, 15, -0.4799835484941506
-12, 25, -0.231603388082175
55, 16, 0.136545311209292
34, 21, 0.3502328207763759
11, 24, 0.2812839199164075
-11, 25, 0.01747395761702437
72, 9, -0.831502805479889
82, 0, 0.6067948369834157
28, 22, 0.6093104983418318
-10, 25, 0.3245653866854325
-9, 25, 1.487794219323051
61, 14, -1.818186279953299
66, 12, 0.3597057853912832
48, 18, 0.3415724239988267
79, 4, -0.07417549243335485
80, 3, 0.8746808394342147
-8, 25, 1.246816355918568
44, 19, 0.04236909343130902
21, 23, -0.2989245700982164
78, 5, 1.103437245277541
-7, 25, 0.8913052337239115
-6, 25, 0.4470646244783681
81, 2, -0.2279117762345494
52, 17, -0.5219133856481957
12, 24, 0.06423714938491992
74, 8, -1.368609016664166
-5, 25, 0.1673766607844601
77, 6, -0.08281384601160084
64, 13, -0.3369907722272564
-4, 25, 0.9900702992622478
40, 20, -0.01868977490699511
29, 22, -1.08236051750796
22, 23, -0.1091027173192895
-3, 25, 0.5059287044326984
35, 21, -0.2920928923920221
13, 24, 0.5306190506209025
82, 1, 0.5075940625312948
-2, 25, 0.6290188370682882
59, 15, 0.1306014915087648
76, 7, 0.09830076723765757
49, 18, 0.8577137784858624
56, 16, -0.06013306387970784
71, 10, 0.5908968829672453
69, 11, -0.2229677723874343
45, 19, -0.1126762482938255
-1, 25, -0.3722153657039003
62, 14, -0.1158484428907533
14, 24, -0.664576108532771
0, 25, -0.4476643472725564
73, 9, 0.1518585040591054
67, 12, -1.004206924369125
23, 23, 0.3264411755863932
30, 22, -0.05352841661576239
83, 0, 0.854986830534298
53, 17, 0.5002679310067987
80, 4, -0.6547962068005592
1, 25, 0.1894514849712064
41, 20, -0.8892437887344938
81, 3, -0.4169180486114584
36, 21, 0.4321254681673244
79, 5, 0.3189734321679774
15, 24, 0.5040340200960729
75, 8, 0.1347818051640552
65, 13, 0.5801154220188346
2, 25, -0.3660833419591112
82, 2, -1.790755350495734
24, 23, -0.264357955435726
78, 6, 0.3309313997369313
3, 25, 0.143083826776878
46, 19, 0.605021838050728
50, 18, 1.470226298310567
31, 22, -0.4082907394586323
60, 15, 0.1634705823671465
16, 24, -0.9698542104031888
57, 16, -0.6771488535139173
83, 1, 0.9838731399224883
4, 25, 0.1471373849646888
37, 21, 0.2414324290932624
70, 11, -0.2369531640454408
72, 10, -1.361276926473875
42, 20, -0.5451671095005977
77, 7, -0.2476463389580845
63, 14, 0.3015392695762529
54, 17, -0.3276761359942452
25, 23, 0.7261040913448153
68, 12, 1.26941905780239
5, 25, -0.540260147858969
17, 24, -0.3641752051475045
74, 9, 1.058991265088817
32, 22, 1.481553413276312
84, 0, -0.8548453897436855
6, 25, -0.543896786483441
81, 4, 0.04841076862830505
82, 3, 0.4195868114048659
66, 13, -0.05449936174002978
47, 19, -0.06046063743690405
80, 5, -0.335412245612187
51, 18, -0.5870985465853883
76, 8, -0.6055584825346026
18, 24, 0.3671947878496859
38, 21, 0.3980176358362657
26, 23, 0.1675347448803666
83, 2, 0.5695319399303566
7, 25, -0.2786336147522724
58, 16, -0.4370606498186788
43, 20, 0.06017344163866384
79, 6, 0.6765902460391791
61, 15, -0.0451567673823651
8, 25, -0.364844034094762
55, 17, -0.5556317832263208
33, 22, 0.1943387802705258
64, 14, -1.394680085110901
84, 1, 0.1598145533461766
71, 11, -0.04291317476588844
19, 24, 0.9029811956902181
73, 10, -0.6203029008602746
78, 7, -0.1509029844567751
27, 23, 0.1749254388018815
69, 12, -0.2543694737126757
9, 25, -0.5535811946142873
48, 19, -1.463720557291088
75, 9, 0.06663885005142127
39, 21, 0.2625159294441136
52, 18, 0.6133847634835643
44, 20, -0.378279720610823
20, 24, -0.5628068097103407
67, 13, 0.6814687456004628
85, 0, 0.380211984637531
10, 25, -0.1325908554572448
82, 4, -0.4689634980516447
34, 22, 0.321061909833265
83, 3, 1.249840736553778
81, 5, 1.08442724655298
59, 16, -1.085264130791337
28, 23, 0.5767289233669212
77, 8, -0.2564741225118193
62, 15, -0.1450910693134803
56, 17, 0.6861036322189105
-13, 26, 0.001360491224649417
84, 2, 0.4323000078361656
-12, 26, -0.06570916761194966
11, 25, -0.2390644263095228
-11, 26, 0.1013296300468029
-10, 26, -0.2132401751900132
80, 6, -0.6230716065052042
21, 24, 0.3212006657490468
-9, 26, -0.7837215267374982
65, 14, -0.09294253028182629
40, 21, 0.3609051415289488
-8, 26, -0.8430577076329439
49, 19, 0.2225679168659523
-7, 26, 0.9575437291640274
72, 11, 0.4602173040197762
74, 10, 0.8075289407129908
-6, 26, -0.4179466157835329
12, 25, -1.302203725367529
35, 22, -1.302898125861385
85, 1, -0.9192999240595598
70, 12, 0.7571887979360659
45, 20, 0.03670291691707077
53, 18, -1.428039118635657
29, 23, 1.212361100827488
-5, 26, -0.1444567958313061
79, 7, -0.756208858854904
22, 24, 0.05119171136825006
-4, 26, 0.5997160981196716
76, 9, 1.555194986803935
68, 13, 0.2704899164296456
-3, 26, -0.04561952947429099
13, 25, -1.135346183402115
60, 16, 0.0506831604542682
-2, 26, 0.9169726356170033
63, 15, -0.05153596297519912
41, 21, -0.9533527200200472
86, 0, 1.26114616678448
83, 4, 0.968617762331865
57, 17, -1.020414953541193
84, 3, -0.05604781858642073
82, 5, -0.07015641731500499
30, 23, -0.3323077664609574
-1, 26, 0.364280465980121
78, 8, 0.6244299788379076
36, 22, 1.282468167498348
23, 24, -0.03482688452527786
14, 25, -0.1233957943648001
50, 19, -0.6007536504287181
66, 14, -0.2603272349517473
46, 20, -0.4231688810654591
0, 26, -0.360825005533204
85, 2, 0.6379544416605007
81, 6, 0.07769738159119488
54, 18, -0.8934743657963433
73, 11, -0.2036222255904858
1, 26, 0.7393598131891027
75, 10, 0.2566949335515433
15, 25, -0.6719486883325635
71, 12, 0.544461390749524
24, 24, -0.619387397981258
2, 26, -1.838539949212683
86, 1, 0.5182565086168027
31, 23, 0.34899114167736
42, 21, -0.07514959643592897
80, 7, 0.984763670565763
37, 22, -0.8001656709170583
77, 9, 0.4485704278344796
61, 16, 0.1492043931281183
69, 13, -0.327565320205699
3, 26, 0.02384456374633359
58, 17, -0.04508754537881144
64, 15, -0.03096592420367445
16, 25, 0.1321114161886776
51, 19, -1.240220006800857
47, 20, -0.1340234843528777
4, 26, -0.8533180334999967
25, 24, 0.3596124293169039
84, 4, -0.7525624416956243
87, 0, -0.9789429026356383
79, 8, -0.8458256820184133
85, 3, 0.4056002532160828
83, 5, 0.4140898244470252
55, 18, -0.7295248060400721
32, 23, -0.4695763770612603
67, 14, 0.6662710416724646
17, 25, -0.2350032345766244
5, 26, -0.4243529771952274
43, 21, -0.9985092191287567
38, 22, 0.5092053365473027
86, 2, -0.3740218309444632
82, 6, -0.1023672313388911
74, 11, 0.1933363366781152
6, 26, 0.4824522425053318
72, 12, 0.117777810685018
76, 10, 2.582892690755368
26, 24, 1.100119556453231
18, 25, 1.5025090494275
62, 16, -0.5766107174148661
59, 17, 0.07105483851869493
52, 19, -0.05466244710581018
48, 20, -1.549917742375589
7, 26, -0.003439288324819856
87, 1, -0.1015389036306445
81, 7, -0.4324460229262352
33, 23, -0.3656395088046445
70, 13, 0.1923760246459683
65, 15, -0.08849029101273076
78, 9, 0.850558823771041
39, 22, 0.4529642385318743
8, 26, -0.3881830900897695
56, 18, -0.4922549073308128
44, 21, 0.5519378443561307
19, 25, 0.4185269911538245
27, 24, 0.2208144816500126
68, 14, 1.26124923038633
85, 4, 0.6872380328760406
88, 0, 0.09880133876724281
80, 8, -0.6625111300959931
84, 5, -0.1453159887494583
9, 26, 0.7704193195447971
86, 3, -0.4302443432504003
34, 23, -0.1679915007119092
20, 25, -0.2093708470863173
75, 11, -0.5136298903095682
49, 20, 0.1926557174426959
83, 6, -0.6844442599995362
87, 2, 0.7439656374986271
53, 19, -1.118934547156966
73, 12, 0.147620267615406
28, 24, -0.1928241197049151
63, 16, 0.5937128038630777
10, 26, -0.728579839193561
77, 10, -0.0239219266925932
60, 17, 0.3731334910341407
40, 22, 0.7649608337222542
66, 15, -0.2584738256954004
45, 21, 0.2011634077095644
71, 13, 1.593863686515874
82, 7, -0.5629033605346813
-13, 27, -0.6231789464452081
57, 18, -0.427137398232996
-12, 27, -0.44319152913987
21, 25, 0.8502012032433722
88, 1, -0.291387664941773
79, 9, 0.09462199663496569
11, 26, -0.7085447983100513
-11, 27, -0.0102185097604983
35, 23, 0.2049804513412952
-10, 27, -0.1940850190349592
-9, 27, -0.4976242834425968
-8, 27, 0.196919791164681
29, 24, 0.07608154259908979
-7, 27, -0.4438983742110848
69, 14, -1.598824323227446
12, 26, -0.1236128887840493
-6, 27, 0.1038633876110532
50, 20, -0.04187742697270317
41, 22, 0.1956293901204142
22, 25, -0.1234786360451512
-5, 27, 0.04637043177417129
81, 8, 0.577159094117622
54, 19, -0.8211163880960169
86, 4, -0.1104888903832774
89, 0, 1.117967767104991
85, 5, -0.003707585409169197
-4, 27, 1.162890423649015
87, 3, 0.17283088708048
46, 21, 0.2717497387624604
64, 16, 0.03720243739270458
61, 17, 0.09874682258851708
76, 11, -0.2945873934956582
36, 23, -0.07078107994826151
13, 26, 0.08928902994487016
-3, 27, -0.4371604414679127
74, 12, 0.1269099940656944
84, 6, -0.6054202398362751
30, 24, 0.2973845696422344
88, 2, 0.5534571179037689
78, 10, 0.157203275697685
-2, 27, -0.6580345777000161
67, 15, 0.6968324118419723
58, 18, 0.3037110746094994
72, 13, 0.2134174173408145
23, 25, 0.3836007912712231
-1, 27, 0.09424243934921134
14, 26, -0.9291124733938056
83, 7, -1.459806181629468
80, 9, -0.140573278093417
42, 22, -0.3183829992734746
0, 27, -0.311017895169085
89, 1, 1.370588944515575
51, 20, -1.105373113448431
70, 14, 0.7497660436140373
37, 23, -0.33099389083123
55, 19, -0.3303560881998682
31, 24, 0.08987782342404954
1, 27, -0.7638783486499667
47, 21, -1.059028801227428
24, 25, 0.5841717268093588
15, 26, -0.8343274824638293
62, 17, 0.1752646607252527
2, 27, 0.6162532083088278
65, 16, -0.6562362510805007
82, 8, -0.9894863311367901
87, 4, -0.00110320796483785
90, 0, -0.07882330324865391
86, 5, -0.06399833634527535
88, 3, -0.3969954588453959
77, 11, 0.09677943014514338
59, 18, -0.6036682461334222
16, 26, -0.913748532338428
75, 12, 0.6179366101595924
3, 27, -0.7387481372950977
68, 15, -0.1278819994969547
43, 22, -0.1532773175716241
25, 25, -0.8694075977117453
32, 24, -0.01382791103782846
85, 6, -0.265182192780739
79, 10, -0.1134660401329495
73, 13, 0.3365661762998038
38, 23, -0.1828348340547953
89, 2, 0.03588234544078544
4, 27, 0.9323186361597704
52, 20, -1.252662658410593
48, 21, 0.01090318919410196
17, 26, 0.03601204150704422
56, 19, -0.3915955421882575
5, 27, 0.7280546105212223
81, 9, -0.6921506748375269
84, 7, -1.065478259991285
71, 14, -0.3293381703205822
90, 1, -0.3705973144196834
26, 25, 0.1376390454196463
33, 24, 0.05991941885250634
6, 27, -0.1825727003727861
63, 17, -0.3769985659178607
66, 16, -0.1021957687094912
44, 22, 0.3963200863405063
18, 26, -0.7006675082644342
39, 23, 0.8419322350572264
60, 18, -0.4121916601790758
83, 8, -1.318233873880553
7, 27, 0.8003681200466266
53, 20, 0.9990716899033495
69, 15, 0.2712104437080829
88, 4, 0.01699644734827937
76, 12, 0.1172928334540621
78, 11, 1.464323461524092
87, 5, 1.487711399114879
27, 25, 1.26680843918563
91, 0, -1.143414471351369
49, 21, 0.16786320701211
89, 3, 1.364113217275681
19, 26, -0.441042416374927
74, 13, 1.138198976634669
8, 27, 1.386063319003195
80, 10, 0.6630505121176741
57, 19, 1.477713464106172
86, 6, 0.126117936172909
34, 24, 0.807258487388007
90, 2, 0.4033960280495013
45, 22, -0.5592395415395316
40, 23, 0.6806890146554865
9, 27, -0.7430206456546911
72, 14, -1.163950356563588
82, 9, -1.371291119464734
20, 26, 0.2275890371951092
85, 7, -0.5994898869407649
28, 25, 0.7172814070059705
64, 17, 0.8728903054594714
67, 16, -1.109605403134951
91, 1, 0.8932873233734033
61, 18, 1.471591716168039
10, 27, 1.100096612186461
54, 20, -0.4630305570849948
50, 21, 0.1489830155702266
35, 24, 0.05811564436601679
21, 26, 0.2449144699993561
70, 15, 0.03590910477357533
-14, 28, -0.02203922369287918
-13, 28, -0.3826051088857387
84, 8, -0.3802809398476691
-12, 28, 0.8903709108832741
77, 12, -0.210948236726181
58, 19, -0.4923365297655409
11, 27, 0.1375511865446812
-11, 28, -0.03611330905462812
79, 11, 0.772971705040072
29, 25, 1.602255209540816
41, 23, 0.1739007507543782
-10, 28, 0.3304817534824136
46, 22, 0.8330272106806358
89, 4, -0.01770377794678436
-9, 28, -0.1587047330185999
88, 5, 0.2668105291945475
75, 13, -0.2005241336278737
92, 0, 0.3932506786223512
-8, 28, 0.7560195112758468
90, 3, 0.3620823281785519
81, 10, 1.101819797563045
-7, 28, -0.02486112448059797
87, 6, -0.5161399044044578
12, 27, -0.01078610370507958
22, 26, -0.8122054124213588
-6, 28, -0.8251905917416448
36, 24, -0.5909609001517361
91, 2, 0.4216407481712252
73, 14, 0.2047725809402726
65, 17, -0.8477745479308414
-5, 28, 0.8776405384678084
51, 21, -0.8354651790459585
62, 18, 0.7945400959693708
55, 20, -0.2725732975424301
30, 25, 0.1925982731098513
83, 9, 1.549231584443784
68, 16, 1.102355469510523
-4, 28, -0.6526387994431728
86, 7, -1.133910977329572
13, 27, 0.7485241345136896
42, 23, 1.491725925681148
-3, 28, -0.9635320979577766
23, 26, 0.1669098653805312
92, 1, 1.075573659913131
47, 22, -0.5723802199970556
-2, 28, 1.46311427755447
59, 19, -0.9508694362721812
71, 15, 0.4941594567208566
37, 24, -0.08918267535427313
14, 27, -0.5848474248870454
-1, 28, 0.0197614143988036
78, 12, 0.2686688587122735
85, 8, -0.2553726243715265
80, 11, -0.1551789981639649
31, 25, -0.1123112941282033
76, 13, -0.4523566902139587
0, 28, 0.08073522520395189
90, 4, -1.91890798004595
24, 26, -1.786268246396985
89, 5, 0.7783461456291403
82, 10, 1.565537562937135
52, 21, -1.082021977120303
93, 0, 0.4868295494232036
15, 27, -0.06537663697446897
91, 3, 0.7339987939926957
1, 28, 0.9779006811269244
56, 20, 0.9786180191405904
66, 17, -0.4738687563731172
43, 23, 0.2427792000281437
63, 18, 0.3082290745095099
88, 6, -0.3660403964502774
74, 14, -0.5392886191953072
69, 16, -0.1729494198217841
48, 22, -1.694440066454517
2, 28, -1.420652536267169
92, 2, -1.409507328805151
38, 24, 1.298854914249056
32, 25, -0.2821204680506863
84, 9, 0.9595019588236938
16, 27, 0.9004824807616122
60, 19, 0.8077159864731622
25, 26, -0.5328181565116874
87, 7, -0.7911085815293519
3, 28, 0.3631116578559227
72, 15, 1.238237664239253
4, 28, 0.4556935250764529
93, 1, -1.213309644537462
44, 23, -0.6471164571838176
17, 27, -0.5909756073424031
79, 12, 0.8180169581675995
53, 21, 0.5361655385425519
81, 11, 0.9386602564079454
86, 8, -1.241456905467355
26, 26, -0.3397291551927103
77, 13, 0.4763730748882746
57, 20, -0.2042542371268646
33, 25, -0.1836615180810657
5, 28, 0.03160601920355212
39, 24, -0.156879238446413
49, 22, 1.084302154901898
67, 17, 0.321474708174774
64, 18, 1.063198803295236
83, 10, 0.02849619568816364
91, 4, 1.247316284730091
90, 5, 0.1230991885959926
6, 28, 0.831376359689915
18, 27, -0.5802688950249002
75, 14, -0.1907067183705227
94, 0, 0.2934708309323131
70, 16, -1.495736463472372
92, 3, 0.2745005823557117
89, 6, 0.4336782283266941
61, 19, -0.6773214362601967
27, 26, -0.9952936207624483
7, 28, 0.8644277061298603
93, 2, 0.3548492472873281
45, 23, -0.4930035803120066
85, 9, 0.1063846388744572
34, 25, 0.08571992527822056
19, 27, -0.05766493274252736
40, 24, -0.1742916676144756
88, 7, 0.3776445747287645
73, 15, -0.5214971849517672
54, 21, -0.6093303869726705
8, 28, 1.309399622546
58, 20, 0.8355284241642408
50, 22, -0.9764707728084896
94, 1, -0.4177002376182602
80, 12, 0.39853755038956
28, 26, -1.167679023693704
82, 11, -0.7383034847367171
78, 13, 0.1366036800356791
9, 28, 0.6045530394624425
68, 17, -0.5298962484273292
65, 18, -0.2632201546597414
20, 27, -0.2450101475544612
87, 8, 0.2311042879521462
35, 25, -0.204529270686654
71, 16, 1.631151282943379
62, 19, 1.108415306265548
46, 23, 0.4670618055647432
84, 10, 0.2274376569066002
76, 14, 0.4168874818729144
41, 24, -0.008865559248323426
10, 28, 2.863021335084166
92, 4, -1.948991773475073
91, 5, 0.9470099706342567
95, 0, 0.200877555631568
93, 3, -0.6874126859264091
21, 27, -0.002026963250844691
55, 21, 0.3637294216261207
29, 26, 0.7931170106457047
90, 6, 0.4181388029340594
-14, 29, -0.6282695192308942
-13, 29, 0.227344242208788
51, 22, 0.3411133463169233
-12, 29, -1.681337298738296
11, 28, 0.7265937793645293
-11, 29, -0.8147364567225138
86, 9, 0.7862015834284157
74, 15, -0.4536442104562705
59, 20, -0.0971349335352627
-10, 29, -0.4031791304077206
94, 2, -2.302180944767125
36, 25, -0.5865310915594761
-9, 29, 0.5982581792800848
89, 7, 0.5211775866127343
-8, 29, -0.3110808636374753
22, 27, 0.5471995163001777
-7, 29, 0.3623129925506173
12, 28, 1.673690401067242
66, 18, 1.023124298202658
42, 24, -0.02364073025773154
47, 23, 0.902206793418068
69, 17, -0.3261028888433349
-6, 29, -0.1499971258964834
30, 26, -2.801361809427295
81, 12, 0.4016118531090575
79, 13, -0.4546106595434689
95, 1, 0.4400940519217541
-5, 29, -1.265262697443564
83, 11, -0.7502124871418017
63, 19, -0.59604097224899
-4, 29, 0.4152159235449637
88, 8, 0.1026116008069125
72, 16, -0.1127234950795327
13, 28, -0.7268689759344661
77, 14, 0.3133162422005369
56, 21, 0.3196654236480068
37, 25, -0.4906550233850797
23, 27, -0.5384013749240683
52, 22, -0.1008318432142614
-3, 29, -0.8079872216989318
85, 10, 0.05748803251814846
93, 4, -0.635343428491326
-2, 29, -1.187259854171587
92, 5, 0.255898480938895
60, 20, 0.2901527186019268
31, 26, 0.03567878335858067
14, 28, -0.229132341767373
96, 0, 1.01248540731945
94, 3, -0.3358909228774424
43, 24, 0.3923561837334433
91, 6, 0.04504277796659914
-1, 29, 1.022326556400114
75, 15, -0.1245349120496609
48, 23, -1.600085023303456
87, 9, 0.04778764678182375
24, 27, -0.2733945375290329
0, 29, -0.4240003843245975
95, 2, -0.5674818008152772
67, 18, -0.5152193381805679
90, 7, -0.5130613469678801
70, 17, 0.3489962601196362
38, 25, -0.2822448384825769
15, 28, -1.309577219181917
1, 29, -0.6288553832384601
64, 19, 0.167801229856584
82, 12, 1.969251372481762
32, 26, 0.9387292620767441
57, 21, -0.562987828179631
80, 13, -1.251009885605111
53, 22, -1.090496008640918
84, 11, 0.8137066776097999
73, 16, 0.2697956336707732
2, 29, -0.1121266667143785
25, 27, 0.06100780498397426
96, 1, -0.4015206820449952
44, 24, 0.7911319591075535
16, 28, 0.8145528678982396
78, 14, 0.6354134608088104
89, 8, -0.8671179626589451
61, 20, 1.143745220010969
49, 23, -0.6047187672339014
3, 29, -0.5879661801442395
86, 10, 0.03671228918273278
39, 25, -0.6751700742368379
33, 26, 0.7104107836074431
4, 29, 0.1914100414346721
94, 4, 0.6284655553384632
93, 5, 0.9873901347678039
17, 28, -0.8943023258771843
76, 15, -0.5370270246792107
26, 27, 0.5913299048701698
97, 0, 0.2547561669567662
95, 3, 0.767143424745181
92, 6, 1.000792404373859
68, 18, -1.049051148064904
5, 29, 0.04861221059562488
88, 9, -0.02712109139949293
71, 17, -0.1219545018115399
54, 22, -0.09878338446694838
65, 19, -0.568326620074927
58, 21, -0.6084601914020823
45, 24, -0.08319009455323759
96, 2, 0.2851955703850318
18, 28, 0.2719753380543362
91, 7, 0.1403427216741971
6, 29, 0.3968954990683748
83, 12, 0.8395315319914919
50, 23, 0.3264670976484136
81, 13, -1.689275727019256
40, 25, 0.02580458636310183
74, 16, 0.6651853013421295
34, 26, -2.490751302023518
27, 27, -1.246050699574869
62, 20, 2.720257430436241
85, 11, -0.7892227896098484
79, 14, -1.090345165477953
7, 29, 0.9875533713516778
97, 1, 0.1401741715153007
19, 28, 0.1694634956345584
90, 8, -1.0931878070131
87, 10, -1.122931454627256
8, 29, 1.457965343316093
46, 24, 2.044845475057538
77, 15, 0.3912426370289644
55, 22, -0.07603151343151214
28, 27, 0.2921105620750818
69, 18, 0.04985620151347703
59, 21, -0.2109297067317132
35, 26, -0.6242199053214644
95, 4, 0.351163105292322
94, 5, -0.0682355382392143
66, 19, -0.268752086354682
41, 25, -0.5405030639169865
20, 28, 1.04976794737864
72, 17, 0.3324809292647601
51, 23, 0.5980172806774735
9, 29, 0.7154331610175994
96, 3, -0.4284395181804045
93, 6, 0.2762556045625977
98, 0, 0.7667695270207914
89, 9, -0.1866014468243861
63, 20, -1.682491156302908
75, 16, 0.4149355048863296
10, 29, 0.1052235568933802
29, 27, -0.5360262882586192
97, 2, -0.4987362453604728
92, 7, -0.668826503859659
84, 12, -0.3576691931815246
82, 13, -0.9271946908539961
21, 28, 0.4429196998057679
36, 26, -0.06668332269641772
86, 11, 0.8032935739790834
47, 24, -0.1239438500184591
-15, 30, 0.00477669882438147
80, 14, 0.8022102352982787
-14, 30, 0.4787257241471408
-13, 30, -0.02543524428372514
-12, 30, 1.053348264518992
42, 25, 0.1927752746094361
11, 29, 0.9061690312441153
-11, 30, -0.5781121853816263
56, 22, 2.257798655506596
-10, 30, 0.7531185799631821
60, 21, 0.7194423275641778
-9, 30, 0.2276922332402009
98, 1, 0.2407401548577298
91, 8, 0.5626597462390338
52, 23, 0.8096916911879352
88, 10, 0.5585608675777513
70, 18, 0.4438166407592597
22, 28, -0.9780638210157638
-8, 30, -0.5731864955133991
78, 15, -0.07426486716803694
30, 27, 0.4351181540682349
67, 19, 0.2851887481666028
-7, 30, 0.4251455968508346
12, 29, -1.164147455952181
73, 17, 0.383968601632541
-6, 30, -0.5615552500404841
37, 26, -0.3526382095819866
95, 5, 0.6683488285592366
-5, 30, 0.4356454789861997
96, 4, -0.04184631923477997
64, 20, 0.09873500972956928
48, 24, 0.07012623703823623
94, 6, -0.02204117201486056
-4, 30, -0.7624560445903502
23, 28, 0.5637012960048311
13, 29, -0.3919700888625626
97, 3, -0.02064104359377458
43, 25, 0.07195984945277802
99, 0, -0.285157307711894
90, 9, -0.2691736646292015
76, 16, 0.8322360956171485
31, 27, -0.08903452795404639
-3, 30, 0.01522045241307559
83, 13, -0.5093102415947242
57, 22, -0.02015402248342645
85, 12, -1.050998540172474
93, 7, -0.6589819596821374
98, 2, -0.5522997576465202
-2, 30, 0.8727544043830539
53, 23, 1.571631823370418
81, 14, -0.5659785731670343
61, 21, -0.447678095717263
14, 29, -0.2537505521311469
87, 11, 0.7926903805543892
38, 26, -1.085623396581099
-1, 30, 0.0393914510309259
24, 28, 1.903177154342701
71, 18, -0.3042994902797118
68, 19, -0.7579702642695847
0, 30, 0.0911507216369464
79, 15, 0.4067418436182372
92, 8, -1.254204865307391
32, 27, -0.7177606211314053
99, 1, 0.3177546417636209
89, 10, 0.3928099202340075
44, 25, -0.5061297710522835
15, 29, -0.4736470657716304
74, 17, -1.145628313112576
49, 24, 1.649214249812003
65, 20, -0.3754301514658841
1, 30, 0.1898408923135303
25, 28, -1.408465367013218
58, 22, 0.8008678332473161
2, 30, 0.905369756772987
96, 5, 0.7317744556122987
39, 26, -0.4957122149674366
16, 29, -0.1714229763914936
97, 4, -0.6848646152171508
77, 16, -0.01275978735719192
54, 23, -0.5627138972204084
95, 6, 0.4081347226805426
91, 9, -0.7967941348818096
98, 3, 1.174192535502145
62, 21, -0.891435440646884
33, 27, -0.0362422245681751
3, 30, 0.03212315895761063
100, 0, -2.019233127253286
84, 13, 0.6363827489248535
86, 12, 0.906284799657042
45, 25, 0.2744985741358393
82, 14, 2.424630368047489
26, 28, -0.458506572144365
94, 7, 0.0766203290421462
17, 29, 0.06770234367444961
50, 24, 0.8214565432012138
4, 30, -0.07419714597997951
99, 2, 0.8898036421781854
88, 11, -0.6616037797261561
69, 19, 1.031841476622951
72, 18, 0.7067128545789132
80, 15, -0.4740862716641785
5, 30, -0.1897792605705478
66, 20, -1.022246034976106
40, 26, -1.212728417908647
75, 17, -0.7152306403386456
34, 27, -1.629258525703433
93, 8, -1.037685750787049
18, 29, -0.1491481001346998
90, 10, 0.01847784390411902
59, 22, 0.6579176587942975
55, 23, 0.5669041714296842
27, 28, 0.2140471059105017
100, 1, 0.8357755692728918
6, 30, -1.077022754692845
46, 25, 0.1250458104236154
63, 21, 0.03389147699429487
78, 16, 1.210656502218952
7, 30, 0.2147885248602657
51, 24, 0.3499932606799504
19, 29, -0.06799500219682633
97, 5, 0.9918069645110775
98, 4, -0.1469073101846443
92, 9, 0.4144907673175595
41, 26, 0.3716918715607501
96, 6, -0.8071154109649705
85, 13, 0.5665193109099831
35, 27, 0.476568055733599
28, 28, -1.481818033853094
99, 3, 0.2630369199361692
87, 12, 0.05059139637731057
101, 0, 0.8525365390688324
70, 19, -0.0730829111560041
8, 30, 1.469713706676219
83, 14, 0.1186987852097999
73, 18, 0.3811920196108172
95, 7, -1.476060220888184
67, 20, 1.152776963378829
89, 11, -0.4418440668462643
20, 29, 1.300118998500959
56, 23, 0.339909847393734
100, 2, 0.6902734192418832
60, 22, -0.4401060875963432
76, 17, -0.4214668206130905
81, 15, -0.0008296761252329402
9, 30, -0.4032147824675997
47, 25, 0.9634676113939131
29, 28, 0.07771115658972004
36, 27, 0.1222702528038556
52, 24, -0.8432656510117384
91, 10, -0.327398396752754
64, 21, 0.2993041113339446
94, 8, -0.6671301197350654
42, 26, -1.67734574819805
10, 30, 0.8060413636035656
21, 29, -0.3063828658303768
101, 1, -0.4607941530487261
79, 16, -0.9275641785530837
-15, 31, 1.170608466007469
-14, 31, -0.452593612368787
-13, 31, 0.1501726982167705
-12, 31, -0.2607598778908371
-11, 31, 0.5462082988263091
11, 30, 0.1573639499425949
-10, 31, 0.9685458582994517
71, 19, -0.05104374445992493
30, 28, 1.217203950916186
98, 5, 1.102139919217628
74, 18, -1.527200936975575
-9, 31, 0.2117715405677563
99, 4, 0.3598552947001358
86, 13, 0.05109120801784094
22, 29, -0.5747262988821701
93, 9, 0.5311513252343555
57, 23, 0.1213533077771009
48, 25, -0.07402193913740966
88, 12, -0.420299867071796
68, 20, 0.1713112915845999
97, 6, 0.1651702643883916
61, 22, 0.5855057711303824
37, 27, -0.1841710839581812
-8, 31, 0.8844635363651994
84, 14, 0.1374292408651518
100, 3, 0.1248440450243483
43, 26, 1.317734115992971
-7, 31, -0.7433403641733426
102, 0, 0.7267558489756808
12, 30, -0.5276271151688471
77, 17, -0.2112043530466368
53, 24, 0.2700621975383952
-6, 31, 0.5535508116038075
90, 11, -0.4511992616373529
96, 7, 0.9262752179248834
82, 15, -0.0815951933532808
-5, 31, -0.9299048029072341
65, 21, -1.038862188546748
101, 2, -0.3780709886615737
23, 29, -0.1796055907227189
31, 28, 0.4627402852878179
13, 30, -0.8409127659135229
-4, 31, 0.6532287027864937
92, 10, -2.343692364688276
-3, 31, 0.3326099472882023
95, 8, -0.7277959339358182
38, 27, -0.8302955189333737
80, 16, 0.6282739290665901
49, 25, 1.48521307501177
-2, 31, 0.4605954156354347
44, 26, -0.05460432663674052
14, 30, 0.2216619365909353
102, 1, 0.6595902760140397
58, 23, -0.117131193163913
72, 19, 0.1284210727446081
24, 29, -0.8663838271696749
62, 22, 0.7200142994321838
75, 18, 0.1443005844047026
69, 20, 0.3519821013318937
-1, 31, -0.9022756477692732
32, 28, 1.105463831181462
54, 24, -0.0229447030019685
87, 13, 0.1009323251206553
99, 5, -0.5695701472076065
85, 14, 0.03514637585959514
0, 31, 0.05419696831443328
94, 9, 0.3758715012504526
89, 12, -0.4377365599451717
15, 30, -0.03309230128769157
100, 4, -0.5453717495636263
98, 6, -1.545815216925258
78, 17, -1.7082406006049
66, 21, 0.2275390938004204
39, 27, 0.1869951512345789
25, 29, 0.5779037487263036
101, 3, -0.4628839729322595
1, 31, -0.123144338628514
103, 0, 0.8087330861708729
83, 15, -0.3852362592800871
91, 11, 1.446809687765228
50, 25, -0.06489885263742293
97, 7, -1.254593846040439
45, 26, 0.480202701144341
16, 30, -2.118759099249564
33, 28, -0.006201965844664631
2, 31, -0.9505257735655531
102, 2, -1.292012334809073
59, 23, -0.4569297657535111
81, 16, -0.9456674648244882
3, 31, 0.4751344663636886
93, 10, 0.6247891000566356
63, 22, -0.4990748405017514
55, 24, 0.1528409834661061
26, 29, -0.6216739260000268
73, 19, 0.1594197483807534
96, 8, -1.000933247623629
40, 27, -0.6526026232266202
17, 30, 0.9044796411755466
70, 20, -0.506271506045345
76, 18, -0.06601472021507789
4, 31, -0.290996362787508
103, 1, 0.9620567666611238
34, 28, -2.044609779153997
88, 13, -0.1194491471560162
67, 21, 1.297512705258228
46, 26, 0.2037699563073585
51, 25, -0.2154157546281095
5, 31, 1.355131061349631
86, 14, 0.2289842638144632
79, 17, -0.8576656853992572
27, 29, -0.5143453539950369
90, 12, 0.7639306228883999
18, 30, -1.123121132254866
95, 9, -0.3630392039700249
100, 5, 0.1486809145313229
101, 4, -0.5311348036498043
99, 6, 0.579046650739281
84, 15, -0.2052705995240674
6, 31, -1.424828381890772
60, 23, 0.2086835064034375
92, 11, 0.3630722895659244
41, 27, 0.695192909200241
102, 3, -0.452575451336639
104, 0, -1.407954806345735
56, 24, -0.0123279060536077
64, 22, -0.5324614040794036
98, 7, -1.013613787354105
35, 28, 0.4241937465778783
19, 30, 1.827435033249319
7, 31, -1.698919381374055
28, 29, -2.229988499984451
82, 16, -0.5123196330533991
74, 19, 1.063608488681058
103, 2, 0.006563485306972925
71, 20, 0.430312864988968
47, 26, 0.3034000456988608
94, 10, 0.09437913411020873
77, 18, 0.4633696630423906
52, 25, 0.8057308284558913
8, 31, 0.9817742833755078
97, 8, -0.6928373579698999
20, 30, 0.08602659090427864
68, 21, -0.8326802955240447
42, 27, 0.5537981297218658
36, 28, 1.634341644959536
104, 1, -0.9226933667748101
9, 31, -0.4616486221102231
29, 29, -1.791223187910932
89, 13, 0.4977801680919774
80, 17, 0.2389946520099386
87, 14, 0.2581361426296814
61, 23, -0.6324818840514739
57, 24, 0.5300606887857007
91, 12, 1.456200477792162
96, 9, 0.8379169041673411
21, 30, -0.4347196068756571
85, 15, -0.2651069132887559
65, 22, -0.5431924941083098
101, 5, 0.003124650244958606
10, 31, 0.3796052758996841
102, 4, -0.2610420990671294
48, 26, 2.078004997651981
100, 6, -2.114563392088593
93, 11, -0.3739242279719173
-16, 32, 0.03871633468511737
-15, 32, 0.323550887934257
53, 25, -0.07514389669813637
-14, 32, 1.866034545284851
-13, 32, -0.1701025182445517
103, 3, 0.9204787503905717
75, 19, -0.3690372885907077
30, 29, -0.4244177972134434
-12, 32, -0.542016290229451
72, 20, -0.6799651793721504
105, 0, 0.5682830881168595