d = 43, symClass = C, D = 10.160156, Y = 0.09554668737085625
[14.58461114157424, 14.58461114161498], 14.58461114159497
1, 0, 1
2, 0, 0.6803841318561926
3, 0, 0.09382150849550674
0, 1, -0.07707645359041065
1, 1, -0.7284570416771365
4, 0, -0.5370774329475796
2, 1, -0.6784817777678976
3, 1, 0.2862622937905817
5, 0, -0.4545482961124314
4, 1, -0.463331901441864
6, 0, 0.06383466523990139
5, 1, 0.424446090522935
-1, 2, 1.735796204084672e-12
0, 2, -0.05244159628305067
1, 2, -0.5443568424352886
7, 0, 0.118084334663288
2, 2, -0.4956306118521995
6, 1, 1.1088362502694
3, 2, -0.9688218120216778
8, 0, -1.045803094221971
7, 1, 1.374772353741631
4, 2, -0.4616282354216463
5, 2, 0.07835639734671078
9, 0, -0.9911975232719745
8, 1, 0.5376757992064694
6, 2, 0.1947683223238425
-1, 3, 1.265703754003536
0, 3, -0.007231429516381508
10, 0, -0.3092674475219866
9, 1, 0.374329740332239
1, 3, -0.5321433989713503
7, 2, 0.2437299741403876
2, 3, 0.3887029897509753
3, 3, -0.06834493703462247
11, 0, -0.9071780018313907
10, 1, 0.08094044045641503
8, 2, -0.3152436734878495
4, 3, -0.4196860239329631
5, 3, -0.1973380300029289
11, 1, -0.803372992393752
9, 2, -0.9156667609910348
12, 0, -0.05038941485357643
6, 3, -0.06365618302382393
10, 2, 0.2887863848538247
12, 1, 0.5187120645294819
13, 0, -0.2784174965068937
7, 3, -0.339716822875976
-2, 4, 2.32664631263854e-12
-1, 4, 0.3173656780653912
0, 4, 0.04139602352981465
1, 4, -1.083987188780046
11, 2, -0.3769430621082946
8, 3, -0.4815329993055581
2, 4, -0.3703717571805675
13, 1, -0.118306746825362
14, 0, 0.08034270754737781
3, 4, -0.4540871577469754
9, 3, 0.02685755994405408
4, 4, 0.3912378386772345
12, 2, 0.7544345891559288
14, 1, 0.09020252185473018
5, 4, -0.8982871371465422
15, 0, -0.04264640619555578
10, 3, 0.3232914263429852
6, 4, -0.6591709878369607
13, 2, 1.569712718136345
15, 1, -1.52525656428296
11, 3, -0.6111850710797668
7, 4, -0.5670569087144136
16, 0, -0.1744703972353141
14, 2, 0.9353732948864562
-2, 5, 0.516146052894219
-1, 5, 0.6068133872053639
8, 4, 0.364397251667857
0, 5, 0.03503497114987623
12, 3, -0.04347049797841154
1, 5, -0.3056481108523153
16, 1, 0.713406304742663
17, 0, 0.2585617060537957
2, 5, 0.3378866598271282
9, 4, -0.1487825934545857
15, 2, -0.7630701254941767
3, 5, -0.3460105582747132
13, 3, -0.7334875786214069
4, 5, -0.3968584870801312
10, 4, 0.05331244971834598
17, 1, -0.9652632478857683
18, 0, -0.6743950664323214
5, 5, 0.3311189077622894
16, 2, 0.3658260814717986
14, 3, -0.3506931842123613
11, 4, -0.5893632407934213
6, 5, -0.6607872010006293
18, 1, 0.5171257015453117
7, 5, -0.7016187610936407
19, 0, -1.122266514550229
17, 2, -1.307346103815574
12, 4, -0.1537450178136604
15, 3, 0.03982217141403317
8, 5, -0.8516331369611542
-3, 6, 2.203422373006514e-12
-2, 6, 0.8611647500171743
-1, 6, -0.08270970021206694
19, 1, -0.4711571999027108
0, 6, -0.004920149848139444
13, 4, 0.7985764600705079
20, 0, 0.2441276330020051
9, 5, 0.3857215018701305
1, 6, -0.9259014928119688
16, 3, -0.2508667188333647
18, 2, 0.2546880156327946
2, 6, -0.3620619247474351
3, 6, -0.05107237954566361
10, 5, 0.3084027359402135
14, 4, 0.1658300071050343
20, 1, 0.2002518600209061
4, 6, 0.2644673457760708
17, 3, 0.6463413143577985
21, 0, 0.01107884949209144
19, 2, -0.3740711905077599
11, 5, 0.1159335420022955
5, 6, 0.1813631381668433
15, 4, 0.4596046446819032
6, 6, -0.04650081263584805
21, 1, 0.2534520330273697
18, 3, 0.1040326890459888
12, 5, -0.6689766503572125
22, 0, -0.6172295169592401
20, 2, 0.05507059086832501
7, 6, 0.1761370558001454
16, 4, 0.2488451087649518
8, 6, -0.2855477108623302
13, 5, 0.4836394458238391
22, 1, 1.282505653736861
19, 3, 1.19859146459672
21, 2, 0.02052747256469608
-3, 7, 0.6081970329672332
23, 0, -0.2981397648343935
-2, 7, -0.5379680349883791
9, 6, -0.0908963223899218
17, 4, -0.1692678709298726
-1, 7, 0.4491136169502279
0, 7, -0.009101521373110046
14, 5, 1.609842919611577
1, 7, -0.09297575344961888
10, 6, -0.1342656641384208
2, 7, 0.4985778756518649
20, 3, 0.2385747224896161
23, 1, 0.3670380847697085
3, 7, 0.6885174039264388
22, 2, -0.5466022356519821
18, 4, -0.6230051341310479
15, 5, -0.1301200379493847
24, 0, -0.09811882328583474
11, 6, -0.04168179646139367
4, 7, 0.1292485346770992
5, 7, 0.3675843547671764
21, 3, 0.1289832145170594
24, 1, 1.564270521824036
16, 5, 0.7711893704161754
12, 6, -0.04331065716697727
19, 4, 0.03471197679537556
6, 7, 0.07820514660293335
23, 2, 0.8814199568634155
25, 0, -0.793385844469195
7, 7, -0.08601936438560961
13, 6, -0.141188319370068
22, 3, 0.3972611037826834
17, 5, 0.2479144078538122
20, 4, -0.2279604161892846
8, 7, 0.0477030863388687
25, 1, -0.3947849071677242
24, 2, 0.3529234579390995
26, 0, -0.1894308463615271
14, 6, -0.2311379354505152
9, 7, -1.17645351024597
-4, 8, -2.649587347443762e-11
-3, 8, 0.8489529160412805
18, 5, -0.7665262340835793
-2, 8, 0.2159305717247293
23, 3, -0.218102463442674
-1, 8, -0.3578554124667387
21, 4, -0.8242682398851729
0, 8, 0.08060679352760924
10, 7, 1.166369708793343
15, 6, 0.007351513612277076
1, 8, 0.2706481643771514
26, 1, -0.5359170714005798
25, 2, 0.5313186171708526
2, 8, -0.7375276834759061
27, 0, -0.1868171519860756
19, 5, 0.1191424972189034
11, 7, -0.6582216130039743
3, 8, -0.4462964597906076
24, 3, 0.05044555338898459
22, 4, -0.2564660779804704
16, 6, -0.3276274116240053
4, 8, 0.2923617756216244
27, 1, 1.009397339818394
12, 7, -0.4020928050383367
5, 8, -0.5457177465844173
26, 2, -0.08049403304708691
20, 5, 0.2106067265235813
28, 0, -0.06342043053472587
17, 6, -0.002465007713772103
6, 8, -0.3089536970061116
23, 4, 0.2278178414016927
25, 3, 0.9524921165185036
13, 7, 0.2138197193686487
7, 8, -0.9847636993264763
21, 5, 0.1531612275246569
28, 1, 1.64098140324972
27, 2, 0.2209860920756498
18, 6, 0.01827345736270979
8, 8, 0.7618226297591703
14, 7, -0.08011806860109666
29, 0, -0.1608507327535635
24, 4, -0.5955309271194399
26, 3, 0.5853155981796662
9, 8, 0.003916589906232592
22, 5, -0.07691257920319537
15, 7, -0.06483371403121445
-4, 9, -0.481620466177927
19, 6, -1.521304739444712
-3, 9, 0.1187502345378363
-2, 9, -0.09536088286611685
29, 1, 0.5259584760279162
-1, 9, 0.8609248699067622
28, 2, 0.06137236394283142
10, 8, -0.6111803145528499
0, 9, 0.07639798936372187
30, 0, -0.02901593724655383
1, 9, -0.7729068367072933
25, 4, -0.7317435449787119
16, 7, -1.158178694385327
27, 3, 0.03512018052892988
2, 9, 0.366147343472739
11, 8, 0.2832630567165347
20, 6, 0.2199623567708997
23, 5, 0.1600829499316936
3, 9, -0.04992649630387712
30, 1, 0.6521502714378387
4, 9, 0.02559878585887053
29, 2, 0.2174070361672079
12, 8, 0.5203323315857761
17, 7, 0.6604301658206385
26, 4, 1.068007624960496
5, 9, -0.3574284711273248
31, 0, -0.2132186267208838
21, 6, 0.02286711316028458
28, 3, -0.8761805978821516
24, 5, 0.3665214354413217
13, 8, -1.467880848902731
6, 9, 0.03646870038207591
18, 7, 0.1635207990414384
7, 9, -0.50568619235556
31, 1, 0.8089696994351929
30, 2, -1.037760363400323
22, 6, -0.4158406241052198
14, 8, -0.3858165230517742
27, 4, 0.0719764780194586
32, 0, 0.9270962037101539
25, 5, -0.1929312472686808
29, 3, -0.1237922533542439
8, 9, -0.009633712756340163
19, 7, -0.1328845536476384
15, 8, 0.5343582448973591
9, 9, 0.72204481780527
23, 6, -0.1935260060468108
32, 1, -0.3259096253917582
31, 2, -0.1307977139878626
28, 4, -0.7383592058439737
-5, 10, -1.360266505853976e-11
-4, 10, 0.3511775839608545
20, 7, -0.08602830245952557
-3, 10, -0.6973191428688251
26, 5, 0.6445415089648584
10, 9, 0.9561991859513697
-2, 10, 0.4128661993174675
16, 8, 0.7095583434838479
33, 0, -0.08511280729497789
30, 3, 0.007593953664006637
-1, 10, -0.1309539101589065
0, 10, 0.02383723782095171
11, 9, 0.5707201693687028
1, 10, 0.628424185305732
24, 6, -0.02957663699413476
2, 10, -0.207958123330962
21, 7, 0.03380309093477035
17, 8, 0.1697833904022172
32, 2, 0.4853903278578457
33, 1, -0.2836533245246323
29, 4, -0.3656847761724648
27, 5, -1.192363406800627
3, 10, -0.6731525740196207
12, 9, -0.0393755777899164
31, 3, -0.7022277033837762
34, 0, 0.1759212903654256
4, 10, 0.2298927226782585
25, 6, -0.983967335889827
18, 8, -0.1012293159947279
5, 10, 0.24743647545014
22, 7, 1.475696443234385
13, 9, 1.513268125697475
30, 4, -0.5191808053600498
6, 10, -0.2354200939911802
33, 2, -0.5104110985243049
28, 5, -0.4504914041712505
34, 1, -0.890146028357371
14, 9, 0.4476031049912261
19, 8, 0.7752807503082242
32, 3, 0.3456659235486201
7, 10, 0.2891700934242324
35, 0, -0.05367503251461214
26, 6, -0.4990533094622727
23, 7, -0.2620604763440304
8, 10, -0.2700162179318424
15, 9, -0.01851455067765095
31, 4, -1.136960414193853
29, 5, 0.7070612122622049
20, 8, -0.04208345285124854
34, 2, -0.6567497973474974
35, 1, -0.0949022314859725
9, 10, -0.2984165969570304
24, 7, 0.2176641812199444
33, 3, -0.07537366635854667
27, 6, -0.08590923619298031
16, 9, -0.2394592973660485
36, 0, 0.5323498218123386
10, 10, 0.2252880514186762
-5, 11, 0.14623422787953
-4, 11, 0.2904991501228036
-3, 11, 0.3878951818012291
21, 8, 0.2916949224000565
-2, 11, -0.837061193331945
-1, 11, 0.7447935326083179
30, 5, -0.5040196283909947
32, 4, -0.2887735383001671
0, 11, 0.1469985155964933
11, 10, 0.057444857934432
17, 9, 0.1735005223993112
35, 2, 0.08203221388015255
25, 7, -0.6932549980598656
36, 1, -0.08647937189175968
1, 11, 0.01984740457604691
28, 6, -0.2386060777633623
34, 3, -0.06921174598749223
2, 11, 0.4854625609675979
22, 8, -0.4009933967954651
12, 10, -0.4495891258717444
37, 0, 0.3084704477739501
3, 11, 0.4755914100239259
18, 9, 0.6725094590008361
31, 5, 1.229211272062093
4, 11, 1.58430490418253
33, 4, -0.6579509714477152
26, 7, -0.7226467908100925
13, 10, -0.4400036767808206
29, 6, -0.2121661117650712
5, 11, -0.5174403532638259
36, 2, 0.3518441205671661
37, 1, -0.7354028076437742
23, 8, -0.1690959473178407
19, 9, -0.3074607713391645
35, 3, 0.004543806116121636
6, 11, -0.02244835797552926
14, 10, -0.4773702718739073
38, 0, -0.7635723280692172
27, 7, 1.101435081076975
7, 11, 0.5969992985924055
32, 5, -1.269714664464527
34, 4, -0.8894975445479004
20, 9, -0.5025075093738169
24, 8, -0.2993739931877344
15, 10, 0.4403763039160352
30, 6, 0.02709437342035389
8, 11, -0.284525948516165
37, 2, 0.949616051989679
38, 1, -0.3563549458582096
36, 3, 0.04866634781039016
9, 11, -0.2477095076893116
16, 10, -0.5794376728007884
28, 7, -0.0547122392400036
39, 0, -0.02612154967650224
21, 9, -0.03187274504290764
33, 5, 1.483266183000272
25, 8, 1.452845951229321
35, 4, 0.03724201521216245
10, 11, 0.7498489566443374
31, 6, -0.3344230525242866
-6, 12, -1.423989082467329e-12
-5, 12, -0.2229964010601481
-4, 12, -0.6797809230209669
-3, 12, 0.02977572652409357
17, 10, -0.4310805533265772
-2, 12, -0.05627436720194903
38, 2, -0.3205678822759723
39, 1, 0.6251307403109747
22, 9, 0.07353585383405946
11, 11, 0.6608402033198862
-1, 12, -0.1914591206303702
37, 3, -0.223071360200199
29, 7, -0.2546172730498692
0, 12, 0.003883837649506911
26, 8, 0.543338751988201
1, 12, 0.04436248662421401
40, 0, 0.4753680146945273
34, 5, 0.3433475163424677
18, 10, 0.2624387889646295
12, 11, -0.858947264738838
2, 12, -0.629968683445893
32, 6, -0.1706857345554243
36, 4, -0.2010440554018766
23, 9, 0.5419512706214432
3, 12, -0.1017013124140761
39, 2, -0.4837873148348933
13, 11, -0.5437311024966337
4, 12, 0.2858022105414054
30, 7, -0.9661012161795317
27, 8, 0.7514126514135612
40, 1, -0.3440559812216534
19, 10, -0.9555024599637721
38, 3, -0.4212341966451846
5, 12, 0.1531191567897362
35, 5, -0.6249004305229682
41, 0, 0.1559557392551499
14, 11, -0.7956467702791697
33, 6, -0.03536536565855868
24, 9, -0.04517815079749127
6, 12, -0.03474883697414262
37, 4, -0.5066969858629542
20, 10, 0.2098323281466549
28, 8, -0.1309018686487694
31, 7, 0.02787042577400937
7, 12, -0.5358222419101502
15, 11, -0.2381069671165436
40, 2, 0.136248187743165
41, 1, 0.06031528456023428
39, 3, -0.01109971689447006
25, 9, 0.04334211624179146
8, 12, -0.2087636040423674
36, 5, 0.2084294734204521
21, 10, -0.5136697245910838
34, 6, 0.4397603741272369
16, 11, -0.04125993708599798
42, 0, 0.007537874620917163
38, 4, -0.2545121021261065
9, 12, -0.04260314190561126
29, 8, 0.6155225493680817
32, 7, 1.55997571578253
26, 9, -0.3773766927539877
22, 10, 0.0788793425810513
10, 12, 0.1233966021134403
41, 2, 1.525635334298727
17, 11, 1.238130775398124
42, 1, -0.02329506811470336
-6, 13, -0.06815603163207253
-5, 13, 0.867891193917256
40, 3, 0.5371585016548609
-4, 13, -0.8339102798670722
37, 5, 0.6697134155617054
-3, 13, -0.2280586888243742
35, 6, 1.150380900380554
11, 12, -1.355960140735775
-2, 13, -1.27599916960207
30, 8, 0.3127077078564349
-1, 13, -0.3688139810191591
43, 0, 0.9296499699604693
39, 4, -0.4895779754238527
18, 11, 0.03787781524812554
33, 7, 1.278430783423151
23, 10, 1.226062442355279
0, 13, 0.02145943291288083
27, 9, -0.2837424753657468
12, 12, 0.03670652543826908
1, 13, -0.6647497879739329
2, 13, -0.427519301040196
42, 2, 0.1724447409277048
19, 11, 0.6420932575037529
43, 1, 0.8620293343096251
41, 3, 0.9109521776182384
3, 13, 0.9919012765829498
36, 6, 0.07078219267068715
38, 5, 0.3634078354064526
13, 12, -0.05557522303462005
31, 8, 0.9803545674872303
24, 10, -0.4551610974842954
4, 13, 0.02909887700609013
28, 9, -0.4330013893953949
34, 7, 1.195836994744221
44, 0, 0.4872248319396403
40, 4, -0.04347128323970146
14, 12, 0.1198408582213634
5, 13, -0.9480123709127803
20, 11, 0.0184012661341937
6, 13, 0.9633741122337907
25, 10, -0.03561676746092597
43, 2, -0.759057009849851
32, 8, 0.4845539363543914
37, 6, -0.5207780953988237
42, 3, 0.008462937144369943
15, 12, -0.08427865216557789
44, 1, -0.3636240850426808
39, 5, -0.5307238588199295
29, 9, 0.07159090896377189
7, 13, -0.789838432725454
21, 11, 0.2116969923483023
35, 7, 0.05012043400742825
41, 4, -0.3443358744882654
45, 0, 0.4505471458819091
8, 13, -0.7164074315475469
16, 12, 0.2254038925172421
26, 10, 0.3290606049813998
33, 8, 0.01125167554983683
22, 11, 0.6155037426563702
9, 13, -0.1210849027227676
30, 9, 0.0303316896096447
44, 2, 0.8725964953077722
38, 6, 0.8155026131417704
40, 5, -0.2443996182863703
43, 3, -1.015024667315708
17, 12, -0.2589271123266909
45, 1, 0.4072845241097479
36, 7, -0.7940176812775745
10, 13, 0.4146024917705872
27, 10, -0.3915488047236301
-7, 14, 7.182274217527687e-12
42, 4, 0.01396656610167829
-6, 14, 0.4138076103053638
-5, 14, 1.322852649626596
23, 11, -0.2763145654344768
46, 0, -0.2028495655849077
-4, 14, -0.3660249148054896
11, 13, -1.038643100561627
-3, 14, -1.05688042822626
18, 12, -0.06184441558207454
31, 9, 0.4929026542396898
34, 8, -0.1151671737418812
-2, 14, 0.305569778102428
-1, 14, -0.09905067288730804
39, 6, 0.1472728137272948
0, 14, -0.00619253079821089
45, 2, -0.03974573841269221
12, 13, -0.6092443774437685
41, 5, 0.2320543491634173
28, 10, 1.095311577301302
44, 3, 0.2752157338034978
37, 7, 0.2052168777129642
24, 11, -1.616592790453456
1, 14, 0.8608738763771286
46, 1, 0.4635136335584791
19, 12, 0.477768788883228
2, 14, -0.06325922766451499
43, 4, 0.6977534096976717
13, 13, 0.9312722287420777
32, 9, 0.09362673029933952
3, 14, -1.238042671130203
47, 0, -1.389065042761647
35, 8, -0.9817137875514973
20, 12, 0.1059858029092087
4, 14, 0.339224475293817
29, 10, 0.2149952852191188
25, 11, -0.5096512339677345
40, 6, 0.1623224554997067
14, 13, -0.5704346845583878
42, 5, 0.6032676181862759
38, 7, 1.065642145050073
5, 14, 0.009513970102681624
46, 2, 0.2497268887341484
45, 3, -0.1431018698874223
47, 1, 0.6996356997208765
6, 14, 0.4684563160885601
33, 9, -0.05734230432257988
21, 12, -0.05320213403521764
15, 13, -0.01215283724700984
44, 4, 0.4314735045096439
36, 8, 0.4917839544672257
26, 11, -0.02821507222378785
30, 10, -0.08853160963297133
7, 14, -0.06428001530453892
48, 0, -0.01636907520074245
41, 6, 0.4939851938876326
16, 13, -0.2796722145728344
22, 12, -0.02835963271370907
8, 14, 0.08793865233536682
39, 7, 0.8535955225005902
43, 5, 1.103687199879632
47, 2, -0.3365746751563561
46, 3, 0.3687126698319819
34, 9, -1.21056353306944
27, 11, 0.4792515345921891
48, 1, 0.8239926953291598
9, 14, 0.556212179000604
37, 8, -0.3618007938120938
17, 13, -0.05713561558189931
31, 10, 0.05936664196569325
45, 4, 0.3372260382621498
23, 12, -0.8619083640504883
10, 14, 0.2500985620013432
49, 0, -0.9860560898179086
42, 6, 0.08775813321154223
18, 13, 1.472981968432268
40, 7, -0.4637273042177618
-7, 15, -0.3586979571538156
-6, 15, 0.04842560027858233
28, 11, -1.398221199140234
-5, 15, -0.5753234848315241
44, 5, 0.9650868264541438
35, 9, 0.8266132555226685
11, 14, 0.2635346160570625
-4, 15, 0.2774395986292659
-3, 15, 0.05693214770900684
48, 2, 1.064304840685814
32, 10, 0.5247050098165302
24, 12, 0.03418829944008853
47, 3, -0.08482121309826084
-2, 15, 0.01221117532276365
38, 8, 0.02361747863613849
49, 1, 1.033972623540108
-1, 15, -0.8944312215706874
19, 13, 0.06860930405444311
12, 14, 0.05320954052380881
0, 15, 0.003287033721001001
46, 4, 0.5997041522524846
29, 11, -0.6630859848332114
1, 15, 0.5441192159843177
50, 0, -0.5398071390581826
43, 6, -0.1320217897117745
41, 7, -0.198703907264757
13, 14, -0.4212459247921934
25, 12, -0.9000781068965876
2, 15, 1.072440872524954
36, 9, 0.4592534332890784
33, 10, 0.6157724846804301
20, 13, 0.6656087966667549
45, 5, -0.1701509451008458
3, 15, -0.02867636601564489
39, 8, -0.08953985429856523
49, 2, -0.7786506458573865
48, 3, 0.06693285498436949
14, 14, -0.0585262099267207
4, 15, 0.9125462867327384
50, 1, 0.5568989046268308
30, 11, -0.104667072925981
26, 12, -0.0960622924507266
47, 4, -0.02684549124480018
21, 13, -0.4713992098371359
5, 15, 0.2418848757339374
15, 14, 0.9919691191258282
37, 9, -0.3356293329927335
44, 6, 0.2702901511087042
34, 10, 0.1686770291709571
42, 7, 0.1309361904326619
51, 0, 0.02425864856054606
6, 15, 0.03170103565885547
46, 5, -0.9078925790597397
40, 8, -0.443887035140847
22, 13, -0.2745782454871497
7, 15, -0.03260246868083879
31, 11, 0.1542891702310566
16, 14, 0.03245642331918359
27, 12, -0.01395900705422145
50, 2, -0.2686053858364407
49, 3, -1.190099042889771
8, 15, 0.0716882707288246
51, 1, 0.9907861344001594
48, 4, -0.2785885443875172
35, 10, -0.1107870450078926
38, 9, -1.529685034872502
17, 14, 0.3399692004325458
23, 13, -0.3732034412745671
43, 7, 0.007026921773613636
45, 6, -0.07159238952199834
9, 15, -0.03246323173937944
52, 0, 0.1495317553443739
28, 12, 0.1824542388665002
32, 11, -0.1145427030512052
41, 8, 0.637811955415125
47, 5, 0.9432766994111601
10, 15, -0.1766842823051585
18, 14, -0.8004403004639408
51, 2, 0.6734200477055218
24, 13, 0.4936134535198993
50, 3, 0.9652421211935682
-8, 16, -4.02065782428398e-12
-7, 16, 0.639887244472863
-6, 16, 0.5776140932751369
36, 10, -0.5215322864974318
-5, 16, 0.2867474979744647
11, 15, 0.5218702272253309
39, 9, -0.06881691071269062
52, 1, 1.133818143430604
-4, 16, -0.1704499437103435
49, 4, 0.08912222143504556
29, 12, -0.9656473444261539
-3, 16, -0.4974184022608792
44, 7, 0.1139849078725659
33, 11, -0.2596908542416323
19, 14, -0.06764451679484164
46, 6, -0.1483934551483351
-2, 16, -0.2434791446731996
12, 15, -0.03723386159957668
-1, 16, -0.3955631977569698
42, 8, -0.5608190310173721
53, 0, 1.227418449922898
25, 13, 0.2316172104601907
0, 16, 0.01344755955719588
48, 5, -0.3786029092862641
1, 16, 1.581572199024304
20, 14, 0.7935794421718042
37, 10, -0.9705511827115184
13, 15, 0.2666778136698704
30, 12, 0.005001853642103404
40, 9, 0.5336107632561808
2, 16, 0.1841447168647317
52, 2, -0.3646294720868884
51, 3, -0.09056245361504657
34, 11, -1.447234620292672
53, 1, 0.819146604279512
26, 13, 0.1889011988978184
3, 16, 0.3581632562063478
50, 4, 0.3615007573798428
45, 7, 0.53895416553832
14, 15, 0.1532891212668216
47, 6, -0.2676821627487893
21, 14, -0.1144026779738865
4, 16, 0.5821850568449481
43, 8, 0.4836511260448138
54, 0, -0.1271074256921695
31, 12, -0.2096097451777346
5, 16, -0.3252229804002396
49, 5, -0.5655035468719376
38, 10, 0.08106266495997859
15, 15, 0.03106607532525188
27, 13, 0.3721170594180049
41, 9, 0.2013939231814983
35, 11, 0.6320475824427485
22, 14, -0.4478435401715594
6, 16, -0.3036530298454226
53, 2, 0.6733366046562104
52, 3, 0.7529020182174667
16, 15, -1.124309376108477
7, 16, 0.8385868354358563
46, 7, 0.36757900504332
54, 1, 0.5868922867350745
51, 4, 0.6804343347030065
48, 6, 0.03432235462839698
44, 8, 0.2024476115481226
32, 12, 0.2586205066870639
28, 13, -0.7427603723608045
23, 14, 0.430121483327046
8, 16, 0.569290070626717
39, 10, 0.3918021939191886
17, 15, 0.3815457409662169
36, 11, -0.7666123203073983
55, 0, 0.4123562154138363
50, 5, -0.03679133912828288
42, 9, -0.03290256295133588
9, 16, 0.5756559450981011
53, 3, -1.313172028139166
54, 2, 0.6867779323105572
24, 14, -0.2735775635926424
33, 12, -0.05529494792722276
18, 15, -0.06199605237055199
10, 16, -0.3712976954169491
47, 7, 0.5252584277995396
29, 13, -0.9456726820187704
52, 4, 0.06353988452459683
45, 8, -0.6611521129478151
55, 1, 0.07010707523044568
49, 6, 0.02299053193666608
40, 10, 0.1432934745665289
-8, 17, 0.9988934839715805
37, 11, -1.288043083844272
-7, 17, -0.7998786938344836
11, 16, 0.5816875812306349
-6, 17, 0.6916612347823674
-5, 17, -0.1277473220296841
19, 15, 0.4928823566985365
-4, 17, -1.058796902043253
43, 9, -1.08973258982586
51, 5, 0.236998064441799
25, 14, -0.5838758861699829
56, 0, -0.1234929632905174
-3, 17, 0.9486713522401227
34, 12, -0.001677152593852029
-2, 17, 1.498657024594225
30, 13, 0.001923547639840679
12, 16, 0.2438799656191323
-1, 17, -0.4596881994883667
20, 15, 0.1907675675200077
54, 3, 0.04851751367830492
55, 2, 0.5564172588742259
48, 7, 0.608503470850927
0, 17, -0.01992901793537307
46, 8, 0.1550036445272271
41, 10, 0.7248955868061213
38, 11, 0.02430690235064558
13, 16, -0.4688111272855585
50, 6, 0.6480605230606554
26, 14, 0.1454795442520649
1, 17, 1.00364283776333
53, 4, 0.8906619618744058
56, 1, 0.07248205100930716
2, 17, -0.9617045363660801
44, 9, 0.1506723199516416
31, 13, 0.1277370521211649
35, 12, 0.5004537553835418
21, 15, -0.06582693096461073
14, 16, -0.6700175962291979
52, 5, 0.04479564443446386
3, 17, 0.02172049382980164
57, 0, -0.1052927402900104
27, 14, 1.491660324750256
4, 17, 0.7305074249129553
39, 11, -0.4122619085894239
15, 16, 0.5727998582407234
49, 7, 0.1623390787430847
42, 10, 0.1042084690119829
55, 3, 0.2097704692042095
47, 8, 0.156431934690042
22, 15, -0.6163827234906414
5, 17, -0.734012205938827
56, 2, 1.116497709347363
32, 13, -1.16085828339045
51, 6, -0.122657183756454
54, 4, 0.1503554290502803
36, 12, -0.01442459105529595
57, 1, 0.9101195835085606
6, 17, -1.135975326048225
45, 9, -0.4207099136934629
16, 16, 0.1270941900122445
28, 14, -0.05451106404749808
7, 17, -0.3900674455517025
53, 5, 0.4210105225714283
23, 15, -0.1951692028108513
58, 0, -0.1094402870430635
40, 11, -0.5807053756643429
33, 13, -0.4704280598340825
17, 16, -0.5834973019807386
8, 17, -0.1487942824980223
43, 10, -0.5089912732977527
50, 7, 0.8508417274772094
48, 8, -1.159624382118551
37, 12, 0.01967207702608593
56, 3, 0.1753550150741517
29, 14, 0.2810737672304597
57, 2, 1.030470968545514
24, 15, -0.07990150467278186
52, 6, 0.3982394450610096
9, 17, 0.3284620993629728
55, 4, 0.9433479311329778
46, 9, 0.8821710422261988
18, 16, 0.002664784736876153
58, 1, -0.2341595933183919
10, 17, -0.4875655619927827
34, 13, 0.8381613527910472
54, 5, 0.787985316806721
41, 11, -0.9659261704198081
25, 15, 0.08969966545220152
44, 10, -0.05233009801222745
30, 14, -0.04411183033300328
59, 0, 0.8246514940289197
19, 16, -0.05257991353321715
-9, 18, 9.537603951874509e-12
-8, 18, -0.3276869227569003
38, 12, -1.035071604654665
11, 17, 0.4732003275110759
-7, 18, 0.3244021935105601
-6, 18, 0.08079577506942449
51, 7, 0.2952698916013231
49, 8, 1.047250348813841
-5, 18, 0.5389157796492359
-4, 18, -0.06488203250451989
57, 3, -0.04420467917468712
-3, 18, -0.007759948852511434
53, 6, 0.1544306003904894
47, 9, 1.038505570292929
58, 2, 0.3578538008227156
12, 17, -0.6319254386632668
-2, 18, 0.5857596204829463
56, 4, -0.04844573879545303
20, 16, 0.4824497493885799
35, 13, 1.048847724713358
26, 15, 0.374628954856878
-1, 18, -0.4875658650408625
59, 1, 1.550877834088341
31, 14, 1.497917010424033
42, 11, -1.387825596139989
0, 18, 0.05197998005106971
13, 17, -0.09012758770397436
39, 12, 0.07492364749235975
55, 5, 0.3651718251478788
45, 10, 0.4162147667503833
1, 18, -0.589567627195723
21, 16, -0.889069568343633
60, 0, 0.02290442351039959
2, 18, -0.5258735473117064
50, 8, -0.4978666969058383
52, 7, -0.6154250945725327
27, 15, 0.03618897367436447
14, 17, 0.2826049205198714
36, 13, -0.6758994763318948
48, 9, -0.02353669521088898
3, 18, -0.08686947463731355
32, 14, -0.7880064054738056
54, 6, 0.02389521414108099
58, 3, -0.1041712651302568
59, 2, 0.0996610587582198
4, 18, 0.2491208428874719
22, 16, 0.192727688759046
57, 4, 0.2664679673408824
43, 11, -0.1788350696032573
15, 17, -1.417190704485517
40, 12, -0.1736325286863664
60, 1, -0.2538732982344521
46, 10, 0.1089178990902618
28, 15, 0.07961658822149158
5, 18, -1.118988281108976
56, 5, -0.3950347787598693
33, 14, 0.0972030428981628
16, 17, 0.04314267008696604
6, 18, -0.03396919583692769
37, 13, 0.2704875946832769
51, 8, 0.05363328090510487
23, 16, 0.1389409631593634
53, 7, -0.558858617157465
61, 0, -0.7711503702775026
49, 9, 0.1819893802357256
7, 18, 0.7925633070535137
55, 6, 0.05885487397234299
44, 11, 0.4203245091237324
29, 15, -0.1338594498427882
59, 3, 0.3021347702017106
41, 12, 0.7944066044151147
17, 17, -0.1883510969940406
60, 2, 0.4437126961884651
8, 18, 0.01741700793031926
58, 4, 0.1479202979651293
24, 16, 1.013196849886457
47, 10, -0.9806527857917648
34, 14, 0.4493462055604588
61, 1, 0.9103484144927655
38, 13, 0.5195019725074871
9, 18, 0.5395651545146892
57, 5, 0.2394152772669736
18, 17, 0.02265182167306521
52, 8, -0.8430572773314354
30, 15, 0.02893480991084771
54, 7, 0.4785789285179463
50, 9, -0.7005488649984504
25, 16, 0.9975242759512498
10, 18, -0.2431886601533994
62, 0, -0.1450705701724501
45, 11, -0.5281617745929174
42, 12, 0.01555842069496502
19, 17, -0.3638157316890451
56, 6, -0.5961393757450948
35, 14, 0.009252662950428035
60, 3, 0.01878793096264149
-9, 19, 0.5800526421409784
11, 18, 0.6910082053044773
-8, 19, 0.7707246340617643
48, 10, 0.2493753684414169
-7, 19, 0.9051657524436596
61, 2, 0.7106695179961312
39, 13, -0.07970043290246338
59, 4, 0.08182792178878248
-6, 19, 0.5205226040489538
-5, 19, -0.1484517873034617
31, 15, -0.7338267880964586
26, 16, -0.9987228376239813
-4, 19, -1.22567837907622
62, 1, -0.006682176449850895
20, 17, 0.3535825782523653
-3, 19, 0.8156645548077025
12, 18, 0.0248127247190799
58, 5, -1.029342662758385
53, 8, -0.2780899928144216
-2, 19, -0.6669978407609259
55, 7, -0.04869373611281347
43, 12, -0.156850307247555
51, 9, 0.06064071669662983
-1, 19, -1.527012212491837
46, 11, -1.136806673198391
36, 14, 0.1112569570690181
13, 18, 0.3700513275411464
63, 0, -0.1170448993197069
0, 19, 0.08650032228589326
21, 17, -0.5000488831212626
27, 16, 0.5743971377707683
40, 13, 0.6627910927058924
32, 15, 0.4810914387015341
57, 6, -0.03509592278057082
49, 10, 0.03828354592224688
1, 19, -1.030344837242542
61, 3, -0.3502501416401026
14, 18, -0.3440608609232609
62, 2, 0.5504101467158281
2, 19, 0.295135556816733
60, 4, 0.8191808802091189
3, 19, -0.4173448792662873
22, 17, -0.2158136796231039
63, 1, 1.148276033291299
37, 14, 0.5700873130923364
44, 12, 0.3282537094652961
28, 16, 0.3045534685278268
59, 5, 0.2619508458812547
54, 8, 0.0489716539301878
47, 11, -1.109968257803836
33, 15, 0.01087706047864901
15, 18, 0.01701576278793648
4, 19, -0.9928218634396372
52, 9, -1.137221089005877
56, 7, 0.0634910883884479
41, 13, 0.1774907007829083
5, 19, -0.6453716537559804
64, 0, 0.8052519431545452
23, 17, -0.4133862913272351
50, 10, -0.1312673593883659
58, 6, -0.08422628465435518
16, 18, -0.006554625209366391
29, 16, 1.078544947032978
6, 19, 0.3277606727462115
62, 3, 0.3874818944202454
38, 14, -0.09041254207682366
63, 2, 0.5874857090162114
61, 4, 0.06127730110060749
34, 15, 0.2564882890373701
45, 12, 0.04312080042314338
7, 19, -0.9296743156373265
17, 18, 0.6808352264854166
48, 11, -0.5988099203551416
24, 17, 0.02179939517944445
55, 8, 0.5030923652506297
42, 13, 0.3718106424018742
64, 1, 0.06338354077366339
60, 5, -0.2357796857577917
53, 9, 0.4176229929221115
57, 7, 0.09028272920574233
8, 19, 0.08348609937459947
30, 16, 0.3635688702457828
51, 10, -0.4799794023214062
18, 18, 0.4912678367415279
39, 14, -0.1730126932638969
9, 19, 0.27871967597237
65, 0, 0.1265542003610843
35, 15, 0.1544177031668445
25, 17, 0.2375252955585938
59, 6, 0.7699005129113394
46, 12, -0.1316720235066697
63, 3, 0.02377925198844082
10, 19, 1.084157688968316
43, 13, 1.224915921788819
19, 18, 0.8448016500778665
64, 2, -0.2217437378480251
62, 4, -0.0889926887378563
49, 11, 0.4843354244617691
31, 16, 0.2180342505993495
56, 8, -1.43774118278913
54, 9, -1.099075745815083
26, 17, -0.9479132758546901
-10, 20, -8.45725131726738e-13
65, 1, 0.283208164666687
61, 5, 0.2704582233113604
11, 19, -0.4862673946635882
-9, 20, -0.5588976458798071
-8, 20, -0.277210397331609
58, 7, 1.096390398107262
-7, 20, 0.913524388768384
36, 15, -0.06276439661376952
40, 14, -0.05853229157282847
-6, 20, -0.4744448806060612
52, 10, 0.4385358149295453
20, 18, 0.6505827530679535
-5, 20, -0.1442580282848731
-4, 20, -0.3259057762839592
12, 19, -0.1664217086913414
-3, 20, -1.432300415739068
32, 16, 0.1183749859207338
66, 0, -0.0579094035793641
60, 6, 0.0051668061346792
47, 12, -0.2318680709751273
-2, 20, -0.0890989629200564
44, 13, -0.8152857676485092
27, 17, -0.6921828868694513
50, 11, 0.3215187203313887
-1, 20, -0.1894111193634991
21, 18, 0.01652544475649279
64, 3, -0.1398393758451552
13, 19, 0.3467398449900093
63, 4, 0.4307927334876579
65, 2, 0.5806250434126405
37, 15, 0.6117637909360548
0, 20, -0.0188164925174859
57, 8, -0.4598657391512745
55, 9, -0.8298292632061078
41, 14, -0.7703691729517201
1, 20, -0.586672320754445
62, 5, 0.090117553484202
66, 1, 0.9249486275647874
59, 7, 0.7822182229891542
33, 16, -0.0377615502216746
14, 19, -0.07643338335985779
53, 10, -0.7098559763570473
28, 17, 0.6421224562747656
22, 18, 0.3883089465926584
2, 20, 0.4275698441640246
48, 12, 0.0233470231348186
45, 13, 0.2431970360312743
3, 20, -0.08676989219561872
15, 19, -0.7430286915458391
61, 6, -0.6846531634215591
67, 0, 1.555989857247206
38, 15, 1.224008191685407
51, 11, 0.8458968229441792
4, 20, 0.1641567027226325
23, 18, -1.281546035108571
42, 14, 0.02299908686122156
29, 17, 0.9605430565152008
34, 16, 0.1155179248962864
65, 3, -0.4072570000469642
5, 20, 0.4927245299543214
64, 4, -0.3831544266441319
56, 9, 0.0249934126260576
16, 19, 0.2849694777533609
66, 2, -0.1929932210385812
58, 8, -0.2488061177808644
54, 10, -0.8112651424691537
6, 20, -0.4580023298193618
63, 5, -0.3787568588194557
60, 7, 0.9992321392805257
67, 1, 0.6700699155390383
24, 18, -0.02679051661224558
49, 12, -0.01497322693808572
46, 13, 0.685418158455614
39, 15, 0.04537578196959441
17, 19, 0.3382084400094176
30, 17, 0.3112616379916476
7, 20, -1.064669354687506
35, 16, -0.4148196072000063
52, 11, -0.1138399635221137
43, 14, 0.7095836880717626
62, 6, -0.4777845766754411
68, 0, -0.1388676571315111
8, 20, -0.1814712996509
18, 19, -1.134380579904018
25, 18, 1.230280890717118
66, 3, 0.1203266142485099
57, 9, 0.1124536586706894
59, 8, 1.308049296445163
65, 4, -0.05087523304087456
9, 20, 0.1009515424009854
67, 2, 0.4143596925510807
31, 17, -0.6078385630891664
55, 10, 0.1713388261638327
40, 15, 0.2188800039126793
47, 13, -0.4642160298873019
50, 12, -0.6694757616373592
61, 7, 0.133357619092069
36, 16, 0.07990777416022221
64, 5, -1.064897945055166
19, 19, 0.8175229470572141
10, 20, 0.1683518513294433
68, 1, 0.2656288995862173
44, 14, 1.004040443587287
26, 18, 1.029603620107966
53, 11, -0.1675246054945476
11, 20, -0.6733387321025311
-10, 21, -0.642469326713532
63, 6, 0.001925919400110604
-9, 21, 0.05706196165022546
32, 17, -1.018338118112047
-8, 21, -0.6108002075124694
20, 19, 0.5715061132820722
-7, 21, 0.1494597852761917
69, 0, -0.02797192158298935
-6, 21, -0.05047297239200648
41, 15, 0.6543489951747878
-5, 21, 1.250341958075117
58, 9, 0.2292582908902179
37, 16, -0.18549505602145
27, 18, 0.9602937825521196
-4, 21, 0.4982381288720753
60, 8, 0.4098277437328589
12, 20, 0.1858344624407072
48, 13, -0.09267515264946047
67, 3, 0.07070787639234744
66, 4, -0.3472756124406916
56, 10, -0.306507203985942
51, 12, -0.01588096758964318
-3, 21, 0.04213651711914316
68, 2, -0.6056412325849255
45, 14, -0.1847458619421539
21, 19, -0.7833204938927786
-2, 21, 1.502620534327593
62, 7, -0.4643281454418839
65, 5, 0.05377613089364849
33, 17, 0.1903038475768641
13, 20, 0.2899392402676813
-1, 21, -0.6916189188178175
69, 1, 0.7307660740657582
54, 11, 0.1514142736929428
0, 21, -0.0008539184792402804
28, 18, 0.3045420502016115
38, 16, 0.5274887203027427
42, 15, 0.151037890330554
22, 19, -0.4670807389695497
1, 21, -0.5247448995740189
64, 6, 0.2351856095157165
14, 20, 0.1967467433972564
49, 13, -0.6356243057986305
2, 21, -0.406199779214992
70, 0, -0.03651964027270299
59, 9, -0.7809553140244346
52, 12, 0.3939396258866266
61, 8, -0.6339292910230777
34, 17, 0.5030523709909807
46, 14, -0.1783017897636278
57, 10, 0.4186841150539864
3, 21, -0.008723125695542299
15, 20, 0.2064045443925613
68, 3, 1.032151817571551
29, 18, -0.2086044955781912
67, 4, 0.7392478895528947
23, 19, -0.3344317864986698
69, 2, 0.8753504275102579
63, 7, 0.04420247831083194
4, 21, -0.0466007159020641
66, 5, 0.01144027949068827
55, 11, -0.3850481554983717
39, 16, 0.05726942716112447
43, 15, 0.7071361620261667
16, 20, 0.2131437369595865
70, 1, 0.1663834895506238
5, 21, -0.03550906727225364
35, 17, -1.771341316311358
24, 19, -0.3959828178783266
30, 18, -0.01259700706320842
50, 13, -0.2177355262764434
65, 6, -1.584665422538612
6, 21, 0.04677732711496328
47, 14, 0.004069017176146825
53, 12, -2.163055789651281
17, 20, -1.897703631615505
60, 9, 0.0223834401917618
71, 0, -0.1685960121478047
62, 8, -0.7735698245572489
58, 10, 0.4810732289243692
7, 21, -0.06283779860528338
40, 16, -0.08194536366972398
69, 3, 0.03443606654298425
44, 15, -0.4454765845957306
25, 19, -0.3746271925622542
68, 4, 0.5184211067262082
64, 7, 0.3208339039356607
56, 11, 0.2003329770199329
31, 18, -0.1486898147872753
8, 21, 0.8351253747207588
70, 2, -0.06456997241609537
18, 20, -0.2030379173686722
36, 17, 0.08692364069322198
67, 5, -1.594715316861158
9, 21, 0.06459774079747106
71, 1, 0.4411402483787052
51, 13, 0.8643265121959709
48, 14, 0.148095254989773
26, 19, 1.414407594034823
19, 20, -1.392508815450546
66, 6, -0.05128304662539532
54, 12, -0.05845128061079793
41, 16, -0.8879552778548242
61, 9, -1.291219733679011
10, 21, -0.1277624414414884
32, 18, -0.1629243062434803
59, 10, 0.176287932417258
45, 15, -0.012208058131884
63, 8, -1.141189373751226
37, 17, 0.6605176781477498
72, 0, 1.03659743825537
20, 20, -0.1778364918547556
11, 21, -0.03907036730409954
-11, 22, 3.722577647396092e-12
-10, 22, 0.09949544790366513
57, 11, -0.06575902496125176
-9, 22, 0.2905091582282113
70, 3, -0.6538093868693513
-8, 22, 0.1976510122659222
69, 4, -1.034115962049536
27, 19, -0.4721528754650063
65, 7, 0.2499438261746253
-7, 22, 0.7453720863480022
71, 2, -0.03833612427964485
-6, 22, 0.2639177260191117
-5, 22, -0.6998234475635303
68, 5, 1.014626730117375
52, 13, 0.1289997078537578
49, 14, 0.0287806912080334
33, 18, -0.003910649467602692
12, 21, 0.01212629219054417
42, 16, 0.1984645970269141
-4, 22, -0.5695231533929858
21, 20, -0.5840008788899143
-3, 22, -0.3208111459980267
72, 1, 0.5059034345304692
55, 12, -0.2125273606698805
38, 17, -0.3156520539462802
46, 15, -0.894360524244988
-2, 22, 0.5067457018771276
67, 6, 0.6983303876996453
28, 19, 0.1598078826507841
62, 9, 0.06485775838953339
13, 21, 0.1505866608279173
60, 10, -0.3429269570787096
-1, 22, -0.09054613440822848
64, 8, -0.5623030150014763
0, 22, 0.1000154569666171
22, 20, 0.03908456953033657
73, 0, -0.7556113074290308
34, 18, 0.1180470026243732
58, 11, 0.1925265527622758
14, 21, 0.04589973268434564
1, 22, 1.586809345331552
71, 3, 0.3863213438265757
43, 16, 0.4438194277452524
70, 4, 0.0558134170407736
50, 14, -0.4716796994952808
66, 7, 1.172094259167869
53, 13, 1.199246298211192
39, 17, 0.4598013698959078
29, 19, 0.7538926564136885
72, 2, -0.058839192252674
2, 22, 0.01350385917576162
69, 5, -0.7989584050828619
47, 15, 0.842381651224143
23, 20, 0.4674453976541259
15, 21, 0.0344873191019899
56, 12, 0.188349394794842
3, 22, -0.4220699657224473
73, 1, 0.3264128193674781
35, 18, -1.629791880740821
63, 9, -1.362670954215076
68, 6, -0.04709057385453934
4, 22, 0.3303010231670969
61, 10, -0.8737385394257654
30, 19, -0.05756418479041921
16, 21, 0.07253612996972475
65, 8, -1.35923917078886
44, 16, 0.3165336967898918
24, 20, 0.3548938937476174
40, 17, -0.5744922508338673
5, 22, 0.605627531585523
59, 11, 0.1916044865037695
51, 14, -0.6015778256013747
74, 0, 0.2098783977476605
54, 13, -0.322897971504196
6, 22, 0.3235848483909037
67, 7, 0.3502569748046587
17, 21, 0.54844215079063
72, 3, 0.1467622191572982
48, 15, 0.07235415030771915
71, 4, 0.6823747132443252
36, 18, 0.4575647643369864
57, 12, 0.003256729365645057
73, 2, -0.9009407372633155
31, 19, -0.4168706158851511
70, 5, -0.04100140318739396
25, 20, 0.4083148869549788
7, 22, -0.7823341486117155
18, 21, 0.007337325239282096
41, 17, 0.1409226348855726
74, 1, 0.9355652361624907
45, 16, 0.5427984127084976
64, 9, -0.2296426469496332
62, 10, 0.8363358442903246
8, 22, 1.077935917074979
69, 6, 0.08269614853619321
66, 8, -0.4476594004901976
52, 14, -0.4916774088260012
60, 11, -1.036720465832404
26, 20, -0.2993715199818089
55, 13, -0.5440205552661117
37, 18, -0.4694661291488594
32, 19, -0.7651607822294053
9, 22, 0.473411028220858
49, 15, 0.1961330216806984
19, 21, -0.8083586709532715
75, 0, -0.07443665452650949
68, 7, 0.1674475021388354
58, 12, -0.1443544560249169
10, 22, -0.3520582048590772
73, 3, 0.2999283524265651
72, 4, -0.2777365449948325
42, 17, 0.5084172077890883
74, 2, -0.5003564018256292
46, 16, -0.1150501993137723
27, 20, 0.3816131200739852
71, 5, 0.1985973121360031
20, 21, 0.3419159489410301
33, 19, -0.2352946477982577
11, 22, 0.4938285520746016
-11, 23, -0.1471736832968483
-10, 23, 0.7315525467355876
38, 18, -0.2091914301676026
-9, 23, 0.5545938063869218
-8, 23, 0.1552282799270862
63, 10, -0.3227469924659539
65, 9, 0.0349632311743029
53, 14, -0.2448051651225358
-7, 23, 0.6968585999231621
75, 1, -0.1102051205698083
70, 6, 0.003091533711085004
-6, 23, 0.9314788048232604
61, 11, -1.145568331795204
56, 13, 1.306914477785273
50, 15, -0.146951566214846
67, 8, 0.2709257249002224
-5, 23, 0.2049521450850397
12, 22, -0.01527350654224343
21, 21, -0.00807046597760736
-4, 23, -0.5774922939858939
28, 20, 0.3768236029246426
43, 17, -0.1943085784939955
-3, 23, 0.7392981643454568
59, 12, -0.1757736565600195
34, 19, -0.6974732260604396
76, 0, 0.60274401908774
47, 16, 0.4540452473718794
-2, 23, -0.4079706835683661
13, 22, 0.1165392460767214
69, 7, -0.7838637643107713
39, 18, -0.01324650210931423
74, 3, 0.576104150428203
73, 4, 0.6698594899661882
22, 21, -0.2268046585549365
-1, 23, -0.2236402888443553
75, 2, -0.2958215838887953
72, 5, -0.3787509192976157
0, 23, 0.02297955440297549
29, 20, -1.484088722070366
54, 14, 0.7493989513555978
14, 22, 0.4061888488559507
64, 10, -0.8638937098557572
66, 9, 0.03727163565830792
51, 15, 0.02325970372470397
1, 23, 1.314610564745109
57, 13, -0.3367318183063002
62, 11, -0.05498613875162033
35, 19, -0.02090082993094555
76, 1, -0.5077198675260144
71, 6, -0.438487696026465
44, 17, -0.2434893538333385
23, 21, -0.2695824870404068
2, 23, -0.04093835575285434
68, 8, 0.7021460890333102
15, 22, 1.28369368570501
40, 18, -0.3418981354167163
48, 16, -0.0499442967433974
3, 23, 0.4078798135048455
30, 20, 0.2996250499657589
60, 12, -0.02138758962379186
4, 23, 0.02719162509454299
77, 0, -0.1071235088214792
70, 7, 0.00955779793288666
24, 21, 0.004475574623689108
16, 22, -0.1935869403334115
74, 4, 0.6461036929514394
75, 3, -0.03703931533514997
55, 14, 0.2027260337771055
36, 19, 0.4508879979457815
5, 23, -0.1508412013226283
52, 15, -0.5744764329417247
73, 5, 1.166287969240422
45, 17, 0.7093700514191678
76, 2, -0.2424582504226392
65, 10, -0.713510242479795
58, 13, -0.407484549950933
31, 20, -1.582524986100679
67, 9, -0.6624297496928541
41, 18, 0.7720603303206025
17, 22, 0.1154128804086441
6, 23, -0.05118012770235577
63, 11, -0.7207846089832217
49, 16, -0.007295354807962181
25, 21, -0.6944253750062221
72, 6, 0.03311181053991897
77, 1, 1.19192963445148
69, 8, 1.177597153187418
7, 23, -0.1707430583329668
61, 12, 0.1020481070578752
37, 19, -0.1801638386170539
18, 22, -0.1685376189045377
32, 20, 0.4573929388690694
8, 23, -0.2730909002093531
26, 21, 0.170499603641809
56, 14, -0.03722533971283865
71, 7, 0.6302516227149846
46, 17, -0.4008526391053867
53, 15, 0.9064218063997656
78, 0, -0.01777268702507573
42, 18, -0.02168570955523326
75, 4, -0.54492392188981
76, 3, 0.4277245669863149
19, 22, -0.5243465219758161
59, 13, 0.3748330750689727
9, 23, -0.04595305788979474
66, 10, 1.009190774495118
50, 16, 0.9884933315376091
74, 5, -1.198633764427645
77, 2, 0.8220622033660299
68, 9, 0.898919430963841
64, 11, 1.125976108763311
38, 19, 0.761437381131537
27, 21, -0.1103766416776131
33, 20, -0.2030174124547433
10, 23, -0.1662404245660282
73, 6, -0.5468459677886912
70, 8, 0.02533887632934541
20, 22, 0.5101853313525151
62, 12, -0.2275361381754493
78, 1, 1.039227086006559
47, 17, 0.6078395783413025
43, 18, 0.3123332703755358
-12, 24, -1.786806925635325e-11
11, 23, -0.1309762256716218
-11, 24, 0.07439623732120298
-10, 24, -0.1517232127401185
54, 15, -0.07191664664540486
-9, 24, 0.07965004172930835
57, 14, 1.195800030026227
-8, 24, -1.32367690291457
-7, 24, 1.632221242231393
28, 21, -0.04955834402648338
72, 7, 0.2387327749619777
21, 22, -0.7359087326273451
-6, 24, 0.02025893199929495
51, 16, 0.5825312278607223
39, 19, 0.2351156439206255
34, 20, -0.2933003688264732
60, 13, 0.7381932150793399
12, 23, 1.035827803666996
79, 0, 0.0006387960706908687
-5, 24, 0.9883593436018803
-4, 24, 0.04442151380433494
76, 4, 0.2530478995222484
77, 3, 0.2942390209159779
67, 10, 0.4003759808022337
65, 11, -0.5024787416230634
-3, 24, -0.03357453449059948
69, 9, -0.02046270211544117
75, 5, 0.6933027732580801
78, 2, 0.4253290363006913
13, 23, 0.365074290267096
44, 18, 0.05003262802511459
22, 22, 0.4496251881590389
-2, 24, -0.1302657469974027
48, 17, 0.07653061993197595
29, 21, -0.6155753774452378
63, 12, -0.07733408865154359
-1, 24, -0.2918416740029496
71, 8, -0.7641035034577639
74, 6, -0.1517742135709692
55, 15, 0.2778131325995946
35, 20, 0.257754751428579
79, 1, 0.9877646725795581
40, 19, 1.244381228432728
58, 14, -0.1732375525789008
0, 24, 0.007562650509307938
14, 23, 1.080478067324641
52, 16, -0.4288973947058078
23, 22, -0.6878873459216017
1, 24, 1.368778706939853
61, 13, 0.6074482991630644
73, 7, 0.07000199420881001
30, 21, 0.1094305644245393
2, 24, 0.03018353196503317
15, 23, -0.1363686370243863
45, 18, -0.07766666933634887
80, 0, 0.07930522175093739
68, 10, 0.2336082017331701
77, 4, 0.08300036052123785
66, 11, -1.005911853306609
49, 17, 0.09649902749460283
36, 20, -0.2071623141744642
3, 24, 0.02539261898657483
78, 3, -0.05028054713550308
70, 9, -1.358710883313553
24, 22, -0.584414088686111
76, 5, -0.2068495091423095
41, 19, 0.546318359251969
79, 2, 0.7834543633582268
16, 23, -0.3721807675301873
4, 24, 0.4972807969041032
64, 12, 0.1347348537865489
56, 15, 0.08671826893671686
59, 14, -0.0574634259461837
31, 21, 0.1175276306057253
72, 8, -0.3914752010817058
75, 6, 0.04984911401511792
53, 16, 0.2112639625884511
5, 24, 0.1201883859773024
80, 1, 0.9985684576827025
25, 22, 1.601945030272212
17, 23, -1.878164028556236
46, 18, 0.3687350440028083
62, 13, 0.6149874429885825
37, 20, -0.2065447947156265
6, 24, -0.06919595927154705
50, 17, 1.245389717695091
74, 7, -1.887055166823681
42, 19, -2.101899781791329
32, 21, -0.4210112019865725
69, 10, 0.06613504552809135
7, 24, -0.6391000119476957
67, 11, 0.06733284272943992
18, 23, 0.01692783573412341
81, 0, 0.9736700571908501
71, 9, 0.4706133932999844
78, 4, -0.3291612126352007
26, 22, -0.369946014448815
79, 3, 1.258048708355051
57, 15, 0.01117812887631783
77, 5, -0.6441756771525953
65, 12, -0.5875114807872652
8, 24, 0.5565172136558115
60, 14, -0.6573199372448015
54, 16, 0.5112492446251747
80, 2, -0.2340902296142904
38, 20, -0.6501087118200563
73, 8, -0.8293087180411526
19, 23, -0.1246875968782765
47, 18, -0.783056826942921
76, 6, -0.2866010628303495
9, 24, -0.04187220600156857
33, 21, -0.06175534334225858
43, 19, -1.148356541758806
63, 13, 0.4725128094936437
51, 17, 0.07401646734853673
27, 22, 0.2790643878310437
81, 1, -0.005450160683582266
10, 24, 0.1041798445261938
20, 23, 1.469501559076606
75, 7, -0.3762187159334499
70, 10, -0.4251723373863506
39, 20, -0.308023572418763
68, 11, -0.8950533544170783
58, 15, 0.1865537886884185
-12, 25, -0.292218116140821
55, 16, -0.4952413498652087
34, 21, -0.376360265631157
11, 24, -1.492140284147877
-11, 25, 1.251003435908376
72, 9, -0.5329429211158716
82, 0, 0.1061098099387997
28, 22, -0.5413454374457863
-10, 25, -0.2346133080521
-9, 25, -0.4984623972853898
61, 14, -0.4322637570262432
66, 12, -0.02406203373010472
48, 18, -0.03073849774649585
79, 4, 0.2082044867172431
80, 3, 0.04722047366496081
-8, 25, 0.132402166899063
44, 19, -1.22921904443544
21, 23, -1.223868093351109
78, 5, -0.8961343100638883
-7, 25, 0.1875048430930839
-6, 25, -0.1539636082485922
81, 2, 0.8772425819101379
52, 17, 0.1519937745737002
12, 24, 0.02742982233277054
74, 8, -0.3447485892284248
-5, 25, -0.2758259912290171
77, 6, 0.666057698822449
64, 13, 0.6781132502123937
-4, 25, -0.7703491750934705
40, 20, -0.1656361496973546
29, 22, 0.1403937834887631
22, 23, 0.9731500728202569
-3, 25, 1.109023519343248
35, 21, -0.02330253009831211
13, 24, -0.114404889244356
82, 1, -0.6378149088318573
-2, 25, -1.012025023109949
59, 15, 1.121076329244477
76, 7, 0.4343961361388236
49, 18, 0.005934480644713
56, 16, -0.2548935613501685
71, 10, 0.1433681726638806
69, 11, 1.029458998073911
45, 19, -0.2269555835799216
-1, 25, 0.1970488217168226
62, 14, 0.01896259539562144
14, 24, -0.3645649502285628
0, 25, 0.06115136671831432
73, 9, 0.07439862194483969
67, 12, -0.7093745836127169
23, 23, 0.2171820107293866
30, 22, -0.1620042016171864
83, 0, 0.1736300379950553
53, 17, -0.5954395070890142
80, 4, -0.1075507546460244
1, 25, 0.535214485197829
41, 20, -0.9279375784255653
81, 3, 0.09470318063031577
36, 21, -0.03772495357503888
79, 5, -0.3397009528146874
15, 24, -0.05120006170675658
75, 8, -0.3480470827701921
65, 13, -0.1181732180922085
2, 25, 0.05966412774215019
82, 2, 0.04103756223376099
24, 23, -1.389276504895413
78, 6, -0.007552071230308707
3, 25, 0.3534304476436791
46, 19, 0.07426574394950163
50, 18, 0.02948928821194682
31, 22, 1.620427710922939
60, 15, 0.019759440540029
16, 24, -0.4065067899699493
57, 16, -0.3897137091687852
83, 1, 0.4022841865145879
4, 25, 0.9718445148611895
37, 21, 0.9081507630498543
70, 11, 0.5730940856792422
72, 10, 0.1418121059874299
42, 20, -0.3494927301825075
77, 7, -0.09486576434349728
63, 14, -0.1081258991819065
54, 17, 0.1976220501836008
25, 23, -0.3784209231425191
68, 12, -0.3471353337757839
5, 25, 0.1389318288642425
17, 24, 1.480325274174234
74, 9, -0.8650775496817703
32, 22, -0.02807260669318537
84, 0, -0.005950199803904175
6, 25, 0.1300130702260198
81, 4, -0.5499527424224561
82, 3, -0.924536966776247
66, 13, -0.5258403314530229
47, 19, -0.547604921110323
80, 5, -0.3242776201945788
51, 18, -0.0002312710110444035
76, 8, 0.2009051949929949
18, 24, -0.02898650117977377
38, 21, -0.00960889211389197
26, 23, -0.2790181351422827
83, 2, 0.2887933773955263
7, 25, -0.5883758407666996
58, 16, 0.4187917750605922
43, 20, -0.2483586997625257
79, 6, 1.182948140631488
61, 15, 1.047490457331329
8, 25, -0.02868902384369743
55, 17, -0.1281447038621378
33, 22, 0.87889383382907
64, 14, 1.06138272318775
84, 1, 0.6697959232321627
71, 11, 0.4752835628667176
19, 24, 0.702494804116247
73, 10, 0.5340866187680293
78, 7, 1.238943967836159
27, 23, -0.5687975095172246
69, 12, 0.02137421277213132
9, 25, 0.3652730908879407
48, 19, 0.2391850348725267
75, 9, 0.08936424569343916
39, 21, 0.02006088787801574
52, 18, -0.2567611125205395
44, 20, -0.06226528933119021
20, 24, -0.09740604928163063
67, 13, 0.6599399481011441
85, 0, -0.1175287829947201
10, 25, -0.1535858048526267
82, 4, 1.038018072781558
34, 22, 0.842404533731102
83, 3, 0.5179667680118253
81, 5, 0.4467885413394735
59, 16, 1.173173672927669
28, 23, 0.5693208526821465
77, 8, 0.52029191884281
62, 15, 0.5276454864123331
56, 17, -0.3475828744506067
-13, 26, 2.888709787620972e-12
84, 2, -0.01584959438839263
-12, 26, -0.04637228240345164
11, 25, -0.2731252181444586
-11, 26, 0.333982459129555
-10, 26, 0.5904993966179538
80, 6, 0.36547412144372
21, 24, -0.09239201506180356
-9, 26, 0.3112159006885295
65, 14, -0.01902205025971034
40, 21, -0.5336148906271656
-8, 26, -0.5673793217673678
49, 19, 0.2437986806686769
-7, 26, -0.8249575648908214
72, 11, 0.4954537292731829
74, 10, 0.4556623817987269
-6, 26, -0.1551675141206534
12, 25, -0.1707127964199122
35, 22, -0.3640301580835194
85, 1, 0.4233865248472349
70, 12, 0.7827009103412336
45, 20, 0.06762887492104745
53, 18, -0.4451341535471971
29, 23, 0.1733996788756195
-5, 26, -0.09631893677188384
79, 7, -0.8081397632791095
22, 24, -0.9225737636319892
-4, 26, -0.8681695874270132
76, 9, 0.5373321095558965
68, 13, -0.2892077630565063
-3, 26, -0.1484233607713339
13, 25, -0.3877466578674686
60, 16, -0.2468432829203547
-2, 26, -0.2509351796257383
63, 15, 0.01436981788606055
41, 21, -0.6167241637917772
86, 0, 0.6325190885119689
83, 4, -0.1746343569887716
57, 17, 0.8284763473464667
84, 3, 0.1539593499565216
82, 5, -0.8324382177926044
30, 23, -0.622157740239716
-1, 26, 1.033729192681726
78, 8, -0.3331010859788385
36, 22, 0.02577146436101378
23, 24, -0.362219734482377
14, 25, 0.532890424211852
50, 19, -0.3872978243780062
66, 14, 0.8698240187004116
46, 20, 0.8341934329997873
0, 26, 0.01460065867495389
85, 2, -0.2460609597350141
81, 6, 0.02073324836761816
54, 18, -0.1930538793148868
73, 11, -0.3256546915921552
1, 26, -0.5514069175320833
75, 10, 0.3468522253336355
15, 25, 0.1572785100373875
71, 12, -0.1420442279430015
24, 24, 0.07147534761752113
2, 26, -0.4522852068298474
86, 1, 0.6504706336994699
31, 23, -0.1627313131500596
42, 21, -0.007516798423468194
80, 7, 0.5071505625584327
37, 22, -0.1391236336330251
77, 9, 0.6763466930800262
61, 16, 0.4949929665392013
69, 13, -0.3368405528698112
3, 26, -0.440689168419687
58, 17, 1.26541427806236
64, 15, 0.02068224773578388
16, 25, 0.4869187251166099
51, 19, -1.173070300510398
47, 20, -0.4167484249393196
4, 26, -0.2908773424916845
25, 24, -0.177152915527431
84, 4, -0.1361233672817772
87, 0, -0.01509125720404116
79, 8, 0.09560218732256148
85, 3, -1.050395380388413
83, 5, -0.9195268216501348
55, 18, -0.8620913706839946
32, 23, -0.9802536166734517
67, 14, -0.07134441758755511
17, 25, -0.2678874893214726
5, 26, -0.204814126664244
43, 21, 0.3591047002580378
38, 22, 0.4368700632607258
86, 2, 0.5865110793713663
82, 6, 0.6197974051745746
74, 11, 0.8086470985129447
6, 26, 0.6748738881333627
72, 12, -0.05587360915967632
76, 10, 0.2472569257809504
26, 24, -0.03781249847762054
18, 25, 0.4739142879686791
62, 16, 0.6670176901519229
59, 17, 0.08145195926201931
52, 19, -0.1169000152634724
48, 20, 0.3592922627025317
7, 26, -0.09814377854443439
87, 1, -0.2554613697941576
81, 7, -0.3106258203338995
33, 23, -0.0645226492673749
70, 13, 0.2705289366849657
65, 15, 0.3334055291303735
78, 9, 0.05491519117151032
39, 22, 0.06539033387078028
8, 26, 0.01979841446265259
56, 18, -0.2946072742629527
44, 21, -0.3371117489523243
19, 25, -0.4641750927904124
27, 24, 0.0003674607230218752
68, 14, 0.8136285154828614
85, 4, -0.6051537188735954
88, 0, 0.9487295614879477
80, 8, -0.08464776264797923
84, 5, -0.05511649583359842
9, 26, -0.1456639753380128
86, 3, 0.1818825413910782
34, 23, -0.8010882780810232
20, 25, 0.1803913483196795
75, 11, 0.9834695510725207
49, 20, 0.4299305002209071
83, 6, 0.1241209298364275
87, 2, -0.8474637595089406
53, 19, -0.3119249372798258
73, 12, -0.7099618889584521
28, 24, -0.09459923819966053
63, 16, 1.130103806015433
10, 26, -0.6450125735380985
77, 10, 0.1351228528987547
60, 17, 0.314922132228601
40, 22, 0.01251992908983468
66, 15, -0.00721605299675205
45, 21, -0.006082797445638229
71, 13, -0.7585821049886011
82, 7, -0.5045901888004624
-13, 27, 0.1190765646360283
57, 18, -0.1427311028945573
-12, 27, -0.04518635907552515
21, 25, 0.4867510610529272
88, 1, 0.07316248212275177
79, 9, 0.1148836845730405
11, 26, 0.4932006005283627
-11, 27, -0.4105874295348738
35, 23, 1.505504433047198
-10, 27, -2.070233356829699
-9, 27, -1.254562427826168
-8, 27, 0.5665261636132007
29, 24, 1.445501298574719
-7, 27, -0.6701175016792082
69, 14, 0.2250312468514352
12, 26, 0.6554644595901907
-6, 27, -0.008946902383746794
50, 20, -0.02423308392528612
41, 22, 0.04994428080117853
22, 25, 0.5345240932012165
-5, 27, 0.6164284041610354
81, 8, 0.1203522916946727
54, 19, -0.2207819636331616
86, 4, -0.5164503447715032
89, 0, -1.125314318999072
85, 5, 0.4387587645402237
-4, 27, 0.8010716565206685
87, 3, 0.049346216571538
46, 21, 1.181651418358735
64, 16, 0.08083770084136148
61, 17, 0.06200616544542845
76, 11, -1.516355029163854
36, 23, -1.886209382464368
13, 26, 0.1515584701686672
-3, 27, 0.08077326821169256
74, 12, -0.3543291524258826
84, 6, 0.005758047535247436
30, 24, -0.05734185846311063
88, 2, -0.2474040577061286
78, 10, -0.3610960915297881
-2, 27, -1.12926084879706
67, 15, -1.179833216089955
58, 18, 0.04870931774968092
72, 13, 0.07586786585524805
23, 25, -0.01720560549978665
-1, 27, -0.6133702195158691
14, 26, -0.5373935363691785
83, 7, -1.658542212655621
80, 9, -0.9031324915842528
42, 22, 0.1440352745495078
0, 27, 0.01439920290435382
89, 1, 0.5756658275808082
51, 20, 0.6896040063822518
70, 14, 0.03410114845395594
37, 23, -0.2929587131080703
55, 19, -0.1811456671799027
31, 24, -0.1627795051345071
1, 27, -1.622052909477017
47, 21, 0.3378997593313262
24, 25, 0.7617408831260898
15, 26, -0.5993356719044125
62, 17, -0.2318407881722649
2, 27, 0.1536302509480886
65, 16, 0.1714676419961171
82, 8, -0.2342806653786361
87, 4, -0.1281552845132577
90, 0, 0.3065451301063767
86, 5, 0.1158057525450381
88, 3, 0.196407014042619
77, 11, -1.247163234490941
59, 18, 0.02614234424351893
16, 26, -0.4874322486557602
75, 12, -0.06865328223201998
3, 27, -0.07251528488650952
68, 15, 0.6195699954592059
43, 22, -0.3235028189169587
25, 25, 0.5779475076843226
32, 24, 0.4389089428601731
85, 6, -1.377132328007969
79, 10, -1.031611970979229
73, 13, -0.06689653667364531
38, 23, 0.01649714159757572
89, 2, 0.3297454226733668
4, 27, -0.5780315132171805
52, 20, -0.2597518317515061
48, 21, -0.1086620709855679
17, 26, 0.1439838873875074
56, 19, -0.3527601888661477
5, 27, -0.9434194314213673
81, 9, -0.3710347126162951
84, 7, 0.06125176840535351
71, 14, 0.5225289101659725
90, 1, -0.3274513117699095
26, 25, -0.7098220907962146
33, 24, 0.02657616706742356
6, 27, 0.03435249534018269
63, 17, 0.03574731722731218
66, 16, 0.00765546192919408
44, 22, 0.4187789799681798
18, 26, -0.08238424685503001
39, 23, 0.03491156633428884
60, 18, 0.02063720064980643
83, 8, -0.2671528883475447
7, 27, 0.1345411037623983
53, 20, 1.75881719998073
69, 15, 0.01501922367501353
88, 4, -0.6888048442991963
76, 12, -0.6437364274578968
78, 11, -0.3905230251826345
87, 5, 0.4378530045887261
27, 25, 0.6768645699334047
91, 0, -0.03287674434105103
49, 21, -0.04011523540645642
89, 3, 0.7418335031474159
19, 26, 0.4532603984266906
74, 13, 0.6074080547378993
8, 27, 0.2908245400775172
80, 10, -0.1662856224245895
57, 19, -0.3212625874679795
86, 6, -0.6906066782229899
34, 24, -0.1761698990114949
90, 2, 0.2771099269056744
45, 22, 0.2490187042006653
40, 23, 0.7273125694374161
9, 27, 0.5274592191836266
72, 14, -0.5402370311145355
82, 9, -1.364231225977864
20, 26, 0.2820889563106727
85, 7, -0.4023680699139552
28, 25, -0.6080673194652867
64, 17, 0.2755100385706468
67, 16, -0.190496181735269
91, 1, -0.01193993048804385
61, 18, 0.4144760154825881
10, 27, -0.4424439724544879
54, 20, -0.2664035930962996
50, 21, 0.1526180515558079
35, 24, 0.7149300532762535
21, 26, 0.9617646630508867
70, 15, 0.1594069890636523
-14, 28, 2.563421469143643e-11
-13, 28, -1.401597614339943
84, 8, -0.011024842487018
-12, 28, -0.3266489000736365
77, 12, 0.6287221687430646
58, 19, 0.5667383946461485
11, 27, 0.9899121597163366
-11, 28, -1.145513693417454
79, 11, -0.5784927856340191
29, 25, -0.1699950025726106
41, 23, -0.1000134928450481
-10, 28, 0.900047951409616
46, 22, -0.18800004513471
89, 4, 0.135094390306119
-9, 28, -0.09689878438199225
88, 5, 0.1615052275772169
75, 13, 0.07738125056781701
92, 0, 0.1601241394213216
-8, 28, 0.2889304910872275
90, 3, 0.0611857211291013
81, 10, -0.06667622296318571
-7, 28, 0.03747591494294837
87, 6, 0.02039745573557716
12, 27, 0.002401716984793815
22, 26, -0.7066762845380415
-6, 28, -0.7190846728944975
36, 24, 0.04881836343987101
91, 2, 1.197599243507895
73, 14, 0.01744755653120496
65, 17, -0.9944691325480023
-5, 28, -0.1594763515184366
51, 21, 0.06196255342355918
62, 18, 0.335363144722423
55, 20, 0.2678940577352394
30, 25, 0.3003596971124596
83, 9, -0.4692292293418107
68, 16, 0.09090995328452861
-4, 28, -0.2412087886765172
86, 7, -1.169889313762385
13, 27, 0.1035205879856461
42, 23, -0.1706682564070487
-3, 28, 0.4015729986943821
23, 26, 0.7890514643841544
92, 1, 0.458462760667026
47, 22, 0.5279620604180852
-2, 28, -0.06739250605911247
59, 19, -0.9285597194284763
71, 15, -0.8118995620599672
37, 24, 0.001848228005007565
14, 27, 0.5733194633678335
-1, 28, -0.3746232832367923
78, 12, 0.1002020848148263
85, 8, -1.405625024166304
80, 11, -0.006833611639152857
31, 25, -0.06774834372674057
76, 13, 0.6031683704968914
0, 28, 0.004888221907992828
90, 4, -0.02704236977035169
24, 26, -0.4145202070657333
89, 5, -0.4850000629109857
82, 10, 0.1578860961587771
52, 21, -1.095907802388737
93, 0, -0.02000449386358081
15, 27, -0.03353447801123103
91, 3, -0.5663499920321383
1, 28, 0.08993111098239841
56, 20, -0.8646103028658914
66, 17, 0.5945070254519454
43, 23, 0.5941270363438801
63, 18, -0.2415845477712416
88, 6, 0.1872524182340753
74, 14, 0.1396263070671899
69, 16, 0.9694331046597138
48, 22, -1.09990408304752
2, 28, 0.5857249247579299
92, 2, 0.315367321395
38, 24, 0.3250663028960843
32, 25, 0.6210844075809733
84, 9, -0.08220458446480852
16, 27, 0.3240947312631568
60, 19, 0.1734814920174267
25, 26, -0.1097515493453524
87, 7, 0.03844211801266143
3, 28, 0.5260230282819668
72, 15, 0.03438759272215229
4, 28, 0.04993517790786969
93, 1, -1.33326424351856
44, 23, -0.4136408632901742
17, 27, -0.3785220815024243
79, 12, 0.1052913979899176
53, 21, -0.7663791987769025
81, 11, -0.949274777883626
86, 8, 0.4747403486441928
26, 26, 0.633622847756693
77, 13, -0.6245113978163446
57, 20, -0.5915504679839291
33, 25, -1.148762963915041
5, 28, -1.001933538235262
39, 24, -0.137718794408613
49, 22, 0.730502094925801
67, 17, 0.3009209578843775
64, 18, 0.06370214163330103
83, 10, -0.7307257870026233
91, 4, -0.8447979313394263
90, 5, -0.2350586072989407
6, 28, -0.8423445879690109
18, 27, -0.3852814416991749
75, 14, -0.293311918555688
94, 0, -0.9450978129100273
70, 16, -0.6679424832097783
92, 3, 0.3024441077163825
89, 6, 0.6382669912435849
61, 19, 0.5120664916684377
27, 26, 0.4962034857372419
7, 28, -0.1280019046885409
93, 2, 1.408287606307745
45, 23, -0.3057040833375803
85, 9, -0.4003904577015516
34, 25, 0.6624858747272545
19, 27, 0.9185964238777558
40, 24, 0.2063767234436694
88, 7, 0.533892471887081
73, 15, 0.3820882853833538
54, 21, 0.01534176800723085
8, 28, -0.2677749258614527
58, 20, 0.1462793799698728
50, 22, -0.3467586122001866
94, 1, 0.09107734269245081
80, 12, -0.128133099622455
28, 26, -0.3881147072292362
82, 11, -0.4367346256552564
78, 13, -0.3087194136945066
9, 28, -0.3166460296400991
68, 17, -0.1197998877912881
65, 18, 0.2421694208185689
20, 27, 0.5552767573548225
87, 8, 0.40659686061285
35, 25, 0.3189196119582844
71, 16, 0.2064503002908742
62, 19, -0.5235527173829426
46, 23, 0.2022823977948842
84, 10, 0.4104537142364998
76, 14, 0.7250460057373196
41, 24, 0.2011960212071117
10, 28, 0.00647315469362325
92, 4, -0.1971278723528874
91, 5, -1.066732014490221
95, 0, 0.5101243336759361
93, 3, 0.07589875651777542
21, 27, -0.04744424070749619
55, 21, 1.491020295027822
29, 26, 1.514630543386362
90, 6, -0.09736424115851905
-14, 29, 0.06644516271262964
-13, 29, 0.02184494722794932
51, 22, 0.3798447419089009
-12, 29, -0.03814764081034175
11, 28, -0.2167716145901858
-11, 29, -0.03619043822966098
86, 9, -0.005747002489165921
74, 15, -0.5271115936010596
59, 20, 0.08231921713726033
-10, 29, 0.235437334323313
94, 2, 0.4760210275123908
36, 25, 1.487873449122722
-9, 29, -1.359071275366345
89, 7, 0.1642282534239715
-8, 29, -0.02635681036976963
22, 27, 1.036880967885796
-7, 29, 1.070946617147663
12, 28, -0.3697871598809208
66, 18, -0.0390147947199381
42, 24, -0.03619788784264023
47, 23, -0.353718751786668
69, 17, 0.223317840206917
-6, 29, -0.9775701706503103
30, 26, -0.008268597418577122
81, 12, 0.006752941639313781
79, 13, -0.2321047072233842
95, 1, -0.2576878696744945
-5, 29, 0.7148925269582356
83, 11, -0.9749847694605095
63, 19, -0.1180838056096176
-4, 29, 0.0609846536680313
88, 8, 0.8401699611796358
72, 16, 0.9576071325215073
13, 28, -0.5234721952615862
77, 14, -0.0445110708385124
56, 21, -0.0568615032050848
37, 25, 0.3093999936677793
23, 27, -0.3944131434838006
52, 22, -0.01919708800228187
-3, 29, 0.399869726701955
85, 10, 0.5942519435631916
93, 4, -0.9386239471208331
-2, 29, 1.245874225967036
92, 5, 0.6950011397414944
60, 20, 0.06988453532495457
31, 26, -0.5257332763038496
14, 28, -0.04373510232323973
96, 0, 0.08698156375384833
94, 3, -0.6378362695837811
43, 24, 1.061464189133295
91, 6, -0.405786125148335
-1, 29, -0.626621167111299
75, 15, -0.01810110038349256
48, 23, -1.216920036689113
87, 9, -0.01161437674886387
24, 27, -0.000903848054331805
0, 29, 0.01239780389970378
95, 2, -0.07916857560955114
67, 18, -0.5735394798041482
90, 7, -0.108651513935435
70, 17, 0.2856596116633792
38, 25, 0.8157609797212055
15, 28, -0.03497584906045551
1, 29, -1.19103910297027
64, 19, -0.3760773063901648
82, 12, 0.3360996873709378
32, 26, -0.1902845369509781
57, 21, -0.01246742975345691
80, 13, 0.6200148329254136
53, 22, 0.4938501246741374
84, 11, -0.1653436961929884
73, 16, 0.6165931540161969
2, 29, -1.159182893859708
25, 27, -0.6483823151836317
96, 1, -0.09981365983243251
44, 24, 0.02238635188634079
16, 28, -0.06941647092733674
78, 14, 0.5807728486331679
89, 8, -0.6147934462831276
61, 20, -0.9181234810132818
49, 23, 0.1546537397617626
3, 29, -0.9287393186485686
86, 10, 0.7509312575651683
39, 25, -0.1768460298261472
33, 26, -0.7565605392315783
4, 29, -0.6663324379124986
94, 4, -0.2290000684127365
93, 5, 0.03292053474562807
17, 28, 0.2415190278997661
76, 15, 0.4427881825561531
26, 27, -0.3456632582009485
97, 0, 1.544899077151257
95, 3, -0.6591129100155212
92, 6, 0.250866249399798
68, 18, -0.8236482184437619
5, 29, -0.3719851683756685
88, 9, -1.421757590465224
71, 17, -1.421153838323339
54, 22, 0.3260751397889057
65, 19, -0.07797900537849904
58, 21, -0.533501935752616
45, 24, 0.05013429673452064
96, 2, 0.5606315546600741
18, 28, 0.3784379398562389
91, 7, -0.01397017253853107
6, 29, 0.07654772813895068
83, 12, 0.06622272293654827
50, 23, 0.7427747310555831
81, 13, 0.3071858553318593
40, 25, 0.3871083915982136
74, 16, -0.2461635188432685
34, 26, -0.03887416684581399
27, 27, 0.1360882718674495
62, 20, 0.04039212157988501
85, 11, -0.7166104620763315
79, 14, -0.248658793557118
7, 29, -0.07507841137663861
97, 1, -0.02088396940470773
19, 28, 0.7005803596284538
90, 8, 0.2294432458983336
87, 10, -1.055458232499121
8, 29, 0.2302418849637855
46, 24, -0.5864287736547842
77, 15, 0.01726750264960479
55, 22, -0.07108319997986758
28, 27, -0.004583100372737887
69, 18, -0.01815690183695696
59, 21, -0.2972993015786142
35, 26, -0.2007580027234519
95, 4, -0.7422255824574121
94, 5, -0.8164687755540728
66, 19, -1.466684374310502
41, 25, -1.701197921924835
20, 28, -0.1974212609361397
72, 17, 0.01250972280866097
51, 23, -1.180522629662973
9, 29, 1.223405950983895
96, 3, -0.0305773328591256
93, 6, -0.01227163848554295
98, 0, -0.6708969169987076
89, 9, 0.6025382851864287
63, 20, -0.3120059185602175
75, 16, 0.8087064644127432
10, 29, 0.4409520684462751
29, 27, -0.6529930200054266
97, 2, 0.6319430938398327
92, 7, 0.6172429370341275
84, 12, -0.06927397294422177
82, 13, 0.7268490754235112
21, 28, -0.0536205794530491
36, 26, 1.002193558220499
86, 11, -0.303884524625608
47, 24, 0.6304085013367081
-15, 30, -2.012369417725734e-11
80, 14, -0.3155126986640593
-14, 30, -0.2440523977446271
-13, 30, -0.725089545891384
-12, 30, 0.03294801097710864
42, 25, -0.6757594578254719
11, 29, -0.4725019732142494
-11, 30, 0.3914239448563311
56, 22, -0.9513275169101872
-10, 30, -0.3914409699543307
60, 21, -0.008071306034406209
-9, 30, -0.06542353318323195
98, 1, 0.9764213871685712
91, 8, 1.109135456441087
52, 23, -0.1232046346182961
88, 10, 0.6566297619886938
70, 18, 0.5624145424760457
22, 28, 0.1793047711984225
-8, 30, 0.1887655002103459
78, 15, 0.06047185578890477
30, 27, 0.08971204858765196
67, 19, -0.5164700735722703
-7, 30, 0.5542135991879235
12, 29, -0.6635269340162282
73, 17, 1.486847237518943
-6, 30, 0.03873572984298222
37, 26, -0.2241083974546534
95, 5, 0.2141637027745839
-5, 30, 0.03759555318366428
96, 4, -0.8401343960922363
64, 20, -0.414188408397404
48, 24, 0.06657183352847375
94, 6, -0.05771100709643852
-4, 30, 0.00830828969169339
23, 28, 0.6237321758079815
13, 29, -0.3238489401434618
97, 3, 0.691261692265382
43, 25, 0.6412551612955044
99, 0, 0.8991925895267239
90, 9, -0.08022796368424505
76, 16, -0.0186430187287416
31, 27, 0.3992228936669433
-3, 30, -0.01228629342505246
83, 13, 0.7202365542318229
57, 22, 0.1742379590367072
85, 12, 1.29290496161129
93, 7, -0.350589738931019
98, 2, 0.7034985660284256
-2, 30, -0.608556809641669
53, 23, -0.1778348543690156
81, 14, 0.006563986670692751
61, 21, -0.03762860856236595
14, 29, -0.9674505166474405
87, 11, 0.5160790840416014
38, 26, 0.0466806817789658
-1, 30, -0.1684646082708686
24, 28, -0.04200221991188902
71, 18, 0.6076342411790915
68, 19, -0.264732200447972
0, 30, 0.002236445004793404
79, 15, -0.4479229449959322
92, 8, -0.4733907675167484
32, 27, -0.2895517071315333
99, 1, -0.4460879896040056
89, 10, -0.5652338242678572
44, 25, -0.3898482739029769
15, 29, -0.5026486673075344
74, 17, -0.367138373618938
49, 24, 0.4817874863914445
65, 20, -0.3629915692708247
1, 30, 1.059495937559953
25, 28, -0.5990498712231771
58, 22, -0.4511531829629527
2, 30, 0.3702100806321287
96, 5, -0.1132701983018137
39, 26, 0.2697369448848692
16, 29, -0.7715203326960942
97, 4, 0.07695415917932723
77, 16, 0.1716848407352728
54, 23, -0.006851770032686003
95, 6, -0.7547294616532049
91, 9, 0.59234233261265
98, 3, 0.5099640104766747
62, 21, -0.2850998624753364
33, 27, 0.05354582675074292
3, 30, 0.0589597042390972
100, 0, 0.4261096334721394
84, 13, 0.5776046903639881
86, 12, -0.08982553044249139
45, 25, -0.1753290515037246
82, 14, -0.1351949856653249
26, 28, -0.2866090434071468
94, 7, -0.08646371635427466
17, 29, -0.02069354627700768
50, 24, -0.6123988616225176
4, 30, 0.7296717519010339
99, 2, -0.006534533397659592
88, 11, -0.4877676573323335
69, 19, 0.09357396582163087
72, 18, 0.312468748659486
80, 15, 0.1140310403031822
5, 30, 0.4208669478186942
66, 20, 0.4189618269436792
40, 26, 0.4528696630222942
75, 17, 0.7954406048557939
34, 27, 1.356060952134474
93, 8, 0.3399434547562092
18, 29, 0.03010284051149367
90, 10, -0.1157680035590274
59, 22, -0.1819008551147578
55, 23, 0.9171549044413509
27, 28, 0.9418321560069238
100, 1, 0.5530177783622301
6, 30, -0.01951094386646432
46, 25, -0.8898943445740901
63, 21, 0.003171456685371552
78, 16, -0.06092149598415648
7, 30, -1.374815822382582
51, 24, 0.01592933403806846
19, 29, 0.7246492719669351
97, 5, 0.4739657075858614
98, 4, -0.5297815440151079
92, 9, -0.5388944667327795
41, 26, -0.04009589341849387
96, 6, 0.04554005280411267
85, 13, -0.4270328013097768
35, 27, 0.2128678487394997
28, 28, 0.04619906039241476
99, 3, -0.02661278292082618
87, 12, -0.0343090972012214
101, 0, -0.2535684074796942
70, 19, -0.4661860813174394
8, 30, 0.6208820138613186
83, 14, -0.6206513647848919
73, 18, -0.00570978174119927
95, 7, -0.08094340854072933
67, 20, -0.1814222097618744
89, 11, 0.5612270348280735
20, 29, 0.5576357291730568
56, 23, -0.09264028650216115
100, 2, 0.37890517836286
60, 22, -0.07121381527945467
76, 17, -0.4764558199080997
81, 15, -0.1118693339981677
9, 30, -0.06315618894897332
47, 25, 0.3360931650853555
29, 28, 0.04263168076900686
36, 27, 0.4159917474888705
52, 24, 0.07582906023787193
91, 10, -0.7132073933832346
64, 21, -0.5815709785186796
94, 8, -0.01826524609503705
42, 26, -0.3207325424348608
10, 30, 0.1645746312789305
21, 29, 1.379191504320753
101, 1, 0.2982228819302442
79, 16, 0.09295540172785058
-15, 31, 1.103191290920748
-14, 31, -0.7260950096659293
-13, 31, 0.4604447512153031
-12, 31, 0.7850066141024035
-11, 31, 0.3415137795623911
11, 30, -0.4420446375780176
-10, 31, -0.2068764851089286
71, 19, -0.5387875087757348
30, 28, 0.6749200478001937
98, 5, 0.7564547709531571
74, 18, -0.2283568720877638
-9, 31, -0.2758455523523424
99, 4, -0.2094707500244248
86, 13, -0.2055246227790268
22, 29, -0.3093594802041416
93, 9, -0.06588406053119868
57, 23, 0.6822315879361522
48, 25, 0.06525170191572385
88, 12, -0.2133599737132781
68, 20, -0.1331492338514381
97, 6, -0.7280987765483853
61, 22, -1.706076275259212
37, 27, -0.4165818142380812
-8, 31, 0.3183770957971019
84, 14, 0.08908690527498027
100, 3, 0.5614541271150678
43, 26, 0.01398713555889407
-7, 31, 0.4123813347028872
102, 0, 0.01650519962199944
12, 30, 0.02156888223607467
77, 17, -0.07209118543394967
53, 24, 0.02971604363924198
-6, 31, 0.5530210207000125
90, 11, -0.6001239081629552
96, 7, -1.126301927432056
82, 15, 0.3434723439708219
-5, 31, 0.491990107977523
65, 21, -0.5150264958689741
101, 2, 0.2105241505108371
23, 29, 0.1144505304367695
31, 28, -0.5592733769960085
13, 30, 0.0752819503241938
-4, 31, -0.875416412836611
92, 10, -0.6177157049011109
-3, 31, -1.015575696281962
95, 8, 0.2628725513692736
38, 27, 0.3689940847390734
80, 16, -0.0740532781481649
49, 25, -0.4470708759303068
-2, 31, 0.6474513945391025
44, 26, -0.186818681564182
14, 30, -0.02218220273902692
102, 1, 1.148464980872213
58, 23, -0.2862511232571751
72, 19, -0.1086342628085988
24, 29, -1.087420496594362
62, 22, 0.1049759039561456
75, 18, -0.09231729883487017
69, 20, 0.01981538582029072
-1, 31, -0.4711254226869728
32, 28, -0.02562025156718103
54, 24, -0.009497486424233304
87, 13, 1.454550540913181
99, 5, 0.6067839007815234
85, 14, 0.5516852642025514
0, 31, 0.01643413503033032
94, 9, 0.3718310978517799
89, 12, -0.6121345687353827
15, 30, 0.02321486337366801
100, 4, 0.2120300646487462
98, 6, -0.8097245036838825
78, 17, -0.1621899130665884
66, 21, 0.1384520659387155
39, 27, 0.1419770967811496
25, 29, -1.410134096815854
101, 3, -0.132987560145469
1, 31, 0.3961225195932053
103, 0, 0.1677370784730377
83, 15, 0.6013838855326569
91, 11, -0.3846362445080366
50, 25, 0.5382978392656619
97, 7, -0.7293651901538964
45, 26, 0.2202011663770316
16, 30, 0.04877556142022147
33, 28, 0.9392942375981715
2, 31, 0.8042284533189671
102, 2, 0.6741151639853991
59, 23, 0.5493358972262918
81, 16, 1.303040115724084
3, 31, 1.526182864977122
93, 10, 1.208168617086872
63, 22, -0.8922122462898002
55, 24, -0.4039008837997703
26, 29, -0.3474005407044906
73, 19, 0.5278220316293264
96, 8, -0.5424706829995075
40, 27, -1.280375105065558
17, 30, -1.110393812923253
70, 20, -0.0753777480295781
76, 18, -1.040773424138052
4, 31, 0.1416740548533454
103, 1, 0.4896135398680803
34, 28, 0.2313096502213071
88, 13, 0.0185963144268907
67, 21, -0.2076817833524923
46, 26, -0.2539216988755267
51, 25, 0.8310715276475416
5, 31, -1.153029277937597
86, 14, 0.004781005190833579
79, 17, -1.046417948845332
27, 29, -0.6944461497200706
90, 12, -0.04871032606724155
18, 30, -0.02208746729085959
95, 9, -0.6243546440912502
100, 5, -0.09102414195892217
101, 4, 1.056611985545426
99, 6, -0.04788753787667594
84, 15, -0.04226578266288111
6, 31, -0.1122229714947142
60, 23, 0.5361015728605812
92, 11, -0.8900717820939912
41, 27, 1.072542537162629
102, 3, -0.08351484209092923
104, 0, 0.2911698811391978
56, 24, 0.3552769036043597
64, 22, -0.07793303820337208
98, 7, 0.01065150486190864
35, 28, -0.1060736383291066
19, 30, -0.002723570870728664
7, 31, 0.7702217105547154
28, 29, -0.7640408733933155
82, 16, 0.4339571334946112
74, 19, -1.092129998454485
103, 2, 1.685591937774799
71, 20, 0.02941476533374019
47, 26, -0.2273736638307252
94, 10, 0.6417904984550928
77, 18, 0.05995015737368489
52, 25, 0.08515736354973948
8, 31, -0.6021282632526425
97, 8, 1.221416204351427
20, 30, -0.120213182471026
68, 21, 0.4292963038474903
42, 27, 0.04199479697086837
36, 28, 0.6318466317732786
104, 1, -0.1565083728727491
9, 31, -0.3480957767925849
29, 29, 0.1171728499893322
89, 13, 1.386649434895555
80, 17, -1.427521543514107
87, 14, 0.2607135794826637
61, 23, -0.7399152507443039
57, 24, 0.07273800889267698
91, 12, -0.2766755540175737
96, 9, 0.03243089764830814
21, 30, 0.02713037245153709
85, 15, -0.2937933420665033
65, 22, -1.327090228671053
101, 5, 0.09848277790484915
10, 31, 0.1294081729673691
102, 4, 0.4581843146962292
48, 26, 0.33584676168927
100, 6, 0.6567354223606892
93, 11, -0.2221731540403561
-16, 32, -1.3011610365283e-10
-15, 32, -0.1699708773600905
53, 25, 0.4609770547921519
-14, 32, 0.4353691278441318
-13, 32, 0.02111883447140417
103, 3, -0.3618867457876614
75, 19, 0.401679701644006
30, 29, 0.6610782939303048
-12, 32, -0.4559534522584981
72, 20, 0.4116839420098627
105, 0, -0.005035871282656453
43, 27, 0.1029861288229307
37, 28, -0.3351662219231645
-11, 32, 0.5723725659642683
99, 7, 0.2359617509707806
83, 16, 0.1580087547349882
11, 31, -0.6970775960278364
-10, 32, 0.1950984470519662
22, 30, 0.3550722226639228
78, 18, -0.04682193408428485
-9, 32, -0.07599312151599821
69, 21, -0.02458690956081156
104, 2, 0.7714318729332187
-8, 32, -0.3319020090194007
95, 10, 0.1700334221386127
12, 31, -0.7214712699093854
-7, 32, 0.243308219629819
62, 23, -1.096062761476586
98, 8, 0.06063734479533587
58, 24, -0.657011129737604