d = 43, symClass = C, D = 9.906250, Y = 0.1050906022946722
[14.84816880568301, 14.84818605121057], 14.8481830194693
1, 0, 1
2, 0, 1.443442287945672
3, 0, 2.069315114436781
0, 1, -0.4457744419320967
1, 1, 0.1594245371734651
4, 0, -0.007077967977553837
2, 1, -1.667866248686008
3, 1, 0.5724488209763788
5, 0, -0.2527247339841195
4, 1, 1.269734867112241
6, 0, 0.3030729536216155
5, 1, -1.066050049855298
-1, 2, -0.03920227445263143
0, 2, -0.6665667150738125
1, 2, -1.07831568030477
7, 0, 0.4301207843439914
2, 2, -1.437156677968727
6, 1, 0.4078210558333332
3, 2, 1.378294009375325
8, 0, 1.261921014767678
7, 1, 0.1044517183669208
4, 2, 0.4463090046806334
5, 2, -1.010843252121411
9, 0, 0.5187004843309928
8, 1, -1.543758852481248
6, 2, 1.821053144993818
-1, 3, 1.71928259026142
0, 3, -0.917805609861418
10, 0, 1.811997896663478
9, 1, -0.8454474094392502
1, 3, -0.6809772386980679
7, 2, -0.6731103927441826
2, 3, 0.07897649789009961
3, 3, 1.342326779982243
11, 0, -2.027061368914299
10, 1, 1.49192422838727
8, 2, 0.1300526582056647
4, 3, -0.6744965553280619
5, 3, 0.8247676541069199
11, 1, -1.539522840964261
9, 2, -0.04688756358603407
12, 0, 0.5607167294663983
6, 3, 1.14559880333355
10, 2, 0.4248212390411103
12, 1, -2.54057071223508
13, 0, -6.435299721466818
7, 3, 2.826287814326628
-2, 4, 0.8107294628451153
-1, 4, -1.952833382736164
0, 4, -2.172955854610764
1, 4, 0.433420619530585
11, 2, 1.808505401976477
8, 3, -0.2468806956349975
2, 4, -1.840361303391944
13, 1, 0.3267504597196548
14, 0, -0.8764673521974607
3, 4, -0.7297772278666623
9, 3, 1.804070714707962
4, 4, -1.432176259722982
12, 2, 2.447979101033723
14, 1, 0.05806721545799236
5, 4, 1.164489456917398
15, 0, -0.4307018673735494
10, 3, -1.87724187391925
6, 4, -3.354592879282278
13, 2, -0.2654881872902898
15, 1, 3.51241257499071
11, 3, 0.007590088111358377
7, 4, 2.372679820970844
16, 0, 3.662718856949142
14, 2, 2.395158791009758
-2, 5, 2.385902446374178
-1, 5, -0.5013483563569598
8, 4, -1.612942010446543
0, 5, -0.4981092770795419
12, 3, 1.073141773833318
1, 5, -1.395741318946016
16, 1, 1.505846873595986
17, 0, -2.497580010179192
2, 5, 0.03782196368642206
9, 4, 0.5209821250317791
15, 2, 0.09805851288402072
3, 5, 2.928281328912542
13, 3, 2.790225583546422
4, 5, -0.4331113204987392
10, 4, -0.2110310664657421
17, 1, -1.188604118699447
18, 0, -1.029159582212276
5, 5, 0.5832955051229097
16, 2, 1.672615633695621
14, 3, -2.66654639097316
11, 4, -1.850138942191985
6, 5, -0.8782139788264699
18, 1, 2.067358233912341
7, 5, 0.1709236958833472
19, 0, 3.009214105469812
17, 2, -1.220222062704996
12, 4, -0.7309805809056753
15, 3, -1.05303111564104
8, 5, -0.9065326131510629
-3, 6, 0.1999255244014836
-2, 6, -2.20164025474668
-1, 6, 0.5721221608166888
19, 1, -0.8359988256998914
0, 6, 5.406833527088706
13, 4, -0.4201708941781702
20, 0, -4.587473610156
9, 5, -1.165828475527164
1, 6, -9.274672757198058
16, 3, -2.134563250802233
18, 2, -2.039584269132788
2, 6, -2.581271424323464
3, 6, -5.023843944217925
10, 5, -2.125429108137132
14, 4, 2.966397643687445
20, 1, 0.907194286349858
4, 6, 1.822417810180876
17, 3, 0.205278340344987
21, 0, -1.685327771922491
19, 2, 1.122913677353248
11, 5, -0.1975427377410681
5, 6, -0.6623033156270455
15, 4, -1.815219567023544
6, 6, -1.837416158538592
21, 1, 1.200595289463885
18, 3, 0.3218355137016871
12, 5, -0.6331141926196222
22, 0, 1.274862771649495
20, 2, 1.13939566677223
7, 6, 2.439297822927448
16, 4, 2.038687552211766
8, 6, 2.207088481854944
13, 5, -1.261822547895004
22, 1, -2.373333442505178
19, 3, -0.2565972678613149
21, 2, -0.279698850939014
-3, 7, 2.253536364975173
23, 0, 1.911259843187065
-2, 7, -0.6365788749790592
9, 6, 0.1573238331389687
17, 4, 0.5719548144037548
-1, 7, -2.285355338119542
0, 7, 0.2520694389641678
14, 5, 0.2749709896429841
1, 7, 0.3081615559233411
10, 6, 1.820040056111565
2, 7, -2.768552876147767
20, 3, 1.268173344214534
23, 1, 0.3419669073270254
3, 7, 3.365683110932912
22, 2, 1.155375285670299
18, 4, -0.5181540693954414
15, 5, 3.318030448359736
24, 0, 0.5494940080794326
11, 6, 0.1589957315632698
4, 7, 0.7507367530585231
5, 7, 0.492164828135493
21, 3, -2.236270981094443
24, 1, -3.401388642983949
16, 5, 2.193280758451851
12, 6, -5.248307799678759
19, 4, 3.177528605727912
6, 7, -0.4970003139369171
23, 2, 2.805667137130002
25, 0, 4.707625508518865
7, 7, 2.021516267706915
13, 6, -8.028277722926624
22, 3, -4.199682960216272
17, 5, 3.719757894345794
20, 4, 0.1159397360012607
8, 7, 2.085715561566234
25, 1, -5.719953331623463
24, 2, 1.243116286711431
26, 0, 8.452678926215652
14, 6, -3.487044000400711
9, 7, 0.2819495546313653
-4, 8, -0.07499769973424737
-3, 8, 0.5915460877724694
18, 5, 1.963582961966227
-2, 8, -0.8097228639845442
23, 3, 0.5113612965792215
-1, 8, 1.601804263788635
21, 4, 0.6638574713549641
0, 8, 0.4857259027455004
10, 7, 0.2296630395334619
15, 6, -1.962537842763445
1, 8, -1.191688236290144
26, 1, 0.4510363914430134
25, 2, 1.423698651441055
2, 8, 2.04154448366207
27, 0, -2.06576997658229
19, 5, 0.1735656206315654
11, 7, 1.423963815836736
3, 8, -0.473223249509889
24, 3, 0.8541173089893018
22, 4, 0.1205965715776505
16, 6, 1.962750482021675
4, 8, 2.881722482339607
27, 1, 0.9988363711506071
12, 7, -0.849206322907724
5, 8, 2.184009300533492
26, 2, -1.195534581471601
20, 5, 0.798498300262955
28, 0, 1.9820802219245
17, 6, 0.004354604801427546
6, 8, -1.764297310552087
23, 4, 0.2933555680065599
25, 3, -0.6987219672042086
13, 7, -2.532360173935874
7, 8, 0.9963145333332899
21, 5, -1.530165323949162
28, 1, -1.673652066649843
27, 2, 1.078059046877757
18, 6, -0.1306188060233626
8, 8, -2.704220789107469
14, 7, -0.815142713250675
29, 0, 1.587855819600319
24, 4, -1.318960369243262
26, 3, 0.4372646357869498
9, 8, 1.809510953574781
22, 5, -1.333470969839668
15, 7, 1.807917764171945
-4, 9, 0.4890793619008821
19, 6, -0.323272485123792
-3, 9, -1.350562403629507
-2, 9, -0.6238960841619894
29, 1, 1.574051081703546
-1, 9, 0.04723922552099497
28, 2, 0.7613259459084386
10, 8, -2.114364659365219
0, 9, -0.5743132864435786
30, 0, 0.9732095169639903
1, 9, -0.633613155196366
25, 4, 1.179069140006222
16, 7, 1.053382636136194
27, 3, -0.7016671879562154
2, 9, -2.951757906783259
11, 8, 0.5027101042324615
20, 6, 3.819406610719212
23, 5, 2.343254780117983
3, 9, 1.414164920669789
30, 1, 3.890468543083277
4, 9, -4.466103848812629
29, 2, 4.03345198159454
12, 8, 3.765571282268769
17, 7, -2.682179848072272
26, 4, 0.426125472607398
5, 9, -0.9662082697030617
31, 0, -3.413288899592603
21, 6, -3.33569916426262
28, 3, -2.130621632040943
24, 5, 0.2235895677595523
13, 8, -4.665527046113061
6, 9, 4.210648593879601
18, 7, -8.546604477933951
7, 9, 2.356525812652482
31, 1, -17.3233285645305
30, 2, -18.27629108155547
22, 6, -13.27217845730712
14, 8, -5.313029984157539
27, 4, -38.76450343116129
32, 0, -11.56880008783441
25, 5, -3.12411792151332
29, 3, -0.6641222630818401
8, 9, 0.1761603924239523
19, 7, 1.454105121396889
15, 8, 2.629656664428826
9, 9, 5.604115806897853
23, 6, -1.844496869688165
32, 1, -3.278952436273297
31, 2, 0.3110866547051553
28, 4, -0.1636527101763656
-5, 10, 0.222711890313531
-4, 10, -0.7524724196622161
20, 7, -2.663588855645989
-3, 10, 3.101164004148532
26, 5, -0.4476260503460966
10, 9, 2.534331284247993
-2, 10, 3.227725552657335
16, 8, 0.1897749831105979
33, 0, -1.25405794966776
30, 3, 1.046229767745298
-1, 10, -1.506393840631573
0, 10, -1.807514244573777
11, 9, 0.05324253970528602
1, 10, -0.1471063249113208
24, 6, 1.868619111589007
2, 10, -0.3202913230102842
21, 7, -0.3618051167959241
17, 8, 1.748393177437356
32, 2, -0.8079627195622536
33, 1, 1.029461461660191
29, 4, -0.3885561713910969
27, 5, -0.7029445838474854
3, 10, -0.2870075362195275
12, 9, 0.5931145961660279
31, 3, -3.128166684353245
34, 0, 5.741482984543573
4, 10, 0.1473330424698219
25, 6, -0.7409766243749661
18, 8, -2.944529567987962
5, 10, -2.828115164934976
22, 7, 1.746631057003706
13, 9, -0.7430641162439591
30, 4, 0.830109477186224
6, 10, -2.131501155361343
33, 2, 1.987448997665871
28, 5, -0.284704864613373
34, 1, 2.347171248315278
14, 9, -0.8868467037721095
19, 8, -3.046768555579347
32, 3, 1.007913940750563
7, 10, 1.25340601276283
35, 0, -0.1484892596865312
26, 6, -3.621152720933761
23, 7, 1.073984804995161
8, 10, 2.258144489296353
15, 9, 0.7968635315656505
31, 4, 0.09336365126192728
29, 5, -0.3219847935069082
20, 8, 3.751360904637382
34, 2, -2.101938165673776
35, 1, -2.138088399498926
9, 10, -1.344193087542746
24, 7, 0.929201480076142
33, 3, -2.126561117624785
27, 6, -0.596172421496573
16, 9, 0.1563151593323926
36, 0, -0.2177439582931797
10, 10, -4.26348669333385
-5, 11, 2.545938262803179
-4, 11, 0.294205627129608
-3, 11, 1.456919350831519
21, 8, 2.229605027117518
-2, 11, 0.6423130266466652
-1, 11, -1.320160181655657
30, 5, 0.847624239617829
32, 4, -1.895576540818354
0, 11, 1.407997319749598
11, 10, 1.950581378847615
17, 9, 1.368834429031778
35, 2, 1.217598928332979
25, 7, -1.910623067785744
36, 1, -1.064448046296714
1, 11, -0.4088381364572091
28, 6, 1.442038439352129
34, 3, 0.6277244810804092
2, 11, 1.521230294496162
22, 8, 0.1819913617488294
12, 10, 1.023551351429588
37, 0, 1.85893564070151
3, 11, 0.1971490031994554
18, 9, 2.013181300008132
31, 5, -0.5208404066274261
4, 11, 0.4606178398410891
33, 4, 0.9232437882654376
26, 7, -0.5541295067798253
13, 10, -0.215491528370474
29, 6, 2.047356245302576
5, 11, 1.861759797506147
36, 2, -0.9030042192994987
37, 1, -0.4249968204596328
23, 8, -3.706533074620448
19, 9, -2.585867190770754
35, 3, 0.01172208308631384
6, 11, 0.6863795038282058
14, 10, 0.3704373750895099
38, 0, 0.6215856718965628
27, 7, -2.586464141317903
7, 11, 0.8607400792276636
32, 5, 0.9302175279219055
34, 4, 0.06473236908227192
20, 9, 0.1085857069705675
24, 8, 0.5620692918812146
15, 10, -2.159541058953347
30, 6, -0.669208094807575
8, 11, 0.3391468190498516
37, 2, -2.554507731037658
38, 1, 1.527757290821443
36, 3, -1.670178245786411
9, 11, 1.344879881365817
16, 10, 2.257974863513569
28, 7, 1.866217928971639
39, 0, -1.341813186910909
21, 9, 4.363128174892247
33, 5, 0.04047481700455034
25, 8, 2.125187132067356
35, 4, 1.486185210675982
10, 11, 1.1214871241712
31, 6, -2.262055992548389
-6, 12, -0.2251866328861326
-5, 12, 3.554439776723279
-4, 12, 6.837213591318725
-3, 12, -0.08292873238152841
17, 10, -0.3029964743600655
-2, 12, -5.216973413123071
38, 2, 2.066959609853537
39, 1, 3.09085190011292
22, 9, 3.627022584231662
11, 11, -4.662916406006078
-1, 12, 0.1300207678629458
37, 3, -6.529771540235402
29, 7, 6.095087356276437
0, 12, 1.986914024813034
26, 8, 5.304831197090558
1, 12, 4.3363178110687
40, 0, 1.197737911112288
34, 5, 1.27306761154212
18, 10, -6.039584476806428
12, 11, 3.631620935250552
2, 12, 1.005000489004811
32, 6, 5.496009569391566
36, 4, -11.7392670881992
23, 9, -13.32787729094782
3, 12, -7.381187650933827
39, 2, 2.028901727397983
13, 11, 19.4962059312967
4, 12, -8.893494147057254
30, 7, 10.51038460651297
27, 8, 12.02937000043864
40, 1, 10.68723445107584
19, 10, -39.17775030398747
38, 3, 4.302496578534333
5, 12, 8.778385959253887
35, 5, 5.973134874039597
41, 0, 1.844199530657247
14, 11, -0.3007093804608434
33, 6, 0.1776722598886857
24, 9, 1.382440689874804
6, 12, 1.360635746399528
37, 4, 1.322016265460306
20, 10, 4.54982679840842
28, 8, -4.909209331786217
31, 7, 3.70508887420256
7, 12, 0.3935959782850402
15, 11, -4.580508959815885
40, 2, 0.1518623919710443
41, 1, 0.2554213178923503
39, 3, -4.929602408268355
25, 9, -3.936417871203361
8, 12, -2.12916250073271
36, 5, 1.653798339260888
21, 10, 2.577782140814229
34, 6, 1.368308846003182
16, 11, 0.1615528552351793
42, 0, 1.412224010543299
38, 4, -4.495926309732797
9, 12, -2.387242724772764
29, 8, -0.6220674679027496
32, 7, 2.138942741061229
26, 9, -0.4584593943641377
22, 10, 2.833111412950852
10, 12, -1.450867424479797
41, 2, -2.730672208865246
17, 11, 1.148881480433109
42, 1, -0.2890905856854617
-6, 13, 1.361860354015245
-5, 13, 1.47690435837618
40, 3, -0.2820653671070233
-4, 13, -2.123862455658923
37, 5, -2.572960441615507
-3, 13, 0.5892095130467049
35, 6, 2.965450604572552
11, 12, -0.6810648331926964
-2, 13, -0.03173207388207495
30, 8, 3.961846886323114
-1, 13, -1.02602415627949
43, 0, 2.330015392316069
39, 4, 0.978465666192486
18, 11, 0.7484403104114123
33, 7, -0.705275773350392
23, 10, -1.342184782524271
0, 13, 1.284580497542717
27, 9, 1.137678105668402
12, 12, 2.426140012677176
1, 13, -1.385101745644439
2, 13, -1.076827969655572
42, 2, -1.597577931117659
19, 11, 2.087888966408417
43, 1, 1.507301748002631
41, 3, 1.103820847165693
3, 13, -1.022283532001782
36, 6, 0.3473540070543408
38, 5, 1.620314354390679
13, 12, 2.255599073680714
31, 8, -1.432752822522229
24, 10, -0.03914830157826799
4, 13, -2.517089526062742
28, 9, 2.33675792277555
34, 7, -0.4752738252359529
44, 0, -0.334821981795407
40, 4, -0.03533922282002493
14, 12, -2.890255684263877
5, 13, 1.551601623646874
20, 11, -0.8343301149412786
6, 13, 1.543896130572883
25, 10, -0.5071218162581475
43, 2, 1.062072305993519
32, 8, 1.809481351022476
37, 6, 2.54279272317196
42, 3, 0.9392455636726657
15, 12, -0.2120541256020366
44, 1, -0.5147857511655055
39, 5, -1.191320293604912
29, 9, -2.075160903763505
7, 13, -0.60193472934513
21, 11, -2.829979956142973
35, 7, -0.06781752892897688
41, 4, 0.7133252197368206
45, 0, 0.2136880272511748
8, 13, 0.3681309380709883
16, 12, 1.78083412725904
26, 10, 2.304611967068523
33, 8, 0.4400410439373523
22, 11, 0.3031048710140257
9, 13, -1.035763302429097
30, 9, 1.898875776218378
44, 2, 1.715067827725771
38, 6, 0.23937948098819
40, 5, -0.8837761635247854
43, 3, -0.4236136279128686
17, 12, 0.7731051553310906
45, 1, 2.503139335552544
36, 7, -1.187146898481025
10, 13, 1.93704545726525
27, 10, 0.7770557002943874
-7, 14, -0.07159011511384179
42, 4, 1.034950527773433
-6, 14, -4.948960813905538
-5, 14, -1.843038520356044
23, 11, 0.06942884523105287
46, 0, 2.350594504071588
-4, 14, 0.3741974445461729
11, 13, -0.9077406210845284
-3, 14, -0.6440804153093788
18, 12, 0.6720646892197241
31, 9, 1.355046501234986
34, 8, -1.386996518358002
-2, 14, 0.5657335840651633
-1, 14, -0.1951004166173709
39, 6, 0.6673956777901953
0, 14, -0.3440503467413686
45, 2, 2.304924097605856
12, 13, -1.820885239441181
41, 5, 2.206943150049725
28, 10, 0.8295438025947186
44, 3, 1.442040122562401
37, 7, 0.2575138261542815
24, 11, -2.051595229139349
1, 14, -1.769691642193638
46, 1, -2.519953959411194
19, 12, -0.506957429690016
2, 14, 0.003149796412930561
43, 4, -3.638188793482994
13, 13, 2.122825972229418
32, 9, -1.374741000939583
3, 14, 1.679210976181744
47, 0, -2.950408853836012
35, 8, 0.01455180897829768
20, 12, -1.372180163464902
4, 14, 2.41269246095563
29, 10, -1.147795237555971
25, 11, 2.568440326949959
40, 6, 0.6228440066688419
14, 13, -1.371455525935922
42, 5, -1.588433501100194
38, 7, 1.606771433179756
5, 14, -0.4832748294707969
46, 2, -2.167600706787718
45, 3, 2.711169759417605
47, 1, -0.9605743365998441
6, 14, -2.668051569137265
33, 9, -1.19136795489557
21, 12, 2.69434827972712
15, 13, -0.1924140749248595
44, 4, 0.03607338612058695
36, 8, 1.321546043551366
26, 11, -2.241829956282417
30, 10, -0.8782992324276051
7, 14, 0.5068212888928774
48, 0, 2.672517350209396
41, 6, -1.626770735762216
16, 13, 0.2624625294070981
22, 12, -2.676641717186292
8, 14, -0.2463148517660692
39, 7, -0.8939247141849556
43, 5, 1.624053295538731
47, 2, 0.3311309700726441
46, 3, -1.393763493581458
34, 9, 0.4167819789057676
27, 11, 1.527840766193487
48, 1, -1.37160208955199
9, 14, 1.9838203389016
37, 8, 0.9717891053932814
17, 13, 2.833914781864174
31, 10, 0.4783403718345446
45, 4, -1.42070754540883
23, 12, -0.9278255155059451
10, 14, 0.6394634911591576
49, 0, 0.02260469232860061
42, 6, 1.251650607841602
18, 13, -0.4914153615482849
40, 7, 0.1575686099184062
-7, 15, 0.7931491425736644
-6, 15, 0.1491780487213446
28, 11, -1.552675810076004
-5, 15, -1.368029058851392
44, 5, 0.6673299814384723
35, 9, 1.693506166126612
11, 14, 1.122650977985847
-4, 15, 0.06658278884597152
-3, 15, 0.3680570872869101
48, 2, 0.8920872947282014
32, 10, 0.6691370325543109
24, 12, 0.3766303924010501
47, 3, -1.231090791037512
-2, 15, 1.764477667915371
38, 8, -0.9009843113961201
49, 1, 2.092706463170014
-1, 15, -0.2101929316513635
19, 13, -1.857466754528507
12, 14, 2.621259277805138
0, 15, 0.3541715511591997
46, 4, 1.078728137362026
29, 11, -1.083786090856384
1, 15, 2.229286881720151
50, 0, 1.645578313494642
43, 6, -0.9122434029239996
41, 7, 0.3897010730169482
13, 14, -4.574639976420339
25, 12, -2.111197792568504
2, 15, -0.813000675552302
36, 9, 2.202444101734727
33, 10, 0.5403436189945918
20, 13, -0.1577467833874966
45, 5, 1.235179817921443
3, 15, -0.2010175775499032
39, 8, 0.1468084702751925
49, 2, -4.145922762301285
48, 3, -3.708739692782086
14, 14, -0.9164523622837618
4, 15, -0.1625665673401059
50, 1, 2.864547129413906
30, 11, 1.75130876352492
26, 12, 2.169565097515662
47, 4, 0.6125568363888277
21, 13, 0.966572057542645
5, 15, -0.7782591762915191
15, 14, -0.2390796466059825
37, 9, -0.879548937552096
44, 6, 2.357597517984416
34, 10, 0.2693158853743886
42, 7, 2.522765861628873
51, 0, 3.202581126218113
6, 15, -2.141251980072638
46, 5, -0.0119959686892034
40, 8, -1.197276144084562
22, 13, 0.8955857687797292
7, 15, 0.08678063800514728
31, 11, 2.33822898941668
16, 14, 4.075486912408354
27, 12, -1.575502027308087
50, 2, 3.227989469707314
49, 3, 0.2759731721147703
8, 15, 0.6658781507772003
51, 1, 0.4411532189470307
48, 4, -1.698535358849352
35, 10, -2.300825469545486
38, 9, -2.194682965603507
17, 14, -2.413652527022109
23, 13, -2.931473440444529
43, 7, -0.9960782993328505
45, 6, -3.153134365658659
9, 15, -3.866454899024338
52, 0, -7.329167462117267
28, 12, 0.9042728060490376
32, 11, -3.602634802291818
41, 8, -4.364703300845863
47, 5, -0.05985867662631936
10, 15, -0.2510752091914136
18, 14, 1.939976454994257
51, 2, -1.106391405851339
24, 13, 0.4417717155210134
50, 3, 5.258779419479385
-8, 16, -0.7691667931643902
-7, 16, -0.4628840548235763
-6, 16, 8.751465818690713
36, 10, 4.994701533591679
-5, 16, 2.308184258483813
11, 15, 4.348917247084585
39, 9, -0.2120140000287462
52, 1, 5.905166606118106
-4, 16, 9.36679080455335
49, 4, 13.07518878116108
29, 12, -12.87768536300517
-3, 16, -24.04916024285937
44, 7, -2.423548116961852
33, 11, 0.5109506771310885
19, 14, -7.729823893761015
46, 6, -11.80689116854979
-2, 16, -12.70279001870585
12, 15, 3.414437500899973
-1, 16, 10.57893868758526
42, 8, -20.1552689226862
53, 0, 3.145891272451959
25, 13, 20.0474481778494
0, 16, 28.28717088227086
48, 5, 11.139024028516
1, 16, -23.28754274185116
20, 14, -53.49591803858523
37, 10, 14.44671756143124
13, 15, 7.863087621927962
30, 12, -10.74929868272517
40, 9, -16.8722502059732
2, 16, 6.078097576722236
52, 2, 8.338093692366824
51, 3, -31.60156856525055
34, 11, 2.498545276972548
53, 1, 7.334803464274913
26, 13, -3.269503986372827
3, 16, 13.87701188018955
50, 4, 7.753043210485161
45, 7, -4.03033335653941
14, 15, 5.748475518883183
47, 6, -1.134861100759808
21, 14, -10.2525299329208
4, 16, 6.561242307587453
43, 8, -5.714618190043846
54, 0, -0.5600133996382394
31, 12, 5.030129424968265
5, 16, 2.266623827569902
49, 5, 5.812116879779022
38, 10, -1.057430963829297
15, 15, -0.0411538907768766
27, 13, 5.986362714593109
41, 9, -6.89069419086885
35, 11, 1.289196874573105
22, 14, 5.527045211319222
6, 16, -2.761129236404614
53, 2, 5.134115994023166
52, 3, -3.126478228282615
16, 15, -1.122815210589435
7, 16, -3.653004528314831
46, 7, -4.258058683805955
54, 1, -2.903636856068756
51, 4, 1.461637023191549
48, 6, -3.219034453360158
44, 8, 0.6497423954116111
32, 12, -3.622675303307704
28, 13, -1.432141659383313
23, 14, 0.7831453242125346
8, 16, -2.834211374303084
39, 10, 1.136262880966437
17, 15, 0.4134646405544866
36, 11, -0.4700294580695247
55, 0, -2.140758744509493
50, 5, -1.600076390748806
42, 9, 1.199603693660535
9, 16, 0.01829319056522138
53, 3, 2.812686442754687
54, 2, -1.888680791431547
24, 14, 4.480647477445767
33, 12, -2.852681228469679
18, 15, -0.5624700288343318
10, 16, 1.696396969923475
47, 7, -1.863510573122722
29, 13, -2.235782155679764
52, 4, 5.327949869448582
45, 8, 0.03761133247785281
55, 1, 0.1354451353716916
49, 6, 1.73982464783691
40, 10, 2.841330389350599
-8, 17, -1.725558662166505
37, 11, 5.454201382714128
-7, 17, 3.387126750918357
11, 16, -1.061491075830204
-6, 17, 0.2954414261005108
-5, 17, 1.32029126753032
19, 15, 0.5920288022365532
-4, 17, -0.6401181373408587
43, 9, 1.373691882574155
51, 5, -1.965171535576492
25, 14, -1.884931957936717
56, 0, 7.419305557471299
-3, 17, -3.848353587859808
34, 12, -0.8070505847501698
-2, 17, 0.8758802265972592
30, 13, -0.7248073268519579
12, 16, 2.998912518765728
-1, 17, 2.339977397328356
20, 15, -0.09714637973453487
54, 3, 2.043416939532809
55, 2, -0.4213280123857438
48, 7, 4.150811160856992
0, 17, 3.002196110644666
46, 8, 0.1605694998803541
41, 10, -1.864348641891026
38, 11, -0.9562504833478159
13, 16, 0.3691033139416915
50, 6, 0.01441833113252676
26, 14, 2.315898313606974
1, 17, -1.55490769572208
53, 4, -0.4351551101012468
56, 1, 0.2090898272405706
2, 17, 0.2934622873484312
44, 9, -0.8793608863836132
31, 13, -0.08143317277494588
35, 12, -0.9040056923995665
21, 15, -1.111868990078368
14, 16, -0.4034358819503666
52, 5, 0.04536970497279567
3, 17, 0.8789659179217403
57, 0, 2.169457245401496
27, 14, 1.325925968025085
4, 17, -2.295517980220162
39, 11, -3.473649542596294
15, 16, -1.45184070939473
49, 7, 1.787530728596183
42, 10, 0.6285383607357617
55, 3, -1.851358258269323
47, 8, 2.061646741802868
22, 15, 1.479712634986351
5, 17, -1.019824853474788
56, 2, -0.4448477636002728
32, 13, 1.678075817743116
51, 6, -0.1741919895015889
54, 4, -2.074908592640623
36, 12, 2.107571306389328
57, 1, 0.8193619249823376
6, 17, 0.02578801504838081
45, 9, -1.450199123400791
16, 16, -2.900953509362439
28, 14, -2.434464867822582
7, 17, 2.260407984153987
53, 5, 3.032230748030355
23, 15, 1.404548676303721
58, 0, 0.9739534251520849
40, 11, -0.01711764863255599
33, 13, 0.9869897388551003
17, 16, 0.4073737014165961
8, 17, 0.8872937351735649
43, 10, 2.63923122276803
50, 7, -0.08707409192421445
48, 8, 2.331596587046638
37, 12, -1.239438784987655
56, 3, -3.969297331638709
29, 14, -2.815630694168503
57, 2, 3.250068476506414
24, 15, -3.589221742132453
52, 6, 0.2607870146716447
9, 17, -0.233872044865332
55, 4, -1.800595121243129
46, 9, 0.2564481070863897
18, 16, -3.199014852049779
58, 1, 0.5564222772796564
10, 17, 3.143629556223977
34, 13, -2.846691268710765
54, 5, -0.07546068898248846
41, 11, -3.529568958325603
25, 15, 1.785417926228924
44, 10, 0.9068395243829985
30, 14, 0.2582570052558664
59, 0, -0.5058145094193158
19, 16, 1.244154220652074
-9, 18, 0.007732179051607879
-8, 18, 1.072085502399857
38, 12, -1.219400728435319
11, 17, 0.2206773053255051
-7, 18, -0.6381845528122977
-6, 18, -1.196325754229389
51, 7, -2.616385503343277
49, 8, -0.1274732337185495
-5, 18, -1.239732441210277
-4, 18, -0.02794607995921997
57, 3, 1.975591339482588
-3, 18, -0.177328386326019
53, 6, 0.5294931805191312
47, 9, 1.332129532351381
58, 2, 0.08035862694183997
12, 17, -0.3893476469129554
-2, 18, 0.2588430452113994
56, 4, 1.041175800914289
20, 16, 2.223579503388
35, 13, 0.5757072654968388
26, 15, -2.753074579617081
-1, 18, -2.525130367327105
59, 1, 1.149585416069915
31, 14, 2.43412279575621
42, 11, 0.6810425935786991
0, 18, -0.2184679357563062
13, 17, 2.023799043120531
39, 12, -0.08263941077881114
55, 5, 0.9049943729088833
45, 10, 2.296726178033365
1, 18, 0.738183864853315
21, 16, -0.3943008505979618
60, 0, -0.1299182753326878
2, 18, -0.4031876682699485
50, 8, -1.865343664341113
52, 7, 1.134380974328548
27, 15, 2.570156321862129
14, 17, -0.1541931184453706
36, 13, 0.2673852841006346
48, 9, -2.800628717173143
3, 18, -0.9015533217317597
32, 14, 1.430253271274767
54, 6, -0.8552497503683636
58, 3, 1.702954475339919
59, 2, -0.8355059387948055
4, 18, 0.9977402716467559
22, 16, -1.702576822043863
57, 4, 1.412417021225578
43, 11, -0.2330991668436525
15, 17, -0.2097524768764719
40, 12, -2.072088233385176
60, 1, -0.4313310332634233
46, 10, -2.927817407757624
28, 15, 0.5807946488329757
5, 18, 2.405398527034806
56, 5, 1.525997502169429
33, 14, 0.9756551431543494
16, 17, -1.586831737041472
6, 18, -0.3679987288752764
37, 13, 0.2955321039766415
51, 8, -0.1958871306657617
23, 16, 1.495987992507572
53, 7, -1.008477014436278
61, 0, 0.03152445195676089
49, 9, 2.777959461279768
7, 18, -1.33032914462333
55, 6, 1.889589007126228
44, 11, 0.9714050241002068
29, 15, -0.9876869166773858
59, 3, 0.8696544533412578
41, 12, 1.797531540738542
17, 17, 0.09680146222487881
60, 2, -1.572700227363401
8, 18, -0.5948563814610025
58, 4, -3.084853612023961
24, 16, -1.102799846127597
47, 10, -1.229316841023619
34, 14, -1.898942866306309
61, 1, 0.2705190933259002
38, 13, 0.5599032610576602
9, 18, -2.498951493778968
57, 5, -1.20837781591977
18, 17, 0.4483084973414223
52, 8, -3.101338740926138
30, 15, 0.4765775582077553
54, 7, -1.093130528979837
50, 9, -1.046838969172029
25, 16, -1.636600838574652
10, 18, -1.232240261885054
62, 0, 4.742485989922518
45, 11, 1.277509555027553
42, 12, -0.5919042762936298
19, 17, 0.5137292354014202
56, 6, 3.927907950088226
35, 14, 1.137670788903321
60, 3, 1.062992764151118
-9, 19, 1.501366799742104
11, 18, -0.3503936137420962
-8, 19, 3.529806257175402
48, 10, -1.818671748466582
-7, 19, 2.580505162345194
61, 2, 0.003715518065580741
39, 13, 3.194782586668262
59, 4, 0.7742797765743783
-6, 19, 1.608272911383841
-5, 19, -0.9631627901249589
31, 15, -2.25572877770667
26, 16, 1.271168065664745
-4, 19, -0.694759053304043
62, 1, -0.4433586618514319
20, 17, -1.053959866328584
-3, 19, -0.7563413774639665
12, 18, 0.8374439101552476
58, 5, -0.5828023238187213
53, 8, 0.08120756354365383
-2, 19, -1.091949881543766
55, 7, 1.514934103370734
43, 12, -0.0917339553454411
51, 9, -1.178447688334222
-1, 19, -0.4574054373829181
46, 11, -0.04021046580379289
36, 14, 3.61038825485794
13, 18, -0.08450965791889758
63, 0, -2.437796168377294
0, 19, -0.6111795648477621
21, 17, -3.487760485303112
27, 16, 2.209445078596493
40, 13, -3.159679059877885
32, 15, 2.723554862234711
57, 6, 0.4375629055787794
49, 10, 1.817875201740901
1, 19, -0.166824109214202
61, 3, -0.7655680095490901
14, 18, 2.891674332308432
62, 2, -1.808212905002512
2, 19, -2.30252687972877
60, 4, 0.8106998675913237
3, 19, -0.009866387556651772
22, 17, -1.182717653509498
63, 1, -1.15134769736914
37, 14, -2.690551269313755
44, 12, -0.652401450099847
28, 16, 0.5117689680905226
59, 5, -1.051467777363793
54, 8, 2.206067629358683
47, 11, -1.823055658421311
33, 15, -1.069500652410163
15, 18, -0.7683981390854958
4, 19, 0.3661594004203639
52, 9, 0.01950988350598497
56, 7, -2.199243359465766
41, 13, 0.9224781784709301
5, 19, -0.2808817587782994
64, 0, 4.877927366153477
23, 17, -0.9573287823082707
50, 10, -0.3764108766226194
58, 6, -4.174151035538469
16, 18, -0.2103073352730282
29, 16, 1.295218636169058
6, 19, -0.3430340430684555
62, 3, -0.5739502521201505
38, 14, -0.5451386984876139
63, 2, 1.118698373607762
61, 4, 0.8020551962630807
34, 15, 0.8157943834995156
45, 12, -0.2841868400103333
7, 19, -0.2170803402581299
17, 18, -0.6464738503594414
48, 11, 0.3829337187676032
24, 17, -1.509894514908546
55, 8, 0.9923935173240266
42, 13, -1.724649263809013
64, 1, 1.485614135019875
60, 5, 1.863934841497944
53, 9, -1.351969072277764
57, 7, -0.3235373878805426
8, 19, 2.058914156033361
30, 16, -0.09583171496272529
51, 10, 1.470535828414114
18, 18, 2.537385153845181
39, 14, 0.2386219797789119
9, 19, 0.0613771243897074
65, 0, 0.6076056954906838
35, 15, 2.463356249273342
25, 17, 1.643561384799989
59, 6, 0.3735631603324627
46, 12, 0.9231310427567829
63, 3, 1.05114138122217
10, 19, -1.976960852300683
43, 13, -0.5313902279971437
19, 18, -0.6093111910125513
64, 2, 2.472327974921254
62, 4, -1.787255208047551
49, 11, -0.3780288989688281
31, 16, 1.02151180509147
56, 8, 0.8725861147745473
54, 9, 0.9357036090051044
26, 17, 2.169446133838304
-10, 20, -0.1400451866858324
65, 1, -0.9892487716218898
61, 5, -0.03663453092665991
11, 19, 0.4715766785323996
-9, 20, 0.002564640231603998
-8, 20, 2.007747666489274
58, 7, 1.559983441107117
-7, 20, -0.8077361272703256
36, 15, 0.08351071659270856
40, 14, -0.004548225591014593
-6, 20, -3.030324566263867
52, 10, -1.566262486866303
20, 18, -1.889818656546816
-5, 20, -0.6476214883977339
-4, 20, -0.04184315605823426
12, 19, 1.174582943274889
-3, 20, 0.5558160122739071
32, 16, -3.60518836711072
66, 0, -0.1930382587202462
60, 6, 1.295159830422895
47, 12, -0.4305599771664468
-2, 20, 1.260908625938038
44, 13, 0.1870287683654265
27, 17, -0.05801944872624231
50, 11, 1.852101611746702
-1, 20, 0.3148468462866935
21, 18, 3.405867697547952
64, 3, -0.4841550965464949
13, 19, -1.64863683973091
63, 4, 1.652554317511891
65, 2, 2.883058395026349
37, 15, 0.1197203085345635
0, 20, -1.141571794966342
57, 8, -0.5156979496425413
55, 9, 0.7905387290380537
41, 14, 1.375683982657236
1, 20, -0.8236814076832333
62, 5, -1.675813785772048
66, 1, -0.01118893145743928
59, 7, -0.3686578949447294
33, 16, 1.410992850647419
14, 19, -0.5208512233638438
53, 10, -2.286367924846138
28, 17, -1.44332032067376
22, 18, 0.4522411166853275
2, 20, -0.9267574967819325
48, 12, 0.7915481870062239
45, 13, -1.523362909505384
3, 20, 1.891977133666658
15, 19, 1.889543150859271
61, 6, -0.06510096916066173
67, 0, 2.731542948762758
38, 15, -1.167747384010692
51, 11, -1.251070885943328
4, 20, -2.277354569087873
23, 18, -1.289582941332031
42, 14, 1.673260785696348
29, 17, -0.300883474033716
34, 16, -1.556204119469573
65, 3, -0.2511163910228074
5, 20, 2.431291364055039
64, 4, 0.9907256782983188
56, 9, -2.237923088745728
16, 19, 2.085095744251864
66, 2, 0.8406773311177097
58, 8, -0.327839512876418
54, 10, 0.4936126468999465
6, 20, -1.802894049189554
63, 5, -1.815065467838832
60, 7, 0.1721522682568895
67, 1, -1.444137216037477
24, 18, 1.947354188521375
49, 12, -1.103882426304314
46, 13, -0.7586110979160146
39, 15, 0.6751177690006988
17, 19, -0.2328690620730256
30, 17, -0.6051987799004814
7, 20, -3.014809748151499
35, 16, -0.2573260576724293
52, 11, 1.222079119516519
43, 14, 1.285928338005926
62, 6, 1.237677706156603
68, 0, -3.466289437714124
8, 20, 0.6592213257488317
18, 19, 0.3604691052109866
25, 18, 3.092080315944549
66, 3, -0.7272705326969556
57, 9, 0.1412416211883088
59, 8, -0.1069626619641639
65, 4, 0.0927652876422064
9, 20, 1.035587063689516
67, 2, 0.8628140171092876
31, 17, -0.4491822784331455
55, 10, -1.379602743888434
40, 15, 1.253502945217093
47, 13, 1.089336626366255
50, 12, -0.7861980673943201
61, 7, 2.002371317025719
36, 16, 3.439834671116168
64, 5, -1.885810703846496
19, 19, 1.680692470205465
10, 20, -0.954246596702048
68, 1, 2.272294092239965
44, 14, 0.1975306534095111
26, 18, 0.5093866850679065
53, 11, 0.9671252664732127
11, 20, 0.3119248474833604
-10, 21, -0.313869629223412
63, 6, -1.299597534771772
-9, 21, -1.860817575655974
32, 17, -0.6434209666560092
-8, 21, 1.456245979636581
20, 19, -1.535084976206101
-7, 21, -0.02136937754539828
69, 0, 1.338417968705392
-6, 21, 0.1538242462707863
41, 15, -1.426894987105679
-5, 21, 3.788672081600795
58, 9, -0.2335073641740273
37, 16, 0.144601136865378
27, 18, -0.697093401610461
-4, 21, -1.236569705859004
60, 8, -2.725784315561392
12, 20, 2.223463126668686
48, 13, 0.1299084498231489
67, 3, -0.9304246221600977
66, 4, -1.841955953732355
56, 10, -0.1760370735849919
51, 12, 0.02244681796140748
-3, 21, -1.724700809516796
68, 2, -0.7185814120156006
45, 14, 0.9623130204036593
21, 19, 0.3297952695473662
-2, 21, -1.334016921161044
62, 7, 1.254233197153151
65, 5, 0.829938060909935
33, 17, -1.100658889391412
13, 20, 0.1995408084297847
-1, 21, 0.1810574589241253
69, 1, 1.759198149982949
54, 11, -0.4912308440104683
0, 21, -1.388742185106918
28, 18, 2.495014489540238
38, 16, 0.7576448398648322
42, 15, 1.693407669539928
22, 19, -0.424824408628655
1, 21, 2.490911321956731
64, 6, 2.456029656796107
14, 20, -2.51576195342351
49, 13, 0.2256238797907637
2, 21, 0.8408078207450703
70, 0, 2.671750198990949
59, 9, 0.9856257706694446
52, 12, -2.35151785447525
61, 8, 0.2612375349170556
34, 17, -1.117335141660683
46, 14, -1.400421436435645
57, 10, 0.9489991014923415
3, 21, -1.188813418643572
15, 20, -1.585240002823575
68, 3, 1.555756537717288
29, 18, -1.619510756377695
67, 4, -2.184781846423224
23, 19, -1.444549734679966
69, 2, 0.8809838227204334
63, 7, -1.484378080841043
4, 21, -1.108997327595967
66, 5, -0.2538991795674336
55, 11, 0.6127703827837557
39, 16, -1.598639764108119
43, 15, -0.2081218261080824
16, 20, 1.704291649996323
70, 1, 0.2762714654483895
5, 21, -0.4886803898434631
35, 17, 0.3755057420400825
24, 19, -0.4176010708118318
30, 18, 0.176798761450277
50, 13, -0.5231158310205913
65, 6, 3.820240142662338
6, 21, -0.9894950991993782
47, 14, -2.379205972166536
53, 12, -0.5967881314094026
17, 20, -0.3419790045448211
60, 9, 1.469996987754349
71, 0, 0.9029211965603395
62, 8, 1.047692428962092
58, 10, -1.568564943190038
7, 21, 0.9324459279661971
40, 16, 1.166339581308543
69, 3, 0.9480378729043146
44, 15, 0.09460337181734228
25, 19, 0.3110704115297542
68, 4, 0.5519077908324123
64, 7, -2.469615623610697
56, 11, 0.366680792025165
31, 18, 0.1960973786433295
8, 21, 1.423520323315636
70, 2, 0.2636981851869677
18, 20, -1.666849012005124
36, 17, -1.369379321292151
67, 5, 0.5762505501304522
9, 21, -0.6468341449560676
71, 1, 0.769897860460789
51, 13, -1.366950310934483
48, 14, -2.439221068391038
26, 19, 0.2862418881679915
19, 20, 1.248578767589119
66, 6, 0.06805817091969615
54, 12, 1.248537706191143
41, 16, -0.522209686803495
61, 9, 0.1047586010719838
10, 21, -1.361615453023723
32, 18, 1.204128819200696
59, 10, 0.2860362705236236
45, 15, -0.4554424677699838
63, 8, -1.029500016485229
37, 17, 2.120157079203126
72, 0, -1.765165940429086
20, 20, 1.693384501181287
11, 21, -0.7946655819291945
-11, 22, -0.09214713656771152
-10, 22, -2.111860086826055
57, 11, -1.897074054520835
-9, 22, 1.887869292663763
70, 3, -0.1024858534256731
-8, 22, -0.4572094629174819
69, 4, -0.05776246896682238
27, 19, 2.739956111519481
65, 7, -0.1754656479205465
-7, 22, 2.42879702496635
71, 2, 1.445362902189361
-6, 22, -3.356588711669946
-5, 22, 3.364586794133608
68, 5, 1.553364992860893
52, 13, 1.046545874483209
49, 14, 1.04789305435023
33, 18, 0.9877409830109792
12, 21, 1.467295308212005
42, 16, -1.180406109071564
-4, 22, -1.151774781464068
21, 20, -2.431024393786563
-3, 22, 0.4931297790928058
72, 1, -1.835171740002354
55, 12, 0.8405347255109074
38, 17, -1.344858652396874
46, 15, 1.735943650990323
-2, 22, 1.498800967922199
67, 6, 0.9871555151204938
28, 19, -2.261341498098234
62, 9, 1.951031614239243
13, 21, 1.745940603009876
60, 10, 0.6727320053818685
-1, 22, 1.4677603458143
64, 8, -1.015349697327892
0, 22, 0.7206899671135095
22, 20, -1.751630321990736
73, 0, -1.080622618045405
34, 18, -1.455030876253552
58, 11, 1.945495677282788
14, 21, -2.312861608190581
1, 22, -3.820041001005963
71, 3, -1.80978690788056
43, 16, -1.477595332188812
70, 4, -1.27166442727265
50, 14, 0.9198672669249293
66, 7, -1.102677366773349
53, 13, 0.1040429254701411
39, 17, 1.636435712906987
29, 19, -0.8110193833012296
72, 2, -1.435725013854563
2, 22, 4.217449751083144
69, 5, -0.4118871607717874
47, 15, 0.6455218882637089
23, 20, 0.09204475806374832
15, 21, -0.3606168810110466
56, 12, -1.107960278732844
3, 22, 0.907018960262178
73, 1, 0.7006608940867868
35, 18, -1.745842430514108
63, 9, -1.146078610208381
68, 6, -1.023682993521319
4, 22, 1.035490562516307
61, 10, -2.4265778258991
30, 19, -0.8737863719869992
16, 21, -0.7279630600370026
65, 8, 1.906489095032101
44, 16, -0.4996036989403699
24, 20, 1.103365674423623
40, 17, -2.305806611276501
5, 22, -0.9909984311807005
59, 11, 0.06700103826066529
51, 14, -1.659628198572045
74, 0, 0.9009015350084046
54, 13, 0.651076883345902
6, 22, 1.195747596091076
67, 7, 2.141541001748318
17, 21, -0.1694292145799995
72, 3, -1.157247517618798
48, 15, -0.4695457818839167
71, 4, -1.537218456013416
36, 18, -0.7726016887134963
57, 12, -0.8673524306096183
73, 2, -1.030788803671835
31, 19, -2.34431524482081
70, 5, -0.6007773354111715
25, 20, 1.478049237303769
7, 22, 0.6687122884107877
18, 21, 1.409797374266825
41, 17, 1.144456858109349
74, 1, -0.9852581225002941
45, 16, 1.918928077529242
64, 9, -2.2978960580555
62, 10, 1.183931028381796
8, 22, -0.5407434768876117
69, 6, -0.1227671170452181
66, 8, -0.2013397038824111
52, 14, 1.64106626368072
60, 11, 1.905574114371671
26, 20, -2.039511924393366
55, 13, -0.8727329393438632
37, 18, -1.090283498990895
32, 19, 0.7013857514226143
9, 22, 0.6649442978577793
49, 15, 2.07317692447316
19, 21, -1.209541560709138
75, 0, 2.2734508720247
68, 7, -0.937191743296368
58, 12, -2.120859952883579
10, 22, 0.3322961900065938
73, 3, 1.763671074029504
72, 4, 0.6075088988958037
42, 17, 1.234151364801675
74, 2, 0.8769576210131126
46, 16, 3.690951673215212
27, 20, 1.950992419452982
71, 5, 1.091910383735131
20, 21, 1.857904898801872
33, 19, 1.553186854531988
11, 22, -2.252706335421117
-11, 23, 1.780115682512196
-10, 23, 1.375123809416326
38, 18, 2.330393766294577
-9, 23, 0.2616293861255197
-8, 23, -0.1000864980451558
63, 10, 0.4069975727004956
65, 9, -1.260759439266893
53, 14, 0.3827705581515034
-7, 23, 1.971281635418486
75, 1, 2.492537228100571
70, 6, -1.065921053403983
-6, 23, 1.477137982512895
61, 11, -2.376175592307177
56, 13, 1.724242332606513
50, 15, 1.629676637066996
67, 8, 0.1096306239626548
-5, 23, 0.6809175347109072
12, 22, -1.559142659892273
21, 21, -0.1663053904766963
-4, 23, -0.5446460190806058
28, 20, -0.79975128826219
43, 17, -0.4103762131447069
-3, 23, -1.659589241743296
59, 12, 1.850204358240329
34, 19, 0.7760722792624546
76, 0, -0.6581248250758124
47, 16, 1.130641728373367
-2, 23, 0.4820145098513005
13, 22, 0.475375163267438
69, 7, -0.3934282744929215
39, 18, -1.488327800422164
74, 3, 2.467590472844074
73, 4, 1.409256592943559
22, 21, 0.06864761135014256
-1, 23, -1.358361588457579
75, 2, 1.764623849165009
72, 5, -2.636860575395996
0, 23, 2.16652251949808
29, 20, 0.6239007168775177
54, 14, 2.605080286274483
14, 22, 2.204031027246697
64, 10, -0.1684177079219883
66, 9, -0.03749745345735007
51, 15, -0.7646876733494755
1, 23, 0.970742840882703
57, 13, 0.6392605302076897
62, 11, -1.283095025823268
35, 19, -0.5173784847840173
76, 1, 0.1698009902045573
71, 6, -1.840608337075649
44, 17, -0.8646996556574955
23, 21, 0.3380570010793157
2, 23, -1.681977038987588
68, 8, -1.539072534208086
15, 22, 0.6343061909499731
40, 18, 2.984546535444947
48, 16, -0.4554493901209637
3, 23, -1.933884540129038
30, 20, 0.8816097343039212
60, 12, -0.1250858048191012
4, 23, -0.4023811684751737
77, 0, -3.044918821776665
70, 7, 1.175787154219842
24, 21, 1.118037908879677
16, 22, -0.6406076992064331
74, 4, -1.116193193997464
75, 3, -1.665147363484738
55, 14, -0.2858220844080382
36, 19, -0.09784525059074604
5, 23, 0.4556043510596497
52, 15, 0.4201838309028798
73, 5, -0.01448845167914932
45, 17, 2.587463622294111
76, 2, -4.344177778880024
65, 10, -3.981413331598313
58, 13, 0.850836183869035
31, 20, -1.41525718567302
67, 9, -1.916977248182504
41, 18, 0.4857429722852267
17, 22, 1.239643680756497
6, 23, 0.5408409206867895
63, 11, 1.033461747271014
49, 16, -1.498054535234013
25, 21, -1.92342022385933
72, 6, -0.6924911097084087
77, 1, -0.3141263353506709
69, 8, 2.784703730421489
7, 23, -0.844346186634115
61, 12, -2.94740525427362
37, 19, -2.853067998863111
18, 22, -0.8230227762257845
32, 20, -1.237422468004148
8, 23, 0.0367009806207336
26, 21, 0.4120776628516965
56, 14, -0.1067138992233544
71, 7, 1.667220384738541
46, 17, -0.9675550917630672
53, 15, -1.038958679947521
78, 0, 5.415025077981487
42, 18, 0.7428522371942413
75, 4, 2.274561818628016
76, 3, -2.272765350672454
19, 22, 0.7811799071468756
59, 13, 1.329620054025419
9, 23, 1.707476127690741
66, 10, 1.354406296212836
50, 16, -2.498512410063138
74, 5, 0.5579633855205647
77, 2, -0.4221485119846731
68, 9, -1.941285046551804
64, 11, 0.1794072749063687
38, 19, 0.1655283224284298
27, 21, 1.137700771987807
33, 20, 0.6663217436310338
10, 23, -0.8033867973433519
73, 6, 0.9229205967087941
70, 8, -2.961059584437867
20, 22, 1.086931818366172
62, 12, 0.03598125682548019
78, 1, 0.8994363690765604
47, 17, 3.147262540671485
43, 18, -2.79357940712064
-12, 24, -0.08848947335290505
11, 23, -0.3905714360229676
-11, 24, -1.662609776931658
-10, 24, -0.8805124039469118
54, 15, -1.987609900766518
-9, 24, -0.6218242528463082
57, 14, 0.3730133577873162
-8, 24, -1.929568298774618
-7, 24, -3.277948448512396
28, 21, 0.5351070830340355
72, 7, -0.7342215980554553
21, 22, -3.943428746252815
-6, 24, -0.5606030973988879
51, 16, 0.03305128936784936
39, 19, -0.07452283788492997
34, 20, 2.528787607256667
60, 13, -0.2221403128676517
12, 23, 0.2916966786496602
79, 0, 0.3765396682599026
-5, 24, -1.002024916781254
-4, 24, 1.970247525910058
76, 4, -2.023385842939547
77, 3, -0.8473462156294022
67, 10, 4.013474067378889
65, 11, -2.3068492789341
-3, 24, 2.560475876367309
69, 9, 2.384033490289285
75, 5, -1.595985460224635
78, 2, -0.2315867066111528
13, 23, -2.906325224657595
44, 18, -2.844757725837533
22, 22, -1.089371031949843
-2, 24, -0.6110850554637236
48, 17, -1.154528422788627
29, 21, -1.140617145174477
63, 12, -0.9130614612458826
-1, 24, -0.9040126702125844
71, 8, 0.6160341584667061
74, 6, 4.204890991136526
55, 15, -0.6168382989323737
35, 20, -1.304140328986052
79, 1, -1.977373729231825
40, 19, 1.019439336628111
58, 14, -2.378745405252037
0, 24, -1.04207588776176
14, 23, 3.497223307975624
52, 16, -3.021765594381386
23, 22, 1.443573522851284
1, 24, 0.09870769288846885
61, 13, 2.246793960305271
73, 7, -1.484094033574519
30, 21, -1.723052954588159
2, 24, -0.9672005727478529
15, 23, 1.512490214382845
45, 18, -2.593447018375468
80, 0, 5.286895304541418
68, 10, -1.76498568484014
77, 4, -0.5125057428156053
66, 11, -2.863035374788935
49, 17, 1.284101103528021
36, 20, -3.904212206744392
3, 24, 1.489640722643317
78, 3, 2.776867757600304
70, 9, 0.9974423284958028
24, 22, -3.626426322425172
76, 5, 0.2362232082784748
41, 19, -0.209217384663055
79, 2, 5.029837827448358
16, 23, -4.003961022610814
4, 24, 1.010896963137084
64, 12, 1.808758622155487
56, 15, -2.291813879229677
59, 14, -0.2592234939615578
31, 21, -0.3281273596532151
72, 8, -4.641447622834585
75, 6, -0.8774322445933651
53, 16, 1.529318043669789
5, 24, 4.288932957933727
80, 1, 3.344394744072553
25, 22, 1.502686665903321
17, 23, -2.758635743476981
46, 18, 0.398151522829958
62, 13, -3.146574766673941
37, 20, -0.4794007404025039
6, 24, -0.08855015277053796
50, 17, 2.360837631202921
74, 7, -0.008656959763655195
42, 19, -1.671729653598141
32, 21, -3.329773444541106
69, 10, -1.416132131976437
7, 24, 0.01720840378367474
67, 11, 0.7076136647149784
18, 23, -2.2872781031347
81, 0, -1.548236127792695
71, 9, -0.1055988945885177
78, 4, 1.05597993066193
26, 22, -0.2193945117725717
79, 3, -0.1153123419205925
57, 15, 1.451164013893537
77, 5, 1.764554892568493
65, 12, 1.38543058350059
8, 24, 0.2653392816863819
60, 14, 1.289390679259239
54, 16, 2.835268310798647
80, 2, -5.414172418319382
38, 20, 2.204468079079039
73, 8, -1.306676860874129
19, 23, 1.766895524734268
47, 18, -0.9228101173209878
76, 6, 1.540097917932221
9, 24, -2.816834780639721
33, 21, 3.665617093621369
43, 19, 2.056763611835907
63, 13, 0.2961532256757315
51, 17, 1.257943399850064
27, 22, -0.9794721165992104
81, 1, -0.08865679960255278
10, 24, 1.017281690367454
20, 23, 1.675095219398081
75, 7, -0.3207984049710118
70, 10, -1.769297084160989
39, 20, -0.4163708395287319
68, 11, 1.804263729781675
58, 15, 2.086102312748888
-12, 25, -0.2203856258929927
55, 16, -0.9494916931899418
34, 21, 2.054611418594591
11, 24, 0.2202754761974918
-11, 25, 0.4139126591853527
72, 9, 2.776670904786296
82, 0, 1.71063779310508
28, 22, 2.119422333681468
-10, 25, -1.357406580505879
-9, 25, 2.525150071644876
61, 14, 1.10237614301836
66, 12, 1.259339873025303
48, 18, 0.6005691089166594
79, 4, -1.738206897004317
80, 3, -2.329628932751244
-8, 25, 2.684356407533474
44, 19, -0.2647384373195695
21, 23, 2.809594471068193
78, 5, 2.744245894794704
-7, 25, 2.646204211678422
-6, 25, -0.08162597245313859
81, 2, 1.460584519248224
52, 17, -0.1363213245696254
12, 24, 1.75457638151905
74, 8, 1.487217762216871
-5, 25, -1.3065492856419
77, 6, -0.3822776116760336
64, 13, -0.6408761013542573
-4, 25, -3.896102712052339
40, 20, -0.5144569271234184
29, 22, 1.149642378579374
22, 23, -0.413594970794804
-3, 25, -0.3103519618245831
35, 21, 0.3715715895997866
13, 24, 2.716532792557982
82, 1, 0.7839779333252004
-2, 25, 0.3115782406570648
59, 15, -0.8791145746808635
76, 7, 2.600331339223876
49, 18, 1.942391261512588
56, 16, 4.974922883669129
71, 10, 1.685472990044635
69, 11, -0.8885656772856318
45, 19, -0.7223146618492657
-1, 25, 2.463597410495856
62, 14, -5.452288517264107
14, 24, 1.294528841622298
0, 25, 2.987478733518921
73, 9, -1.585057765661511
67, 12, -2.865035407341652
23, 23, 0.006544653980571379
30, 22, 1.864395767074508
83, 0, 0.7234266084426273
53, 17, -0.3881266073130599
80, 4, -0.3044598744769002
1, 25, 3.285517778431952
41, 20, 3.926109527206188
81, 3, 0.097812329462846
36, 21, 0.4798573968360473
79, 5, -1.443834931483331
15, 24, 2.394366916621371
75, 8, 2.991454722940611
65, 13, -3.564330003006856
2, 25, -0.1369551433483049
82, 2, 1.183197902609525
24, 23, 0.5525449045558203
78, 6, -2.570583940998852
3, 25, -2.664215396693213
46, 19, 0.4221271125932765
50, 18, 1.010725920594428
31, 22, -0.5060412408211267
60, 15, 2.755635553052287
16, 24, -0.4103820327427317
57, 16, -2.392060631882044
83, 1, 0.8789569809847828
4, 25, -2.128495314169955
37, 21, 1.37773691655731
70, 11, 2.939016102079052
72, 10, 2.247815491634654
42, 20, -2.747819727155437
77, 7, 0.6242413472555638
63, 14, 0.6495113261728819
54, 17, -1.569974206123814
25, 23, -1.782497888539657
68, 12, 2.01401134619311
5, 25, 3.031743383806713
17, 24, -2.16166118434822
74, 9, -1.175042327650932
32, 22, 2.659162226528756
84, 0, 3.829442737114036
6, 25, 1.090964831922214
81, 4, 1.803334758201908
82, 3, 2.15573252050234
66, 13, 0.7188668740939541
47, 19, 0.6614619118780689
80, 5, -2.736166880693387
51, 18, 0.8408059430086325
76, 8, 2.025441887240159
18, 24, 1.468062208377328
38, 21, 1.516897703429408
26, 23, 0.8698146413230023
83, 2, 2.548410560057689
7, 25, 1.061856117603269
58, 16, 0.5964611428741897
43, 20, -0.1832212788530703
79, 6, -0.1279246269757656
61, 15, 0.9462837154979464
8, 25, -0.2734467147637055
55, 17, -0.3460273356290891
33, 22, 1.288288143953403
64, 14, -1.600495929506999
84, 1, -2.263701983507759
71, 11, 2.543343180238168
19, 24, -4.738601600102823
73, 10, -3.874792417768076
78, 7, -1.768770473474349
27, 23, -2.100273500392706
69, 12, 0.3945261128254124
9, 25, 0.1785793834441435
48, 19, -1.007590834741632
75, 9, -1.35935923958685
39, 21, -1.762147099568802
52, 18, -2.683018647467841
44, 20, -1.108423046153723
20, 24, -0.955347227048541
67, 13, 1.801271653145982
85, 0, 0.8672975955830216
10, 25, -0.01778204728778746
82, 4, 2.709911886289365
34, 22, -0.6129487002085378
83, 3, -1.096448445429222
81, 5, -0.4204665602166461
59, 16, 1.723966077029001
28, 23, -2.125112181924642
77, 8, -0.8274218902102215
62, 15, 1.687662876839695
56, 17, -2.101426767069519
-13, 26, -0.1178379337493632
84, 2, -1.733012213648815
-12, 26, 2.241605992056663
11, 25, -2.062007280403059
-11, 26, -0.5158227799243268
-10, 26, -1.934844065614019
80, 6, 1.174434659187882
21, 24, -2.350283407919346
-9, 26, -1.602656886066308
65, 14, 0.6277468487577146
40, 21, -0.5921544296702911
-8, 26, 1.594162363293483
49, 19, -3.53536041168437
-7, 26, -1.135130879499012
72, 11, -1.318178429731477
74, 10, 3.325411544397127
-6, 26, -1.509604624908546
12, 25, -0.6015841489952838
35, 22, 0.3972609657961644
85, 1, 1.96222507997232
70, 12, -0.6449051162761532
45, 20, 2.299695057029219
53, 18, 0.8762623020067501
29, 23, -3.07185059852057
-5, 26, 0.5597551414223808
79, 7, 2.637580816203507
22, 24, 0.5923348799408307
-4, 26, 1.80802943463312
76, 9, -2.482096119580618
68, 13, 1.817164683654413
-3, 26, 4.09318992539154
13, 25, -2.218604955382798
60, 16, -3.443137721239617
-2, 26, 3.091560265544972
63, 15, 0.669508307897937
41, 21, -0.6485387171747431
86, 0, 0.1683954162527107
83, 4, -3.999123067445487
57, 17, -0.5819597372217388
84, 3, -2.3753948584211
82, 5, -0.4130618116877017
30, 23, 1.232343517636731
-1, 26, -3.838108289842805
78, 8, -2.674235870620921
36, 22, -1.496263435371145
23, 24, 0.9586166620965164
14, 25, 1.021859881037296
50, 19, -1.492702252410659
66, 14, 5.253479881112061
46, 20, 0.2975568818698207
0, 26, -3.699250128192762
85, 2, -2.273957737607714
81, 6, 2.432458111349103
54, 18, 4.038610588035958
73, 11, 1.992594406965142
1, 26, -0.3440662939005515
75, 10, -0.9853861593699358
15, 25, 1.289524873858382
71, 12, 0.6449436283633679
24, 24, -2.489888390257494
2, 26, 1.776289466315379
86, 1, -0.1087450241459731
31, 23, 1.015709806939762
42, 21, -1.6585089934562
80, 7, -3.148998808568956
37, 22, -1.84200377747797
77, 9, -0.06908003884047392
61, 16, -1.199809224175096
69, 13, -3.234622595277099
3, 26, -3.372154712557144
58, 17, 2.120186826397386
64, 15, 2.007810920608697
16, 25, -2.719979560252291
51, 19, -2.119704667131036
47, 20, -1.911800270912965
4, 26, 1.501555159339449
25, 24, 2.593935544736518
84, 4, 0.980511680353009
87, 0, 2.988344230422245
79, 8, -0.3638538415662767
85, 3, -0.9440434838893146
83, 5, 1.729244450824014
55, 18, 1.383718156521262
32, 23, -3.097426215806782
67, 14, -1.770986207393873
17, 25, -0.3030909472395934
5, 26, 0.3423033595418375
43, 21, 0.04367116767995292
38, 22, 1.886101149627416
86, 2, 0.09044622459071788
82, 6, -0.8977082207830305
74, 11, -1.341631185877636
6, 26, -0.08669288394010571
72, 12, -0.07113663730665445
76, 10, -2.463396721343616
26, 24, -1.107267546576432
18, 25, 5.919724327383773
62, 16, 1.856384124738396
59, 17, 1.499739199982264
52, 19, 0.8925688122450933
48, 20, -1.15864654428758
7, 26, -1.551629268304819
87, 1, -1.833085865716823
81, 7, -2.90653529700852
33, 23, 0.1890325933732411
70, 13, 2.495544196069443
65, 15, -1.797278521666315
78, 9, -1.399365042313873
39, 22, 2.210097666972889
8, 26, -1.211160270766171
56, 18, -2.231741942008644
44, 21, -0.9791750908862267
19, 25, 3.220613449835219
27, 24, 1.596448454478994
68, 14, 1.717877950570668
85, 4, -1.950531562509437
88, 0, -3.177917648115264
80, 8, 3.491873261872751
84, 5, -0.03064662857612055
9, 26, 0.7445614721474381
86, 3, -0.216672199911606
34, 23, 1.912048054918334
20, 25, -0.3626303692964745
75, 11, 0.2401546011536579
49, 20, -0.8847443097638487
83, 6, 4.167284683272042
87, 2, 2.532510462568873
53, 19, -1.466452860436369
73, 12, 1.180778272317869
28, 24, 1.011344005346089
63, 16, 1.083122862481464
10, 26, -1.251334018920889
77, 10, 0.260363645187925
60, 17, -3.014126299312688
40, 22, -0.07487074206477251
66, 15, 0.2085191003687094
45, 21, -0.7912178671424287
71, 13, -2.506624412492558
82, 7, 0.7363649498808412
-13, 27, 1.584759120513616
57, 18, -4.664742003518058
-12, 27, -1.648189588122213
21, 25, 0.1497329028239463
88, 1, 0.3913293160882712
79, 9, 2.156796596015516
11, 26, -1.391216663969027
-11, 27, -3.449602170642189
35, 23, -0.7496533634366412
-10, 27, 2.679184599853722
-9, 27, -2.265245943832204
-8, 27, 2.394412978199318
29, 24, -2.445982067203003
-7, 27, 0.4251201698445328
69, 14, -2.009636438261166
12, 26, -1.009404567043208
-6, 27, -2.581427534966375
50, 20, 3.51817422953591
41, 22, 3.355221106536156
22, 25, 2.187976517161468
-5, 27, -0.009405620015483398
81, 8, 1.86134614105144
54, 19, 3.183951538764955
86, 4, 5.482727624223825
89, 0, 3.158322770042156
85, 5, -0.1668297843470839
-4, 27, -1.115661665189505
87, 3, -0.5890897033975738
46, 21, -3.844158513273432
64, 16, 1.606487961486341
61, 17, 0.1479513767920326
76, 11, 1.91916709097257
36, 23, 1.278576230515057
13, 26, 2.109285134018198
-3, 27, -2.30883488796999
74, 12, -3.574828687441573
84, 6, 0.3984745805755225
30, 24, -3.958829235946677
88, 2, 1.603623753652565
78, 10, 1.171796096871688
-2, 27, -0.8914599320318416
67, 15, -0.9730007495774536
58, 18, -0.1408158219466262
72, 13, 3.049178088062376
23, 25, -0.2675653702005726
-1, 27, 2.989434126946292
14, 26, -0.4267944512226065
83, 7, -0.8787135282234382
80, 9, 0.5047675423024064
42, 22, 4.548039892508846
0, 27, 1.240834066901055
89, 1, 3.607950860821724
51, 20, 0.9136170686766576
70, 14, -3.254223103131753
37, 23, -2.481796758115105
55, 19, 0.4246847427811413
31, 24, 2.861544693674379
1, 27, 0.08725459841051116
47, 21, 2.800256365614833
24, 25, -2.672048290920754
15, 26, 2.43011109131566
62, 17, 1.92119177372971
2, 27, -4.162996332722454
65, 16, 0.3715492633316205
82, 8, -1.387543478295392
87, 4, 1.379375266978891
90, 0, -0.8353123034807604
86, 5, -1.865401013552557
88, 3, 1.194929218291945
77, 11, -0.2682916044356753
59, 18, 2.719104249913151
16, 26, 3.410986718376629
75, 12, 1.677038300838675
3, 27, -1.770538166138252
68, 15, 1.389100234327344
43, 22, -2.733810520215614
25, 25, -2.127637248929687
32, 24, 2.088171219860913
85, 6, -2.289438603865628
79, 10, 0.4758902348523233
73, 13, 4.332172297320831
38, 23, -1.271677046637122
89, 2, -2.096324411136317
4, 27, 1.25702499001195
52, 20, -3.151847920854218
48, 21, 0.5717862889355882
17, 26, -0.4529989785120838
56, 19, -1.987988869762898
5, 27, -3.569756197083147
81, 9, -0.9023312125596104
84, 7, 1.50310100038611
71, 14, -2.587266519415373
90, 1, -1.828612393712109
26, 25, 0.8910678455877492
33, 24, -3.041655248538732
6, 27, 2.962063255689889
63, 17, -1.367800210149902
66, 16, 0.9634990265798641
44, 22, -0.6455193540637582
18, 26, -1.099437121521384
39, 23, 0.9432851513070202
60, 18, -1.652242916991244
83, 8, 1.280793620965267
7, 27, -0.4959573020094439
53, 20, 0.1794187705006338
69, 15, 0.6884192831797916
88, 4, -0.1174790696969254
76, 12, 0.2123199215404343
78, 11, -1.931379135825802
87, 5, -0.4206368148244332
27, 25, 1.557655688634779
91, 0, -2.797539914935126
49, 21, -0.9828725505419129
89, 3, -4.86526245552274
19, 26, 1.029153604054722
74, 13, -4.185147346134257
8, 27, 2.212762299170627
80, 10, -1.512736804340919
57, 19, 2.377140992552936
86, 6, 0.2597934816191428
34, 24, -2.099767610403826
90, 2, -0.1913697447490146
45, 22, 1.601600435178707
40, 23, -3.767951859089611
9, 27, 2.586572860092383
72, 14, 6.741092524989893
82, 9, 0.2040084938393332
20, 26, -2.201977034652498
85, 7, 0.1691912873103869
28, 25, -1.446520228994007
64, 17, 1.076147138041568
67, 16, -0.7578897580920922
91, 1, 0.8978608504177974
61, 18, 4.05949274468778
10, 27, 2.543559929572997
54, 20, 2.232756136811404
50, 21, 3.448186219526081
35, 24, 3.178113891715518
21, 26, -4.712554741987741
70, 15, -5.457371015568802
-14, 28, 0.3798593330808451
-13, 28, 2.013580588393356
84, 8, 1.480999244605747
-12, 28, 1.011390386636254
77, 12, 1.533511383922337
58, 19, 1.898805835036123
11, 27, 0.8090388609263885
-11, 28, -1.705466973439997
79, 11, 4.91095004531081
29, 25, 2.30290264984057
41, 23, 2.12522001428904
-10, 28, 2.132211813163862
46, 22, -2.955282513107543
89, 4, 0.8783732174238225
-9, 28, -2.672039765624416
88, 5, 1.594474893935719
75, 13, -1.866256206519773
92, 0, 5.90500900217051
-8, 28, -2.871728879209563
90, 3, 0.4716779376139626
81, 10, -0.2806140473895832
-7, 28, 3.255065881490256
87, 6, -1.404422595361558
12, 27, -8.658044075274832
22, 26, -0.5841948259161971
-6, 28, -2.860172825101207
36, 24, 2.987748091973895
91, 2, 3.403266732465686
73, 14, -1.272304237530393
65, 17, 3.492326562787449
-5, 28, 5.225734408227581
51, 21, -1.326876809226772
62, 18, -2.021818343907855
55, 20, 1.022064189161859
30, 25, 0.0826323334289925
83, 9, -0.01720780591003863
68, 16, 4.390143074935724
-4, 28, -0.9737724549296117
86, 7, 1.300434788092224
13, 27, 1.178318946050119
42, 23, -3.333995387517694
-3, 28, 2.57528938700414
23, 26, 4.216971127557581
92, 1, -6.408720993183363
47, 22, -0.05793119521493666
-2, 28, -3.046533175658505
59, 19, -0.963368828610515
71, 15, 2.554288409462872
37, 24, 1.541066146801054
14, 27, 1.031483828010515
-1, 28, -3.463102451307595
78, 12, -1.227769602522627
85, 8, -8.781165590362615
80, 11, 0.7151763509776525
31, 25, 3.649730284189603
76, 13, -5.216907343379714
0, 28, 1.578705191203877
90, 4, -4.366590996694197
24, 26, 8.440914341116502
89, 5, -1.98970085897197
82, 10, -2.027446470814933
52, 21, 0.03412612823118644
93, 0, -0.8947061093933552
15, 27, -2.700756524188005
91, 3, 0.5664526147410934
1, 28, 1.260858154930057
56, 20, -0.6117889440275197
66, 17, -5.688326133219856
43, 23, -0.1383730471904231
63, 18, 3.760375162880878
88, 6, -1.720972672972672
74, 14, 2.836396454888186
69, 16, -3.068444864503119
48, 22, -0.490534481199258
2, 28, -3.463872088659075
92, 2, -4.832113111953559
38, 24, -5.031180505976597
32, 25, -2.303794130799551
84, 9, 1.571935087974255
16, 27, -1.550403855247771
60, 19, 1.297646407646789
25, 26, 4.931898089756216
87, 7, 0.1463668912133669
3, 28, 1.770623214598092
72, 15, -0.6250236049302857
4, 28, 2.726372244970149
93, 1, -2.111146055822229
44, 23, -3.053854282849261
17, 27, -1.139605214425065
79, 12, -3.123436641469761
53, 21, -1.156692149009101
81, 11, -0.9149037786908275
86, 8, 3.020670720981831
26, 26, -7.284604872998276
77, 13, 2.68814619001328
57, 20, 2.431193952373852
33, 25, 6.807603387905702
5, 28, 3.221096572373632
39, 24, -0.02604973245784036
49, 22, 0.8686009487473736
67, 17, 3.606270365227769
64, 18, -2.028448908618363
83, 10, 2.821897208782569
91, 4, -0.83401189876425
90, 5, -3.179793007158995
6, 28, -4.590700693316095
18, 27, 1.831086715570738
75, 14, 0.3198681111917321
94, 0, 3.809818865605008
70, 16, -0.07415236178351033
92, 3, -1.041902786845477
89, 6, -2.072817920378387
61, 19, -2.83947597628191
27, 26, 1.450380301253584
7, 28, -1.811244567850947
93, 2, -0.3087682699623329
45, 23, 4.695440035538063
85, 9, -1.740590039779236
34, 25, 1.127207296504273
19, 27, 3.591260916619473
40, 24, 4.669963224779329
88, 7, -2.327049304826012
73, 15, -2.262217464622786
54, 21, -2.460144537245869
8, 28, -3.497292615963893
58, 20, -2.533009185719586
50, 22, -0.6172135094107581
94, 1, 2.719190882219306
80, 12, -3.28404604176457
28, 26, -3.839527923893463
82, 11, -0.3258769737332811
78, 13, 3.081351483151834
9, 28, -1.639630893013819
68, 17, 2.345345716849944
65, 18, -5.502111132229215
20, 27, -0.2189999986251989
87, 8, -3.295893156860083
35, 25, -9.207510154325488
71, 16, 5.860955602156625
62, 19, -5.18361285649424
46, 23, 7.148798886265352
84, 10, 0.6622091245511361
76, 14, -4.811353885304137
41, 24, -1.966585091273589
10, 28, 1.938331093068567
92, 4, -4.925582642359824
91, 5, 0.7755889854723271
95, 0, 1.231698724279134
93, 3, -0.2111858445180677
21, 27, 7.398715914975446
55, 21, 2.974498811921515
29, 26, -3.903346149386582
90, 6, 1.174343517178602
-14, 29, 6.682338695769185
-13, 29, 3.605599279917888
51, 22, 6.366885301790764
-12, 29, 1.476501422881767
11, 28, 2.752834163471324
-11, 29, 2.134352189615084
86, 9, -0.5104407518256523
74, 15, 9.409397076992708
59, 20, -5.963534624042294
-10, 29, -1.43395657556925
94, 2, 4.885722194514105
36, 25, 4.216523025944112
-9, 29, 5.599328392409879
89, 7, 1.431308589604162
-8, 29, -10.27057920451779
22, 27, -2.283310180694861
-7, 29, -0.5202729795698677
12, 28, 3.09597628315572
66, 18, 0.1514751063792668
42, 24, -3.766290822134978
47, 23, -2.382191200946351
69, 17, -3.105075203455492
-6, 29, 0.8325095642173025
30, 26, -3.16317503051906
81, 12, -1.130156034135122
79, 13, 1.206406133187178
95, 1, 0.04585477739435086
-5, 29, 3.329707965600493
83, 11, -3.351082180575327
63, 19, 7.207855695203724
-4, 29, -1.865548835247698
88, 8, 1.307406368847744
72, 16, -4.484577976804908
13, 28, 2.576418993113011
77, 14, 6.910607677849526
56, 21, -1.144557366210584
37, 25, -0.8389027793870625
23, 27, -4.086040954610612
52, 22, -4.25631701650224
-3, 29, -3.822641359219443
85, 10, -3.740723805564659
93, 4, 2.792357975141931
-2, 29, -2.282226764187872
92, 5, -3.25409316393389
60, 20, 7.170744828227821
31, 26, 7.183726668193803
14, 28, 2.77796958258648
96, 0, 0.05244315780301185
94, 3, 1.335036205799502
43, 24, 4.606690412359592
91, 6, 0.7190310946368431
-1, 29, -1.010330321705427
75, 15, -6.431497776540141
48, 23, 0.7398074031356494
87, 9, -0.7205098761030831
24, 27, -2.255821271484955
0, 29, 1.806078783794518
95, 2, 4.664880512893069
67, 18, 6.021824313271784
90, 7, 2.636663591736977
70, 17, 1.03803198503071
38, 25, 1.289538378016407
15, 28, -2.960362319495827
1, 29, 1.921174879040346
64, 19, 3.83215721835319
82, 12, 0.9396853610776401
32, 26, 2.441745497201332
57, 21, -1.993267418300968
80, 13, -0.957297491708299
53, 22, 2.209468434531461
84, 11, 0.3952765041024579
73, 16, -1.633062883357308
2, 29, 2.519264251744825
25, 27, -6.946010035677132
96, 1, -0.7871835419237602
44, 24, -0.2539961147911505
16, 28, 1.975427947675653
78, 14, -5.338361184311029
89, 8, 5.308891926623301
61, 20, 1.71779554179321
49, 23, -2.880168095937515
3, 29, -1.593738766344102
86, 10, 0.5951211126151311
39, 25, -4.479716188305552
33, 26, -4.842124464140271
4, 29, -7.687507874758838
94, 4, 1.484630978701241
93, 5, 0.8710252952916704
17, 28, 1.508229834819461
76, 15, -1.623893776506214
26, 27, 1.733937325218472
97, 0, -2.411158851378622
95, 3, -5.033294234689856
92, 6, 0.6861135369270643
68, 18, 9.026913659579103
5, 29, -2.693332234842792
88, 9, 1.203041487906001
71, 17, -7.812983800822046
54, 22, -4.261420678436773
65, 19, -2.252669427590215
58, 21, -4.321384831980715
45, 24, 0.0005452432017536603
96, 2, -0.07206933717877378
18, 28, 0.06151570014750141
91, 7, -0.04292328851675566
6, 29, -3.603215712592161
83, 12, -2.523022546161532
50, 23, -1.498725973717369
81, 13, -0.7621072298228496
40, 25, 4.089839755764337
74, 16, -3.626952229065661
34, 26, 1.828548323666572
27, 27, 6.722576088844803
62, 20, -1.855469475266111
85, 11, 6.020935782457271
79, 14, -5.944899535291996
7, 29, 5.142298925811014
97, 1, 3.156298203582052
19, 28, -4.996434436105587
90, 8, -1.076324070269884
87, 10, -3.684850345549906
8, 29, 7.440889299632328
46, 24, -4.815409560212269
77, 15, 0.8103265440417545
55, 22, 3.31469160356682
28, 27, 11.66681287638307
69, 18, -3.739603400861276
59, 21, 1.755020490391748
35, 26, 1.133041723382489
95, 4, 3.011027182786985
94, 5, 0.2605507958885455
66, 19, -4.466877216025583
41, 25, 0.3399810455752111
20, 28, -8.402827429868067
72, 17, 5.072522429146537
51, 23, -1.819597502099948
9, 29, 0.6908778327964014
96, 3, 2.510171799378172
93, 6, -0.8199654746308823
98, 0, 3.040393010913344
89, 9, 0.8098111838533574
63, 20, -2.11396915621968
75, 16, 5.39409320760757
10, 29, -8.085454223145614
29, 27, -3.621333739284351
97, 2, -3.635309065197533
92, 7, -7.429214382707029
84, 12, 0.7844161939109652
82, 13, 6.236244555409072
21, 28, 3.791276178650753
36, 26, -5.839464852082615
86, 11, -4.820051451380587
47, 24, 1.856162431540959
-15, 30, 0.1597495137185095
80, 14, 5.002800616163701
-14, 30, -2.857642017715862
-13, 30, -0.6972279892256609
-12, 30, -1.317021573223572
42, 25, -11.17543935225783
11, 29, 0.01385908109899624
-11, 30, -5.072625887827191
56, 22, 11.71623114998027
-10, 30, 3.972300863152669
60, 21, 4.648619430056011
-9, 30, 8.848524739800546
98, 1, -0.8196403954876677
91, 8, -2.651740663216498
52, 23, -4.850144072104882
88, 10, -1.930774238215866
70, 18, -1.513798818260698
22, 28, 5.234134615617696
-8, 30, 5.130135458605134
78, 15, -1.133142735307694
30, 27, 0.1949481560989335
67, 19, -1.256775152159251
-7, 30, -11.72435911244097
12, 29, -1.376172870348171
73, 17, 8.670081031714421
-6, 30, 5.437750029594569
37, 26, -3.42148794924142
95, 5, -4.340087920108965
-5, 30, 5.967043301511836
96, 4, 0.006748058418158931
64, 20, -3.38533676246219
48, 24, -0.4387460968014683
94, 6, 0.7933587339575284
-4, 30, 0.6158198826985198
23, 28, 2.824015608238623
13, 29, -8.351898872485688
97, 3, -6.586491469201969
43, 25, 5.414870158556461
99, 0, -1.330329573646551
90, 9, 1.779067955670951
76, 16, 2.634485464360027
31, 27, -7.385016345631371
-3, 30, -0.1133506318338812
83, 13, -1.726611054674992
57, 22, 1.218026740031998
85, 12, 0.3600190539580284
93, 7, -1.471103599002955
98, 2, 9.112908673892353
-2, 30, 0.6571101430828721
53, 23, 12.53895629919082
81, 14, 2.726695752102795
61, 21, -3.765845084193364
14, 29, -3.673591728435458
87, 11, 11.55165761881108
38, 26, 10.81523350736552
-1, 30, 11.46822956501117
24, 28, 8.03005513451223
71, 18, 2.728940513593029
68, 19, 4.685360685619646
0, 30, -7.938854866775256
79, 15, -7.993036281475448
92, 8, -3.587783308723771
32, 27, 0.4044400024267089
99, 1, -6.32035584016212
89, 10, 3.913945170602048
44, 25, 0.4432276640278123
15, 29, 1.41447439955624
74, 17, -9.659245968166305
49, 24, -0.05437765018253249
65, 20, 6.231942448219058
1, 30, -12.16763713415111
25, 28, 2.328077435244451
58, 22, -5.859764902340556
2, 30, 3.550126088157844
96, 5, -0.340804723493574
39, 26, -9.215888879725476
16, 29, 6.631789888795257
97, 4, -5.406875967320679
77, 16, -5.751740865176646
54, 23, -8.763825113018596
95, 6, 2.957722076737638
91, 9, 0.5775488677237005
98, 3, -0.2707596320732021
62, 21, -4.41365831950157
33, 27, -5.69205640728755
3, 30, 7.861625195488175
100, 0, 1.715635465190181
84, 13, -11.21222154769196
86, 12, 2.789835501136904
45, 25, -2.125120118863535
82, 14, -3.167127113940678
26, 28, 5.288005887763919
94, 7, 4.963275319256378
17, 29, 3.122636385451062
50, 24, 15.68643372636234
4, 30, 19.35770003199277
99, 2, 1.671853755741436
88, 11, 2.223512851691723
69, 19, -2.39847371979521
72, 18, -7.679611112008414
80, 15, 7.474578317065834
5, 30, 1.052171292515922
66, 20, -3.640485819144004
40, 26, 1.44812873980132
75, 17, -1.976233714585255
34, 27, -12.35400240955617
93, 8, 0.6003649938884317
18, 29, 2.198395417390527
90, 10, -0.8133703004962209
59, 22, -6.911652676749833
55, 23, 0.9304070267268969
27, 28, -11.22976169607747
100, 1, 1.595628753495622
6, 30, -0.7114712809597842
46, 25, 4.884626941740382
63, 21, 1.729092583420049
78, 16, 4.925226159850631
7, 30, -8.12602286201705
51, 24, 3.17009113532383
19, 29, -3.289010437036084
97, 5, -0.9080859616410371
98, 4, 7.229983153192125
92, 9, -0.09620255408998465
41, 26, 5.725822382439809
96, 6, 9.535232072902341
85, 13, 6.122474779484532
35, 27, 17.53443834937246
28, 28, -6.890676879816123
99, 3, -3.412777486344647
87, 12, 1.710956861277278
101, 0, -3.558149313021444
70, 19, 3.761049685386006
8, 30, 1.375365932277626
83, 14, 4.688794418812251
73, 18, 5.467800652796958
95, 7, -1.045855457363286
67, 20, -5.644512483068138
89, 11, -9.152530151656013
20, 29, -9.082871408699344
56, 23, -3.989441530844557
100, 2, -2.667151206927138
60, 22, -0.7201737284442847
76, 17, -3.666443080915049
81, 15, 2.399932903983299
9, 30, 5.807342869585487
47, 25, -2.376948602007071
29, 28, 1.426076109080885
36, 27, 4.060362479800011
52, 24, 1.847919658835568
91, 10, -3.750367767316624
64, 21, -2.824880011649884
94, 8, -7.569855758543536
42, 26, 1.841538148903187
10, 30, 8.266712605588912
21, 29, 0.4850233202787174
101, 1, 4.517676038595597
79, 16, -13.22582685589252
-15, 31, 14.32605443360436
-14, 31, 2.657473139547211
-13, 31, -10.02772619592948
-12, 31, 1.767264163217808
-11, 31, 3.89297735221308
11, 30, -2.263565580857767
-10, 31, -5.192814778755627
71, 19, 4.938498399217923
30, 28, 3.907765159748366
98, 5, 1.757689693944149
74, 18, 1.902335184240659
-9, 31, -2.824660118299827
99, 4, -3.573532165169631
86, 13, 5.310438199853447
22, 29, -4.443891357370709
93, 9, 3.844410262069196
57, 23, -11.10026747471147
48, 25, 2.909345562667642
88, 12, -8.945760607096393
68, 20, 3.857973321359952
97, 6, -8.234569386483175
61, 22, 4.049831506552827
37, 27, 6.460134689266873
-8, 31, -9.252082970185658
84, 14, -5.185142612645275
100, 3, -5.780155791790708
43, 26, 4.997414519354727
-7, 31, -1.832262110015399
102, 0, -1.807863984124521
12, 30, 9.519011875301519
77, 17, 0.999514831989882
53, 24, -8.131649250696412
-6, 31, 3.190902997811374
90, 11, 1.647772028223879
96, 7, 5.443980524521231
82, 15, -1.046710060533866
-5, 31, -4.932718751135981
65, 21, 0.7902782575978943
101, 2, -9.398530269001183
23, 29, 5.026764968452723
31, 28, 3.949341812393437
13, 30, 13.78145238365817
-4, 31, 1.66153272660219
92, 10, 2.234141034890138
-3, 31, -5.381353631918562
95, 8, 1.450495439316436
38, 27, -5.986572062355402
80, 16, 2.699752670526394
49, 25, -6.376389376935879
-2, 31, -9.506419635408585
44, 26, -0.296445512562195
14, 30, -15.27116951667501
102, 1, 8.33405704655017
58, 23, 7.562868625498206
72, 19, -11.32916950161258
24, 29, -14.69482436008592
62, 22, 1.322250926421786
75, 18, 4.039394301524081
69, 20, 1.321258770350832
-1, 31, 4.071088773320023
32, 28, 8.798439735186321
54, 24, 7.816031251549715
87, 13, 3.536321969644948
99, 5, -3.216958378867193
85, 14, -1.87162396597145
0, 31, -11.75594667172091
94, 9, -0.2307586106834592
89, 12, 10.59588254190468
15, 30, 1.402688191549679
100, 4, 5.388926524271552
98, 6, -6.162938952582866
78, 17, 6.420163401729576
66, 21, 6.536947572674218
39, 27, 11.04421181767519
25, 29, 0.7323786948563143
101, 3, 7.49157073019256
1, 31, 3.901407543191044
103, 0, 7.913453121343435
83, 15, 5.234880352529692
91, 11, -6.338734061378652
50, 25, -9.404107897262385
97, 7, -4.631548779472614
45, 26, 1.055506947213366
16, 30, -18.41536667520682
33, 28, 8.271013456594904
2, 31, -8.631728047001074
102, 2, 3.707564944847427
59, 23, -6.752243549726075
81, 16, 12.43664621838709
3, 31, -2.894325557785943
93, 10, -4.330625940891267
63, 22, 5.817946864932864
55, 24, -4.267458406828813
26, 29, 3.843054688796109
73, 19, 10.93631856636391
96, 8, 4.446204671566833
40, 27, -9.195261932287034
17, 30, 13.94091703151276
70, 20, -1.664735918682896
76, 18, -3.007931109437705
4, 31, -8.648011611062115
103, 1, -6.334054804340169
34, 28, -7.517416585941321
88, 13, 2.308196084731927
67, 21, -4.362563110031271
46, 26, -7.476403555077709
51, 25, -9.112599491552009
5, 31, -22.3016596672127
86, 14, 11.71631773857171
79, 17, 4.350555453426564
27, 29, 6.598241105064374
90, 12, -12.73987153593097
18, 30, -1.838342531967187
95, 9, -2.176686082408533
100, 5, -11.39461119262977
101, 4, 9.177104096867964
99, 6, -2.030826505580383
84, 15, -3.912608284196656
6, 31, -5.985690852407281
60, 23, 6.480898308256426
92, 11, 9.990305748635659
41, 27, -2.350231346745542
102, 3, -2.693363546432768
104, 0, 1.527828804217471
56, 24, -7.624164427924486
64, 22, -2.172000834835067
98, 7, 5.748758800644083
35, 28, -2.604751449792538
19, 30, -3.928133255123578
7, 31, 10.66535207809753
28, 29, -9.325608684281233
82, 16, -9.797811885321906
74, 19, -5.846704795245222
103, 2, 5.607682179048348
71, 20, -4.880476077914098
47, 26, 3.004314392591072
94, 10, 8.540863337170309
77, 18, -7.168325936658286
52, 25, 3.969919940512726
8, 31, 9.668170322953285
97, 8, 3.999359112735101
20, 30, 12.6778860748973
68, 21, -0.6964179144915565
42, 27, 0.6133212081811968
36, 28, -4.62482012108769
104, 1, -7.97737777234333
9, 31, 7.845616516084378
29, 29, 0.7465119421834042
89, 13, -11.00978588663252
80, 17, -6.925837223329361
87, 14, -12.58934700079309
61, 23, 14.53659451815928
57, 24, 6.593265197869485
91, 12, 11.07875185381064