d = 43, symClass = C, D = 14.171875
[5.454086299122645, 5.45421389389928], 5.454141522160352
1, 0, 1
2, 0, -0.3731136728958185
3, 0, 2.167862180854217
0, 1, 0.2014497839697335
1, 1, -0.03905154034738315
4, 0, -0.1430150037901538
2, 1, -1.101779500205288
3, 1, -2.53867653417011
5, 0, -2.996905694454876
4, 1, -1.187833812815146
6, 0, 1.838468289155955
5, 1, 0.1444145220082248
-1, 2, -0.07127681439087516
0, 2, 0.3379186524438689
1, 2, -0.05121094278657985
7, 0, 3.566746996997091
2, 2, 0.3272806786995424
6, 1, 1.11455581906503
3, 2, 3.034729943665385
8, 0, 0.3995837090198534
7, 1, 4.306650825650576
4, 2, 2.565768980761074
5, 2, -1.474065481077856
9, 0, -5.973712694001292
8, 1, 0.7410843551603926
6, 2, -0.3306424009087974
-1, 3, -0.4946651265689889
0, 3, -1.748198712050211
10, 0, 0.7041757534423823
9, 1, 0.01884698954146587
1, 3, 1.301682707816643
7, 2, 0.279130816298067
2, 3, -1.898139163578265
3, 3, -2.32841785572477
11, 0, -1.725570093205897
10, 1, -0.09953735440700864
8, 2, 0.9088676188084039
4, 3, 0.8416987244305448
5, 3, -1.008051683925568
11, 1, 0.2705638960915177
9, 2, -0.5456611402551307
12, 0, 2.035383291454761
6, 3, 0.8908279589002581
10, 2, 0.03114837328085615
12, 1, 0.0684579145149046
13, 0, -0.02351669051030885
7, 3, -1.454366813839018
-2, 4, 0.03130073064940514
-1, 4, -1.29600672138028
0, 4, -1.560548325454918
1, 4, -1.905149466820538
11, 2, 0.6267679823007583
8, 3, -0.5978874877301256
2, 4, 0.1024681106589697
13, 1, 5.725946994067426
14, 0, 3.707565134090152
3, 4, -0.4630078487122594
9, 3, 14.44356284948387
4, 4, -0.3141615870530422
12, 2, 23.31669189256544
14, 1, -3.61041079950036
5, 4, -14.42181774171388
15, 0, 7.912642889129718
10, 3, -4.932681530777231
6, 4, 1.923194740343251
13, 2, 1.84921115645167
15, 1, -4.986427000922919
11, 3, -1.247869839525566
7, 4, 1.35608346588161
16, 0, 0.8246599832137739
14, 2, -1.070296052807354
-2, 5, 1.598908016600702
-1, 5, 1.91135442359821
8, 4, 0.860206243350073
0, 5, 0.5411219912175097
12, 3, 1.773391960065179
1, 5, -0.004704249465993401
16, 1, -0.9417990628261264
17, 0, 0.9817425644384229
2, 5, -0.3844570073733614
9, 4, -1.825838203252875
15, 2, 0.248331857373212
3, 5, -0.1626999138685885
13, 3, 1.412116212687907
4, 5, -2.581238344790136
10, 4, 2.097099972072816
17, 1, 2.295172781349694
18, 0, 2.756663195224867
5, 5, -0.3474969670689794
16, 2, 0.02296058939069214
14, 3, 0.2361431250301999
11, 4, -0.5449956112625698
6, 5, 0.5579609829854904
18, 1, -0.498527365744782
7, 5, -0.6877489471860995
19, 0, -0.3917703924953428
17, 2, -0.5397372332385808
12, 4, 1.239143653940495
15, 3, 0.6962107425132336
8, 5, 0.4178036047408633
-3, 6, -0.03278774289920101
-2, 6, -0.4986569512471113
-1, 6, -1.006869415120942
19, 1, 0.8631533526101121
0, 6, -1.020490405127239
13, 4, -1.531085808887165
20, 0, 2.200656689631326
9, 5, -1.2440101863497
1, 6, -0.531002126228633
16, 3, 0.05869786222135648
18, 2, -1.034669585494694
2, 6, 0.5062534639008319
3, 6, 1.44964637513718
10, 5, -0.6524557680812364
14, 4, -0.7960376045416738
20, 1, -0.7362112326690746
4, 6, 1.767526564574998
17, 3, 0.8361981449343119
21, 0, 0.31913134564301
19, 2, -1.093654139365727
11, 5, 0.6101802121865638
5, 6, -0.8231055912073377
15, 4, -0.2505938983369281
6, 6, 0.1462221961933525
21, 1, 0.2438146251727104
18, 3, -0.2521947786680446
12, 5, 0.4173019096864861
22, 0, 2.475946604369847
20, 2, -0.1952292826057482
7, 6, 1.316167518764932
16, 4, 0.03007026836732601
8, 6, -1.10139617810546
13, 5, 1.947048719432026
22, 1, -1.97173574427482
19, 3, 1.797360747223064
21, 2, -0.3886271770693223
-3, 7, -0.178522190058289
23, 0, -0.01543859538105369
-2, 7, -1.398351264931758
9, 6, 1.496635118745827
17, 4, -0.1928727804546709
-1, 7, -0.4340038793024362
0, 7, -0.8557697824419433
14, 5, 0.649644246137409
1, 7, -0.4764923394333268
10, 6, 0.01891127231460133
2, 7, -1.660024300022134
20, 3, -0.4236328458148718
23, 1, -1.277802443915815
3, 7, -1.100880420202031
22, 2, -0.09982029504134345
18, 4, 0.1866379896592115
15, 5, -0.8640069015241147
24, 0, -1.010522684162731
11, 6, 0.2709736751627656
4, 7, 0.1615023335013436
5, 7, -1.70724306521803
21, 3, -4.204698671670511
24, 1, 2.044294567900406
16, 5, -1.207974314363817
12, 6, 1.221303174883036
19, 4, 0.004121171911532685
6, 7, 2.113680119277683
23, 2, 0.6292226677016649
25, 0, -2.473135161428154
7, 7, -4.019045819171945
13, 6, 0.5766560672521625
22, 3, 3.364064418661389
17, 5, -4.316714230539315
20, 4, -7.819463471688032
8, 7, 0.4429272846617301
25, 1, -2.576026834622397
24, 2, -3.093164631116634
26, 0, 7.128394860216956
14, 6, -1.367636102945082
9, 7, 3.291732092014406
-4, 8, -0.06570924927483057
-3, 8, 0.02316949888907624
18, 5, -3.014760583518714
-2, 8, 7.130900723226929
23, 3, -5.837946952663147
-1, 8, -7.731257538619197
21, 4, 5.400285558915193
0, 8, -2.269053496855475
10, 7, -4.11451019169475
15, 6, 3.960297318913957
1, 8, 6.211746247173941
26, 1, 5.633271312617437
25, 2, 7.700572145286365
2, 8, 6.597526960755098
27, 0, 19.44635684346849
19, 5, 3.920496278449839
11, 7, -3.601753291466972
3, 8, 0.9891926395318733
24, 3, 17.42371185629647
22, 4, 41.1025870666963
16, 6, -40.21739103042955
4, 8, 81.56237059062454
27, 1, -39.50731185846844
12, 7, -0.5782767403929743
5, 8, -1.97910127022405
26, 2, -20.45350704718904
20, 5, -13.11344341309948
28, 0, 8.159956773245392
17, 6, -15.37853081647844
6, 8, 4.917516218675531
23, 4, -19.93312681955155
25, 3, 0.06143661251168764
13, 7, -1.239895336894719
7, 8, -3.854883965489303
21, 5, -1.906088499154867
28, 1, 6.31865397774475
27, 2, 3.28796908645146
18, 6, 1.546805655481247
8, 8, 7.401091322882097
14, 7, 8.59658569807371
29, 0, 7.420408057927819
24, 4, 4.324245036708504
26, 3, 4.183158947060156
9, 8, -1.451933868103584
22, 5, 0.6120646572364611
15, 7, -0.8409741227512852
-4, 9, 5.759448650353949
19, 6, 2.851046956928038
-3, 9, -3.022749104376482
-2, 9, 1.510774688270721
29, 1, -0.05935118768034722
-1, 9, 3.37850027398096
28, 2, -1.466616347396428
10, 8, 0.8662340406754647
0, 9, -5.12783814290361
30, 0, -2.956942529622359
1, 9, 1.205976779574325
25, 4, -1.709149599278767
16, 7, -1.259392250753228
27, 3, 0.8787402593214102
2, 9, -0.463654191336968
11, 8, 1.085395031501414
20, 6, 1.51122318007078
23, 5, 0.972033676169257
3, 9, -2.290665741204223
30, 1, -2.351966708458024
4, 9, 0.7663986923128612
29, 2, -1.207948814538666
12, 8, -1.688222568306591
17, 7, -1.576099257660868
26, 4, -0.7233628207628119
5, 9, 2.028869450856469
31, 0, -0.2415274292964966
21, 6, -4.16445944502685
28, 3, -0.093086340372686
24, 5, 0.8459129277792822
13, 8, -1.694423953732904
6, 9, 1.911260571823694
18, 7, 0.3183135409014869
7, 9, 1.516419873852975
31, 1, -1.435610427833297
30, 2, 2.188551671183937
22, 6, 1.648282630975892
14, 8, -1.872472816909138
27, 4, -0.9132987159549077
32, 0, 3.096985618784462
25, 5, -0.7616069230991237
29, 3, 0.0483185528898788
8, 9, -0.2824848516474667
19, 7, -0.7109575428025809
15, 8, 0.9661116155674639
9, 9, 0.7742108229442664
23, 6, 1.731815006172438
32, 1, 0.2322801867256855
31, 2, -0.7956065901117099
28, 4, -0.4124372770523285
-5, 10, -0.03662607128721411
-4, 10, 0.3607780211197794
20, 7, 0.2325918950149392
-3, 10, 0.3152266423525196
26, 5, -2.897600100326552
10, 9, 2.696504726566639
-2, 10, 1.965844812395198
16, 8, -1.434177823587248
33, 0, 0.8385710843592059
30, 3, 0.8200785940026093
-1, 10, -0.7777209589028732
0, 10, 1.286276083293123
11, 9, 0.9367511896606938
1, 10, -0.08642502797021694
24, 6, 1.238433740731031
2, 10, 1.578293510541409
21, 7, -1.663663415853196
17, 8, -0.2367071026972302
32, 2, -0.5001127674699819
33, 1, -0.3583705850434576
29, 4, 0.1285599411302024
27, 5, -0.3646943069997179
3, 10, -0.3604854734774206
12, 9, -4.289898301902829
31, 3, -1.095235237885893
34, 0, -0.231330570803243
4, 10, 0.4127726162301391
25, 6, 2.770732594659862
18, 8, 0.147273700732006
5, 10, -1.54884154705214
22, 7, -0.1009352521275047
13, 9, -0.01832416466372212
30, 4, -0.8962024932229705
6, 10, 1.250681476035888
33, 2, -0.3186107823484879
28, 5, 0.649284999659867
34, 1, -0.2472771339547387
14, 9, 0.688772772649656
19, 8, 2.278820005477544
32, 3, -0.5863085901295195
7, 10, -0.5521335198306515
35, 0, 0.8526513743797103
26, 6, 0.5804895162940661
23, 7, -1.133252926322972
8, 10, 1.210070338718555
15, 9, -0.6379528315551766
31, 4, 0.09285850041293434
29, 5, 0.3628639306292314
20, 8, -0.432405338358978
34, 2, -1.468718181729984
35, 1, 0.8315690343899305
9, 10, -0.2383715911257661
24, 7, -0.1124849406738604
33, 3, -0.5193630511561734
27, 6, -0.01391603888341549
16, 9, 1.315702349461988
36, 0, 2.37833639268162
10, 10, -0.06655861635060858
-5, 11, -0.6094415110628296
-4, 11, -0.9620281808050102
-3, 11, -1.336497951500043
21, 8, -1.536100003839697
-2, 11, -0.4493005133718342
-1, 11, 0.8430709444187567
30, 5, -0.3639987456493878
32, 4, -0.9204868418424976
0, 11, 1.717259185796335
11, 10, -1.703272163646988
17, 9, -0.08271706011279294
35, 2, 0.8162151195904508
25, 7, -0.07997138440075657
36, 1, 0.07045159661080742
1, 11, 0.5594491142868989
28, 6, -0.153783809040888
34, 3, 0.5670673291736484
2, 11, -0.7489679579709766
22, 8, -0.6764755357656812
12, 10, -0.1961466968386932
37, 0, -0.8927604010754219
3, 11, -0.4945476750984928
18, 9, 0.3060848483844346
31, 5, -0.3014197871030368
4, 11, 0.49119389660767
33, 4, 1.271270972872456
26, 7, -0.6752479546919845
13, 10, -1.057240166445277
29, 6, 0.447117924332758
5, 11, 0.3493659302750087
36, 2, 0.4883255431776561
37, 1, -0.5857595151943868
23, 8, -0.1403021455747818
19, 9, 0.6084147698440706
35, 3, -1.42524092265583
6, 11, -0.9939728478673617
14, 10, 0.8250876804968159
38, 0, -0.3602735492679908
27, 7, 0.4266645507479651
7, 11, 0.1889581881417349
32, 5, -0.6172766235643113
34, 4, 0.03505835094925486
20, 9, -0.857366276299898
24, 8, -0.002092143472017614
15, 10, 0.8707984281485741
30, 6, -1.556782372551152
8, 11, -0.6649145757180747
37, 2, 0.8358074387282979
38, 1, -0.8298876665063503
36, 3, 0.925816411743872
9, 11, -0.3190961423463356
16, 10, -0.7595970146620896
28, 7, 1.221081279704691
39, 0, 1.930682224264233
21, 9, 0.5933987486864355
33, 5, -0.3723025843607648
25, 8, -0.02323963977319394
35, 4, 0.3154435588339435
10, 11, -0.2192068193898989
31, 6, -0.4635820787859807
-6, 12, 0.006544929218234194
-5, 12, 2.38972656803102
-4, 12, -0.4821372583788401
-3, 12, 2.643623548047129
17, 10, 0.3214853796570911
-2, 12, -0.3333689295026902
38, 2, 1.062586339890484
39, 1, -1.785479819556884
22, 9, -0.5030629883920142
11, 11, 0.4398998509152404
-1, 12, 0.1319057130876607
37, 3, 1.285316399606381
29, 7, 0.7018318091458912
0, 12, 1.013637209688852
26, 8, -0.2117442212002027
1, 12, 0.8557287480602718
40, 0, -0.4308948816689683
34, 5, 0.2995928571400204
18, 10, -0.9844760316902725
12, 11, 1.558733158480805
2, 12, 0.4596800839167792
32, 6, 0.7068077516785759
36, 4, -0.02291126238763769
23, 9, 0.7676180237632912
3, 12, -0.6587182339712652
39, 2, 0.5612613225776181
13, 11, -0.193322787995298
4, 12, -0.4767506986424668
30, 7, 0.9384809953499055
27, 8, -0.7826917872033505
40, 1, 1.060943519184944
19, 10, -2.002623467160855
38, 3, -0.5031341541112879
5, 12, -1.285640515130931
35, 5, -0.3443379371043236
41, 0, 0.8889128462353676
14, 11, 0.4060428630345123
33, 6, 1.172322299066043
24, 9, -0.5414585654462617
6, 12, 1.342068421795885
37, 4, -0.407908697627174
20, 10, -0.02258594326066697
28, 8, -1.409624246035476
31, 7, 0.6051234209807232
7, 12, -0.1847490258018597
15, 11, 0.2150989952535428
40, 2, -1.958349772677038
41, 1, 1.390729525530659
39, 3, 0.1803400635184371
25, 9, 0.05793048671183239
8, 12, 1.033354803264616
36, 5, -0.4548631612328489
21, 10, -0.2975474519212402
34, 6, 0.9025813316155203
16, 11, -0.1434158985315585
42, 0, 0.5897436792266446
38, 4, -0.2516615101593796
9, 12, 1.619977495115752
29, 8, 0.147367725659411
32, 7, 1.286716458472817
26, 9, 0.7260463928325946
22, 10, 0.6545585628318016
10, 12, -0.6104796861796977
41, 2, 0.4890281714170706
17, 11, 0.5527907831448191
42, 1, 1.341609886247343
-6, 13, -1.571671079514841
-5, 13, -0.02826089768153464
40, 3, -0.3645995330851127
-4, 13, -2.275200457128493
37, 5, 1.428058418062959
-3, 13, -1.75111271916769
35, 6, -1.857174373938663
11, 12, -0.6909934129897107
-2, 13, 0.5008605654874304
30, 8, 0.8652873604843043
-1, 13, -0.1900838934332535
43, 0, 0.2942148114305604
39, 4, 1.172493870612935
18, 11, -0.8430300463257072
33, 7, 0.1950321621999707
23, 10, -0.2570681688677477
0, 13, 0.5686797917597998
27, 9, 0.04753621325305671
12, 12, -0.7327882982749566
1, 13, -0.2119870796589242
2, 13, 1.305293733474849
42, 2, 0.02622143134828577
19, 11, -0.9367365688834149
43, 1, -0.03867369560579419
41, 3, -0.1209989143265001
3, 13, -1.061149405959003
36, 6, 1.311107609794409
38, 5, -0.8219708228293925
13, 12, -0.7366985612656982
31, 8, 0.5447457140530991
24, 10, -0.9507551690494755
4, 13, 0.8255049678067264
28, 9, -1.014599908105413
34, 7, -1.506104788455839
44, 0, 0.8932269183576796
40, 4, 0.1255664512611112
14, 12, 0.613149257557139
5, 13, -0.004714099042343037
20, 11, -1.204716778636108
6, 13, -0.5178269062046846
25, 10, -0.1062497744550539
43, 2, 0.1299390864711905
32, 8, 1.252458519932716
37, 6, -0.8439639894945474
42, 3, -0.3794139877382907
15, 12, -0.8183658133833466
44, 1, 0.6983644525414188
39, 5, -0.5544560890721602
29, 9, -0.2463376113373993
7, 13, 0.9537441940775677
21, 11, -0.06412390331396003
35, 7, 0.6416732966081694
41, 4, 0.3366155635808651
45, 0, 0.3860440670484119
8, 13, 0.5080150211025735
16, 12, -1.793275788382401
26, 10, -0.2797965478174965
33, 8, -0.3300436121890102
22, 11, 0.5439457987050555
9, 13, -0.6171756555810173
30, 9, 0.5968071528343534
44, 2, -1.239314802279329
38, 6, 1.122451607070831
40, 5, 0.2522402631418569
43, 3, -0.6775726954327538
17, 12, -0.5579828108755184
45, 1, -0.4308913102921361
36, 7, 0.6176112351644358
10, 13, -1.461616870626089
27, 10, 0.01162891815954366
-7, 14, -0.0192485491020035
42, 4, -1.150937956631901
-6, 14, -0.2778030055437012
-5, 14, 1.853076698039472
23, 11, 1.201741804594349
46, 0, -0.3731507603314799
-4, 14, -0.2614395717505504
11, 13, 0.2428882071555622
-3, 14, -0.04766392260194704
18, 12, 3.938351025158667
31, 9, -0.3569842893934418
34, 8, 1.599489824673218
-2, 14, -1.396220492774245
-1, 14, -2.330823217653553
39, 6, -1.673768302633568
0, 14, -0.9444508601660382
45, 2, 0.2626552981804414
12, 13, 0.7722065329514473
41, 5, 0.6909541131712056
28, 10, -0.5260238369236577
44, 3, -1.48833840341841
37, 7, 1.418551043999857
24, 11, 0.5901488741240668
1, 14, -0.233051650026796
46, 1, -0.672209122284356
19, 12, -0.4775355171017401
2, 14, -0.3336484672537956
43, 4, -0.3674841449688212
13, 13, 0.6842752332993159
32, 9, 0.860759812975467
3, 14, 0.9258786965552201
47, 0, -0.6507055551458722
35, 8, 1.20761764720995
20, 12, 1.287595947279628
4, 14, -1.690984250062213
29, 10, -0.004098370093996618
25, 11, 0.0312763945508952
40, 6, 0.1501705282958076
14, 13, -0.499465219933769
42, 5, 0.7178728688007134
38, 7, -0.4019124006200843
5, 14, -0.01063832467246458
46, 2, 0.6536115459753462
45, 3, 1.43413879231594
47, 1, -1.800390480914969
6, 14, -0.5533972534859998
33, 9, -0.04736632074651734
21, 12, 0.1246245888661244
15, 13, 0.2342245280362316
44, 4, 0.789618672874877
36, 8, -0.3800042859963088
26, 11, 1.111688910368519
30, 10, -0.8622112835173522
7, 14, 2.246257639412798
48, 0, 0.2373159655227063
41, 6, 0.2901021443307621
16, 13, 0.4536743465161746
22, 12, -0.2447515506950478
8, 14, 0.7751764044844178
39, 7, 0.8778018917423399
43, 5, -0.02690956984205564
47, 2, -0.7715582176508459
46, 3, 0.857655703040638
34, 9, -1.459541819767873
27, 11, 1.052943362742963
48, 1, -0.9305625185076961
9, 14, -0.01807633420155945
37, 8, 0.408186372284988
17, 13, -0.1413977192592871
31, 10, 1.151459374537328
45, 4, -0.21426418444304
23, 12, -1.865447777754315
10, 14, -0.1649378664733929
49, 0, 2.075483543532023
42, 6, -1.807005306139286
18, 13, -0.2981809551849315
40, 7, 0.3054979448775186
-7, 15, 0.02969152723643495
-6, 15, -1.107267679637252
28, 11, -0.4696174766204113
-5, 15, -0.06446644092439906
44, 5, 0.05059411100683825
35, 9, -0.4638364799609513
11, 14, -1.130193409966796
-4, 15, 0.5757117240998441
-3, 15, -0.1034138641163573
48, 2, 0.1524412191944945
32, 10, -0.5841824607902849
24, 12, 0.6496275110926112
47, 3, -0.1667982228466255
-2, 15, 0.1136763767003035
38, 8, 0.9658628124078755
49, 1, 2.286547060251257
-1, 15, 1.822601449567903
19, 13, 1.230233445166707
12, 14, 1.282008495658479
0, 15, 0.6134811307345071
46, 4, 0.3374111080298789
29, 11, -0.176602165327682
1, 15, -0.1323615755934544
50, 0, -0.01154567037261914
43, 6, -0.9714404801550799
41, 7, -0.4615773727916033
13, 14, 0.5941401719172382
25, 12, 0.2141181863421034
2, 15, -0.2202756926689662
36, 9, 1.302694790487573
33, 10, -0.3154654315764103
20, 13, 0.4806746968621831
45, 5, -2.945737489689485
3, 15, -1.031312765871907
39, 8, 0.5646901725957197
49, 2, 0.4983401294541762
48, 3, -2.488370149584075
14, 14, -1.777306064660737
4, 15, -2.931997906521508
50, 1, -1.022666980591246
30, 11, 0.8968886574730138
26, 12, 1.562494580019272
47, 4, -0.8555536141404168
21, 13, -0.6065793098847344
5, 15, 1.380743186428796
15, 14, 0.6609728097514216
37, 9, 0.1908089605969945
44, 6, -0.1199550539718755
34, 10, -0.209961310842563
42, 7, 1.594210076829559
51, 0, 2.874339735083129
6, 15, 0.0483455099273293
46, 5, 0.1052882435488778
40, 8, -1.757628754312619
22, 13, 1.053912543262645
7, 15, -0.5676984156844808
31, 11, -0.06078836628328137
16, 14, -0.4677522816820174
27, 12, -0.3076449589074752
50, 2, -1.97583877320041
49, 3, 0.3157630613847565
8, 15, -1.774927147120582
51, 1, -0.311791339926057
48, 4, 0.4510304963314054
35, 10, 0.9961609416881712
38, 9, -0.01436177298762765
17, 14, 1.229685867485711
23, 13, -1.659458656007282
43, 7, -0.9077821559484004
45, 6, 1.469947292256409
9, 15, -1.711452874013778
52, 0, -2.711747812697014
28, 12, 1.724557458120399
32, 11, -1.84218349598148
41, 8, -0.5881226999640485
47, 5, -0.2797740092926076
10, 15, 1.775514421003135
18, 14, 0.298717908868687
51, 2, 1.290118804624879
24, 13, 0.4232034788471054
50, 3, 1.160704799900978
-8, 16, -0.01407277616349337
-7, 16, 0.2745849191947544
-6, 16, 1.224781785871543
36, 10, -1.621154622461628
-5, 16, 0.009722448537608211
11, 15, -0.5994158277849859
39, 9, -3.705710007063766
52, 1, -0.06694372139039267
-4, 16, 1.871515114420581
49, 4, 1.214388532643271
29, 12, -1.578118718704116
-3, 16, -0.409556344625257
44, 7, -0.3579082301449431
33, 11, -0.3120940058842083
19, 14, -0.4610572626682229
46, 6, -0.9050500841054127
-2, 16, -0.6816678583049948
12, 15, 1.287842238208749
-1, 16, -1.74188908812351
42, 8, 0.4982607278895461
53, 0, -0.4186243548182605
25, 13, 0.5802858962953658
0, 16, 0.2519512729618995
48, 5, -0.5491833077354267
1, 16, 0.1890359537232686
20, 14, -1.555877705133723
37, 10, -1.776806781867804
13, 15, -0.1445963305696658
30, 12, -0.6093520361976075
40, 9, 0.2919660467075821
2, 16, -0.2708308948295381
52, 2, -1.276589747831566
51, 3, -2.109718958385919
34, 11, 0.6019789109698687
53, 1, 0.6905242247559142
26, 13, 0.2577032194147952
3, 16, -1.273873867279755
50, 4, 0.7191307122476256
45, 7, -1.193539880478304
14, 15, 0.6491265626555398
47, 6, 1.273511746373954
21, 14, 0.9303853043032588
4, 16, -1.107855508376969
43, 8, 0.7617172099148726
54, 0, 1.52943466131834
31, 12, -1.787277122998592
5, 16, -0.7430954465348302
49, 5, -0.2101435231943441
38, 10, -0.1435402318145857
15, 15, -0.6242371761164406
27, 13, 0.795142434882492
41, 9, 0.5638399005656365
35, 11, -0.8732822967689231
22, 14, 0.1752182832920415
6, 16, -0.1157833166641113
53, 2, 0.4569043170819738
52, 3, -0.3173323777105976
16, 15, 1.878718044296608
7, 16, 1.553416169345258
46, 7, -1.681956392607152
54, 1, -0.2712519792535393
51, 4, -0.003015383250912438
48, 6, 0.9373298544324833
44, 8, 0.1313239609625728
32, 12, 0.2775427839988694
28, 13, 0.1210461798686722
23, 14, -0.4077422012750467
8, 16, 0.4190979002899674
39, 10, -1.077053780694832
17, 15, -0.2636252698487361
36, 11, 0.5177367018128165
55, 0, 0.2121230937284922
50, 5, -0.864952643424163
42, 9, -0.539094671924336
9, 16, -0.4501058179261989
53, 3, 0.08052497683897983
54, 2, -0.09607145184061326
24, 14, 0.6739629909014404
33, 12, 0.2616950003464719
18, 15, -0.7864138001221118
10, 16, 0.08669984660193836
47, 7, 1.407665678151362
29, 13, -0.3858131496194083
52, 4, 0.8189432747178269
45, 8, 1.152489331270881
55, 1, 0.2287574847855343
49, 6, -0.2321653794349132
40, 10, 0.6065632318402652
-8, 17, -2.04501674089838
37, 11, 0.06057368840474141
-7, 17, 0.9896421935197085
11, 16, 0.2616013839774778
-6, 17, -0.448229197214216
-5, 17, -2.12197067959624
19, 15, 1.014364915478989
-4, 17, 3.470893348598567
43, 9, 4.017731005827967
51, 5, -0.4159940515702689
25, 14, -0.7544985414840998
56, 0, 0.3267290330549551
-3, 17, -1.525589502559676
34, 12, 2.180144856669528
-2, 17, -0.1145563469936716
30, 13, -0.5856013988832747
12, 16, 1.214901686533783
-1, 17, -0.03250922688962629
20, 15, 2.312392851817136
54, 3, 0.7743504705839933
55, 2, 0.2839705684770269
48, 7, 0.5701726268821842
0, 17, 0.3645769021187968
46, 8, -0.490576630390683
41, 10, -0.7898478453039269
38, 11, 0.382954746828026
13, 16, -0.406068115812664
50, 6, 0.8504951885652214
26, 14, -0.5246614561315252
1, 17, 1.112958172368517
53, 4, -0.8968565241686536
56, 1, 0.9227014028481626
2, 17, -0.7273290140332068
44, 9, 0.2487643414177808
31, 13, -0.8469490066711818
35, 12, 0.512356741157608
21, 15, 3.349593158812202
14, 16, 0.710566915169365
52, 5, 0.2717284655889515
3, 17, 0.5022279287102744
57, 0, 4.475516648171593
27, 14, -0.1548548912904325
4, 17, 0.01287827354956772
39, 11, 0.3075498164602036
15, 16, 0.6525021251319005
49, 7, 0.6570501414530571
42, 10, 0.02847383316171464
55, 3, 0.573961279439087
47, 8, -0.6881208335095484
22, 15, -1.15747836899539
5, 17, 0.9565713647556416
56, 2, -1.165956108040336
32, 13, 0.725511557566013
51, 6, -0.9876703223404441
54, 4, -1.351254252965542
36, 12, -2.50708665302839
57, 1, -0.007259046018838385
6, 17, 0.2420366808802638
45, 9, -0.8525367666093165
16, 16, -1.667393536116394
28, 14, -1.042397277616151
7, 17, -0.008685845297260967
53, 5, -1.312844409145351
23, 15, 0.3767932994506057
58, 0, 1.808109587990838
40, 11, -2.245159255348446
33, 13, 0.557011393517807
17, 16, -0.876221261091954
8, 17, -0.4792077454604079
43, 10, 0.3018682162063102
50, 7, -0.1654984187236643
48, 8, 0.08542666876703768
37, 12, -1.135488171638248
56, 3, 1.613869230879428
29, 14, 1.483554651602913
57, 2, 0.1857452908153134
24, 15, -0.5207367150906244
52, 6, 0.7697793244340184
9, 17, -2.071580317046305
55, 4, 0.1475450495050587
46, 9, 0.3654853763456596
18, 16, -0.7738369415464137
58, 1, -3.196340963340892
10, 17, -1.643316967570158
34, 13, -0.1373969138422285
54, 5, -1.119765469241682
41, 11, 0.4260620012260811
25, 15, 1.352201719872224
44, 10, 0.5300953797909752
30, 14, -0.04940248332655572
59, 0, 0.1584609947570074
19, 16, -0.1749710921223589
-9, 18, -0.02989744165361664
-8, 18, 0.7836127071445178
38, 12, -0.1942546331717937
11, 17, 0.4406555468736627
-7, 18, -0.7048632699264212
-6, 18, -0.02185169137745814
51, 7, 0.7776245924793066
49, 8, -1.159922790658731
-5, 18, -1.109791237559262
-4, 18, -1.668019268459689
57, 3, -0.639550450099871
-3, 18, 0.6466040925043283
53, 6, -0.5773381887203517
47, 9, 1.947603870491229
58, 2, -0.644527021051073
12, 17, -1.965200000717583
-2, 18, 1.637510734523392
56, 4, -1.929606343108149
20, 16, 1.687817630510323
35, 13, 0.9985693207521383
26, 15, -1.571523045544419
-1, 18, 0.6091286210734553
59, 1, -0.9424467451694278
31, 14, -1.338372032287793
42, 11, 0.3663802250989807
0, 18, -1.208031792539011
13, 17, -0.0008555861743643017
39, 12, 1.90495515940356
55, 5, -0.9150820420325489
45, 10, -1.555041571089789
1, 18, 0.2394774945507307
21, 16, 1.875194181090324
60, 0, -1.729409469194403
2, 18, -2.119257015820756
50, 8, -1.284768160939162
52, 7, -0.6851817954123528
27, 15, -3.327039493921609
14, 17, -0.6579728412082985
36, 13, -1.741619685582458
48, 9, -1.76683919772941
3, 18, 3.017062536410552
32, 14, 0.7976382129172801
54, 6, -0.4247511881940461
58, 3, 0.9533986178640087
59, 2, 1.462255329169597
4, 18, 0.7623149394383917
22, 16, 0.006676350851958923
57, 4, 0.2272575956772014
43, 11, 0.3424411035067175
15, 17, 0.2324695052227019
40, 12, -0.2581744982174344
60, 1, -0.3283563000711002
46, 10, 1.254382419986728
28, 15, 1.14567376261078
5, 18, 1.542315314061716
56, 5, 3.458590237595796
33, 14, -1.486901231677434
16, 17, 0.6443887521332576
6, 18, 1.226374930721884
37, 13, -0.5854691885792721
51, 8, 1.229493220063342
23, 16, -0.5170509307478089
53, 7, 0.4319358389465929
61, 0, -2.168237107836191
49, 9, 1.841349364970465
7, 18, -3.229099530099671
55, 6, 0.2784722494439119
44, 11, 1.278675665107106
29, 15, 0.7942488508725976
59, 3, -0.4489671341541792
41, 12, 0.006865468838532289
17, 17, 0.3083190791694299
60, 2, 2.29708296067079
8, 18, -0.1606552870569352
58, 4, -0.5836126374797085
24, 16, 1.525169599158199
47, 10, 2.067376159114469
34, 14, 1.804749477347488
61, 1, 0.6358180790176519
38, 13, -0.3359394007708765
9, 18, 2.08437654212074
57, 5, 2.003564383309526
18, 17, -1.399431981060034
52, 8, 0.9888972335133783
30, 15, 0.01844156485985579
54, 7, 0.7641435398183477
50, 9, 0.5491762908171709
25, 16, -1.090979147380598
10, 18, 0.8213225096678196
62, 0, 2.770018195340755
45, 11, -4.119528739742827
42, 12, -0.6127764559881882
19, 17, -1.158534495802408
56, 6, 3.570763450370611
35, 14, -0.5021803687139176
60, 3, -0.5461984227871907
-9, 19, -1.658738419324709
11, 18, 0.3531199475756773
-8, 19, 0.5788541016119442
48, 10, -1.978544995721474
-7, 19, 0.6874040318947826
61, 2, -0.9484827680100818
39, 13, -0.03117124111730107
59, 4, 0.8050228015095374
-6, 19, 0.9529060232876908
-5, 19, -1.00014896391099
31, 15, 1.086480760269378
26, 16, -3.788169586730461
-4, 19, -1.955195313227456
62, 1, 0.2932989950823074
20, 17, 2.390310288749698
-3, 19, -0.2881123252415199
12, 18, 2.283353372680209
58, 5, -0.57081022127422
53, 8, 0.4652889230392525
-2, 19, 0.366060333030972
55, 7, -0.9518320378304276
43, 12, 0.8582628944250932
51, 9, 0.8027827757563017
-1, 19, 1.065889274167991
46, 11, -0.4689262756346474
36, 14, -0.2347993063906116
13, 18, -0.6614103891699781
63, 0, 4.045590246176071
0, 19, 0.4697279495852982
21, 17, -2.227200896076969
27, 16, 1.938874558588154
40, 13, -0.2524377375220399
32, 15, 1.016340634495037
57, 6, -2.711468949323172
49, 10, 1.772241561141058
1, 19, -1.979612377858019
61, 3, 0.70719213301434
14, 18, 0.09126903622316898
62, 2, 0.4495857780067425
2, 19, -0.7108221866814355
60, 4, 0.06343791451735827
3, 19, 0.01762984615216973
22, 17, -0.1128957004828152
63, 1, -2.010044733850601
37, 14, 0.2934052869670195
44, 12, -0.7400450659080038
28, 16, -1.021273606362382
59, 5, -0.05613532617404005
54, 8, 0.6080458308347906
47, 11, -2.647286883470896
33, 15, -0.9501538803289988
15, 18, 1.10785132255782
4, 19, -0.02043267530028102
52, 9, 1.649242199742426
56, 7, -0.09239202722176275
41, 13, 1.912709663913514
5, 19, 0.6676629955586993
64, 0, -4.496026978808242
23, 17, -2.954859222173287
50, 10, 0.4767378616472635
58, 6, -0.5388758303318363
16, 18, -0.5550338677367022
29, 16, 1.901482154983537
6, 19, 1.765542327041365
62, 3, -2.104640854208117
38, 14, 2.482911944242688
63, 2, 0.430561110554488
61, 4, -0.3358372918388519
34, 15, -0.7050880103085099
45, 12, -0.2042050912479746
7, 19, 0.3071899823361819
17, 18, -0.2003734183896797
48, 11, 0.8721948472240517
24, 17, -1.848465819415073
55, 8, -1.577404312125245
42, 13, -0.1003886221117943
64, 1, 0.283865064159111
60, 5, -2.078843938017316
53, 9, -0.6057834849998015
57, 7, -1.311749623614501
8, 19, -0.1587310483588892
30, 16, -1.866559667091632
51, 10, 0.5103740706106293
18, 18, -2.807321599652358
39, 14, -0.3836980969885213
9, 19, 0.3885898314909814
65, 0, 5.076358202519037
35, 15, -1.024328686265424
25, 17, 1.585257917959152
59, 6, -0.08625568782717884
46, 12, -0.8600469367347484
63, 3, -0.161050424240992
10, 19, 1.513139398885407
43, 13, -1.345860007424706
19, 18, -0.5315090396684498
64, 2, -0.07991875091714733
62, 4, -0.588697847791123
49, 11, -1.825148928773744
31, 16, 0.7158100879815597
56, 8, -0.9649035094203535
54, 9, -1.306133197651084
26, 17, -0.7792534343523347
-10, 20, 0.06422196113718259
65, 1, 0.8545744268120991
61, 5, -0.4196395578753701
11, 19, -0.1720896494122541
-9, 20, -1.525363840957738
-8, 20, -0.4295370061970791
58, 7, -0.1117499817980767
-7, 20, 0.2733389689437808
36, 15, 0.7584176230309947
40, 14, -0.3653409621959469
-6, 20, 0.9202564318881802
52, 10, -0.3822592714102723
20, 18, 0.3165333486472973
-5, 20, 0.695826794567367
-4, 20, 0.2242966695121278
12, 19, -0.9942647632457021
-3, 20, -0.1584298244930079
32, 16, -0.1080180977859267
66, 0, -0.3699649217282099
60, 6, 1.266571362562616
47, 12, 2.540610254596401
-2, 20, 2.738237947232958
44, 13, -1.239217259708915
27, 17, 1.470357568930816
50, 11, 0.8067681958828309
-1, 20, 1.457640465963428
21, 18, -2.830694904944248
64, 3, 0.4121004896449003
13, 19, 0.7922011499103101
63, 4, -1.213150783864148
65, 2, 0.3349523168599374
37, 15, 0.278321820860258
0, 20, 3.266589803176618
57, 8, 0.2539357494510684
55, 9, 0.4491469481367132
41, 14, -1.190804031762846
1, 20, -1.360295201460461
62, 5, -0.3246880267568296
66, 1, -0.1533037364636115
59, 7, -1.063514496041073
33, 16, -1.157844129906404
14, 19, -0.7257878709375917
53, 10, -0.826362044999528
28, 17, -0.7741768326663485
22, 18, 2.022424424272038
2, 20, -1.352824462086285
48, 12, 1.393755037312684
45, 13, 0.5093676560773154
3, 20, 0.01851312258575563
15, 19, -1.649565424937687
61, 6, 0.06369878204700199
67, 0, -0.1083351764510815
38, 15, 2.442144753708378
51, 11, 2.253092828023629
4, 20, -1.23365190660059
23, 18, 2.677554865504945
42, 14, -3.296846419810836
29, 17, 0.9523946986056053
34, 16, -0.6056407393509263
65, 3, -1.294241696554659
5, 20, -0.5230105970804259
64, 4, -1.012740138923091
56, 9, 0.6433559200758795
16, 19, 0.04530067717675938
66, 2, 2.74629622411693
58, 8, -1.574526794919208
54, 10, -1.991268588708103
6, 20, -0.7511907877862503
63, 5, 0.6821126582956258
60, 7, -0.4460962356306171
67, 1, -1.288715062757278
24, 18, 0.7354433331660197
49, 12, 1.232510995223686
46, 13, -0.9433991361020997
39, 15, 2.305314104344844
17, 19, -0.3075472902879908
30, 17, 0.5513619249958143
7, 20, 2.551811091049883
35, 16, 0.7320603984800919
52, 11, -3.402905409464681
43, 14, 1.087957552993995
62, 6, 2.678872062425769
68, 0, 0.4695695455583305
8, 20, -1.846525864262653
18, 19, -1.155796077201658
25, 18, 2.060442277578845
66, 3, 1.111752555749759
57, 9, 1.152827225785701
59, 8, 0.1982836430630954
65, 4, 1.030084526386381
9, 20, 0.6781122558347689
67, 2, -1.686732453385026
31, 17, 1.581843354135946
55, 10, 0.19620615557659
40, 15, 2.189634957020404
47, 13, 0.1815710784932308
50, 12, 0.3772004094522884
61, 7, 0.2464766077282965
36, 16, 1.246661502544066
64, 5, 3.486474456282104
19, 19, 1.958452387236038
10, 20, -0.8020525818056855
68, 1, -1.380593308284149
44, 14, 0.6904803657305991
26, 18, -0.8846364236807072
53, 11, -0.7189062712090715
11, 20, -0.5374668396436029
-10, 21, 1.410410268620799
63, 6, 0.6300220546392831
-9, 21, 2.175655788564005
32, 17, 1.519280768942645
-8, 21, -1.20856157314472
20, 19, -0.8998059949222638
-7, 21, -1.393626123005442
69, 0, -1.358266379877266
-6, 21, -2.058364609086375
41, 15, 1.645023508699269
-5, 21, 0.5305609948440333
58, 9, 2.433093877393987
37, 16, -3.44009722018117
27, 18, 2.665016893451251
-4, 21, 2.223606782475031
60, 8, 3.294513284532076
12, 20, -0.7109343606307887
48, 13, 2.072279635663251
67, 3, -0.4688227759418475
66, 4, -0.9738559306524872
56, 10, 0.6967405249941143
51, 12, -3.06794619042445
-3, 21, 1.738760732638957
68, 2, 0.6701556480726918
45, 14, 0.5921207560946462
21, 19, -2.119287484601164
-2, 21, 0.5178816048651532
62, 7, -0.3001743289765249
65, 5, 0.1687949423339435
33, 17, 0.5275154302320436
13, 20, 1.192358866242843
-1, 21, -0.4495277475037996
69, 1, 3.158724958261359
54, 11, -3.032224230922049
0, 21, -4.526691848206929
28, 18, -2.801370623665864
38, 16, -2.133050367820537
42, 15, -2.972843776648721
22, 19, -1.067009700785366
1, 21, 1.066125755331587
64, 6, -1.773956368127635
14, 20, -1.821897537825848
49, 13, 1.092768113106965
2, 21, 1.566840448549184
70, 0, 2.762354606410098
59, 9, -0.4583891011621726
52, 12, -0.8589923266720506
61, 8, -0.02859023834519845
34, 17, -1.648334988805485
46, 14, -1.14257442278694
57, 10, 0.4557545863827848
3, 21, 2.015471418847835
15, 20, -1.535482861804621
68, 3, 0.3881742426311195
29, 18, 1.685354817082682
67, 4, -0.3201276831742232
23, 19, -2.832880213259268
69, 2, -0.6777879976404506
63, 7, -0.7734692613110916
4, 21, 2.07284959379556
66, 5, 1.452463757274683
55, 11, 1.014413683078303
39, 16, 2.586180488056495
43, 15, -1.232084751598536
16, 20, 0.8723282793745648
70, 1, 1.421790070042727
5, 21, -0.04556154444155274
35, 17, -1.351906532538387
24, 19, -2.329559933827325
30, 18, -2.611532684464775
50, 13, -0.5119778225487946
65, 6, 1.716102481661468
6, 21, -1.880226692664474
47, 14, -2.722129982192679
53, 12, -0.7280532623047646
17, 20, 1.386274903815142
60, 9, 0.6958437507957868
71, 0, -2.094876697592535
62, 8, -0.5990256322612383
58, 10, 2.947854129661301
7, 21, 0.6789538763424444
40, 16, 3.8881300888568
69, 3, 6.403780029717102
44, 15, 1.164747889691984
25, 19, -0.0233830516921295
68, 4, -2.732837006199768
64, 7, -1.838247052653082
56, 11, 1.488718594530324
31, 18, 2.335418857234929
8, 21, 1.454150286653922
70, 2, -2.012981171484998
18, 20, -0.01078971431380448
36, 17, -0.6222210652619725
67, 5, 0.448712737850644
9, 21, -1.779111520324894
71, 1, 1.776665905992781
51, 13, -0.4107992761385566
48, 14, 5.472231211470731
26, 19, 0.5359693821831653
19, 20, -0.4186012863727984
66, 6, -1.710664236507618
54, 12, 0.9652715361719054
41, 16, -2.012999904183137
61, 9, 1.110125486051426
10, 21, 1.036855953116343
32, 18, -1.027499832030426
59, 10, 1.154720271371183
45, 15, 1.015518632878573
63, 8, -1.910994192222107
37, 17, 0.9499661927678792
72, 0, -1.154246310988565
20, 20, 0.07171780940746594
11, 21, 0.5424094974138822
-11, 22, 0.1409409095612943
-10, 22, -3.09852531087774
57, 11, 3.905964911767535
-9, 22, -3.240564592922498
70, 3, -0.1086453729632428
-8, 22, 1.568400555791923
69, 4, -1.433355451259462
27, 19, -0.03494888843870556
65, 7, 3.495451520116908
-7, 22, 0.8257676305033766
71, 2, 0.2381360649653538
-6, 22, -1.411874736076485
-5, 22, 1.143879034340237
68, 5, 0.1844076305744258
52, 13, 1.6116897603704
49, 14, 2.436958022606207
33, 18, 0.4110672783045184
12, 21, -3.104653185175111
42, 16, -2.352294423410967
-4, 22, -0.1006769492167301
21, 20, 2.792809477868893
-3, 22, 1.602105541703031
72, 1, 0.02074288170129374
55, 12, -1.803709177703051
38, 17, -0.474188551971051
46, 15, -0.3666230706592127
-2, 22, -1.140316181496582
67, 6, -0.3353148144952761
28, 19, 1.688819312768199
62, 9, 3.154518868252624
13, 21, 1.672871586743677
60, 10, 0.06701382775648346
-1, 22, -1.429013812312329
64, 8, 1.019626983503741
0, 22, 2.609932878619602
22, 20, 0.586246752969712
73, 0, -1.110547306114849
34, 18, -0.8216953271559895
58, 11, 1.087524002583353
14, 21, -1.280900006463825
1, 22, -1.518127929796959
71, 3, -3.200779487939879
43, 16, -1.700617268338988
70, 4, -1.423162026462204
50, 14, -0.7833762723324403
66, 7, 1.105865020308633
53, 13, 0.3777330555071319
39, 17, -0.6219489309737479
29, 19, -0.2961149611726331
72, 2, 0.2354851863647333
2, 22, 1.191637417320838
69, 5, -0.3907982426640069
47, 15, -1.501053605487485
23, 20, -1.85090047716144
15, 21, 0.8368182035060531
56, 12, -0.664724916147868
3, 22, -2.231968150590646
73, 1, 2.021554691696936
35, 18, 0.515667763694589
63, 9, -3.261706951064285
68, 6, -2.74625482425748
4, 22, 1.871649608854054
61, 10, 1.060784880826208
30, 19, 0.6510833270741795
16, 21, 0.3137931408961359
65, 8, -1.565940716342722
44, 16, 1.781418593965291
24, 20, 0.08561054882478279
40, 17, -0.7972470152127011
5, 22, 1.831557780025027
59, 11, -0.4464140311322436
51, 14, -0.451134882611539
74, 0, 2.513826143145231
54, 13, -2.706313254541663
6, 22, -0.9605427143667014
67, 7, -2.243443732393679
17, 21, -0.587544445902213
72, 3, -0.7085782695141239
48, 15, 0.774420109671171
71, 4, 1.103835737970547
36, 18, 0.597057478121056
57, 12, -2.212099220832757
73, 2, -2.23573259737838
31, 19, 0.1435932816491086
70, 5, 0.5119533680646372
25, 20, -3.722532736146295
7, 22, -2.640318853119052
18, 21, 7.214376619527541
41, 17, 3.063127606424715
74, 1, 0.3232920421486615
45, 16, -0.9184961924433515
64, 9, -3.61768132341056
62, 10, 4.105119846403618
8, 22, -4.021649774594132
69, 6, -2.35068525945205
66, 8, 2.010938881349154
52, 14, -0.9063579550986194
60, 11, -0.17579320502227
26, 20, 1.352689069894617
55, 13, 0.09788515523380177
37, 18, -0.06455321696505922
32, 19, 0.6490038155612897
9, 22, -0.3102808713780653
49, 15, -0.8561816116555747
19, 21, 1.966267952563604
75, 0, -3.594430749778615
68, 7, 0.3757590369800516
58, 12, -1.821984459752531
10, 22, -0.1236273307134435
73, 3, -0.2026620392960898
72, 4, -3.272416522664912
42, 17, 1.085209528799868
74, 2, 1.217092314962612
46, 16, -0.5446362041257045
27, 20, -1.322034348215549
71, 5, 1.327102154217091
20, 21, -0.7673832349620008
33, 19, 0.8987827719892598
11, 22, 2.618298873103987
-11, 23, -1.638925378712738
-10, 23, -0.6520089576181146
38, 18, -1.315750296459457
-9, 23, -2.454476779464733
-8, 23, -1.103121355983406
63, 10, 0.3162224958645338
65, 9, 0.8416482741755956
53, 14, -1.331926778135242
-7, 23, 1.281937197559764
75, 1, -2.515130188567712
70, 6, 2.628942528287983
-6, 23, -0.5077066049905216
61, 11, -2.603542313858044
56, 13, 2.779806082840707
50, 15, -0.654404223344735
67, 8, -1.880711497356587
-5, 23, 1.236371668430654
12, 22, 1.824611676731347
21, 21, -2.513151029831464
-4, 23, -0.09798572544939869
28, 20, 5.118011740941551
43, 17, -2.953211227422547
-3, 23, -2.903145560924059
59, 12, -0.1838891395846459
34, 19, 0.31275973946711
76, 0, 4.542961445904788
47, 16, -2.104486041544724
-2, 23, 2.072954603476817
13, 22, 0.6707621968580911
69, 7, 5.164047470641362
39, 18, -2.288482327714133
74, 3, -2.022642475912015
73, 4, 2.654401433654392
22, 21, -2.713663473603018
-1, 23, 0.6188803675029848
75, 2, 5.926812173233794
72, 5, -2.783057396346196
0, 23, 4.355066738855872
29, 20, -0.6911409132388432
54, 14, -1.567329078963014
14, 22, 3.019161020182214
64, 10, -1.018536914782953
66, 9, -0.7306788849289423
51, 15, 2.58848257982955
1, 23, -0.4928652724073688
57, 13, 1.876698419833462
62, 11, -0.1828131204411624
35, 19, 2.428023524337633
76, 1, -0.6574051541625443
71, 6, 0.8919232500479125
44, 17, 0.1197961404426271
23, 21, -0.7569592320378857
2, 23, 1.38925547432792
68, 8, 1.411733740839429
15, 22, -0.08723762796498406
40, 18, 2.765978199852656
48, 16, 3.510687011004551
3, 23, 2.796048239582291
30, 20, 4.103280613640671
60, 12, -3.009469815256349
4, 23, 0.8569731917571493
77, 0, -0.4919042716853573
70, 7, 2.543522247715281
24, 21, 0.3694382644180526
16, 22, -3.384429477859198
74, 4, 1.22487032989589
75, 3, 2.80646574141143
55, 14, 1.211697107981529
36, 19, -2.379544639739386
5, 23, 0.02236619776118859
52, 15, 1.270594277093323
73, 5, -1.434286293250643
45, 17, -1.706669760987703
76, 2, -4.361888428815702
65, 10, 1.569255868723312
58, 13, 0.5102062316818561
31, 20, -2.934770855197152
67, 9, 0.07042741276401943
41, 18, -2.304065864414717
17, 22, -1.489466930099749
6, 23, -6.269585200890334
63, 11, 2.731220012190784
49, 16, -2.817917125261612
25, 21, -2.375328106827428
72, 6, 4.293549598080033
77, 1, -4.603686664939025
69, 8, 1.881945972377719
7, 23, -2.391289989100661
61, 12, -1.830783385867975
37, 19, -1.097933804491064
18, 22, 3.81573107096179
32, 20, -1.449288610114225
8, 23, 0.7150870672449924
26, 21, 2.011015161781047
56, 14, 0.1004784909480348
71, 7, -4.492370081455222
46, 17, 2.489568227006369
53, 15, 0.2141307743371674
78, 0, 0.6639992962320832
42, 18, 2.112511886366326
75, 4, -1.533746808140095
76, 3, -2.170000628659549
19, 22, 1.175495799583226
59, 13, -3.646766613910196
9, 23, 0.3477932290009099
66, 10, 1.437694235978939
50, 16, 0.05878210304189802
74, 5, -1.102046552696842
77, 2, 2.0331792784153
68, 9, -1.837098003306542
64, 11, 0.323681459351865
38, 19, -3.171004133755307
27, 21, -2.500916806274559
33, 20, -0.6560323773023164
10, 23, -0.6235098753033491
73, 6, -2.141019530750264
70, 8, -2.020792076049767
20, 22, -3.712720757079874
62, 12, -2.612883058382724
78, 1, -4.31277472368848
47, 17, 3.134894577524336
43, 18, 0.006077747185247829
-12, 24, 0.005840134942562807
11, 23, -2.322002506199988
-11, 24, 1.710036138252325
-10, 24, -3.319827482117836
54, 15, 1.125342178945157
-9, 24, 0.6060130471603177
57, 14, -0.1330694626998948
-8, 24, 3.56541914696375
-7, 24, 0.8578910607709315
28, 21, 2.229994220788159
72, 7, -3.161380800802905
21, 22, 4.203199301954275
-6, 24, 3.139247867136196
51, 16, 1.31398261007715
39, 19, -0.3103834094579832
34, 20, 1.829839029270341
60, 13, 3.502302120203501
12, 23, 4.83544979370665
79, 0, -2.66289273942097
-5, 24, 0.2779312119693405
-4, 24, -2.487439511786386
76, 4, 2.580095520006263
77, 3, -0.3231823045392074
67, 10, -1.034943252831084
65, 11, 3.217350114151413
-3, 24, -4.394040718601333
69, 9, -2.224190298579653
75, 5, -3.247893330566353
78, 2, -2.211533487208975
13, 23, -0.2879223111343581
44, 18, 1.280515250162994
22, 22, -2.625502438235498
-2, 24, -5.29955415661387
48, 17, 0.8659110739689652
29, 21, -4.862064437979089
63, 12, 2.572687287136204
-1, 24, 2.412011750034224
71, 8, -6.260697463885392
74, 6, 4.311827334347499
55, 15, -2.560474128801
35, 20, 2.797192815406726
79, 1, -1.446369119387948
40, 19, -1.922270959995697
58, 14, 5.776371280646359
0, 24, -5.030066594850872
14, 23, -2.429957152717783
52, 16, -3.789574350324012
23, 22, 0.2889296891904204
1, 24, 2.571035973007569
61, 13, 0.4762335544494495
73, 7, -2.643269293394361
30, 21, -2.872951777234165
2, 24, -1.265477410557577
15, 23, 0.4462565897565347
45, 18, 6.149206288800897
80, 0, -2.448308844063787
68, 10, -3.095066078201458
77, 4, 0.4054844449739425
66, 11, -2.24901501471913
49, 17, -3.244330079386287
36, 20, -5.660542907415295
3, 24, -2.704795785813626
78, 3, -1.254365344839106
70, 9, -0.3890508176157531
24, 22, -0.3182085188740408
76, 5, 1.18150572887271
41, 19, -2.800750334256694
79, 2, 0.3438589882933442
16, 23, 0.6268214937619141
4, 24, -1.616741759075558
64, 12, 2.449657940637531
56, 15, 2.446084602239815
59, 14, 1.022476671181996
31, 21, -1.138139303270473
72, 8, -2.589327963538182
75, 6, -6.988599650888424
53, 16, 0.7137495278689063
5, 24, 0.1338398803151061
80, 1, -0.0001483074836450556
25, 22, 0.2541026680926636
17, 23, 1.272204637639407
46, 18, -3.177968843489395
62, 13, -1.100337397096562
37, 20, 4.464767111660979
6, 24, 3.948862973018915
50, 17, 2.7995274575991
74, 7, 0.9811442350524093
42, 19, -1.242702705920723
32, 21, 1.135750742471777
69, 10, -0.0588727585769288
7, 24, -0.7381865567160883
67, 11, -0.174469631374429
18, 23, -0.7865024011952308
81, 0, 1.192625193829802
71, 9, 4.64579595469208
78, 4, 3.545446162195102
26, 22, 5.051626524647725
79, 3, -1.595639413932384
57, 15, 2.59951814054992
77, 5, 1.20944597369552
65, 12, -3.834584662971749
8, 24, 3.562392867831647
60, 14, -2.321145868517914
54, 16, -2.405717610434734
80, 2, -0.8996604453626483
38, 20, -0.3754137582569295
73, 8, -1.592867144251802
19, 23, 0.6742968383495191
47, 18, -0.570255279018605
76, 6, 4.398410853785565
9, 24, 2.012174665407149
33, 21, 2.496251027082149
43, 19, 1.922593460294514
63, 13, 3.647864005845928
51, 17, -2.710618831326552
27, 22, -0.9003594986550983
81, 1, 4.721738814188376
10, 24, -0.367586713540053
20, 23, -3.105700859538402
75, 7, 1.548624074845433
70, 10, 0.7028674354373974
39, 20, 3.544344914178438
68, 11, -3.705582452482633
58, 15, 1.614881197615546
-12, 25, 3.946303939904193
55, 16, 1.113527887967378
34, 21, -1.289946567507038
11, 24, 0.3032301161222989
-11, 25, -0.9897344464554773
72, 9, 1.8454761550612
82, 0, 3.273077501980359
28, 22, -2.000067455848846
-10, 25, -1.548883220545122
-9, 25, -5.529130562954367
61, 14, -3.500994146630704
66, 12, 0.6181310561107255
48, 18, -1.180272522777094
79, 4, -2.494980655889517
80, 3, 0.1801495688232145
-8, 25, -1.344885547376741
44, 19, 5.282743580205024
21, 23, -1.513717378361059
78, 5, -2.666474235440226
-7, 25, 1.326766765999045
-6, 25, 1.74108004061279
81, 2, 2.200718743377468
52, 17, -0.4319272871158023
12, 24, -1.070631491289065
74, 8, -4.744822253967682
-5, 25, -0.5396297867218497
77, 6, 0.1013942854845155
64, 13, -0.9687966796801804
-4, 25, -5.137309602388601
40, 20, 0.6760516538260836
29, 22, -0.6769867359077562
22, 23, 0.6341360464971226
-3, 25, 7.675883210556382
35, 21, -3.109687186482549
13, 24, -3.767760792913253
82, 1, 4.660729791166797
-2, 25, -3.150297096330868
59, 15, -0.6769784551744377
76, 7, 2.434145009069213
49, 18, -0.05631739731371411
56, 16, -0.8576520190736965
71, 10, 3.164582254845724
69, 11, -5.677274102206091
45, 19, 0.8202577673146552
-1, 25, 2.613875616649318
62, 14, -4.421822469738759
14, 24, -7.058896616789838
0, 25, -3.951216577771957
73, 9, 3.822227521965694
67, 12, -3.215917701538676
23, 23, 2.592642782876324
30, 22, 0.9476048936616479
83, 0, 1.929313947840969
53, 17, 3.531080185887755
80, 4, 3.544227488727313
1, 25, -1.428649193601761
41, 20, 2.916517088669533
81, 3, -4.579882936240392
36, 21, 2.760863631915085
79, 5, 4.042951924884071
15, 24, -2.979438786022672
75, 8, 4.129558127160554
65, 13, -1.91441913961097
2, 25, 3.336621706693432
82, 2, 3.746126531782104
24, 23, 2.588045070218604
78, 6, -2.375585548315199
3, 25, -1.900207292369697
46, 19, 5.508710592166429
50, 18, 3.862151331186142
31, 22, -1.248072348034377
60, 15, -4.414164404291107
16, 24, 4.806441143523124
57, 16, -6.355647712907821
83, 1, 4.746822525665903
4, 25, 0.8163299348317415
37, 21, -1.224407577658598
70, 11, 2.790449521887084
72, 10, -0.8596810382400193
42, 20, 2.867081293733055
77, 7, -0.04078295733069241
63, 14, 1.859872663724111
54, 17, 0.411027087136119
25, 23, 2.063482338682555
68, 12, -2.097270702873944
5, 25, -8.57580795665495
17, 24, -0.8935885720401214
74, 9, 6.500699523599718
32, 22, 0.5770875310445317
84, 0, 2.466545151320114
6, 25, 5.588377564495933
81, 4, -2.752985641136451
82, 3, 2.316394907517699
66, 13, -2.428232781139602
47, 19, 0.4013466898372663
80, 5, -0.6405784543973618
51, 18, -6.857202960537566
76, 8, -4.544091031816183
18, 24, -2.451490622459172
38, 21, -4.946834106678184
26, 23, 5.569467700313506
83, 2, -0.3924280681393155
7, 25, 2.325725574722016
58, 16, 2.81341618163093
43, 20, -0.4870743855185083
79, 6, 0.50408038763003
61, 15, -3.993484340521551
8, 25, -0.604528767001271
55, 17, 5.83278960784028
33, 22, 0.3751881757017487
64, 14, 8.686851317662219
84, 1, 2.337614293908058
71, 11, 4.956477182456273
19, 24, -3.734000194711868
73, 10, -1.08835485339659
78, 7, 7.574671656700257
27, 23, 7.010651829532625
69, 12, -3.838432388771469
9, 25, 2.127057855697691
48, 19, -6.490600539678337
75, 9, 2.988228757175603
39, 21, 0.491313062903447
52, 18, -1.523649894887395
44, 20, -4.39240613562106
20, 24, 3.154470086176654
67, 13, 3.892028491799284
85, 0, 0.8269727732132645
10, 25, -6.617220589697037
82, 4, -6.102089880767396
34, 22, 3.759099737794966
83, 3, 7.180455906567644
81, 5, 0.71719494477601
59, 16, -2.487658955016503
28, 23, -0.7614803643726139
77, 8, 0.2027285328146849
62, 15, -4.202633681872171
56, 17, -1.151918205960445
-13, 26, -0.9498016596924193
84, 2, -1.07856348098351
-12, 26, 2.03086156198192
11, 25, 0.09042283524797436
-11, 26, -1.141052305194073
-10, 26, 4.792084221746602
80, 6, -7.962993392259581
21, 24, -0.7846894858183248
-9, 26, 4.022310406146805
65, 14, -1.263276460035331
40, 21, -4.160614492899642
-8, 26, 1.732191438580916
49, 19, -0.1874588291701877
-7, 26, 0.04783831320595229
72, 11, 2.30520071424318
74, 10, 2.735587300946394
-6, 26, 0.6614672460296609
12, 25, 0.9722308619747891
35, 22, 0.2303431690420686
85, 1, -1.32415012396461
70, 12, 3.717612464014643
45, 20, 1.684269326494563
53, 18, -1.703411197429739
29, 23, -6.992794870971188
-5, 26, -1.891643438270135
79, 7, -0.7506740709434193
22, 24, 1.261169350771551
-4, 26, -4.263832206256247
76, 9, -2.323293452953079
68, 13, -4.647267812328496
-3, 26, -3.320555532287115
13, 25, 5.457229514117066
60, 16, 5.669197105552994
-2, 26, 5.054731734270959
63, 15, 0.2032064408277917
41, 21, 3.836526689739651
86, 0, -3.076820061041607
83, 4, 1.559154600024839
57, 17, -1.572244105646189
84, 3, 3.607420024832477
82, 5, 0.2667048008569666
30, 23, -1.915553127500306
-1, 26, -0.8746822955470852
78, 8, -5.255774544993113
36, 22, 5.475466845191605
23, 24, 4.126654010929649
14, 25, 7.678166871505993
50, 19, -6.934118129356555
66, 14, -5.041550923368456
46, 20, 2.854904296071153
0, 26, 3.969065742154963
85, 2, -0.324792593593564
81, 6, 3.297490452983868
54, 18, 1.96479190674119
73, 11, -1.929630638589989
1, 26, -1.097116336160446
75, 10, -2.911991064281282
15, 25, -6.258015087806999
71, 12, 2.046085279986825
24, 24, -11.31064302932284
2, 26, 2.638510838774771
86, 1, -7.148281292780942
31, 23, 1.255804691886506
42, 21, 13.25481399114847
80, 7, 1.25427958480255
37, 22, -1.246344534097023
77, 9, 3.479467059258484
61, 16, 1.497198833876586
69, 13, -7.423827530345206
3, 26, -0.04462310500843127
58, 17, -3.325293601197445
64, 15, 3.154025438242033
16, 25, 6.366437256988727
51, 19, 4.636411885378698
47, 20, -1.571678846732286
4, 26, 1.011005231672935
25, 24, 3.630724342719951
84, 4, -1.605373939796515
87, 0, 0.2173597675960365
79, 8, 2.661392985810862
85, 3, -1.884033598734585
83, 5, -1.605282353593579
55, 18, 0.968395833453775
32, 23, 1.397612200967338
67, 14, 0.6850055473165342
17, 25, 0.6994803596315777
5, 26, 4.261039897339237
43, 21, 4.483156717678232
38, 22, -3.862119628162376
86, 2, -4.942495811705861
82, 6, 2.844563614848693
74, 11, -1.012496777430381
6, 26, -2.006583688389441
72, 12, 9.327609497826924
76, 10, -0.7111007596679723
26, 24, -2.678512815181407
18, 25, -4.762708665798492
62, 16, 4.198633766255572
59, 17, -3.566886003191628
52, 19, 6.564729106246018
48, 20, -7.13949635143921
7, 26, 2.59863325671544
87, 1, -3.172507861941009
81, 7, -4.807054115414935
33, 23, 2.129090242040821
70, 13, 3.500734261349166
65, 15, 0.05614874177418615
78, 9, -6.852703300683675
39, 22, -1.900929984196284
8, 26, 5.746939054592801
56, 18, -7.243707412394324
44, 21, -10.31203000674968
19, 25, 1.921130904368543
27, 24, -0.3067871331022468
68, 14, 1.244913777431587
85, 4, 0.06020366531120251
88, 0, -5.670311675990201
80, 8, 13.68157866636631
84, 5, -0.1059918312240978
9, 26, -5.616317037026819
86, 3, -0.943977449042894
34, 23, -2.907350727915659
20, 25, -3.159007107052866
75, 11, -1.646654197940168
49, 20, 1.459404342046276
83, 6, -0.3563510503042306
87, 2, 1.695951036012543
53, 19, 0.3308655844071028
73, 12, 1.220399527903479
28, 24, -8.170773571856904
63, 16, -3.675937074365427
10, 26, -0.07261830192187463
77, 10, -0.6396785215185159
60, 17, -1.522200783183451
40, 22, -3.085955848565098
66, 15, 6.482546096829347
45, 21, -7.340040549734599
71, 13, 0.01440845928826529
82, 7, 0.01838081431725654
-13, 27, 3.874260734330142
57, 18, -3.731799650373818
-12, 27, -2.280370438146075
21, 25, -6.788459127116868
88, 1, 6.521848515043514
79, 9, -1.869058860401671
11, 26, 4.037861671783857
-11, 27, 0.4179329494867874
35, 23, -1.438892871624055
-10, 27, 2.68723745367377
-9, 27, -3.548428555361986
-8, 27, -5.418210577718689
29, 24, -1.022495196051505
-7, 27, -0.4839076461683844
69, 14, 0.9720700388477145
12, 26, -6.443469997748043
-6, 27, 3.593988117244911
50, 20, -0.6923868563276661
41, 22, -0.6703601212852222
22, 25, -7.177695686469087
-5, 27, -2.032876871788689
81, 8, -2.945191844502446
54, 19, 1.946661291191317
86, 4, -1.258566994880493
89, 0, -8.159389287785331
85, 5, 2.714297437332193
-4, 27, 0.7883933809292122
87, 3, 0.8915014094318282
46, 21, 0.9714703240681873
64, 16, 0.7019705753225829
61, 17, -1.037710352079998
76, 11, 1.381259815409708
36, 23, -5.266785990696698
13, 26, 2.410849117934534
-3, 27, -6.46215833842298
74, 12, -3.330010066737549
84, 6, 9.003253548271166
30, 24, -3.122517471893672
88, 2, -2.83494607625552
78, 10, 6.220620755834868
-2, 27, 2.815507985426986
67, 15, 2.019052098960203
58, 18, 3.336229042509887
72, 13, 5.744605140284174
23, 25, 7.403715186919722
-1, 27, 0.4454692010981631
14, 26, 5.909443624293778
83, 7, -5.460450363190839
80, 9, 3.192196987036529
42, 22, 1.507685502638215
0, 27, -12.81934394144374
89, 1, 3.121097009145144
51, 20, 10.07782734067338
70, 14, -6.732863067594552
37, 23, -2.640126622040464
55, 19, -4.260521541240391
31, 24, 1.96692645503366
1, 27, -3.485143325010986
47, 21, 2.673634788406984
24, 25, 2.382428192246904
15, 26, 5.312467355428153
62, 17, 4.816753765951448
2, 27, -1.473405854820963
65, 16, -1.091768526273491
82, 8, -0.527593413263336
87, 4, 1.736848732415786
90, 0, 15.46472256220848
86, 5, 0.1477975979380827
88, 3, 0.4344436941428454
77, 11, -4.93690613583444
59, 18, 7.418299533176172
16, 26, -1.060170539961968
75, 12, 6.040588174778406
3, 27, 5.835646350716134
68, 15, -5.293387690174614
43, 22, -13.11398056627283
25, 25, 1.830693793448829
32, 24, 4.379605602703865
85, 6, 2.587335536714404
79, 10, 3.599236884845308
73, 13, 0.006527203113051118
38, 23, 0.9053310783787587
89, 2, 4.832672407730112
4, 27, 1.990362051371218
52, 20, 0.2712245383175934
48, 21, -1.018561961756491
17, 26, 0.9859898362466791
56, 19, -0.3127239954228591
5, 27, -5.201917093532722
81, 9, -14.44793227653756
84, 7, -2.728426873301864
71, 14, 6.988486698894202
90, 1, -0.1921044847261379
26, 25, 2.352480759906269
33, 24, 1.453481226953576
6, 27, -0.1211314414715133
63, 17, 6.118796678989355
66, 16, -6.39895278805264
44, 22, 1.841677966736087
18, 26, 1.749232199883592
39, 23, 5.744888722246404
60, 18, 0.311356118486198
83, 8, 3.589625699931359
7, 27, -1.750308240430173
53, 20, -8.952797017584295
69, 15, 5.132339978182468
88, 4, 1.057370482975901
76, 12, 0.9194617861873395
78, 11, 0.1203431349584307
87, 5, -7.070844724113887
27, 25, 4.9756428556331
91, 0, 13.93142316974205
49, 21, -6.616448821952714
89, 3, 12.81047094483299
19, 26, -3.52574898467495
74, 13, -4.0280824567862
8, 27, -0.2151847073395663
80, 10, 2.990242988438721
57, 19, -4.206772114186548
86, 6, -2.535147635665686
34, 24, 4.516335186806606
90, 2, -2.885579631925917
45, 22, 0.4843800481773243
40, 23, -0.7481537060392374
9, 27, -3.318929408893192
72, 14, 3.514399860123212
82, 9, -3.735289404829624
20, 26, 7.605747789279425
85, 7, -3.342211824266714
28, 25, 7.628552965996041
64, 17, -1.707815084091961
67, 16, -11.86620069981891
91, 1, -7.294183964433393
61, 18, 0.8361350236233455
10, 27, -0.1009114612241381
54, 20, 2.466932901484842
50, 21, 9.922609105219802
35, 24, -3.678401660583805
21, 26, -7.805630172997703
70, 15, 2.912266672422567
-14, 28, 0.8677047411029402
-13, 28, 3.606677165457368
84, 8, 10.12084600872224
-12, 28, 0.9062286985389947
77, 12, -6.57613053528777
58, 19, -0.5088127200153437
11, 27, 0.8820386509218398
-11, 28, 2.173547446185706
79, 11, 6.730827555996272
29, 25, 3.76562778513496
41, 23, 1.369889112201746
-10, 28, -11.13230925054873
46, 22, -0.3228929688049865
89, 4, -3.499936375948623
-9, 28, -6.676239670729999
88, 5, 2.628946368450273
75, 13, -0.2734307605437362
92, 0, -2.294382291547966
-8, 28, -3.2811231345435
90, 3, -0.4730043788620571
81, 10, -0.563448412116732
-7, 28, 5.477704110803322
87, 6, -1.049106916772433
12, 27, 2.663943591341368
22, 26, 8.552722860858868
-6, 28, 2.349412236860578
36, 24, 5.91580568418383
91, 2, -6.427126094821228
73, 14, 6.898516066540375
65, 17, 2.277410633246358
-5, 28, 2.336522239234061
51, 21, 4.944436134182191
62, 18, -4.803059553630625
55, 20, -4.069325360564969
30, 25, -8.278984833922236
83, 9, 6.212048684051657
68, 16, -10.08624995976694
-4, 28, -1.081423890624248
86, 7, -12.49023502492448
13, 27, -4.239070559186966
42, 23, 2.050856927588898
-3, 28, -5.572294988971657
23, 26, -3.116332509449183
92, 1, -3.869572852121607
47, 22, 4.992498059594598
-2, 28, 4.099719312352614
59, 19, 2.722930152735452
71, 15, 5.734052744957417
37, 24, -0.254733754137509
14, 27, -3.667403787327424
-1, 28, 1.372199490213895
78, 12, -0.1279675730078159
85, 8, -2.293836454326865
80, 11, -2.185831925711677
31, 25, -1.484417775119161
76, 13, -8.88440807493954
0, 28, 0.1351201271315496
90, 4, -4.226526188248616
24, 26, 8.810932154910169
89, 5, 2.61195786120572
82, 10, 3.508937427672482
52, 21, -3.962254613924974
93, 0, 2.721280478431616
15, 27, 3.525847469469829
91, 3, -15.22496677402671
1, 28, 11.01744528455835
56, 20, 2.706161852619736
66, 17, 1.861876649167278
43, 23, 9.275691159715995
63, 18, 4.257591088547566
88, 6, 4.762297854671361
74, 14, -11.29380577628577
69, 16, 7.141978293319874
48, 22, 6.08890497202542
2, 28, 4.096673682466586
92, 2, 2.988546193728344
38, 24, 0.3562956423614491
32, 25, -12.30793591853275
84, 9, -7.24106069853904
16, 27, -12.31773673976396
60, 19, 6.502432256918772
25, 26, -5.454441434856953
87, 7, -0.5731688724508532
3, 28, -2.652717827233281
72, 15, 3.182174917680495
4, 28, -1.713690306405931
93, 1, -12.6096840484125
44, 23, 0.08748122262433372
17, 27, -7.187547235164957
79, 12, 8.041784820299066
53, 21, 0.288713037417946
81, 11, -3.215768659081617
86, 8, -1.590084507281659
26, 26, 1.631867356607783
77, 13, 7.658173013523748
57, 20, -1.261309637022595
33, 25, -0.564083379245917
5, 28, 0.3243200498275202
39, 24, -5.850779695449667
49, 22, 3.379267498432063
67, 17, 0.7192458260429048
64, 18, -10.44722062370417
83, 10, 0.9017187219365087
91, 4, -0.5461855142130231
90, 5, -1.000177360663571
6, 28, -2.936869045686974
18, 27, 3.768874821722485
75, 14, -9.483129090075961
94, 0, -6.607307501574744
70, 16, -6.650532875318341
92, 3, 1.895323658474002
89, 6, -1.116868320866862
61, 19, -6.257426212370753
27, 26, -6.462338937906521
7, 28, -0.6175649398204892
93, 2, 11.3438081471861
45, 23, -9.871115847828124
85, 9, 0.2194051729367861
34, 25, 5.085778185557585
19, 27, 4.463288712531159
40, 24, -0.05225687504811848
88, 7, 3.10144704648713
73, 15, -2.948961291859896
54, 21, -2.503837875708102
8, 28, -12.13073760087651
58, 20, 3.035508457584061
50, 22, -2.886600669140798
94, 1, -5.341653077938585
80, 12, -3.376709691157306
28, 26, -1.927459891002877
82, 11, -4.021070818167799
78, 13, -2.548296749316119
9, 28, -8.993141045420675
68, 17, 7.538432612579538
65, 18, 2.331384007074072
20, 27, -0.6795028763819786
87, 8, -1.970524878754807
35, 25, -4.975504422802939
71, 16, -0.08895467926422161
62, 19, 0.3624392787341256
46, 23, -0.6491538616913302
84, 10, -3.408868763712428
76, 14, 1.574656960771203
41, 24, 2.948078644670602
10, 28, 0.6247849644865907
92, 4, 17.14247240418467
91, 5, 5.912742213916043
95, 0, 0.6549938910893417
93, 3, -3.957944523862482
21, 27, 1.898769889976507
55, 21, 2.974906124414315
29, 26, 2.799413383806601
90, 6, -10.15404341952623
-14, 29, -4.763208337565604
-13, 29, -0.5334567334431096
51, 22, -4.06583192792799
-12, 29, -3.488488178580171
11, 28, 13.46489951212341
-11, 29, 4.352121770596386
86, 9, 16.00297096823567
74, 15, -5.438539169038016
59, 20, 5.961526981192952
-10, 29, 11.2111220914499
94, 2, 10.50210631471119
36, 25, 0.1720009587132943
-9, 29, -4.742687899506447
89, 7, 10.92175988307789
-8, 29, 14.76692651795827
22, 27, 5.239859732217456
-7, 29, -8.686034780231058
12, 28, 2.477485630185265
66, 18, -1.704383143566639
42, 24, -7.227699698828384
47, 23, -9.557737358867056
69, 17, -4.325936274795533
-6, 29, 11.90214972388438
30, 26, 1.907474316526845
81, 12, 1.680388901282549
79, 13, 4.19720528416922
95, 1, -1.810102664880669
-5, 29, 6.104665932357889
83, 11, -2.537947037815049
63, 19, -4.393534207407416
-4, 29, -6.591509890157697
88, 8, -4.563129684875626
72, 16, 9.928447442186105
13, 28, -4.827294322661672
77, 14, 0.3370173892122745
56, 21, -5.46145342128291
37, 25, -2.920506847731351
23, 27, -15.136197384644
52, 22, -8.490297745210576
-3, 29, -1.94783492149412
85, 10, -9.468581047657922
93, 4, 6.589910199456595
-2, 29, -15.9415538671345
92, 5, 0.01695299384866017
60, 20, -1.616405274534427
31, 26, 4.456034824927097
14, 28, 7.629086934248016
96, 0, -9.794529573082015
94, 3, -0.04737383164870323
43, 24, -7.726188988084098
91, 6, 9.984874207254521
-1, 29, -4.352706967643011
75, 15, 4.867801498474322
48, 23, 1.487123898531539
87, 9, 11.85461027224755
24, 27, -1.068754562782605
0, 29, -0.5626978617539888
95, 2, -7.354451029912435
67, 18, 5.523275436615653
90, 7, 15.2135828175181
70, 17, -3.160380738701734
38, 25, 13.81129416709509
15, 28, 8.265121067228426
1, 29, 4.726073815736187
64, 19, -3.429488977571783
82, 12, -6.957273891198352
32, 26, -6.987343237548638
57, 21, 10.6243798080321
80, 13, -2.450960449054184
53, 22, 2.318565596770005
84, 11, 7.331342230767768
73, 16, -3.048223685299573
2, 29, 0.3484356711535728
25, 27, 0.8355335987346059
96, 1, 13.4914291927037
44, 24, -0.920613974609789
16, 28, 2.027227907111394
78, 14, 2.588048597678103
89, 8, -1.654504410950599
61, 20, 7.035749517466312
49, 23, -11.91037855223949
3, 29, 6.807123319674347
86, 10, -7.571369993236733
39, 25, 0.9173085132620061
33, 26, -1.320741655641773
4, 29, 8.143375683746633
94, 4, -1.760574526557481
93, 5, -2.682274523755355
17, 28, -4.527681772708349
76, 15, -5.557562177449295
26, 27, 3.523100000581681
97, 0, 18.4812397450456
95, 3, -9.795543465742581
92, 6, -9.079583907809962
68, 18, 13.56164702543584
5, 29, -12.5263950348408
88, 9, -2.708763979957337
71, 17, 2.497014144095465
54, 22, 5.610618558322433
65, 19, 7.989174560149017
58, 21, 0.497787162837442
45, 24, 9.273016796867614
96, 2, 10.97359667181556
18, 28, -9.601368390258232
91, 7, 8.372432275145705
6, 29, 12.84139353261025
83, 12, 3.898075143233124
50, 23, -7.746520319675005
81, 13, -5.173419105201521
40, 25, 0.9889147912180852
74, 16, 2.4682360865913
34, 26, -4.210550381767532
27, 27, -8.572351450582246
62, 20, 1.317364159122607
85, 11, 1.438726724027988