d = 163, symClass = D, D = 4.828125
[3.314920592159041, 3.314969326456665], 3.314925695179948
1, 0, 1
2, 0, -0.8135361324476946
3, 0, 0.1467696517178238
4, 0, -0.3395618475802872
5, 0, -0.4800858827368953
6, 0, -0.1216169870407353
0, 1, 0.1264691543742286
1, 1, -0.5077312937855525
2, 1, 1.595021366646675
7, 0, 0.9174646868157209
3, 1, 0.05455805884246
4, 1, 1.803037350249741
8, 0, 1.087064486099642
5, 1, -0.3433872062810429
9, 0, -0.9784859831409144
6, 1, -0.2511697510454767
7, 1, -0.2226292093345087
10, 0, 0.3944618690797971
8, 1, 1.033861577150218
11, 0, -1.10932689337273
9, 1, -1.240469280146633
12, 0, -0.04917290880729173
10, 1, -0.919649059559388
-1, 2, -0.6101081013640088
0, 2, -0.09867736028095267
1, 2, -0.7567061061970231
13, 0, 1.190055917647071
2, 2, 0.4155823691652094
11, 1, 0.8562041807265092
3, 2, -0.02630133588311638
4, 2, -1.302153580177438
14, 0, -0.7480028885317661
12, 1, 1.670152484974718
5, 2, -0.573535624421997
6, 2, -0.04501171128575553
13, 1, 1.146213266897416
15, 0, -0.06988337259669211
7, 2, 1.030399287736189
8, 2, -1.471471218049913
14, 1, 0.04324701470866183
16, 0, -0.5503915032003391
9, 2, -0.4966002669477753
15, 1, 0.3995794331003547
10, 2, 0.2810518213667006
17, 0, 1.887572279760942
11, 2, 0.7623377850458148
16, 1, -0.2987031687553133
18, 0, 0.7926738216855483
12, 2, 0.2012158647950631
17, 1, 1.820150379566177
13, 2, 1.21183710402875
19, 0, 0.3100916496151945
-1, 3, -1.732976736641895
0, 3, 0.01620817466257977
1, 3, -0.6890471138979281
2, 3, 0.2352599572616847
18, 1, -0.7340784166683362
3, 3, -0.07677004591060455
14, 2, 0.1797054730308526
4, 3, -0.0008124214164570646
20, 0, 0.1619054887852716
5, 3, -1.796660916961082
15, 2, -0.9011893237739995
19, 1, 1.453393271563334
6, 3, 0.2363716540444535
7, 3, 0.4663738160906374
21, 0, 0.1401081282234454
16, 2, -0.8438713933180225
8, 3, 0.4271594888343663
20, 1, -0.6396186133389578
9, 3, 0.002509541438880091
22, 0, 0.897627957886039
17, 2, -0.3373799511538634
10, 3, 1.003360825871423
21, 1, -0.03827203347080396
11, 3, 0.2091809327829172
18, 2, 1.007818411470647
23, 0, 1.743988349734387
22, 1, 0.9578605238602801
12, 3, 0.2679919993986187
19, 2, 1.639814515529459
24, 0, 0.1633500856084252
13, 3, -0.9367377548619091
23, 1, -0.03032416592598704
20, 2, 0.7568405589154523
14, 3, -1.806738044281209
25, 0, -0.7982764533646016
15, 3, -0.03311538653993373
24, 1, -1.244464566908601
21, 2, -0.1206859516185234
-2, 4, 0.4974105465304626
-1, 4, 1.20846271373021
0, 4, -0.03934449872557903
1, 4, 1.602272307088353
2, 4, 0.6049828977375323
16, 3, 0.6147390617622135
26, 0, -0.977267800540821
3, 4, 0.07116645094855624
4, 4, 0.1625009090534567
25, 1, -1.066135639856838
22, 2, -0.6956074192304724
5, 4, -0.3762340804940614
17, 3, -0.03491751838014879
6, 4, 0.0279480943328821
27, 0, -0.2976564349086622
7, 4, -0.6400936359982996
23, 2, 1.887838591254776
26, 1, 0.02557019553959605
18, 3, -0.04009055287632648
8, 4, -0.5414639760657103
9, 4, -0.04154792513051134
28, 0, -0.3097017169288256
19, 3, -0.5776812847184872
24, 2, -1.36104256814782
10, 4, 0.4640066986916958
27, 1, 1.799129638428144
11, 4, 1.334342026660194
20, 3, 0.2589009814718128
25, 2, 0.4083348374200588
29, 0, 1.484149093096442
12, 4, -0.01853142612062826
28, 1, 1.500213448351619
21, 3, -0.03452104414590298
13, 4, -0.5359124027649073
26, 2, -0.935400456216778
30, 0, 0.06312596765784174
14, 4, -0.8385196200046505
29, 1, -0.2498550497235073
22, 3, -1.419522995452984
15, 4, -0.1680079273367807
27, 2, 0.6964608210661879
31, 0, 0.9513669525669822
23, 3, -1.687503403284473
30, 1, -0.7021083673018036
16, 4, -0.6048183179549356
28, 2, -0.03291333512913933
17, 4, 0.06573355346437557
24, 3, 0.1508326102839208
-2, 5, 1.625788928740629
-1, 5, -0.9472256994898616
32, 0, -0.6431928084850278
0, 5, -0.06155396402640927
1, 5, -0.5501997667757654
31, 1, -1.22716892508106
2, 5, -0.03650904789529186
3, 5, 1.620183030063966
18, 4, 0.407175062384914
4, 5, 1.471704790468699
29, 2, -0.5551432075144361
25, 3, -1.485023798463535
5, 5, 0.2525577893526968
33, 0, -0.1676205872903569
6, 5, 0.5221790137460645
19, 4, -1.414673736938206
32, 1, 0.7062226967496393
7, 5, 0.0526316550696367
26, 3, -1.057101118974548
30, 2, -0.3233040209834084
8, 5, -0.5022499991192734
20, 4, 0.1175565186527109
9, 5, 0.2930890979970671
34, 0, -1.538666283401626
33, 1, -0.5811252454870333
10, 5, -0.7777448505187556
27, 3, -0.187108853872816
21, 4, -1.228936137440994
31, 2, 0.2332061616765181
11, 5, 0.09239228333396081
35, 0, -0.4436305490158927
22, 4, -0.6172170237125533
12, 5, -0.3506147847567039
34, 1, -0.3702519739470875
28, 3, 0.3329217023172817
32, 2, 0.2458242581196748
13, 5, -1.744100553095421
23, 4, 0.9253518472976309
14, 5, -0.1280715446202288
36, 0, 0.3267063104917417
29, 3, -0.2429831966281457
35, 1, -0.515954966425296
33, 2, 1.22342947928235
15, 5, -0.02349898508675535
24, 4, 0.08272483382071573
30, 3, -0.1368123237236424
16, 5, 0.3111518030686667
37, 0, 0.4157853961178624
36, 1, 1.647938624802839
25, 4, 1.249859584121944
34, 2, -1.486159737093891
17, 5, 1.667162478874286
31, 3, 0.7438420978194943
26, 4, -0.9919350907382942
18, 5, 0.5678372812091577
38, 0, -0.2544030287196682
37, 1, 1.000122695814262
35, 2, 1.099422980621556
-3, 6, -0.09195527770774375
-2, 6, 1.41464223519178
-1, 6, -1.79738715522157
0, 6, -0.009910946882046882
19, 5, 0.2809444540356847
1, 6, 1.835942938383469
32, 3, -0.6745483734817682
2, 6, 0.5607885217778663
27, 4, -0.2518265065350725
3, 6, -0.1159718287334786
4, 6, -0.1965205228203017
39, 0, 0.1785817863038658
38, 1, 1.626970108357247
20, 5, -0.8791183721773099
5, 6, 0.3224358810002625
36, 2, 0.5984629063536225
6, 6, 0.06113921470678203
28, 4, 0.07365216108715189
33, 3, 0.1272765994669892
7, 6, -0.2023974973283108
21, 5, -1.515674926611851
8, 6, -0.001111295841390592
40, 0, -0.5247032402417771
39, 1, 0.5704028379029101
37, 2, -0.6304639385063738
9, 6, -0.005190942979764279
29, 4, 0.543643965608744
22, 5, -1.411146631719453
34, 3, 0.3341920846193112
10, 6, 1.46454635619316
11, 6, 1.433168117849064
23, 5, 1.379905148151569
30, 4, 0.737818548994466
41, 0, 0.01705923233345418
40, 1, -0.981027255189887
38, 2, -1.184119709960239
12, 6, -0.1950087305496373
35, 3, -1.454087167445141
24, 5, -1.849786555469671
13, 6, -0.02739043348908512
31, 4, -1.14413789871009
14, 6, -0.3817382507474594
41, 1, -0.06430554540309767
39, 2, -0.06410870677031832
42, 0, -0.1166733378575139
36, 3, 0.2503772996222558
25, 5, 0.1702803995717017
15, 6, -0.08294734029954835
32, 4, -0.3472945792110732
16, 6, -0.3495693298401846
26, 5, -1.006621719753479
40, 2, 0.5261774759784339
42, 1, 1.454665577803266
43, 0, 0.2645980021700444
37, 3, -0.7323921434123606
17, 6, -0.1240121404136866
33, 4, -0.3519618311318833
27, 5, -1.349994055605493
18, 6, -0.008940701079870772
41, 2, 0.200591996606746
38, 3, 0.1993985939091165
43, 1, -0.6797846735571805
44, 0, 0.3659249734169291
34, 4, 0.2715676206323517
28, 5, -0.2745396040503392
19, 6, 0.5002713997588182
20, 6, -0.8225102795270682
-3, 7, 0.6100633092475495
-2, 7, 1.007447411433973
-1, 7, 0.0516549144622213
39, 3, 0.1702528006630964
0, 7, 0.1118934772026102
29, 5, 0.4603937203877401
42, 2, 0.03008764236826464
1, 7, -1.362372000460329
44, 1, -0.8192454354600629
35, 4, -0.8205802961990032
45, 0, 0.4739597897696959
2, 7, -1.677518428794886
3, 7, -0.9354991083355357
21, 6, 0.1579727686587276
4, 7, -1.670451436619567
5, 7, -0.7189117042014816
30, 5, 0.1195322927453097
6, 7, -0.1563818028995691
40, 3, -1.096314663441114
22, 6, -0.1749382622045824
36, 4, 0.4157669780213837
43, 2, 1.223174883762189
7, 7, -0.4693992005662733
45, 1, -0.2639103620395592
46, 0, -1.420742591585393
8, 7, 1.353246260732361
31, 5, 1.717246269087668
23, 6, 1.233849084070585
9, 7, 1.064472634124066
41, 3, 0.004194092649249963
37, 4, 0.003847959129387951
10, 7, 0.5394009736306982
44, 2, -0.7746448691839495
24, 6, -0.2193649037420628
46, 1, 0.4086892548813063
11, 7, -0.7733518447070251
47, 0, 2.557326459419313
32, 5, 1.559020432807706
12, 7, -1.326240878956218
25, 6, -1.22741314110358
38, 4, -1.333860573247795
42, 3, 0.007445799008720465
13, 7, 1.359608654606039
45, 2, -0.02375437098384012
33, 5, -0.02759329465679649
47, 1, -0.2307129655509361
14, 7, 1.469252707298029
48, 0, -0.08560578400987551
26, 6, 0.7572774708666705
39, 4, -0.8292102575984858
15, 7, -0.1514413834164509
43, 3, 0.9605315626852405
34, 5, -1.406362108390991
27, 6, -0.07527985238364542
46, 2, 0.03790422646665102
16, 7, -0.3554988546725452
48, 1, -0.4098576142867887
49, 0, -0.1457492754541994
40, 4, 0.3088462009382681
17, 7, -0.08317983478656074
35, 5, 0.1071491555035658
28, 6, 1.459872043207418
44, 3, 1.623397545001359
18, 7, 1.768989393731737
47, 2, -0.74196533360799
49, 1, 0.09006612263646596
29, 6, 0.09114458172026392
50, 0, 0.6221409242169759
41, 4, 0.2280466345962463
36, 5, 0.2286277241356346
19, 7, 0.8215422407620466
45, 3, 0.05778865926454241
20, 7, 0.08977023759505136
30, 6, 0.04094078602231154
48, 2, 1.019449439794677
37, 5, -1.165659828947808
42, 4, 0.1044873277897244
50, 1, 0.5995092905954633
21, 7, 0.05240526059487953
51, 0, 0.2853210586248705
-4, 8, 0.2045874417938172
-3, 8, 0.6593815001900954
-2, 8, -0.9823911001081556
-1, 8, -0.4401830344552654
46, 3, -0.9256136912691721
31, 6, -0.9223720796804055
0, 8, 0.1384914701424326
1, 8, -1.527665507688153
2, 8, -1.30695527088037
22, 7, 1.069671915805012
3, 8, 1.364322628691941
38, 5, -1.701091368450035
49, 2, -1.596785358943153
4, 8, 0.2543043797004866
43, 4, 1.178519981496316
5, 8, -0.8044606879214508
32, 6, -0.4942682571925871
51, 1, -0.8059932381628858
23, 7, 0.3892479788473608
52, 0, -0.3987294369688203
6, 8, -0.06887128850939406
47, 3, 1.432301384129184
7, 8, -0.5947548447338171
39, 5, -0.2664556888857306
8, 8, -0.5515362828808179
24, 7, 0.04104517452643509
33, 6, 0.1137007049769086
50, 2, 0.8681051887456899
44, 4, -0.2892410815489433
9, 8, -1.882310457304705
52, 1, 0.2424264294203932
10, 8, 0.3066592049743225
53, 0, 0.002502767230313312
25, 7, -0.993875879850465
48, 3, -0.04431916808414673
40, 5, -0.5046690071302724
11, 8, -0.5137006185127045
34, 6, 0.02997167303831419
45, 4, -0.8206058331800771
12, 8, 0.01011571695915381
51, 2, 2.890046144568523
26, 7, 2.8876518056413
13, 8, 0.7025918248932115
53, 1, 1.14447221917794
41, 5, -0.04519916574051877
35, 6, -0.04377471291709539
54, 0, 0.2356855651302069
49, 3, 1.158942752309193
27, 7, -0.6248949825921223
14, 8, 0.5243187680898177
46, 4, -1.538928281422592
15, 8, -1.052002633803094
52, 2, -0.0203433486273939
36, 6, 0.03020737112095109
28, 7, 1.660850177925338
42, 5, 0.410126995048389
16, 8, 1.738150893466156
54, 1, 0.7778124881504451
50, 3, -1.664028699091384
55, 0, 0.5376531232217726
17, 8, 0.6261882051086319
47, 4, 0.1802251219355487
29, 7, 0.1785138133681516
37, 6, 0.656059627754115
53, 2, 1.570243906711582
43, 5, 1.435458032364892
18, 8, 0.03013742736428188
30, 7, -0.9595216197901733
55, 1, -0.06655681790265866
51, 3, 0.2722866886646284
56, 0, 0.998873947247545
19, 8, -0.5820837647403527
38, 6, 0.4650478947923431
48, 4, -0.5625980280187929
44, 5, -0.3236424029658805
20, 8, 0.1936764866548343
31, 7, 1.267213148100928
54, 2, -1.468592149149514
52, 3, 0.4520824393037187
39, 6, 0.1831200959885014
56, 1, 0.1014655828989431
21, 8, 0.09641324902864208
57, 0, 0.04482495260240511
49, 4, 0.03378886809988418
32, 7, 1.062172241204081
45, 5, 0.6058514591513873
22, 8, -1.086807405819855
55, 2, -1.698614472341478
-4, 9, -0.3716254249317674
-3, 9, -0.2604173200918565
-2, 9, 1.899071238135529
-1, 9, -0.5507460227371834
40, 6, -0.2115969902995982
0, 9, -0.1229064860962354
33, 7, -0.688264793520439
1, 9, -0.1152519553846941
53, 3, -0.5469794841873924
23, 8, -0.5475493221579071
2, 9, -1.38525518424805
57, 1, -0.843217590963164
50, 4, -0.3336917215965515
3, 9, -0.10518636014118
58, 0, -1.20535519651129
46, 5, -0.5420733667429715
4, 9, -0.3316706111529399
5, 9, 1.03242096824212
24, 8, 0.06061016088409114
41, 6, -0.02616270708941545
34, 7, -0.02800384509998687
6, 9, 0.03555727825181883
56, 2, -1.219316503756709
7, 9, -1.460258961986404
54, 3, -0.1098164109197804
25, 8, -1.47242221795315
8, 9, 0.03709945894768394
51, 4, 0.5472520604715113
58, 1, -0.6256278759196823
47, 5, -1.278476514855285
35, 7, -0.3109739186282483
59, 0, 1.993670462342131
9, 9, 0.4993068203708801
42, 6, 0.03004781554886375
26, 8, 0.4364547416120385
10, 9, 1.390300192281059
57, 2, 0.5447857846566291
11, 9, 1.235171334726638
36, 7, 1.355306257308434
55, 3, 0.321197278649624
52, 4, -0.3847951737212526
48, 5, 0.1270957265880772
27, 8, 0.1275034875963406
12, 9, 0.002586917230704926
59, 1, -0.01387308597830615
43, 6, -1.527294632321933
60, 0, 0.02050050344974813
13, 9, 1.238609620680543
28, 8, -0.3469508156880778
37, 7, 1.553416449351542
14, 9, -1.137349978381174
58, 2, 0.2040075212130257
49, 5, -1.072578813166533
56, 3, -0.1937145989650099
44, 6, 1.154281015942849
53, 4, 0.3178433487055677
15, 9, -0.2704115013947663
29, 8, -1.415076790315714
60, 1, -0.4472868676006946
38, 7, -0.1175008204866548
16, 9, 2.271629447693193
61, 0, 3.26853305484634
17, 9, -0.01677249088815427
59, 2, -0.0186287150120331
30, 8, 0.1378513751607908
45, 6, -0.1396130634041098
50, 5, 0.4492350228615672
54, 4, -0.5650882163326855
57, 3, 0.2147189846649288
39, 7, -1.734120820219438
18, 9, -1.560439860171337
61, 1, 0.4876230539486784
31, 8, 1.223105932263347
62, 0, -0.7771272863236051
19, 9, -0.2660906205413673
46, 6, 1.37558933537599
51, 5, 0.9993718825433472
60, 2, 0.5705455759614581
40, 7, -1.090200783774526
20, 9, -0.3971864790274388
55, 4, -0.3980788456829919
32, 8, 1.963316908063671
58, 3, -0.6071867291374902
62, 1, 1.349652732833445
21, 9, 0.07213654599051318
47, 6, 1.59944311070628
63, 0, -0.8986797832145604
33, 8, -0.02526144180656823
41, 7, -0.02506475800771745
52, 5, -0.4244414083506173
22, 9, 0.4582949786931491
61, 2, 1.582205270707392
56, 4, -0.01779246032931377
59, 3, -0.6927127972269259
34, 8, -0.0540409102597941
23, 9, 0.1587840432819485
42, 7, -0.23595761481627
48, 6, -0.1258835087011972
63, 1, -1.732696577716281
-5, 10, 0.2980205437233782
-4, 10, -1.324013947683531
-3, 10, -1.122587342812112
-2, 10, 0.770837647655052
-1, 10, 0.07985245736502507
64, 0, 1.067106087655801
53, 5, -1.483912852090508
0, 10, 0.05252125180743167
1, 10, -0.8398218719833348
24, 9, 0.06592799011772817
2, 10, 0.4476291836956882
35, 8, 1.73231843395471
62, 2, 0.9982582011453822
57, 4, 0.172947544614448
3, 10, 0.3908285420867418
60, 3, -0.09666157589423857
4, 10, 0.03030253967223377
43, 7, -1.88498473838802
49, 6, 0.1113590267928588
25, 9, 0.1159051659724813
5, 10, 0.3619721726027619
6, 10, -1.320546560104586
64, 1, -0.4274326138062653
36, 8, 0.1681216915121147
54, 5, 1.455233041908149
7, 10, -1.616999103149344
65, 0, -0.5684677095618187
26, 9, 0.2102281020053374
8, 10, -1.196283435611625
58, 4, 0.4519874950764778
44, 7, 0.7850651682483677
63, 2, 1.887968471808934
9, 10, -1.811280959087864
61, 3, -0.9115339509182169
50, 6, 1.207146388138254
37, 8, 0.653012859378829
27, 9, -0.05164821903612211
10, 10, -0.2029741775755475
55, 5, -0.4190118714567214
11, 10, -0.6220001925043948
65, 1, -0.6213530716005291
45, 7, 1.067735769680099
66, 0, 0.1336061210987751
28, 9, -0.808010145333903
12, 10, -0.4243202566445921
38, 8, 1.150500212318586
59, 4, -0.1567281113533887
51, 6, -0.05216677725983003
64, 2, -0.5758267124480021
13, 10, -0.01319660512920274
62, 3, -0.01279290341812899
29, 9, 1.66710968918427
14, 10, -0.04578760429179306
56, 5, -0.9393891188311332
46, 7, -0.3951226203986832
39, 8, 1.096321556126921
66, 1, -1.204480880004692
15, 10, 0.007997993143594975
67, 0, -0.009108895664520677
30, 9, 0.1531497309614847
52, 6, 0.8592760395797531
60, 4, -0.1351656453821939
16, 10, 0.411638699121522
65, 2, 1.102891493667487
63, 3, -0.004962574548217196
40, 8, -0.3709365257474701
47, 7, -1.595102993314238
17, 10, -0.3541695110591224
57, 5, -0.3540704118788024
31, 9, -0.01249241625964123
67, 1, 1.913270205909678
53, 6, -0.7485236262202035
18, 10, -0.2365051769037054
61, 4, 1.735490247352313
68, 0, -0.6358601339667874
41, 8, 0.1320076959691904
32, 9, 0.1339846883922326
48, 7, -0.538235788330344
19, 10, 0.6721544207342042
66, 2, 0.4754052475692399
64, 3, 0.03482956807852587
58, 5, 1.168042227049471
20, 10, 0.6308001563223578
33, 9, 0.02955710018796789
54, 6, 0.1531506454460676
42, 8, 0.9990209616267236
68, 1, -0.4618333523072045
62, 4, -0.1882326091343164
21, 10, -0.009625657587321288
49, 7, -0.2031315104993997
69, 0, 0.2593651981809678
34, 9, 1.442569636323367
67, 2, 0.6825107096348018
65, 3, 0.4099313941423387
59, 5, -0.8411066120546357
22, 10, -0.0758380645858541
43, 8, -1.355262377862557
55, 6, -1.044641511048931
23, 10, -0.5344820298828178
50, 7, -0.5300024467769041
35, 9, 1.933592117178456
69, 1, -1.281733394945556
63, 4, -1.178750457372038
70, 0, 0.365577840416454
44, 8, -0.2577531616440873
24, 10, 0.2889313937316167
66, 3, 0.1400678659265292
68, 2, 0.3029060863116974
60, 5, -0.8075505898579132
-5, 11, -0.6184982874531058
-4, 11, 1.186719302216188
-3, 11, 1.817798655349342
36, 9, -1.765884223001629
-2, 11, -1.361372842247044
56, 6, -0.2694011583781061
-1, 11, 0.4160762678729492
0, 11, -0.1386317909971499
51, 7, -0.9285642559292622
1, 11, -0.4054487198563922
25, 10, 0.2803442903407058
2, 11, -0.3149434073768587
3, 11, 0.9318594884905179
64, 4, 0.09986033405659295
45, 8, 1.030973034643744
70, 1, 1.775489554417471
4, 11, 1.62260550967046
37, 9, 0.8760311912907917
26, 10, 1.420356820756421
71, 0, 0.1194665325000363
5, 11, -0.8787961371559125
61, 5, -1.38286300746566
67, 3, 0.289744079619688
69, 2, -0.4514706187392912
6, 11, -0.4501150984119017
57, 6, 0.2441072189218793
52, 7, 1.292648076980944
7, 11, 1.808237084179179
27, 10, -0.05399969308980267
38, 9, 1.169984530695
46, 8, -0.7556426399771659
8, 11, -1.162834706294845
65, 4, -0.0143274954019636
9, 11, -0.01833508335399417
71, 1, 0.5856198378618084
28, 10, 0.104540369946559
10, 11, 0.2627173593145986
62, 5, -0.8305738733042369
72, 0, -1.060055177937906
58, 6, 0.196737571165547
53, 7, 0.6837587960754711
39, 9, -0.1394735687570249
68, 3, -0.6261519214585732
11, 11, 0.5636299590598139
70, 2, 0.4215817969943853
47, 8, -0.1187679045300678
29, 10, -1.390621323437869
12, 11, 0.3695047880854256
13, 11, 1.124490609029775
66, 4, -0.9944689643947225
40, 9, -0.2956875077766938
72, 1, -0.9211623984972054
30, 10, 0.0204779571493072
54, 7, 1.048443286646318
63, 5, -0.5111417468794853
59, 6, 1.66010629698532
14, 11, 1.660013841029175
48, 8, -0.2728782435056883
73, 0, 0.5592544711025617
69, 3, -0.008421533578732668
71, 2, -0.242067531790563
15, 11, -0.6885600741179655
41, 9, -0.1547128076896823
31, 10, -0.1537115202006341
16, 11, -0.7517153235866537
67, 4, 0.1943852658728313
49, 8, 0.1796922458055786
55, 7, 0.719039785669922
60, 6, 0.1135580636611401
17, 11, -1.528006802383835
64, 5, 1.00150377322026
73, 1, -0.7400398196867052
32, 10, -0.2555573560855464
42, 9, -0.2707916227276403
74, 0, -0.3400472266456231
70, 3, 0.4126013834959122
18, 11, -0.2173100369335744
72, 2, -1.338831143760394
33, 10, 1.5767157445207
50, 8, -1.019968265715689
19, 11, -0.9988397616066317
56, 7, 0.9566362977402185
68, 4, -0.6116948031139514
43, 9, 0.6040419207849976
61, 6, -1.580303412697062
65, 5, -0.5573940787621352
20, 11, 0.9464068979187692
74, 1, -1.467512018718357
34, 10, -1.358591120677067
71, 3, 1.902810232403795
75, 0, -0.1108972835419294
21, 11, 0.636851966436688
51, 8, 0.6389326271353798
73, 2, 0.2753922253912712
44, 9, 1.775646729104615
57, 7, -0.3010790218798576
35, 10, -0.5012752164297517
22, 11, -1.76959444717855
62, 6, -0.6061418322371354
69, 4, -0.1435253925593973
66, 5, -0.9936705511413586
75, 1, 0.3767763517818203
23, 11, -0.7063822340770877
52, 8, -0.4098653877822074
45, 9, 0.3377345256644407
36, 10, -0.4609578045407142
72, 3, -0.1881888631696407
76, 0, -0.1048184354156917
58, 7, -0.2496745551575972
74, 2, -0.8149149669008158
24, 11, -0.989552841298337
63, 6, -0.02053943756591506
70, 4, -0.8938100755261296
37, 10, -1.007311916658193
67, 5, 0.3084945872461073
46, 9, -1.19906228839917
53, 8, 1.37011437799099
25, 11, -1.706653047700655
-6, 12, 0.07473081656454363
-5, 12, -0.2650613395456671
-4, 12, 0.5825117286587362
-3, 12, 0.1820882388349288
-2, 12, 1.463496301437153
76, 1, 0.08641536902975855
-1, 12, 0.0834235672260772
59, 7, 1.012483990001332
0, 12, -0.00500658267726912
73, 3, -0.3994725062654708
1, 12, -0.3959546028229738
26, 11, 0.7179006085238039
38, 10, -0.2280928465273981
77, 0, -1.019481516933891
2, 12, -1.497225446662795
75, 2, 1.529425999433625
3, 12, 0.2387297376211287
47, 9, 1.641110878573977
64, 6, 0.549740023072726
4, 12, 0.2318102188902444
54, 8, 0.2040942770390825
71, 4, 1.021136479035504
27, 11, 1.592151012860537
68, 5, 0.05142247594147901
5, 12, 0.0549643711042135
39, 10, 0.06888054896607565
6, 12, 0.09209218753492945
60, 7, -1.572383458923577
7, 12, 1.352840133012071
77, 1, 1.472017411031189
28, 11, -0.7018460664530685
48, 9, 0.0939046004713974
8, 12, -0.07919849324169978
74, 3, -1.110188759226026
78, 0, -0.1449253922440596
55, 8, 0.419298704438308
65, 6, 0.473773542835188
76, 2, -1.326041385697355
9, 12, 0.01378030063249533
40, 10, 0.7167441745689875
29, 11, -1.369357381245671
10, 12, -0.2621539570286447
72, 4, 0.2480703947415585
69, 5, 0.3276456258391797
61, 7, -1.987656771860227
11, 12, -1.985477127864877
49, 9, 0.9562750272979978
41, 10, -0.1178773812333818
30, 11, -0.1174694203395385
12, 12, 0.02769160452936235
78, 1, 0.7773876258112957
56, 8, -0.2354364220687168
75, 3, -0.1585521652476243
66, 6, -0.101301251692324
13, 12, 0.9585067906923517
79, 0, 1.079976870590482
77, 2, 0.5224147926506564
31, 11, 0.8590585407479536
14, 12, 0.1651872266682397
50, 9, -0.5951783385368744
70, 5, -0.02031602280281051
73, 4, -1.393791781124685
42, 10, 1.233922228477061
62, 7, -1.428323638856364
15, 12, -0.05506404518970784
57, 8, 0.493969421651873
32, 11, -0.1664000302066873
16, 12, 0.001223576908923871
79, 1, -1.478860512268905
67, 6, -1.754067341428714
76, 3, -1.38417474272782
43, 10, -1.840748904420345
51, 9, -0.00301888059713567
17, 12, -0.7607083364684403
80, 0, 0.2656201847107343
78, 2, -0.4661258738938875
33, 11, -0.06337901414687055
63, 7, -1.143249169421687
71, 5, -0.3071770784923405
74, 4, 0.5152377080979759
18, 12, 0.004617994120283258
58, 8, -0.4421916999109073
44, 10, 1.151954947622346
34, 11, 0.2877026994048938
52, 9, 0.4724539338447466
19, 12, 0.4736348830706152
68, 6, -0.2725892198486212
80, 1, 0.3370915453454583
77, 3, -1.025785363345042
20, 12, 0.6048829958581429
64, 7, 1.172829095678689
81, 0, 0.9272386862981288
79, 2, -1.742492671747868
72, 5, -0.2941512320312866
35, 11, -1.160299293009189
45, 10, 0.2393318512427273
59, 8, 0.2132945044069088
75, 4, -0.5946603021250937
21, 12, -0.09502024730813553
53, 9, 0.8931000779152114
69, 6, 0.2794610523308564
22, 12, -1.166548749303353
36, 11, -0.7167975195228191
46, 10, -1.1248609558242
81, 1, -0.07466624348397229
78, 3, 0.005348074997558611
65, 7, -0.7387248352431494
60, 8, 0.3027885320085836
23, 12, 1.951988893911727
73, 5, -0.4056702919668952
54, 9, 0.239399659148561
82, 0, -0.01652101297533098
80, 2, 0.7982654381248949
76, 4, -0.4930983225566709
37, 11, 0.6945937933384976
24, 12, -0.08670285274691393
47, 10, 1.112294185880332
70, 6, 1.181218383688557
38, 11, 0.9525362504397671
66, 7, -1.554675558518573
25, 12, -0.5209301306340161
61, 8, 0.2105753822466204
55, 9, 0.1304864370803939
82, 1, -0.09151702273866875
79, 3, -0.09367003440081319
74, 5, -0.6096236312225534
48, 10, 1.507866220517115
81, 2, 0.07641813050375276
-6, 13, 0.07282995876826934
83, 0, 0.06336955772934599
-5, 13, -0.9338773123551459
26, 12, 0.02151636054333046
77, 4, 1.879983426887629
-4, 13, 1.876280764553029
-3, 13, -0.6411025231355206
-2, 13, -0.6392242865712451
39, 11, 1.568231812639382
-1, 13, 1.115939479604356
0, 13, 0.1520969795796851
71, 6, -0.0662883799198664
1, 13, -0.0618796917215803
27, 12, -0.01322274517747833
2, 13, 1.037269759764303
56, 9, 0.2900274278967376
62, 8, 0.9316700575792174
67, 7, -0.7100160821019946
3, 13, 0.1536238970220666
49, 10, 1.11623795724983
4, 13, -0.1612182653372452
40, 11, -0.5311945826216333
80, 3, 0.3111639417321979
83, 1, 1.178900740416386
5, 13, 0.9617894092012287
28, 12, -0.1573227253085674
75, 5, -0.192590281626999
6, 13, -0.01140105873767204
82, 2, 0.0524712384830683
78, 4, 0.05540974174538092
84, 0, -0.05148943121460985
7, 13, -0.936084995528647
57, 9, -0.08635268437605778
72, 6, -0.2058511831101359
41, 11, 0.1082365277350251
29, 12, 0.1049281651119798
63, 8, -1.474029655476104
8, 13, -1.47430582275266
50, 10, -0.1364638655708363
68, 7, -0.6758221200125217
9, 13, -1.165645399854524
10, 13, 1.471837036838004
30, 12, 0.06287462138935905
81, 3, 0.2693637307976954
84, 1, 0.3843200822784804
76, 5, 0.3840584880076434
42, 11, 0.2279135225743539
11, 13, 1.116427580741576
58, 9, -0.3023948652746384
51, 10, -0.3384534121947687
79, 4, -0.4228590547948791
83, 2, -0.3379036805119464
85, 0, -0.9068832509167298
12, 13, 0.0005998587464450677
64, 8, 1.132521516951903
31, 12, -0.008052039504434561
73, 6, 0.9299874014779999
69, 7, -0.0452849858488075
13, 13, -0.6043188409179714
43, 11, -0.07869625608822649
14, 13, 0.6088786483336756
32, 12, -0.1421808566762354
52, 10, 0.8219351352492911
59, 9, -0.8670730858736065
82, 3, -0.0008220058900202983
77, 5, -0.004232019291925941
15, 13, 0.3718141636520262
85, 1, 0.7218483668374278
65, 8, -0.6728505989473399
80, 4, 0.2175638741439377
44, 11, -1.998496243535813
84, 2, -1.185670152766105
33, 12, 0.2006306663909966
16, 13, 0.7049011755676893
86, 0, -0.2098208821553668
74, 6, 0.597244287243294
70, 7, -0.8473525507599028
53, 10, -0.4406821485844988
17, 13, -0.4407562754004454
60, 9, 0.03711024682301045
34, 12, 0.1039624045075457
45, 11, -1.677677361030657
18, 13, -1.798485867022288
78, 5, -1.582834880519674
83, 3, -0.8762346545181168
66, 8, 0.2873337848909219
86, 1, 0.6744206163094412
19, 13, 0.2245629063185657
81, 4, 0.118977822964358
71, 7, 1.148195948847798
35, 12, -1.276053721748481
75, 6, 0.05934333220507337
54, 10, 1.099253167336819
85, 2, 0.6154265022440719
87, 0, 0.2279104761676939
46, 11, -1.557048331769022
20, 13, -1.083450170311791
61, 9, 1.763955232120509
36, 12, -0.0007256944085178728
21, 13, -1.403772105201086
67, 8, -1.290233839783807
79, 5, -0.9846469553240267
55, 10, -0.369583726987592
84, 3, 0.2232071968891572
47, 11, -1.408372132697848
87, 1, 0.008897706172357803
72, 7, 0.004629696121222639
22, 13, 0.1117552101019535
82, 4, -0.1613388352851964
76, 6, -0.160211502316671
37, 12, -0.5075775753431675
62, 9, -0.566155427201732
86, 2, 0.5552576087068445
88, 0, -1.204366934287511
23, 13, 1.288668418739585
68, 8, 0.111665753594817
48, 11, -0.3516691657801987
56, 10, 0.228858617451369
38, 12, -0.4068127012434168
24, 13, -1.200577793001767
80, 5, 0.1483287251857169
85, 3, -1.201283157748515
73, 7, -1.206884947109938
63, 9, 0.2163367319493571
77, 6, 0.1728246179712502
88, 1, 0.156241597019707
83, 4, 0.46392121156293
25, 13, 0.4251850605411295
39, 12, -0.08270793875193072
49, 11, 0.8708396131553695
87, 2, 1.138544350307328
57, 10, -0.8220977840048412
89, 0, 1.974121435935859
69, 8, 0.4829491155434796
26, 13, 1.900204093419626
40, 12, -0.3330830524934689
-7, 14, -0.5640578322170029
-6, 14, -0.493593664597256
81, 5, -2.246517080028909
-5, 14, -2.248029877817369
64, 9, 0.6893249528676669
-4, 14, -0.8177617858771316
74, 7, -0.04739058150183103
-3, 14, -0.0525075360300775
27, 13, 1.392827506240828
50, 11, 1.3073220957237
-2, 14, -0.04215205180176278
86, 3, -0.3589745313242553
-1, 14, -0.3565817095940554
78, 6, -0.1410259124207837
0, 14, -0.08937374435249176
58, 10, -0.3732813541952443
84, 4, 0.01092599384725165
89, 1, 0.05477670556369135
1, 14, 0.05612998125437163
2, 14, 1.106484906234489
41, 12, 0.2059914036090738
28, 13, 0.2077097255763455
88, 2, 0.6644627307433428
70, 8, 0.6658898182451379
3, 14, 0.326318439365378
90, 0, -0.3905683355946661
4, 14, 1.36379861461504
51, 11, -0.3660546770748058
65, 9, 1.372252968901195
5, 14, 1.371802587502793
29, 13, -0.7673961868626362
6, 14, 0.762537902856692
82, 5, -0.07651214627767949
75, 7, -0.07515478869995754
59, 10, 0.541546255036939
42, 12, -0.125088810663591
7, 14, -0.6906417992969224
79, 6, -0.8130221907692429
87, 3, -0.04345805291683751
8, 14, 1.364285639044562
30, 13, -0.8059146530206388
85, 4, 0.1848840007015494
90, 1, -1.666931123417254
71, 8, 1.348324011385632
52, 11, 0.387155383457334
9, 14, 1.366047262868255
89, 2, 1.153288038481871
43, 12, 1.551258850377371
66, 9, -0.2109224799554105
10, 14, 0.5839383499492025
91, 0, 1.091415554501129
31, 13, -0.6490763320961934
60, 10, -0.1010130363827389
11, 14, 0.9667553394867768
76, 7, -1.011837354869805
83, 5, 0.9592326731367159
12, 14, 0.1332002359020842
53, 11, 1.575746825807264
80, 6, 0.8895860084211659
44, 12, -0.06858126713094795
32, 13, 1.761323650752567
88, 3, -1.623289804639958
72, 8, -1.352418096925735
13, 14, -0.5778453148587668
86, 4, -0.9993279177503462
91, 1, -0.03637707263749732
67, 9, -0.03677501117929392
14, 14, 0.3844205256691495
61, 10, -0.8960611026874903
90, 2, 0.2196375256554877
33, 13, 0.9466132802951991
92, 0, -0.5957641035690822
45, 12, -0.02300417033073116
54, 11, -0.8530388946765481
15, 14, -0.8577882137019179
77, 7, 0.7906968602785748
84, 5, -1.480371369829026
16, 14, -1.103524833092667
81, 6, 0.1088229647468587
34, 13, 1.641822569039825
73, 8, 1.139241120560126
89, 3, 0.2980181060584235
68, 9, 0.2984491199918482
17, 14, -0.6511108289118327
62, 10, -1.400058920586384
46, 12, -1.004185420043658
87, 4, 1.724181641051567
55, 11, 0.3847614502505031
92, 1, -0.6570278898622078
35, 13, -0.8613328703199733
18, 14, -0.8643417901389555
91, 2, -1.585910625411638
78, 7, -0.03202186720722507
93, 0, 0.1387919944423692
19, 14, 1.301535610953015
85, 5, -0.8869598995012495
47, 12, -0.4584547270396867
82, 6, -0.0001422945111045829
74, 8, -0.004045232413536048
36, 13, -1.366038448530712
63, 10, -1.491820623338948
69, 9, -0.2534220494586126
56, 11, -0.1843426609623859
20, 14, -0.4387031008692896
90, 3, -0.1109341390195375
88, 4, -0.3209825526824922
21, 14, -0.01984249708844383
37, 13, -1.760963937456897
93, 1, -0.3963775219589393
48, 12, -0.09107107821613064
79, 7, 1.154251184324141
92, 2, -0.3384300240376455
22, 14, 0.6378432571118837
94, 0, -2.081614457235228
64, 10, -1.267605680887592
57, 11, -1.781172584416255
75, 8, 1.620925076402534
86, 5, -0.04629677075573532
70, 9, -0.0404449795476212
83, 6, -0.07845000677615327
38, 13, -0.9695973663297289
23, 14, -0.4539364531385806
49, 12, -1.285744787527268
91, 3, -1.225236315933363
89, 4, 0.3297921457181225
24, 14, 1.079297068923785
39, 13, 0.06573315914921048
58, 11, 0.08094771497320971
80, 7, -0.00316003161749196
94, 1, -0.6045099100920919
65, 10, -0.5902034651794018
93, 2, 1.928135680327138
71, 9, -1.118134920379633
50, 12, 1.001760374551079
76, 8, -0.552126887063963
25, 14, 0.5105738487528523
95, 0, -0.1463842331745979
87, 5, 1.211260344497674
84, 6, -0.00545975581790472
40, 13, 0.02584345637365019
26, 14, -1.10939014287047
59, 11, -0.1130971975966394
92, 3, 1.818620765184116
90, 4, 0.01809357449497479
66, 10, 0.0219921103365626
51, 12, 0.009322325640662247
81, 7, -0.7411645211491932
41, 13, 0.1418493577972994
27, 14, 0.1405899190947953
72, 9, -1.01814494857186
95, 1, 0.1137051256401531
77, 8, 0.04678833828419081
-7, 15, 0.04923946712391023
-6, 15, 0.2410528547111618
-5, 15, 0.8449194725042221
-4, 15, 1.361001351790777
94, 2, 0.186372396521806
-3, 15, -0.1438775889766892
-2, 15, 0.543583596656475
88, 5, 0.06513653596200732
85, 6, -1.670437770591276
-1, 15, -1.665461953898217
28, 14, -1.197208817550599
96, 0, -0.08546242232339474
60, 11, 1.350041208326147
0, 15, -0.01346802626794706
52, 12, 0.3150369368674722
42, 13, 0.7180140814869692
1, 15, 0.04818716044027115
67, 10, 2.672778241467924
2, 15, 2.671515633475857
3, 15, -0.08647318267251043
29, 14, -0.7379499724629162
93, 3, -0.1818848965328861
91, 4, 0.4283907704788788
4, 15, 0.4287405653171742
82, 7, 0.1236260106558415
73, 9, 0.122263150254114
5, 15, 0.3282165097321638
78, 8, 0.6735087110651258
43, 13, -1.475067009762906
53, 12, -1.561961292816623
6, 15, -0.006266080735656258
61, 11, -0.9197492208061505
96, 1, -0.9227505041798288
30, 14, 0.1211677161672186
95, 2, -0.2618740900502503
7, 15, -0.2599996972564905
86, 6, -0.7868739102642608
89, 5, -0.1075854798362212
68, 10, 1.143223872469814
97, 0, 0.04921609735795514
8, 15, -0.9440334130223909
31, 14, 0.8436004164288118
44, 13, -1.263228982847895
9, 15, 0.2387426636399917
74, 9, -0.5069942671354116
54, 12, 0.05876671594497598
10, 15, -0.1194946233790528
83, 7, 0.07226036988426955
94, 3, -0.003301478081363526
62, 11, -0.001518126857632331
92, 4, 0.01680171318961017
79, 8, -1.354076952748144
32, 14, 0.2879761704336393
11, 15, -1.57934476777346
45, 13, -0.01374137593005241
97, 1, -0.2416986763602297
12, 15, 0.2177675119847795
69, 10, 0.5008611882928581
87, 6, -0.08985516790034684
96, 2, 0.3337611058459884
90, 5, 0.3648174253955994
33, 14, -0.2049251624516203
55, 12, -0.5849744826608672
13, 15, -0.5885264663644445
98, 0, 0.11996315067322
75, 9, -0.2202776193855514
63, 11, 0.6748636446376883
14, 15, 0.1936817013896327
46, 13, -0.6143981780753548
84, 7, 1.531196384972113
80, 8, -0.9990659481212902
34, 14, 0.06799527081362497
15, 15, 0.04072563817438932
93, 4, 1.835642963063732
95, 3, 1.477514422657126
70, 10, -0.08833994140751608
56, 12, 0.6002233866696739
16, 15, -0.5177409622433108
98, 1, 1.038784322642841
88, 6, -1.32686785023618
47, 13, -1.461180453245149
35, 14, -0.524223276136592
64, 11, -0.5312696389886613
91, 5, -0.5349598415806983
97, 2, 1.111022467207377
17, 15, 0.4750481416519146
76, 9, 1.001150277356447
99, 0, 1.075952466380269
18, 15, 0.08634645428875479
85, 7, -1.119350792535246
81, 8, -1.230795116312321
36, 14, -1.433882530128459
57, 12, -0.2069143634338066
71, 10, 0.9853123118832806
48, 13, 1.45945615807687
94, 4, 0.5991963468486153
19, 15, -0.8713287451251255
96, 3, 0.11143744679305
65, 11, 1.502486941124399
37, 14, -0.7425127081944226
20, 15, -0.002482804859901402
89, 6, -1.005204142304814
99, 1, -0.6813996622338568
77, 9, -1.101380186087581
92, 5, -0.147024598046533
98, 2, -0.06783876833369444
58, 12, -0.07653052914892544
49, 13, -0.03239614536653514
21, 15, 0.005320194163078156
100, 0, 0.2535693360892097
82, 8, -0.185837711421137
72, 10, -0.1835733175063698
86, 7, 1.370482543477884
38, 14, -0.6709109427153029
22, 15, -0.9082977669008093
66, 11, 0.280413355922519
95, 4, 1.304073765018987
97, 3, -0.6948638265556766
50, 13, 1.51452462330472
59, 12, 0.7034923714689841
23, 15, 0.78652951762127
39, 14, -0.111426136718575
78, 9, -0.1601074428583147
90, 6, -0.04343808950621996
93, 5, -0.6535920578806788
100, 1, -0.8357826414836791
73, 10, -0.5025029351520969
24, 15, -0.06830890877314252
99, 2, 0.7620858100206286
83, 8, -0.6377484072338099
87, 7, -1.371050546581023
67, 11, -1.367876829126271
51, 13, -0.03718226769268054
40, 14, -0.07432393425054845
101, 0, 0.3359168187624288
60, 12, 0.02185581353104761
25, 15, 0.8701131015720563
96, 4, 0.4197756803279951
98, 3, 1.452130058895106
79, 9, 0.5987349862451281
41, 14, 0.001000178153591304
26, 15, 0.001929733435009275
91, 6, -0.4335340033772943
52, 13, 2.150425327658148
74, 10, 0.9510100595271682
94, 5, -1.827215082351486
68, 11, -0.4293021788465665
101, 1, 0.6221099403783619
84, 8, 0.04126233060240941
61, 12, 0.3212055233876977
27, 15, 0.04564752954288802
100, 2, -0.489415902231554
88, 7, -0.7661977876151537
42, 14, -0.03774292288360189
102, 0, -0.228253309335263
53, 13, -1.208327998676708
28, 15, 1.164072166087047
-8, 16, -0.6747733439920217
-7, 16, -0.3456622009220726
-6, 16, -0.5405616414273743
-5, 16, 0.09223300269766328
80, 9, 0.08641839881671459
-4, 16, -0.4024337174195112
97, 4, -0.5493036814492511
-3, 16, 0.8605248988095331
99, 3, -0.09017585381077793
-2, 16, 0.3579492461895587
75, 10, 0.4314406259808107
69, 11, 1.836816395408735
-1, 16, 1.841316322243145
43, 14, -0.3252806372415387
92, 6, 0.7531160278285596
62, 12, 0.7551581954740079
0, 16, -0.07278065464249003
29, 15, -0.03515158777711752
1, 16, -0.2909954320404431
95, 5, -0.6977047221577837
85, 8, -0.8022638311726144
2, 16, 1.244585971028473
102, 1, -0.01938478592372628
54, 13, -0.02064993603060965
89, 7, 1.552294319975557
3, 16, 1.552837881882417
101, 2, -0.5977173586400978
30, 15, -0.1208635632966413
4, 16, -0.5382397288532749
44, 14, -0.8656433519063471
5, 16, -0.003495962285227353
103, 0, 1.118853206226594
81, 9, 1.212545646197885
6, 16, -1.111625156246776
63, 12, -0.1857443883238258
70, 11, 0.3427146377567115
76, 10, 1.384082966200431
31, 15, 0.9169043584111327
98, 4, 1.305381800812338
7, 16, 0.8691970379232922
100, 3, 1.653889055821328
55, 13, 1.649705207730636
93, 6, 0.04211789361331082
8, 16, -0.8284342671210084
45, 14, -1.234099908990676
86, 8, -0.9583364589158199
9, 16, 0.3096063732286975
96, 5, 0.3079441854545091
32, 15, 0.6930687792108335
90, 7, 0.3488471487739661
103, 1, 1.63442947560821
10, 16, 0.6593997683957254
64, 12, -0.1959703289550211
102, 2, 0.6600536949825991
82, 9, -0.06111407353993069
71, 11, -0.06302536558564839
11, 16, -0.01935599758765838
56, 13, -0.01683714515700828
46, 14, -0.3174946264651888
77, 10, 0.1245833007661609
33, 15, 0.008932179215969218
104, 0, 1.282132181506524
12, 16, -0.02565137684079106
99, 4, -0.04587130941244363
13, 16, 0.3110354051212493
101, 3, 0.3131719420037081
94, 6, -1.176438071254296
87, 8, -0.03313544159177717
34, 15, -0.1138905263539841
47, 14, -0.9545120492204346
65, 12, -1.788640057064908
14, 16, 0.4755942624644275
97, 5, -0.0432280859409258
57, 13, -0.03755183689016686
91, 7, 1.053049651664048
72, 11, 0.6897077858964505
83, 9, -0.08851451837760843
15, 16, -0.2289131308436299
104, 1, -0.2235028044589218
78, 10, 0.2134140941330144
35, 15, -0.2322240402213564
103, 2, -1.616259280201737
16, 16, 0.2816635988735181
48, 14, -0.03695075648251194
105, 0, -0.07066391868536503
58, 13, -0.3925972249859317
66, 12, -0.08140768908630816
100, 4, 0.3648511285881268
17, 16, -1.653218919807641
36, 15, -0.04562565262628204
95, 6, -0.9755023102419444
88, 8, 0.9370762008234752
102, 3, -0.05217653442968741
73, 11, 0.5026370175556341
18, 16, 1.538492323279399
92, 7, 0.08551702738673497
98, 5, 0.8668466426200699
49, 14, 0.9562233683080911
79, 10, -0.3433582491976341
84, 9, 0.05300540076054384
37, 15, -0.9448174937437398
19, 16, 0.4861914582143809
105, 1, 1.060907087769276
59, 13, -0.2129344524399638
104, 2, -0.1991164290115655
67, 12, -0.5538257444201059
20, 16, 0.1232546184915677
106, 0, -0.00869877896877487
50, 14, 0.8120707127406662
38, 15, -0.8653478041257955
74, 11, 0.5858004890193262
89, 8, -0.4139453576122158
101, 4, 0.05894107958875482
96, 6, 0.04158507757176772
21, 16, -0.3086304953494017
103, 3, -1.300012963712089
80, 10, 0.4099600901463579
93, 7, 0.2534738382976285
60, 13, 0.2575748806342724
85, 9, 1.116719080651061
99, 5, -0.08491016712507611
39, 15, -0.2593500326825814
22, 16, 0.4175729927687226
68, 12, 0.007031616678510258
51, 14, -1.046132039822048
106, 1, 1.308635256455795
23, 16, 0.324310028918996
105, 2, 1.422084745853074
75, 11, 0.4687255013042189
40, 15, -0.2109152089100463
61, 13, -1.065104297180973
90, 8, 0.6666351284060501
107, 0, 1.252566903379364
24, 16, -0.02238517644311836
97, 6, 1.236759458376387
102, 4, -2.35481988447896
52, 14, -2.353293865128871
81, 10, -1.437936756172894
86, 9, -0.4197945311480286
69, 12, 0.1375262570269802
104, 3, 0.1486942430848323
94, 7, 0.2284190088580313
41, 15, 0.05205059471028728
25, 16, 0.05804635453687904
100, 5, 0.3237335430496824
76, 11, 0.1987517580817489
62, 13, -0.5615947358367108
53, 14, 1.315951805415964
26, 16, -0.568642353738891
107, 1, -0.9235588367481236
106, 2, -0.9392749889690144
42, 15, -0.01315751264606158
91, 8, -0.08635557386077838
82, 10, 0.03791893859884002
70, 12, 0.0422482076062369
27, 16, -0.9324840106729316
108, 0, 0.0859105846318385
98, 6, -0.9359760697185689
87, 9, -0.03499596382894708
103, 4, 1.240234844300359
95, 7, 0.4780681144522473
54, 14, 0.5002606957558264
105, 3, -0.07152327758493852
63, 13, -1.763144192131654
43, 15, -0.8360637099192992
28, 16, 0.2137120461698068
101, 5, 0.00423563834440213
77, 11, 0.2504247636579253
-8, 17, 1.080309587436406
-7, 17, -0.237718317121607
-6, 17, -1.918287663816785
-5, 17, -1.57025830035188
-4, 17, 0.06897847683249513
71, 12, 0.06625361178999552
29, 16, 1.502656411578214
-3, 17, -0.5363428991316771
108, 1, -0.4881082367186305
-2, 17, 0.06158904304054037
83, 10, 0.07171952029919716
44, 15, -0.6948191663873592
92, 8, -0.6254852075484577
107, 2, 1.477080546766868
55, 14, 1.765794031897144
-1, 17, -0.9092893058937925
0, 17, 0.231063352710706
88, 9, 0.2533021321486398
64, 13, 0.2494099351303778
1, 17, -0.184145794235719
99, 6, 0.1835260014406435
30, 16, 0.8595717890900245
109, 0, 0.9617888125575271
2, 17, 0.8648539546615481
104, 4, -0.01130783744191956
96, 7, -0.5001119778730824
78, 11, -0.8867663816425876
3, 17, 0.2164269862755963
106, 3, 0.6214457808224361
45, 15, -0.01003967838651767
4, 17, 0.779495702590681
102, 5, 1.183323475478697
72, 12, 0.008169972287280516
31, 16, 0.712374558770051
56, 14, -1.362757756231811
5, 17, 0.6506558848111187
6, 17, -1.227902604547072
84, 10, -0.3262019757416796
65, 13, -0.4024248914508392
7, 17, 3.024103458034379
93, 8, 3.021074676099238
109, 1, 0.06241745285163502
46, 15, 0.05435770628429638
32, 16, -0.8791799115081693
89, 9, 0.1494121567120548
108, 2, -0.6309030475146131
8, 17, -0.6505300204468969
79, 11, 1.463977902904811
100, 6, 1.359361643442678
9, 17, -0.1970936339828009
57, 14, -0.2089807346776971
97, 7, 1.589833659302822
110, 0, -0.4340958963966424
105, 4, -1.518503215400244
73, 12, 0.2845124555018864
33, 16, 0.8060863648070516
10, 17, -1.214861523630413
107, 3, -1.036343768631041
47, 15, -1.040250683841704
66, 13, -0.4325657467808357
103, 5, -0.8771458229226937
11, 17, -0.9188326985269135
85, 10, 0.1629793078359996
34, 16, -0.5139178413938801
12, 17, -1.524057653992318
94, 8, -0.1424958927908861
58, 14, -0.1417191071558568
90, 9, 0.9133447677413181
13, 17, 1.156851748413793
80, 11, 0.1550126242959715
48, 15, 0.03837816271071875
110, 1, 0.7937336340783395
109, 2, 0.4825763794494437
74, 12, -0.5339426848720052
35, 16, -0.03733362290271294
14, 17, -0.2922806479636105
101, 6, -0.294587743812194
67, 13, -1.269067610252493
98, 7, 0.0354735557365674
106, 4, -1.275606820502672
111, 0, 0.06216470229128111
15, 17, -0.6000377710912059
59, 14, -0.09137670465993319
86, 10, -1.177647177976922
108, 3, 0.2479314084872738
104, 5, -0.7909038077765979
49, 15, -0.7902923955964744
36, 16, 0.006751132841146783
16, 17, -0.01507661035301814
95, 8, -1.045042398342753
81, 11, 1.038299645572499
91, 9, -1.256728821402261
17, 17, -0.9577900655106574
75, 12, 0.1925147746984962
68, 13, 0.2458187259572868
37, 16, -0.6785947010449124
111, 1, 1.254038896928689
50, 15, -0.4863009969248075
60, 14, 0.7840879236906307
18, 17, 0.7780396751350348
110, 2, 0.05227609598930701
102, 6, -0.2258875606379545
99, 7, 0.4403619266528723
107, 4, 0.2301537479780913
19, 17, 0.232424619493131
87, 10, 0.7181417812575873
112, 0, -0.5125230451236925
38, 16, 0.4743930058816272
105, 5, 0.03308552750954319
109, 3, 1.075236716358716
82, 11, 0.0998795631391461
69, 13, 0.09791338845002241
20, 17, 0.7789903650353323
51, 15, 0.2480282217757292
76, 12, 0.1928941412491785
96, 8, 1.813311683489274
61, 14, 0.1295386063435006
92, 9, 1.432124307578579
39, 16, -0.07396701179353757
21, 17, -0.01097416854155846
112, 1, -0.5213302883058597
103, 6, -0.7052259815832855
22, 17, 0.2699625805743011
111, 2, 0.2675247218080053
100, 7, 0.002942446278457423
52, 15, 0.006862209129465941
88, 10, 0.261318204703838
40, 16, -0.6324259800509945
70, 13, 0.913556563373055
62, 14, -1.032720403793387
108, 4, -0.5958239465156712
77, 12, 1.157083456203784
83, 11, 1.889900381848043
23, 17, 0.08683815775773329
113, 0, 1.092578646036597
106, 5, -1.831973925015619
110, 3, -0.1169625526264481
93, 9, 0.1058171853051013
97, 8, 1.175678257909863
53, 15, -1.810202181929701
24, 17, -0.04753487940886536
41, 16, -0.04053115419148924
63, 14, -0.4708811507344736
71, 13, -1.051043442282674
25, 17, -0.9809724878855975
89, 10, -0.9747730804498257
104, 6, -0.3659387238833628
101, 7, -0.895241694669323
113, 1, 0.7821931382273271
78, 12, -0.1540237295158488
112, 2, -0.08629365248865091
42, 16, -0.08207844647244909
84, 11, 1.614762004749965
54, 15, 0.08561387614667351
26, 17, -0.9316066597504509
109, 4, 0.3995460677019541
114, 0, -0.03143299831869726
94, 9, 0.0347718043516639
107, 5, 0.5179251965412519
98, 8, -0.03120270377754675
111, 3, 0.1507915279414587
64, 14, -0.8681155409914537
43, 16, -0.08977850042342811
27, 17, 1.492395516130345
72, 13, -0.8644794989587499
55, 15, -0.1040715314425369
79, 12, 1.57149046446874
90, 10, -0.4856057834473431
28, 17, -1.16447517105234
85, 11, 0.5342080706837163
102, 7, -0.08121395986526368
105, 6, 0.1650753582200279
44, 16, -0.4353116197345631
114, 1, 0.8625187715579657
113, 2, -0.5786328983936601
65, 14, -1.199117230891073
29, 17, 0.001919303116485235
110, 4, 1.37427891072654
95, 9, -0.3863540660107277
56, 15, -0.3910267826920771
-9, 18, 0.5799958761873031
-8, 18, 0.3063303081486957
73, 13, 0.6447461986565227
-7, 18, 0.6332447815215025
-6, 18, 0.2094557205028113
99, 8, 0.9476239277797751
-5, 18, 0.1665501777238798
115, 0, -0.8644271262133592
-4, 18, -1.551715374520549
108, 5, 1.115410604376299
-3, 18, -0.2704120673622652
45, 16, -0.9654455199869646
112, 3, -1.407187474748737
-2, 18, 0.4494195834518935
30, 17, 0.4149215461695947
80, 12, -0.09116512936217608
-1, 18, -0.147762084748824
0, 18, 0.1193643164491666
91, 10, -0.1043724208165507
86, 11, -0.00010936685543458
1, 18, 0.005018383873350377
66, 14, 0.5757076664754819
2, 18, 0.09217934140178657
57, 15, 0.04297432226380999
31, 17, -0.562003793880088
103, 7, -1.643403078724212
3, 18, 0.2824806290881837
106, 6, 0.4542041756933609
46, 16, 0.4523749629747149
74, 13, 0.3366605072207678
4, 18, 1.119561180060648
115, 1, 0.3441567868714118
114, 2, 0.6930758859159184
5, 18, -0.8733168995558311
96, 9, -0.09860142118635759
32, 17, -1.562234962073341
111, 4, -0.08852212183565572
100, 8, -0.1367592856069037
6, 18, 0.07486612342040971
81, 12, -0.03599686614296617
109, 5, 0.4979965451890959
116, 0, -0.5021488934963947
47, 16, -0.8284800755350944
58, 15, 0.1548323136675649
7, 18, 0.1526599609623666
67, 14, -0.659773036061663
113, 3, 0.7156884826660292
92, 10, 0.4438815630286968
87, 11, -0.4862108748576321
8, 18, 0.2730196837157264
33, 17, 0.6912648425668244
9, 18, 0.733765498005979
75, 13, 0.1435342310234497
104, 7, -0.7927222390248578
10, 18, -0.8358471823594854
107, 6, 0.7309937687313183
48, 16, -0.0203905097825649
34, 17, 3.014768509161231
59, 15, 1.18569200897111
11, 18, 2.070333077422339
97, 9, 2.068890650412812
82, 12, 0.02844953197408956
68, 14, 0.03745923901914334
116, 1, 0.6698180279029791
115, 2, -0.8584926572957831
101, 8, 1.025114093902049
12, 18, -0.0487218867819378
112, 4, -0.4912176729772121
35, 17, -0.4135176040526405
88, 11, -1.152985654531501
110, 5, -0.462100278737866
93, 10, -0.2922804476350733
49, 16, 1.366559482365071
13, 18, 0.1732238512539286
117, 0, -1.172842733280829
76, 13, 1.23999028701876
114, 3, 0.2457350856148263
60, 15, -0.1317210230180806
14, 18, 1.187833073181375
36, 17, -0.3904926441333461
69, 14, 0.2476266951160243
105, 7, 0.3667019241329708
15, 18, 0.05836699159253961
108, 6, 0.08190822772402669
83, 12, -0.5810300954523938
50, 16, 1.195991256021544
98, 9, 0.09140014185648318
16, 18, -0.03212198775723077
102, 8, -0.4435405644676573
37, 17, 1.873083012867905
117, 1, 1.868732585657822
116, 2, 0.517225106542791
77, 13, 0.549275782251838
89, 11, 0.1890187154779616
61, 15, 0.1717375996395362
94, 10, 1.044945416047532
113, 4, -0.1089786171561914
17, 18, -0.6716611584638661
111, 5, -0.4232483536564454
51, 16, 1.253427546505656
70, 14, 0.25344814531894
118, 0, -1.629599206568593
18, 18, -0.4156410993539425
38, 17, -0.02501642722948899
115, 3, -0.02356704935674125
84, 12, 0.007838441332203001
106, 7, -0.5751920244878277
19, 18, -0.5808672663091998
62, 15, -1.67485647446277
109, 6, 0.5697149642373605
99, 9, -0.8309571957326257
78, 13, -0.2941517937074848
52, 16, 0.1716871297051035
39, 17, 1.359659969379035
20, 18, -1.126913569877419
90, 11, 1.670461115103761
103, 8, 0.1659878390702549
71, 14, 1.523715260299066
95, 10, -0.8019955297645955
118, 1, -0.6898925360916559
117, 2, 0.9886046031806269
21, 18, -0.02482519989504735
114, 4, -0.4413095293168696
112, 5, 0.2018444277806097
40, 17, 0.1900804560851657
63, 15, -0.2314162267507379
85, 12, 1.124620771745865
53, 16, 0.4687254051792246
119, 0, 1.743669199469532
22, 18, -1.006099612869797
116, 3, 0.2902468972301799
79, 13, 1.440502765456837
107, 7, 0.1348397872643494
100, 9, -1.700468291223171
41, 17, 0.2387491307045496
23, 18, 0.229385021361329
72, 14, -1.106846790988897
110, 6, -0.268769959396733
91, 11, -1.334181638646763
104, 8, 1.250652867240579
96, 10, -0.09970003054080609
54, 16, -0.1036414823448145
64, 15, -1.42299153688684
24, 18, 0.003691525509122474
119, 1, 0.2252927509275469
118, 2, 0.01057586662783173
42, 17, -1.031462214329719
86, 12, 1.25585809447554
115, 4, 1.95931648849326
25, 18, -0.2145441720229257
113, 5, -0.2215974310832489
80, 13, 0.6620475336033421
73, 14, -0.5293273732697498
120, 0, -0.06359239415343582
55, 16, -1.439413928657545
117, 3, 0.08092810213046518
65, 15, 0.4549332018693668
26, 18, -0.9976924643924477
108, 7, 1.214187657106002
43, 17, 1.223184668625261
101, 9, 0.338156247731933
92, 11, 1.246679646583188
111, 6, -0.09407092845081715
97, 10, -1.70281287653608
105, 8, 0.5380056605960177
27, 18, 0.006608648261193186
87, 12, 0.0858541046695782
56, 16, 1.128279461111137
44, 17, 0.8881433289270745
81, 13, 0.1023324987379851
74, 14, -1.264444574386149
120, 1, -0.7539176472713063
119, 2, -1.122429673267943
66, 15, -0.2098549317371845
28, 18, 0.9269631167167297
116, 4, 0.07317293839194983
114, 5, -0.1274165675357335
93, 11, 0.5042723695956524
45, 17, 0.7410421451724625
121, 0, 0.2300042887530649
102, 9, 0.04840881403554891
29, 18, 0.1996665356869868
118, 3, 0.2016846281649641
109, 7, 1.387509322921169
57, 16, 0.8832379115342044
98, 10, 0.8746491536783064
112, 6, 0.1580441689639429
88, 12, 0.4797666811565437
106, 8, -0.266686290333925
-9, 19, -0.4871423498826754
75, 14, -0.4836987468383258
-8, 19, 0.6191070312201442
-7, 19, -1.229425104392811
82, 13, 0.1313551639118883
67, 15, 0.139755345861487
-6, 19, -0.4791510473658088
30, 18, 0.2255663809471296
-5, 19, 0.5459543887258149
-4, 19, 1.289995588153916
46, 17, -1.369156672671433
-3, 19, -1.600901842528667
-2, 19, 0.7263125428268241
-1, 19, -0.4760467191054095
58, 16, 1.151591210628784
0, 19, 0.03416873536369263
31, 18, -1.29839308322872
121, 1, -1.296946654488478
120, 2, 0.3658792401003834
117, 4, 0.04233152342901096
1, 19, -0.2620574518609862
115, 5, 0.02658255793736152
94, 11, 1.568553178317011
2, 19, -0.2855606419996042
47, 17, -0.00430716150727978
103, 9, 0.003929928917819777
3, 19, 1.607540167349119
68, 15, -0.08597067691166374
76, 14, 0.100172969050816
110, 7, -1.910423301867036
32, 18, -1.848864038772657
122, 0, -2.659518268313731
119, 3, -1.313100698819955
99, 10, 0.4139816664702677
89, 12, 0.02491324041194332
4, 19, 0.02394548794612387
83, 13, -0.931594486286189
5, 19, -0.9249539617459013
59, 16, -0.939576193923887
113, 6, 1.54831367187664
107, 8, -1.389861376905194
6, 19, 0.8158397771095568
33, 18, 0.2094396905418215
48, 17, -1.098292561958932
7, 19, -0.3532235149390165
8, 19, -0.7969032014177511
69, 15, 0.1863064193618496
95, 11, -0.1333167176676366
77, 14, 0.7041932703333671
122, 1, -0.2187310085138952
121, 2, -0.2132870648990942
34, 18, 0.01253197628229255
118, 4, 0.01922709459917128
9, 19, 0.4819860097079634
60, 16, 0.05139345647674554
116, 5, 0.7827504291043451
104, 9, 1.239810683680431
84, 13, -0.8124801031717883
49, 17, -0.6881109713966521
90, 12, 0.1080876394776994
10, 19, -1.314588616536812
100, 10, -0.3657419255364283
111, 7, -0.8975060055146336
123, 0, -0.006769792883633145
120, 3, -0.1512142263022489
11, 19, -0.9840126769742623
35, 18, -1.10323629025957
108, 8, -0.2342569644091412
114, 6, -0.1734380342426481
12, 19, 0.4540807188561708
70, 15, 0.8714008711594556
61, 16, 0.4287364688051415
50, 17, 0.36184666382189
78, 14, 1.415267232833705
13, 19, -0.08969302831476625
36, 18, 1.254078105566525
96, 11, 1.427189509514224
85, 13, -0.8001111448919627
14, 19, -0.8885855526290595
91, 12, -0.2465514380442329
105, 9, -0.2123532660610535
122, 2, -0.4092975475434262
123, 1, -0.07546948746040422
119, 4, -0.07708583203160857
117, 5, 0.3088881595264911
15, 19, 0.08229045121420515
101, 10, 0.09023530223953825
51, 17, 0.1090138785601165
37, 18, -0.2940633044049742
71, 15, 1.343951784219528
62, 16, -1.005337143556821
112, 7, -0.2783863539770293
16, 19, 0.1409246138138783
121, 3, 0.9732550961858294
124, 0, -0.325532529666631
109, 8, -1.334673248120623
79, 14, -1.298042032022599
115, 6, -0.8773518500302467
38, 18, 0.2175789440853769
17, 19, 0.1473314047127642
97, 11, -0.6194652448979688
52, 17, -0.6222469455147571
86, 13, 1.828264980983358
18, 19, 1.233129147483161
92, 12, 0.5854442246520913
63, 16, 0.8826391974683431
72, 15, -0.2805074869974323
39, 18, 0.004719065362113073
106, 9, 0.8140289572488791
19, 19, -0.1471088177373783
102, 10, -0.8080559768653692
120, 4, 0.2382251435495435
123, 2, 0.01929274149770452
118, 5, 0.008904531492303958
124, 1, -0.6147796624228795
80, 14, 0.8885439645215681
53, 17, -0.1440613868331926
113, 7, 0.2912717452124075
20, 19, -0.9454151438067796
40, 18, 0.3198424199862188
110, 8, 0.3313377691488598
64, 16, -0.9979686236022616
122, 3, 1.388020914137931
125, 0, 0.8417237982452548
116, 6, 0.5060317574983858
87, 13, -0.8414141942034827
21, 19, 1.275981983308865
98, 11, -0.4862723821868696
73, 15, -0.4467605641629431
93, 12, -0.1684294218179831
54, 17, -1.284020648560979
41, 18, -0.09541420044161829
22, 19, -0.08728634837254177
81, 14, -1.566749128572327
107, 9, -0.6584044243039604
103, 10, 0.7087757619359404
65, 16, 0.6321412846115225
23, 19, -1.404321748871158
121, 4, 0.8796728257641376
119, 5, 0.8761222773786136
124, 2, -1.096699778508222
125, 1, 1.069731487806
114, 7, -1.172905310168415
42, 18, -0.06417251696391445
55, 17, 0.4809714036581255
74, 15, 0.1325526413428368
88, 13, 1.254929976015148
24, 19, -0.3921073326695965
111, 8, -0.3901493773351751
99, 11, 1.394693859190126
123, 3, -0.007190825825754942
117, 6, -0.01612841658068375
94, 12, -1.302833137603297
126, 0, 0.6930757611654902
25, 19, 1.131212338946538
43, 18, 0.7151694052379124
66, 16, 0.022467440737283
82, 14, 0.02192429236177491
56, 17, 0.1098723710242494
104, 10, 0.342080583899504
108, 9, -1.63007965249652
26, 19, 0.6116416891689657
75, 15, 0.05688615556077245
89, 13, -0.8949454854027176
44, 18, -0.3805614595998564
120, 5, 0.6218458544164773
122, 4, -1.274551330098901
125, 2, 0.3512828420282093
115, 7, 0.3396092115415731
27, 19, -0.90357306642153
126, 1, -0.889537102355284
67, 16, 0.1802813665776568
100, 11, -1.368678285640709
112, 8, 0.03830955595211162
57, 17, 0.3495254900442035
95, 12, 1.395608358514568
83, 14, -1.541090464421926
118, 6, 0.5541332314688094
28, 19, -0.3583182335272107
124, 3, -0.3678596275564848
45, 18, 0.5734337668403283
127, 0, 0.7769956033811229
76, 15, -1.884869548312416
105, 10, 0.0499103687534806
109, 9, 1.214280858014279
29, 19, -1.101425905549032
90, 13, 0.1608045370510928
58, 17, 0.1733093564677567
68, 16, -0.01290192177744995
46, 18, -0.1358022137393141
84, 14, 0.183549694267571
30, 19, 0.04053772182945616
121, 5, 0.03899650082384722
96, 12, -0.05648426936084774
101, 11, 0.3754759044141144
123, 4, -0.006772530464197554
116, 7, 0.0003620763205298623
126, 2, 1.408113273876999
127, 1, -0.1184994620786968
113, 8, -0.1325379588194342
-10, 20, -0.2709488535797068
-9, 20, 0.629251200518936
-8, 20, -0.5438097804220731
-7, 20, 2.924774016169739
77, 15, 2.919979153231252
-6, 20, 0.9104885113896444
-5, 20, -0.5872173789182937
59, 17, 0.548116381241327
-4, 20, 0.3445681618547988
47, 18, -1.847679972647919
-3, 20, 1.536667377713833
31, 19, -0.40975261545409
119, 6, -0.3920561968257561
69, 16, -0.4019925181702955
-2, 20, -0.05997252702327194
125, 3, 1.03666017625428
-1, 20, 0.7569866649668192
128, 0, -0.261220402432748
91, 13, -0.2558426405872714
106, 10, 1.235820948725115
0, 20, 0.0144105460787066
110, 9, 0.01043221754251351
1, 20, -1.412029886763982
32, 19, 0.8579206518609742
2, 20, 0.6922718497337228
85, 14, 0.4926908946116001
48, 18, -0.04707444261959204
60, 17, 0.3711651134060981
3, 20, 0.3861507621393016
97, 12, 1.371128253720818
78, 15, -0.1369616797533726
102, 11, 0.2489283361421854
4, 20, 0.1894975889073209
70, 16, -1.415422822539153
33, 19, 0.1386282725145513
117, 7, 0.1312344067139933
122, 5, 0.4700695110289792
5, 20, -0.7763531164268591
124, 4, 0.3881006490931362
114, 8, -0.1289432454202623
127, 2, -0.5444737405838036
128, 1, 0.7800411130383873
6, 20, -0.3174866713057619
49, 18, -0.1504922051035695
7, 20, -0.03004642469764681
92, 13, -0.01655756720903741
120, 6, 0.06952999705014121
34, 19, -1.113146979334646
61, 17, 0.6093935615312006
107, 10, 1.161431351861432
126, 3, 0.2151556625039525
8, 20, 0.01003027951866994
86, 14, 1.539713526486983
129, 0, 0.04588544335083331
111, 9, -0.1047797912710694
79, 15, 0.8766340944658585
9, 20, -1.161871523542563
71, 16, -1.133129613712534
98, 12, -0.09389005356941212
50, 18, -0.1005544747722111
35, 19, -0.2816813474303752
10, 20, -0.2757215459501909
103, 11, -0.2264858646850701
11, 20, 0.7607116773910479
62, 17, 1.058081121996264
118, 7, -1.577691043856887
123, 5, -0.2351805478219491
115, 8, -0.2381660785432507
36, 19, -0.1919437851520329
125, 4, -0.1848819795583187
12, 20, -0.539491324950087
93, 13, 1.694459061603991
51, 18, -0.01983222068501022
128, 2, 0.34760485039241
129, 1, -0.7676368203642491
87, 14, -0.6274918316148816
80, 15, -0.2830117351723389
13, 20, -0.6813067967710286
72, 16, -0.5535690575752077
121, 6, -0.8062255871411466
108, 10, -1.189595781984865
37, 19, 1.92879075812631
112, 9, 1.953973623446284
14, 20, 1.333967750954039
127, 3, 1.638215268667564
63, 17, 1.436025061660996
99, 12, -0.04996873555719306
130, 0, 0.4653301822965437
104, 11, -1.507667068480078
52, 18, -0.1535314715966805
15, 20, -0.03812805874016803
38, 19, 0.4851197362754784
16, 20, -0.4808088913406203
94, 13, 0.9521822739794434
73, 16, 1.270618405903447
81, 15, -0.2194247247407092
119, 7, 1.669590331048834
116, 8, 0.1879501413291269
88, 14, -0.6340446302789536
124, 5, -1.183896819346544
17, 20, -0.7765279750263253
64, 17, 0.1796579820973984
126, 4, -1.561463092401173
53, 18, -0.8142623332244139
39, 19, -0.950599203133859
129, 2, -0.9733408680431874
130, 1, -0.003815456211576404
109, 10, 0.002718052797670826
18, 20, 1.465618875880524
122, 6, 0.7437034246145485
100, 12, 0.481473619862943
113, 9, -1.029532449433803
128, 3, -1.083501417275892
19, 20, 0.7276393761912827
105, 11, 0.7073409787988466
74, 16, -0.532013210262271
131, 0, 1.569685231703434
40, 19, 0.5505924485063949
54, 18, 0.05311371159364307
82, 15, -0.1096572426082497
65, 17, -0.1055007736104166
95, 13, -1.824937089954085
20, 20, -0.09526229326630135
89, 14, 0.7404561910163523
120, 7, -2.792621989757293
117, 8, -2.787952391823787
41, 19, 0.1868221548343386
21, 20, 0.1802419249025022
125, 5, 0.5117636371689412
127, 4, -1.398623781975608
55, 18, -0.4503568138211506
110, 10, 0.3521363898610664
101, 12, 0.6124579764211223
75, 16, 0.09125823914229321
22, 20, 0.5113808400148232
130, 2, 0.5125860893609105
66, 17, 0.5730390808818537
131, 1, 0.415237542880523
123, 6, 0.01483006386572817
114, 9, 0.02514641531125421
83, 15, 0.3770849769887746
42, 19, 0.002689635989642267
106, 11, -0.002518944775283683
23, 20, 0.2584783852437645
96, 13, 1.202773677774245
90, 14, -0.8511520645993292
129, 3, -0.09483573230848628
132, 0, 0.07108494609188773
56, 18, 0.6540866322549649
24, 20, -0.1823762048889106
43, 19, 0.1672389314769631
67, 17, 1.53772090693894
76, 16, 0.472538807178984
118, 8, 0.1368216886532738
121, 7, -0.7928476147805156
25, 20, 0.1976419985629176
126, 5, -1.074726456431621
111, 10, -1.097317062994593
102, 12, 0.02927756921864213
84, 15, -0.03643366361776693
128, 4, -0.2383213064954513
57, 18, 0.07384113211610038
44, 19, -0.07381642970945211
115, 9, -1.07821840182397
131, 2, 0.9235800837671501
107, 11, 0.9072714637798286
91, 14, 1.107117567216007
26, 20, 0.03322631281817391
124, 6, 0.02253174966793434
132, 1, -1.278786047772805
97, 13, -1.259729865903254
68, 17, 3.404612594704044
77, 16, -1.363313284693851
130, 3, -0.3263789470195361
27, 20, 0.9359379518406176
45, 19, -1.276922899790367
133, 0, 0.3045518738322932
58, 18, -1.353481372078505
85, 15, 0.007316282613412666
119, 8, -1.223816280971963
28, 20, -0.01143185003721021
122, 7, 1.727048364028775
103, 12, 0.5764427069934015
112, 10, 0.7784848299740662
69, 17, 0.6219519563485241
92, 14, 0.3200405132304827
127, 5, -0.664947286067151
46, 19, 1.429648099626865
98, 13, -1.511293891974527
129, 4, 0.3885527166428765
108, 11, 0.3825876711273912
29, 20, -0.01925447120039762
116, 9, 0.001765273031433535
59, 18, 0.8313442989016285
78, 16, -0.8675814734864574
125, 6, -1.662725977333036
132, 2, 0.9916794146920799
133, 1, -1.239962416281023
30, 20, 0.009650009723923651
47, 19, -0.4739727949251688
86, 15, 0.4103595614748685
131, 3, -0.2487743077530729
70, 17, -1.491398577101813
134, 0, -0.01755037778901828
60, 18, -0.128351679859304
104, 12, 0.3579008408414592
-10, 21, -0.4315491532872606
-9, 21, 0.09703634821631654
-8, 21, -0.6116743754286106
31, 20, 1.727116401910444
-7, 21, -1.592024675316442
120, 8, 0.4400293298300225
93, 14, -1.38239977817242
-6, 21, 0.1192303089209047
123, 7, 0.05507956947390413
113, 10, 0.06721234357596464
79, 16, -1.156966369854679
-5, 21, -1.161539877693955
-4, 21, -1.215786123949548
48, 19, 0.4747235350385357
99, 13, 0.4848353058696312
-3, 21, 0.02465429456497602
109, 11, 0.9790329509358686
-2, 21, -0.8301487759686479
128, 5, 0.04678008085333106
-1, 21, -1.565801385135773
117, 9, -1.122031482835868
32, 20, 0.1711596973767546
130, 4, -0.8628900588458536
0, 21, 0.01490799262834182
71, 17, -0.2232225990439178
87, 15, 0.06717497001293701
61, 18, -0.7477736868701558
1, 21, -0.7592912743571745
126, 6, 0.003067400634987165
133, 2, 0.1661595215255302
2, 21, -0.4819364240169947
134, 1, -1.048581372372364
49, 19, 1.541453668522575
33, 20, 1.135712154627359
3, 21, -0.2018689659257498
80, 16, 0.1765670155646435
4, 21, -1.636171761181048
94, 14, 1.304938796100389
132, 3, -0.1097748470350718
105, 12, -0.09402580418910003
5, 21, 1.34099413386417
135, 0, 0.1329672769405496
100, 13, 0.3673137982671259
121, 8, -1.521471840934189
34, 20, 0.2648918140421046
114, 10, 0.2957318501799109
6, 21, -0.2556638871205343
62, 18, -0.006320474185028551
50, 19, 1.06410093158191
124, 7, 1.060049889690046
72, 17, -1.105466907606054
110, 11, 1.04112548475295
7, 21, -0.6542213563979465
88, 15, 0.9669687026594536
118, 9, -0.6336629530840224
129, 5, -1.818637839067891
8, 21, -0.150832977463022
35, 20, 0.3179017046626688
131, 4, 1.113240023307836
9, 21, -0.153382394366853
81, 16, 0.4626103740073279
127, 6, -0.9522463731277612
51, 19, 0.6773749279294847
63, 18, -1.010111224098875
134, 2, -1.556287635585453
95, 14, 0.1036266652439363
10, 21, 0.1125960477982223
135, 1, -1.007774613835123
106, 12, 0.6009101374606897
36, 20, -0.09363392560815005
73, 17, -0.6332281652662057
11, 21, -0.8579692617337681
101, 13, 1.139049866432551
133, 3, -0.8631033297054328
115, 10, -0.9352798573288935
12, 21, -0.2544871491457706
89, 15, -0.2989577318448328
122, 8, -1.406674144754316
52, 19, -0.270486987594809
136, 0, 2.036854041446723
111, 11, -1.917853543762887
37, 20, -0.2795949158826612
125, 7, -0.2769655688462505
13, 21, 1.936341634575846
82, 16, -0.1028679183295438
64, 18, -0.0999103574328233
119, 9, 0.3771318942357037
14, 21, 0.1999910029443834
130, 5, -0.02859734944223334
74, 17, 1.034633412632933
96, 14, 0.4536076041388183
38, 20, -0.5313916889796586
132, 4, 0.202268555499583
53, 19, -0.1755143830547115
15, 21, -0.08844926086818636
128, 6, -0.03070578624033203
107, 12, 1.591344627667743
135, 2, 0.009123048861438022
102, 13, 0.005396257078900221
136, 1, 0.1730346911662599
16, 21, 0.168978870614315
90, 15, 0.001486411802277845
65, 18, 0.9914521269096686
39, 20, 1.818944486361459
83, 16, 0.04347097345322012
116, 10, -0.9598660900725918
134, 3, 1.393614080842461
17, 21, 1.385675792950457
123, 8, 0.04754418249677501
112, 11, 0.04974257476774314
54, 19, -0.7402600388221908
75, 17, -0.52961522201063
126, 7, -0.6824381078218968
137, 0, 1.978460132802438
18, 21, -0.0378279597174996
40, 20, 0.2796145203822537
120, 9, -0.1718080076440887
97, 14, 0.2050221500064229
66, 18, -0.03188868533961522
131, 5, -0.2624631489304363
19, 21, -0.2470614711804311
108, 12, 0.08234415352378244
55, 19, -0.7603618531995197
91, 15, -0.7825033295943602
133, 4, -0.2394424342499603
103, 13, -0.2513432642951327
129, 6, 0.1875848118068237
84, 16, 0.4156920199182277
41, 20, -0.08772531386212738
20, 21, -0.1033616726032531
76, 17, -0.4945819264105982
136, 2, 0.3625323706883039
137, 1, 0.5842766863574677
117, 10, -0.6795521430265591
21, 21, -0.0642747188482686
113, 11, 1.645808930530908
67, 18, -1.225083272872937
124, 8, -0.0816385178396974
135, 3, -0.01937829599640282
56, 19, 1.890097907243531
42, 20, 0.0008372640141605712
98, 14, 0.1657062894139963
127, 7, 0.06023814185801572
22, 21, 0.05305184879064779
138, 0, -0.2326996723893913
121, 9, 0.7278465000882308
92, 15, -1.324049026038856
85, 16, 1.917739647782206
77, 17, 0.3620778995030622
109, 12, -0.5269511029722556
23, 21, -0.5397766690221671
104, 13, 1.238801146010427
43, 20, -0.3562353563759496
132, 5, -0.3798233235511189
68, 18, -1.162709630218998
57, 19, 0.01444731338244667
134, 4, -0.5489996635912406
130, 6, -0.3051295797422187
24, 21, 0.2225244196724622
118, 10, 0.7100422075476296
137, 2, -1.320779276933156
114, 11, 1.657824143625923