d = 19, symClass = D, D = 16.000000, Y = 0.1122457698241574
[14.42445858491591, 14.42445858491591], 14.42445858491591
1, 0, 1
2, 0, 1.127278489889496
0, 1, 0.267870267944337
1, 1, -0.1754468245840157
3, 0, -0.7774777240658118
2, 1, -1.611994486936733
4, 0, 0.270756793768283
3, 1, -0.4481714072043661
-1, 2, -0.4698017765940931
0, 2, 0.3019643911344776
1, 2, -0.7915166936946615
5, 0, -2.442802294695814
4, 1, 1.586311255595462
2, 2, -0.1977774314727141
5, 1, 0.9349072331122686
3, 2, -1.028901208934276
6, 0, -0.8764339147077226
-1, 3, 0.205732227779705
4, 2, -1.817166710945116
0, 3, -0.2082631662665469
6, 1, -0.6936565478555322
7, 0, -0.3526402174445765
1, 3, -0.585796606042142
5, 2, -0.7503609186527441
2, 3, -0.1132498716319907
7, 1, -0.2846548790778596
3, 3, 0.1364059978719853
8, 0, -0.8220601802820973
6, 2, -0.5052139871251452
4, 3, 0.3995456974136142
-2, 4, -0.5295974372658508
8, 1, 0.4072114200775983
-1, 4, 0.1584272078803117
0, 4, 0.07252769489407353
9, 0, -0.3955283885812537
7, 2, -0.4331950612064653
5, 3, -2.16321088163148
1, 4, 1.923107291763994
2, 4, -0.892259743191844
9, 1, -0.1258459277778507
6, 3, 1.253289804910491
10, 0, -2.753718481863677
8, 2, 1.788214556703778
3, 4, -0.09308584764814888
4, 4, -0.04750341970126484
10, 1, 1.575310837132876
7, 3, -1.999358414777816
9, 2, 0.8764593354045659
-2, 5, -0.7191988348786263
11, 0, 2.558170158971806
-1, 5, 1.638882292865661
5, 4, 1.504205347377788
0, 5, -0.9222243731632418
1, 5, -0.2388772006552007
8, 3, 0.08242522988735047
11, 1, 0.912432696630939
2, 5, -0.1184568732703924
10, 2, 1.053900813929813
6, 4, -1.159858201054952
12, 0, -0.2105073757940826
3, 5, -0.313218724323177
9, 3, 0.3484432856650682
7, 4, -0.901043004951194
12, 1, -0.559063615143687
4, 5, 0.8368017961713526
11, 2, -0.5394652476923577
13, 0, 0.3434226871622194
-3, 6, 0.365260416028963
-2, 6, 0.2319175150537913
10, 3, -0.804359166159881
5, 5, 0.4285819056890987
-1, 6, 0.2477326209683782
8, 4, -0.4364584588551873
0, 6, -0.2347705875691071
13, 1, 0.4636131237629412
1, 6, 0.9812865514714243
12, 2, -0.7819441057694693
6, 5, -0.5293246251180019
14, 0, -0.3975237317947853
2, 6, -0.6603559134414212
9, 4, -0.9223891436601869
11, 3, 0.8844387418551325
3, 6, 0.615386597573452
7, 5, 0.7573178738236198
14, 1, 0.782677977858148
13, 2, -0.6724588838984938
10, 4, -0.8458657232527921
4, 6, -0.1276641442744565
15, 0, 1.89922436842619
12, 3, -1.233321664660198
8, 5, 0.5834727539931246
-3, 7, -0.6825969590661435
5, 6, -0.9160805995214873
-2, 7, 0.5444606688504988
-1, 7, 0.2799046567236061
14, 2, -0.3208853222270854
15, 1, 0.1876264614252219
11, 4, -0.5014614490689634
0, 7, -0.09446182953590652
9, 5, -1.002694264908129
6, 6, 0.1537675472926792
13, 3, 1.502348250668102
1, 7, 1.04949284244098
16, 0, -1.197447552396125
2, 7, -0.4054321992303184
7, 6, -0.02876437895698631
12, 4, -0.1213454532731184
15, 2, -2.386461891710859
10, 5, 3.937783831732232
3, 7, -2.727788105463749
16, 1, 1.197289992290437
14, 3, 0.2828571868438668
17, 0, -1.459275537211113
4, 7, 0.8609907576828083
8, 6, 0.4503992704233038
13, 4, -0.3202018002844849
11, 5, 0.2480116681278994
-4, 8, -0.1272020227366576
5, 7, 1.451594842832639
-3, 8, -1.604096000293375
16, 2, 0.4590406746915743
-2, 8, 0.1785915836569984
17, 1, 0.2044431436593966
-1, 8, 0.3387483197537566
15, 3, -0.7268695478130163
9, 6, 0.799947770211187
0, 8, -0.2202054807598001
6, 7, 0.2105517233237251
18, 0, -0.4458706445884513
12, 5, 0.4068617508180475
1, 8, -0.1634620734722649
14, 4, -0.488331474424926
10, 6, -2.438541095958387
2, 8, 2.167877483756242
17, 2, 0.143682702393547
7, 7, 0.2373164309546176
18, 1, 0.9819439980975593
16, 3, 0.1818115158260201
3, 8, 0.2001701756225915
13, 5, 0.4409926289854621
19, 0, -0.7792862907107443
15, 4, 0.3208773385890973
8, 7, -0.1068245125470516
11, 6, -1.114219187708627
4, 8, -0.2143085221970553
18, 2, -0.141863407425176
19, 1, 1.569372574563584
17, 3, -1.484496697312452
5, 8, -1.529633913837908
-4, 9, 1.74779357825199
-3, 9, -0.1599522242211228
9, 7, -0.5401761912029683
14, 5, 1.807002610885768
-2, 9, -1.097532310007251
12, 6, 1.412806638674611
-1, 9, 0.1594531154167624
20, 0, -0.6614053171210295
16, 4, 0.4295045494850333
6, 8, -0.1049336737672394
0, 9, -0.1059502954287012
10, 7, 0.1211233284116157
1, 9, -0.3532034826482595
19, 2, 0.6674895340335705
18, 3, 0.5393025141101959
20, 1, 0.3836637963323604
15, 5, 1.094794141937884
7, 8, -1.805542491701208
13, 6, -0.546663493154862
2, 9, 0.6465470824278752
17, 4, 0.3718559489016122
21, 0, 0.2741699136730694
3, 9, 0.4554438120313377
11, 7, 0.1133301388615506
8, 8, 0.1442278482468491
4, 9, -0.9813296573694789
20, 2, 1.775814021590379
14, 6, -2.253833734559365
16, 5, -0.3930527761810178
19, 3, -0.7854723171706923
21, 1, 0.1341379253769455
12, 7, -0.2394675290261795
9, 8, -0.4238109049076201
5, 9, -0.7452518461089963
-5, 10, 1.147632857919092
18, 4, 0.98801375606452
-4, 10, -0.8107373765127182
-3, 10, 0.1541092599649961
22, 0, 2.883770193687659
-2, 10, 1.847476756208817
-1, 10, -0.6279103976731811
15, 6, 0.5833888992623418
6, 9, 0.08804925244713534
17, 5, 0.4971140515060585
10, 8, 1.695658332476741
0, 10, -1.03960369871952
21, 2, -1.32860288012184
20, 3, 0.5460081629703504
13, 7, -0.5958780248721234
22, 1, -0.1536052419848521
1, 10, 0.01340719420997327
19, 4, 1.025656515588573
7, 9, 1.210684546354738
2, 10, -0.2692811300240596
23, 0, -0.6439300117575573
11, 8, 0.8969273645524045
16, 6, 0.09291618867536684
18, 5, 0.9879492994432844
14, 7, 0.5684540863925045
3, 10, 0.9006524993702684
8, 9, -0.4853562142493493
22, 2, 1.028565752383017
21, 3, 0.2213128275299698
4, 10, -0.1335338852184726
23, 1, 0.9095419384073375
20, 4, 0.2531324849090515
12, 8, -0.2785819924353893
9, 9, 0.069394199809467
17, 6, 0.7127671839386118
5, 10, 1.933518795649498
-5, 11, -0.2980442298742565
15, 7, -2.213139450522577
24, 0, 0.6391334780076586
-4, 11, -0.5442827266006048
19, 5, -0.01660676362440132
-3, 11, 0.1686121594557186
-2, 11, -0.9702330139601743
13, 8, -0.39611484445894
23, 2, -0.2742476071990729
22, 3, -0.1110563620077605
10, 9, -0.5637497733363911
-1, 11, 1.033304567375603
6, 10, -0.3530847305587085
24, 1, 1.466027334286032
21, 4, -0.5880116564455742
0, 11, 0.6852577259315623
18, 6, 0.3927926208759554
16, 7, -0.4244937039673934
1, 11, -0.0885971362159903
7, 10, -1.189331819237147
25, 0, 1.794660539789918
20, 5, -1.432242480575151
11, 9, 0.6517950038758775
14, 8, -1.015726397947171
2, 11, -0.147003895754149
23, 3, 0.8992254861754648
24, 2, -0.6302203878312685
8, 10, 0.9433086651252038
3, 11, -1.017093868987456
22, 4, -0.6081275697663659
17, 7, -0.8653442760571373
25, 1, 0.916714814312011
19, 6, -1.044691013803704
12, 9, -0.3106378794854554
15, 8, 0.4833796158981292
4, 11, -0.4392210790659845
21, 5, 0.6524165236827323
9, 10, 0.2653076678245925
26, 0, 0.3871330081783587
-6, 12, 0.4117502101971891
5, 11, 1.626228534854536
-5, 12, -1.137401352997784
-4, 12, 0.05570339836865246
13, 9, 0.3352339851690518
24, 3, -0.3165978080961315
-3, 12, -0.1231736250132176
25, 2, 0.06032485794458962
18, 7, -0.1237870067115762
20, 6, -0.9067367861582997
10, 10, 0.4831311634388273
-2, 12, 0.2792636548611551
23, 4, 0.8671162046483314
16, 8, 1.325156478547199
26, 1, -0.2066148048014122
6, 11, 0.2392780375682382
-1, 12, -1.039925050575567
22, 5, 0.03262248508870293
0, 12, -0.05638866715837583
14, 9, -1.273807010672489
27, 0, 1.084992235423465
11, 10, 0.4989696893425274
7, 11, -0.6833762934055787
1, 12, 0.8829212460258834
19, 7, 0.4160517041607817
25, 3, 0.8043924625500697
17, 8, -0.9721964297707669
21, 6, 0.3367995102639573
26, 2, 0.5226211020491216
2, 12, 1.106183221891563
24, 4, -0.1878122228743088
8, 11, 0.5122498774627758
27, 1, 0.4846792727259401
12, 10, -0.5966962640640746
15, 9, 1.681848272925271
3, 12, -1.495173080335578
23, 5, 0.2354121752371864
28, 0, -0.09547973462855111
4, 12, -0.1586084108523488
20, 7, -1.374794835762792
9, 11, 0.8920695734309403
18, 8, -1.039789440955871
22, 6, 0.997008769318683
26, 3, -0.2824915881972631
13, 10, 0.904245650535303
27, 2, -0.6169738506862378
-6, 13, -0.6711570723344169
25, 4, 1.314930088498
16, 9, -0.8666214457843351
5, 12, 0.313854877569564
-5, 13, -0.6133679183444942
-4, 13, -0.2724559127543871
10, 11, -1.900390776491345
-3, 13, 1.611377375599904
28, 1, -0.09665336611339599
24, 5, -0.4122283459501463
-2, 13, 1.521227900536427
6, 12, 0.6937120744113827
21, 7, 0.1580432624892875
19, 8, 0.5424904483625971
-1, 13, -0.0174158698310851
14, 10, 0.8537081491711306
29, 0, -1.223154823883312
0, 13, 0.09199272722758384
23, 6, -0.6885754726493253
11, 11, -0.4488228311364857
17, 9, 0.1135020843502676
7, 12, -0.8235620968657765
27, 3, 0.0978424055112861
1, 13, -0.518248578759154
28, 2, 0.8822960489502747
26, 4, -0.7580484351532453
29, 1, 0.4527054994456405
25, 5, -1.254892325440647
15, 10, 1.578495001092114
2, 13, -0.9805216028825304
20, 8, -0.2031653165036576
8, 12, -0.03066317213796944
12, 11, -0.4423087613722719
22, 7, 0.5637812898784983
18, 9, 0.6375895818198032
3, 13, 0.3258810785284387
30, 0, 2.140954777998841
24, 6, -1.390296983687269
9, 12, 0.0723721729723097
28, 3, 0.7283529925703139
4, 13, 0.6682631082984145
16, 10, 0.6577362850137198
27, 4, -0.3410424634378949
13, 11, 0.4248629560786793
29, 2, -0.9109509679283561
21, 8, 0.820338479566346
26, 5, 0.2752082862415812
-7, 14, 0.1656710006538556
-6, 14, -0.7694768692195284
30, 1, 3.699186152412981
23, 7, -3.173471169465628
5, 13, -3.026605534765657
-5, 14, 3.27498187813563
19, 9, 0.2190796848038363
10, 12, -1.03267795484656
-4, 14, 0.6137588005871631
-3, 14, -1.432173596230842
25, 6, 0.6577290774267995
14, 11, -0.9413097357472017
-2, 14, 0.3155304987453739
17, 10, -0.6996655593602648
6, 13, 0.3794987208220004
31, 0, 1.220887549926323
-1, 14, -1.593301208566525
29, 3, -0.01516385372263859
11, 12, 0.0567296182530749
28, 4, -0.07707224238958349
30, 2, 0.2115072740991965
22, 8, -0.5652867050452238
0, 14, -0.1064847885521429
20, 9, -1.377471508298073
7, 13, 0.8833102541714412
27, 5, -0.6799925658444762
24, 7, 0.3543115804071466
15, 11, 0.9846984920690156
1, 14, -0.510868806547819
31, 1, 0.3146026990121829
18, 10, -1.130315676770404
12, 12, 0.03693285062822158
26, 6, 1.693564867304465
2, 14, 1.183070706579651
8, 13, 0.9834191788503622
32, 0, -0.527796688305838
3, 14, -0.2577147466314579
23, 8, 0.1724625384299477
30, 3, -1.224769084352073
21, 9, 1.554456629913748
29, 4, 1.36899822787473
16, 11, -1.113849872425635
31, 2, -0.2919150822835192
9, 13, 0.4018215434461224
25, 7, 0.05320499088941879
13, 12, 0.3525208926675984
28, 5, 0.2738636223612881
19, 10, -0.2705097659074985
4, 14, -0.4570349973014106
32, 1, -0.3890319006234333
-7, 15, 1.142058945302204
27, 6, -0.6814276093263132
-6, 15, 0.5591610732920692
-5, 15, -0.5025631581137573
10, 13, -0.06343255248918171
5, 14, 0.7161432496222425
17, 11, 1.068113523306966
-4, 15, 0.02996795133078263
14, 12, -0.03242546567327981
22, 9, -0.3842990071971261
24, 8, 0.3684238678054171
33, 0, -1.988920312970575
-3, 15, -1.274194475069501
31, 3, 0.6006767974762709
-2, 15, -0.2845065294125396
30, 4, -2.690207157467404
20, 10, 4.438979011347745
6, 14, -3.074976856265993
26, 7, 0.5239148381798235
32, 2, 1.349679254469785
11, 13, -0.309038096391192
29, 5, 0.2223835489611611
-1, 15, 0.07772419747885309
0, 15, 0.7170089067244173
15, 12, -1.169486150007796
33, 1, 0.2187676388308353
18, 11, 0.7085679467534102
7, 14, 0.2791206189754125
28, 6, 0.318858822439158
23, 9, 0.7802991083179956
1, 15, -0.5910041789560478
25, 8, -1.013747660692424
12, 13, 1.326337666593047
21, 10, 1.006784044935693
34, 0, -1.6450099239194
8, 14, 0.970576361129627
2, 15, 0.1337313679071775
27, 7, -0.05761202096958769
32, 3, -0.1463398235307875
31, 4, -0.2193550371169068
16, 12, 0.1081797119960274
33, 2, -0.7091196084776759
30, 5, 1.69446580683322
19, 11, -1.491590770285634
3, 15, 0.1857217022966344
13, 13, -0.06025241995261919
9, 14, -0.4320522502217525
34, 1, 1.267073203781685
29, 6, -1.117116932990678
24, 9, -0.06408378013833273
4, 15, 0.02984291638140993
26, 8, -0.3609566018848425
22, 10, 0.2795782187219648
17, 12, 0.7871940636526111
-8, 16, 0.3862053331650919
-7, 16, -0.31707435872935
10, 14, 1.636351642360105
-6, 16, -1.808262916849527
14, 13, -0.8079364662183448
35, 0, 0.8614303323766376
28, 7, -0.559397146107235
20, 11, -1.113841912876598
5, 15, 1.430985293465888
-5, 16, -0.7446695864325489
32, 4, 0.1102552584862958
-4, 16, 0.04289524285131409
33, 3, -0.7093960963392154
31, 5, -0.005304131651854027
-3, 16, -0.3528257832523062
34, 2, 0.2304643582524735
6, 15, 0.09209758023125333
-2, 16, 0.3818636943446612
25, 9, 0.8589375228792379
11, 14, -1.396121485694393
23, 10, 0.5880007133638623
30, 6, -0.8193844062057202
18, 12, 0.9017639143942506
35, 1, 2.910159477538895
27, 8, -2.347903619715304
15, 13, -2.73088114962764
-1, 16, 3.535750006535547
21, 11, -0.5610638392730889
7, 15, -0.4817170389381374
0, 16, -0.3207605967107292
29, 7, 0.7271132566603108
12, 14, 0.237350428712521
36, 0, -0.1070919983366842
1, 16, 0.1787470110407416
33, 4, -1.254059440869211
34, 3, -0.7659701204672736
32, 5, -1.514008681464629
8, 15, -1.311686551930703
19, 12, 1.149007651132134
16, 13, 1.169681462540237
35, 2, 0.2096893207954429
26, 9, -0.4268957844780109
24, 10, 0.4586465000559885
2, 16, -0.1842672793372738
31, 6, -0.1045245701188374
28, 8, -0.1172905058486452
22, 11, -2.511761705975458
13, 14, -1.159982248769164
36, 1, -0.2193344014428823
3, 16, 0.4050710507450899
9, 15, 0.2435205809218406
30, 7, -1.418069366999267
17, 13, 1.402659123201184
20, 12, -0.5857040425561729
4, 16, 0.520694364390487
37, 0, -1.443289823859329
34, 4, 0.1619704197770576
14, 14, 0.2675217079126691
-8, 17, 0.4074197569172145
35, 3, -2.657258988332433
25, 10, 1.946233245566807
10, 15, 1.027007964947465
-7, 17, -2.192282466064821
27, 9, 0.1772645144995769
33, 5, 0.6032343094834796
-6, 17, -0.2795738169128124
5, 16, -0.1800552316220603
-5, 17, 0.8214920137070697
23, 11, -0.1877072784748078
36, 2, 1.106924347332179
29, 8, -0.4471725030167228
-4, 17, 0.1368285654220608
32, 6, 0.2049522110041029
18, 13, -0.8606759453144084
-3, 17, 1.311294122777696
37, 1, 0.3868486134512069
11, 15, 0.001442666899255687
6, 16, 0.2256475332933783
21, 12, 0.7005408647750001
15, 14, 0.5249299185884313
-2, 17, -0.3733918577264539
31, 7, 0.2757889650771155
-1, 17, -0.8121279333246818
26, 10, 0.4971215048549543
28, 9, 0.5093086495642901
7, 16, 0.2608288114602796
38, 0, -0.878472672980143
35, 4, 2.062004791015442
24, 11, -1.600737141097251
0, 17, -0.3908965291585378
36, 3, 0.4346595071098377
12, 15, -0.650594755981919
34, 5, -0.5258457084391868
19, 13, -0.6898418656907794
30, 8, 0.3617181216851913
16, 14, -0.1204209751856414
37, 2, -0.07442938372359498
1, 17, -0.1913086486025563
33, 6, 0.4194222129886304
22, 12, -1.25603532332813
8, 16, 0.6506743559151431
2, 17, 0.8672502801013985
38, 1, 0.09264139246670544
13, 15, 0.6859694705639796
32, 7, 0.91094821807004
27, 10, 1.274733441517472
25, 11, -0.007924819998295455
20, 13, -0.4154314557613935
9, 16, 0.1407947239882338
3, 17, 0.2438863716840451
29, 9, -1.295781855828179
17, 14, -1.645891097511361
36, 4, -0.0340736399148336
39, 0, -0.2670034892074475
37, 3, -1.270079963547086
35, 5, 0.6953555918086611
23, 12, 0.3669774862637982
31, 8, 0.2026138921144503
4, 17, 0.179289761194015
14, 15, 1.104591156762388
-9, 18, 0.1858199396486296
38, 2, 1.76911994592829
34, 6, -1.673441195192833
10, 16, -1.724323408475028
-8, 18, 1.97025010553128
-7, 18, -0.3469277468868803
-6, 18, -0.1803107017749833
5, 17, 0.8785766336179598
-5, 18, -0.769048154274475
18, 14, -0.6089290010939981
21, 13, -0.09803071461605908
28, 10, 2.036995174426125
-4, 18, -1.237224565031371
39, 1, 0.7316485949775461
33, 7, -0.5501673886192199
26, 11, -0.04172166254545045
30, 9, 0.6253713338373301
15, 15, -0.3332128846116786
-3, 18, -0.1926065943275774
11, 16, 0.2035158093671844
6, 17, -0.5665159976541612
24, 12, 0.3393367292407174
-2, 18, 0.1797480671548918
37, 4, -0.3948340488721702
40, 0, 2.008130494775032
32, 8, -1.304043316759297
36, 5, -0.01922591093262451
38, 3, 0.3545191660934119
-1, 18, -0.5592560499318886
19, 14, 0.1020930717818031
7, 17, -1.105286996135424
35, 6, -0.9034792222528424
22, 13, 1.016280315337839
12, 16, -0.02520362565393621
39, 2, -0.9793753987534193
0, 18, -0.1194354890336799
16, 15, 0.01455908199603747
29, 10, 0.1055036869404345
27, 11, 0.1340152509368358
34, 7, 0.6174400495934879
1, 18, 0.3923736640376833
40, 1, -0.5967672578458687
31, 9, 0.5091939990054034
25, 12, -0.7002417899272433
8, 17, 0.9182141223423954
13, 16, 1.734653817749567
20, 14, 0.1365397227427177
2, 18, -0.3981586885432744
17, 15, -0.7142591213512912
33, 8, -0.5146071904251057
23, 13, 0.416390424007916
38, 4, 0.7524465939418669
37, 5, -0.4682512786991745
9, 17, -0.1642429000950809
41, 0, 0.3900597718851584
39, 3, -0.3604488763099868
3, 18, -0.7629284346941531
36, 6, 0.6079441236997304
28, 11, -0.8388110814930895
40, 2, 0.4324959449548532
30, 10, 1.234137887063867
14, 16, -2.035349213476477
26, 12, -0.6162419970418026
4, 18, 0.7288386187218407
35, 7, 0.699215318959554
21, 14, -0.5720752870640039
10, 17, 1.535139562268505
-9, 19, -1.458162914290603
32, 9, 0.505628231113656
-8, 19, -0.4221914004507052
18, 15, 0.4115381048288531
-7, 19, 1.199600567775672
41, 1, 1.308887994156781
-6, 19, 1.596064718793346
24, 13, 0.6964561079405279
5, 18, -0.5940980477059032
-5, 19, 1.120165251462516
15, 16, 0.7800443920961878
-4, 19, -0.6826405931775623
34, 8, 0.419185212534238
11, 17, -0.07505692633584779
39, 4, -0.2643672050580381
-3, 19, 0.6162062546708964
38, 5, 0.7809367862394065
42, 0, 0.3090658462582268
6, 18, 0.513412012656204
40, 3, -1.001395368518193
29, 11, 1.108634645674139
37, 6, -1.210735431862173
31, 10, 0.9599398723171645
19, 15, 0.8424750586038764
-2, 19, -1.487104332313297
22, 14, 0.1277546277954848
27, 12, 0.71713701211592
41, 2, 0.6324616929736273
-1, 19, -0.581059208143366
33, 9, -0.68763142009319
16, 16, 0.2100883706729204
36, 7, 0.6471716001973692
12, 17, 1.09205841014911
25, 13, 0.3761606464316788
7, 18, -0.1399030190561945
0, 19, -0.2087476274992105
42, 1, 0.6223685325817812
35, 8, 0.5192352274689528
20, 15, -0.9760111464777337
1, 19, 0.7483724463968124
8, 18, -1.106231814243379
23, 14, -0.7604566839870531
30, 11, -0.2771341351467336
13, 17, -0.3197982495755848
40, 4, 0.426526111450892
28, 12, -0.5413398739790358
39, 5, -0.05315762719225688
17, 16, 0.1954212110701737
32, 10, -0.4430799399803428
2, 19, -0.354138305691782
43, 0, -0.1681908022530556
41, 3, -0.7471576986518395
38, 6, -0.8854460475511949
26, 13, -0.5535954783942751
9, 18, 0.3130673223923017
34, 9, 1.272058298184554
42, 2, 0.1512107979557382
3, 19, -1.044297096516112
37, 7, 0.112387959586555
14, 17, -0.9727087349637592
21, 15, -0.588797776935217
24, 14, -0.2699465944985056
18, 16, -0.4777529168836278
43, 1, 0.5557769182738695
4, 19, -0.5456836803753307
10, 18, -0.8401063756692865
-10, 20, 1.293701835023478
-9, 20, -0.5579783105322108
36, 8, 0.2373073195219934
-8, 20, -0.1947279706135306
31, 11, -0.5050821808542862
29, 12, 0.1743065368220469
-7, 20, 0.5114557083207364
-6, 20, 0.1737240538510769
33, 10, 0.04373189660117521
41, 4, 1.523889439553348
40, 5, -0.9947369913950758
27, 13, -0.2319613214001801
15, 17, -0.5667259170736128
5, 19, 1.069355643179474
-5, 20, -0.3870063469540969
42, 3, -0.6085146929018997
39, 6, 0.5228218025809853
44, 0, 0.6926419501573036
-4, 20, 0.4437385149803922
22, 15, -0.0145146418626371
11, 18, -0.4056068126435691
35, 9, -1.059532680039055
19, 16, 0.7701383978899811
-3, 20, -0.1724147025453058
43, 2, -1.110158524494924
38, 7, 0.5221659765746285
25, 14, -1.934184525899562
6, 19, 2.902269073010843
-2, 20, -0.7078298848748393
16, 17, 0.5652964944216622
30, 12, 0.6576417573790544
12, 18, 0.09925602833469041
32, 11, -0.2250183276731654
-1, 20, 0.125765537188527
44, 1, -0.3439519003285955
37, 8, 0.429377397831245
7, 19, -0.7687872570372455
28, 13, -0.7132325327168164
34, 10, 0.5603859772848949
23, 15, 0.1802123450371699
20, 16, 0.4072738170250686
0, 20, -0.2496985144141112
41, 5, -0.06514217802537312
42, 4, -1.497705448367082
40, 6, 0.6155032574204075
26, 14, -0.6717204800364149
1, 20, -0.3540059212746214
8, 19, 0.0685909074652645
43, 3, -0.866186462024958
17, 17, 0.2560252591956995
13, 18, 0.5640702731621928
45, 0, 0.9661976552423154
36, 9, -0.6274311347139639
39, 7, -1.260522986561665
44, 2, -0.1731558852244157
2, 20, 0.01511364164245457
31, 12, 0.9084168958515371
33, 11, -1.146498720015422
21, 16, 0.09998652806428578
9, 19, -1.568986894936673
24, 15, -0.4536370688288718
29, 13, -0.1720917801583312
38, 8, 1.156200528038038
14, 18, 1.364778647148217
3, 20, 1.259015837685225
45, 1, -0.8142402514331698
35, 10, 1.058209889568615
18, 17, -0.5601241514883489
27, 14, -0.006747289016548317
10, 19, -1.111988377949859
-10, 21, 1.469589578612955
4, 20, -0.06467762495384888
-9, 21, 0.5307039301895015
42, 5, -1.416894354540938
43, 4, 0.9545551432691572
-8, 21, 0.7519816117109694
41, 6, -0.2202084895058794
37, 9, -0.02082599206842857
-7, 21, -0.0725494575396958
44, 3, -0.9328634111082523
15, 18, 0.7122322595777727
-6, 21, -0.4233060416615947
46, 0, -0.7258884512486151
22, 16, 1.011086925053679
40, 7, -2.165280634246269
25, 15, 3.361189213798438
5, 20, -2.534560023643143
-5, 21, 0.8169969797260122
32, 12, 0.02231719096942277
19, 17, 0.2261398497654133
45, 2, -0.3743687147598594
34, 11, 0.7207501951786013
30, 13, -0.1578830960212355
11, 19, -0.1349866967533914
-4, 21, -0.433769380329954
-3, 21, -0.2176196354648746
39, 8, -1.279843939740755
36, 10, 1.113693994364561
28, 14, 0.640806064081197
6, 20, 1.015286189405698
16, 18, -0.5471316202578277
46, 1, 1.343683140791849
-2, 21, 1.63008928799215
23, 16, -0.3575577462630797
12, 19, 0.2858199455375001
20, 17, 0.9393021353124955
-1, 21, -0.7400838299727898
43, 5, -1.330977731873299
7, 20, -1.52044301993735
38, 9, -0.3096991905656745
26, 15, 0.1908345564979975
44, 4, 0.2470473514688336
42, 6, 0.249481190011855
45, 3, -0.1458753942038263
33, 12, 0.3898751061290166
0, 21, 0.07344196823772017
47, 0, 0.2690762255908304
31, 13, -0.3067574128242667
41, 7, 0.7145913507565668
35, 11, 0.6876539655762807
17, 18, -0.6269384162494803
13, 19, -0.7877227591449278
8, 20, -0.03207300320604421
29, 14, 0.9039109153637466
1, 21, -0.6897950530296356
46, 2, 1.025307062818541
37, 10, 0.6544303610493299
40, 8, -0.7685500086000252
24, 16, 0.8458187133105973
21, 17, 0.1043760020324436
2, 21, -0.8979888998046295
27, 15, 0.7795724550146118
47, 1, 0.3378808903500039
9, 20, -0.4117621528865485
14, 19, 0.9411024328480186
18, 18, 0.07822658876837679
39, 9, -1.16804229868435
3, 21, -0.8159573065645278
44, 5, 0.06102813037052322
34, 12, 0.8034871147538516
45, 4, -0.5106477869447011
32, 13, -0.01509028957961582
43, 6, -1.086284665164329
36, 11, -1.675469542751105
46, 3, -0.7699498128175564
-11, 22, -1.201832885515716
10, 20, 2.179614148130595
-10, 22, -0.3359788493744663
30, 14, -2.49482449770335
42, 7, 0.2446111958671651
-9, 22, 0.3062801475367585
22, 17, 0.506403155449207
48, 0, 0.9309887977254908
25, 16, 0.690709324158961
4, 21, -0.9012836291046473
-8, 22, -0.6135582101176632
-7, 22, -2.075732416475788
15, 19, 1.654923056348383
47, 2, -0.3321445492496646
19, 18, 0.4795025539711493
38, 10, -0.01872044742432794
-6, 22, 0.190072860488042
41, 8, 0.713843296392952
28, 15, -1.531695787649656
-5, 22, 1.265862875341348
5, 21, -1.193999751315069
11, 20, 0.2814163258334855
-4, 22, -1.093722806821785
48, 1, -0.03853059713659115
-3, 22, -0.02170945265290865
33, 13, 0.1278874198282253
40, 9, 1.124847096313606
35, 12, -1.171445393086896
23, 17, -1.351899777624944
16, 19, 1.043152930757633
6, 21, 0.3152145035209152
26, 16, -0.4465317436857145
45, 5, 0.4332626489281667
31, 14, -0.7066783445624503
46, 4, -0.3091534285011936
44, 6, -0.1251914480571926
20, 18, -0.6355029931641532
-2, 22, 1.164822012306369
37, 11, -0.422281781864322
12, 20, -0.08480609754604194
47, 3, 0.483780298511775
43, 7, -0.4012177209928984
-1, 22, 1.322455258812733
49, 0, 0.295948335044309
29, 15, -0.0238364017005688
7, 21, 0.5592156599775073
39, 10, -0.5912237483604484
17, 19, -0.08113887690445773
48, 2, 1.652621079531222
42, 8, -0.6628528921151912
0, 22, 0.7724762944745256
24, 17, 0.1624206586803414
13, 20, -0.5069785714495078
8, 21, 0.1303422971549628
21, 18, 0.02236366388582593
27, 16, 0.5714618372341763
34, 13, -0.3174787131210499
1, 22, 0.2536822068726845
36, 12, 0.09434338683629638
32, 14, -0.4785226215761145
49, 1, -1.888377070229805
41, 9, 1.551980017288026
38, 11, 0.4302743227031716
2, 22, -0.09987364592203808
46, 5, 0.3768514679176074
18, 19, -0.4470899112946465
45, 6, 1.855420960138402
30, 15, -3.061539211358342
9, 21, 2.120794487970862
14, 20, -1.340708177168671
47, 4, 0.7027256522230397
44, 7, 0.1122249332563042
48, 3, -0.9308662982528192
3, 22, 1.320021993722544
25, 17, -1.053697845370985
50, 0, 2.023082223160777
40, 10, -1.6145361406591
22, 18, 0.7347544876874643
28, 16, -0.2439635150678926
43, 8, -0.1781290881603796
-11, 23, 0.02338757531951364
10, 21, -0.798411549019453
-10, 23, 0.08662513003651653
49, 2, -1.088781204999412
-9, 23, -0.7923285204312395
4, 22, -0.1657143296141968
35, 13, -0.4535404869610136
15, 20, 0.2273903222386379
-8, 23, 0.158214231238403
19, 19, 0.1367233051460586
33, 14, 0.8682934105965737
37, 12, 0.8621437777939274
-7, 23, -0.5813924249075991
-6, 23, -0.3846680537388988
42, 9, -0.2199151618638518
31, 15, 0.03465417063831176
50, 1, -0.3512047522507061
39, 11, 0.3583875296638015
5, 22, 0.3886887952796089
-5, 23, -0.4709813499349348
11, 21, 0.3529107071178087
23, 18, 1.095717584642552
26, 17, 1.104967484989891
47, 5, 0.1871563062282035
-4, 23, 0.2038161305192585
46, 6, 1.013677548126401
48, 4, -0.1513702719489723
16, 20, 0.2265697713511668
45, 7, 1.722466754849773
29, 16, -1.073853967191031
20, 19, -0.6814812258920586
-3, 23, 1.230966997193782
6, 22, -1.146548040708619
41, 10, 0.2907206868227453
49, 3, 0.6668298473479978
51, 0, 1.13455422345611
12, 21, -0.6694011347250172
-2, 23, -0.4286625019002193
44, 8, -0.1460638808144253
36, 13, -0.4552034811089395
34, 14, -0.9754839887488345
50, 2, 1.0333928915366
38, 12, -1.177657708442579
7, 22, -0.5006334707912741
-1, 23, 0.3835081059490913
24, 18, -0.3501753996894317
32, 15, -0.3001847219877515
17, 20, -0.60222480502602
27, 17, -0.4146494994959133
43, 9, 0.05565124951371245
40, 11, 3.069670560795148
21, 19, -2.589150213855174
0, 23, -0.1724897047881624
13, 21, 0.8652293883013411
51, 1, 0.1474414388783754
30, 16, 0.5449034434537702
8, 22, -0.4951244747371826
48, 5, -0.5171287839968977
1, 23, 1.324772206959063
47, 6, -0.3839946947613345
49, 4, -0.4031418155171623
46, 7, 0.1990898603154835
42, 10, 0.7354551135972444
18, 20, 0.2990756271410505
50, 3, 0.6100522381901419
37, 13, -0.127536185526436
35, 14, 0.2646074375153449
25, 18, -0.4773694573172427
14, 21, 0.03993645935760749
2, 23, 1.006653944434134
9, 22, 1.107789887604415
52, 0, 0.0929840256840395
45, 8, -0.02808262158293563
28, 17, -0.2319423767353439
22, 19, -0.3602240003934269
39, 12, 0.2489497669273267
33, 15, -0.1928235472775228
51, 2, 0.4520044883095363
3, 23, -0.2624600933847671
-12, 24, 0.09889673913345301
44, 9, 0.6272556523397234
41, 11, 0.5112601154451176
31, 16, -0.1261429981075898
-11, 24, -1.261321392527577
10, 22, 1.833212446986357
-10, 24, -1.282168079605387
19, 20, 0.259910393181144
15, 21, -1.128582654671474
-9, 24, 1.247148907491955
-8, 24, -0.1691242722590577
4, 23, -0.9900302682647711
52, 1, 1.759178208432176
-7, 24, 1.473497045801322
26, 18, 0.3779020605617281
49, 5, -1.18493996750913
23, 19, 1.668485765901483
48, 6, -0.3568938990126791
-6, 24, -0.1388509779985771
43, 10, 0.1230123588769832
29, 17, -0.1789634444163709
50, 4, 0.06800291476621022
36, 14, -0.1395424299932977
47, 7, -2.027203115247316
38, 13, -0.5672022723613099
11, 22, -2.024834386138651
5, 23, 1.025655521140394
-5, 24, -0.5383770356440084
34, 15, -0.07681642261103683
16, 21, -0.04542244742885495
51, 3, -0.1589499900331581
40, 12, -0.2177857088679563
20, 20, 0.1160414626503626
-4, 24, 0.06707529016465195
46, 8, 0.977481445735297
53, 0, 0.1053450717315109
32, 16, 1.930278852860195
-3, 24, -0.2633692726732846
6, 23, -0.7425201983284775
52, 2, -0.232912425144956
12, 22, 0.269732984854327
42, 11, 0.1471507131501864
45, 9, -0.3697823513857111
27, 18, 0.4069596371786192
-2, 24, -1.17228514061197
24, 19, -0.280702105456167
17, 21, 0.5794664016688078
30, 17, 1.436003830793164
7, 23, -1.054145557703426
-1, 24, 0.7280222793385419
21, 20, 1.112714509773167
53, 1, 0.6411653686313212
37, 14, -0.2462599271283754
39, 13, -0.1539122289711516
50, 5, -1.848814513030447
49, 6, 0.1138293004681365
35, 15, 3.308726486413494
13, 22, -2.495036586856701
44, 10, 0.03677462572758115
0, 24, 0.1712048560072655
51, 4, -0.1751920482102138
48, 7, -0.1164022714167318
41, 12, 0.6938772225837126
8, 23, 0.6132317173908813
33, 16, -0.4813022570329057
52, 3, -0.4217994412014781
47, 8, 0.5121318098654976
25, 19, -0.3881949509403855
1, 24, 0.3792980344958004
18, 21, -0.1636992746477468
28, 18, -1.435935243402009
54, 0, 1.223088408688887
22, 20, 0.5624777979030112
14, 22, -0.7703553960566923
43, 11, -0.4198733734795928
2, 24, 0.9952981289114455
31, 17, 0.3869286745343584
9, 23, -0.6211465129130227
53, 2, -0.8569225124876662
46, 9, 0.337129357646844
38, 14, 0.469006136782173
36, 15, -0.3163259480356853
3, 24, 0.1270881208541304
40, 13, 1.397168996511215
19, 21, -1.609383775554949
-12, 25, 1.08614350953661
-11, 25, -0.8367641620127996
54, 1, 1.818140682994368
45, 10, -2.141016875736354
26, 19, 0.962533934653994
15, 22, -1.097159124203811
10, 23, -1.184587289355534
-10, 25, 1.756860564183844
50, 6, 0.9067743204614532
34, 16, -1.09593612322883
51, 5, -0.1323033562543399
-9, 25, 0.2250393968534046
29, 18, 0.4233116045135725
42, 12, 0.3796668433258224
49, 7, 0.1003807584550843
23, 20, -0.04259514448871135
-8, 25, 0.3760948686026021
52, 4, 0.1255264029394281
4, 24, 0.2656900004459781
-7, 25, -0.6156037083418303
48, 8, 0.5702274267842811
-6, 25, -0.02096046151722119
53, 3, -0.5080035304953805
32, 17, 0.886154114617712
11, 23, 1.21442583725699
55, 0, -6.249103934563487
44, 11, 4.05805411690833
20, 21, 2.049561452953314
5, 24, 3.149993402587397
-5, 25, -4.003465425752509
16, 22, 0.5774482683116825
47, 9, -0.8034611288042857
-4, 25, -0.9959017849379729
54, 2, 0.5463685186386538
39, 14, -1.993465153852143
27, 19, -1.866584579824457
37, 15, 0.6493406240452971
24, 20, -0.1433182383598516
41, 13, -0.3931309704984253
-3, 25, 0.2626490796243117
30, 18, 1.895911381326463
6, 24, -1.685476452125218
35, 16, -2.285709402373879
12, 23, 2.058290917927571
46, 10, 0.2653750814036375
-2, 25, 0.597291031623766
17, 22, 0.7430643748211555
55, 1, 0.6135782198961476
43, 12, -0.6610432971309268
51, 6, -0.1117101004440573
21, 21, -0.1845082386221364
52, 5, -0.5439055243987851
50, 7, 0.07541610531812645
33, 17, -0.7125893715064998
7, 24, 0.2534417317770659
53, 4, -0.2765496814576076
-1, 25, 0.2367828554732816
49, 8, -0.3990624754319216
13, 23, -0.5128659761374512
28, 19, 0.3901308691217522
54, 3, -0.7634395848026437
45, 11, 1.597239558399756
25, 20, -2.752251901112546
0, 25, 1.402960572824836
56, 0, 0.2898914807286798
8, 24, 0.4815600635726027
38, 15, 0.0203232405763628
31, 18, 0.1440756122815338
40, 14, -1.549776646366922
18, 22, 1.005610841614851
48, 9, -0.1413544035333393
22, 21, -1.704392997839131
1, 25, 0.2599815753283242
36, 16, -0.2497431271443724
55, 2, -0.1836086472320532
42, 13, 0.1048527013403752
14, 23, 0.03391087070487527
9, 24, -0.1556278525668094
47, 10, -1.155905926120284
34, 17, 2.352344120908693
2, 25, -1.619918783258174
44, 12, 0.239467798030165
52, 6, -0.3184466909497353
26, 20, 1.019336671425759
56, 1, 0.02832768736389902
29, 19, 0.1591934979913244
53, 5, 0.2689257978084003
19, 22, 0.07541654670155699
51, 7, 0.3620193756909036
3, 25, -0.8255553637491472
-13, 26, -0.1613405885513581
54, 4, -0.6955013507031415
-12, 26, -0.7565809309802708
15, 23, -1.145784501410909
-11, 26, 1.627536045260213
23, 21, 0.1047446657068539
50, 8, 1.482292404472721
32, 18, -0.9769237147099582
10, 24, 0.353801852430967
-10, 26, -0.6914364607387748
46, 11, -0.2418672027818973
-9, 26, 0.3797869257302657
39, 15, -0.3428619455133798
55, 3, 0.9914133093169597
41, 14, -1.536311723738866
-8, 26, -0.3071336898909572
37, 16, -0.59057945475252
4, 25, 0.8661967024443751
49, 9, 0.8868636591884294
-7, 26, -0.4124073349732548
57, 0, 0.6058777316969269
43, 13, 0.1538594401770148
20, 22, -2.142269644723497
-6, 26, 1.816471054609674
35, 17, 0.8391220578237653
11, 24, -1.30272206400667
56, 2, -0.108955260594924
27, 20, 0.4567393333922723
16, 23, -0.5038074795189941
30, 19, -0.9043358968304582
5, 25, 0.5835297739132219
-5, 26, 0.1464687126215478
48, 10, -0.464696147313289
45, 12, -0.2494749829120727
24, 21, 0.08305367888737152
-4, 26, 1.714847490494205
33, 18, 0.8662805981710729
53, 6, 0.1547468626246315
57, 1, -0.4092136768587961
54, 5, 0.4744008416948107
6, 25, 0.5579262318375598
-3, 26, -0.3903732065773735
12, 24, 0.1666201020869529
52, 7, -0.7355394640288633
21, 22, -0.740629543592126
55, 4, -0.1163852254530619
40, 15, -0.2013485407106738
17, 23, 0.3778893652810446
51, 8, -1.34717335820532
47, 11, 1.426431467339959
42, 14, 0.1781587702761926
38, 16, 0.6115378134102687
-2, 26, -0.01963253544408014
28, 20, 0.2050489593806725
56, 3, -0.5050908809191543
7, 25, 1.331867761927589
44, 13, -0.199828529221973
36, 17, 0.145752568622665
50, 9, -2.301131976361097
31, 19, 2.443268048497706
25, 21, 2.728319769489748
-1, 26, -2.378793791467961
13, 24, 1.018543723142528
58, 0, -1.378836122769858
0, 26, 0.1037014226300757
57, 2, 0.2112183576887359
18, 23, -1.003978668736969
46, 12, -0.7762163189832296
22, 22, -0.5059483233116826
34, 18, 0.1279484582461609
8, 25, 0.3290641553232051
49, 10, -0.006502674938344319
1, 26, -1.380611502157599
14, 24, -0.9283838368855734
54, 6, 0.1102956391319104
41, 15, -0.225196908230662
29, 20, -0.4339255327112869
55, 5, -2.228892685085795
53, 7, 0.707107978077698
39, 16, 2.18769653519748
58, 1, -0.383477487609191
26, 21, 0.8793131857682868
43, 14, -0.2150414939684202
9, 25, -0.3392534843896545
2, 26, -0.5842104752513311
48, 11, 0.7818739474947346
32, 19, -0.5615441767053256
56, 4, 0.211915379838214
52, 8, -0.1820728113447501
37, 17, -0.4648672757247613
19, 23, -0.6272535720829862
45, 13, -0.356187536176111
23, 22, 0.535785971041404
-13, 27, 0.3228452180284106
57, 3, -1.220152217482466
51, 9, 1.154163113609995
15, 24, 1.189256293985185
-12, 27, -1.358870573355686
3, 26, -0.1978913938175278
-11, 27, 0.3533690104457527
35, 18, -0.2372275658904417
10, 25, 0.2893667218523145
-10, 27, -0.1385913768568709
59, 0, 0.739746370274785
-9, 27, -0.08137293653336052
47, 12, 0.3762374626758965
-8, 27, -0.5506716262614274
58, 2, 0.5103251717801761
50, 10, -1.414613125596925
30, 20, 1.77940346112914
4, 26, -1.105320911801796
27, 21, 0.4199749557325771
20, 23, 0.9534984416313032
-7, 27, -0.48894914147258
42, 15, -1.404904277293208
-6, 27, 0.8533069224729487
40, 16, 0.6168418320641169
16, 24, 0.09309820989097496
33, 19, 0.4058972534166984
11, 25, 0.06030105948141836
24, 22, -0.4986051525848557
44, 14, 0.6355385210826096
55, 6, 0.2556670116053533
38, 17, -0.1274760675337565
5, 26, -0.06411472924692756
-5, 27, -0.04657719700051045
54, 7, 0.6208664191408352
56, 5, 0.2191237215429785
59, 1, 0.7253811737748848
49, 11, -1.282511177655044
53, 8, -0.4610101652301991
-4, 27, -0.2178062691950458
57, 4, -0.1947679888360283
46, 13, -0.7269240661908485
36, 18, 0.7187410209645088
21, 23, -0.1577436647541798
12, 25, -0.02050070525621338
6, 26, 0.3673587300885843
-3, 27, -0.1239712452696489
52, 9, -0.2633543150997947
28, 21, -0.140895881614935
17, 24, -0.2047507119068185
31, 20, -0.8560187315432102
58, 3, -0.001834863610569388
25, 22, -1.483326845614387
-2, 27, 1.500804033257173
60, 0, 0.5142279006411344
48, 12, -0.3339302196086226
34, 19, -0.5190112117258522
51, 10, 1.518828633539271
7, 26, -0.09244747322751808
41, 16, 0.9706829886419565
59, 2, -0.7583755883894031
43, 15, 0.1934458525915901
13, 25, 0.333554069929565
-1, 27, -0.5533422101386815
39, 17, 0.248677649276894
45, 14, -1.422093319108248
22, 23, 0.7396632685864791
18, 24, 0.0815835938580764
0, 27, 0.2906371608205248
56, 6, 0.82105666157139
8, 26, 0.7533186275713817
55, 7, 0.5633628472989819
50, 11, 0.2279274474920546
37, 18, -0.9294752289434133
29, 21, 0.03939084126841948
57, 5, 0.1979151064584445
32, 20, 0.1579792121243662
60, 1, -0.04253250133940643
47, 13, 0.5155492028311085
54, 8, -0.3844498331722734
26, 22, 0.4789388715370442
14, 25, -0.4075729694499606
1, 27, 1.113963242655326
58, 4, -1.026895431490143
53, 9, 0.8789918880454383
35, 19, -2.166575627319467
9, 26, 2.389471390267833
19, 24, -0.4306136356722773
59, 3, -1.262213833199421
23, 23, 0.1129754758170825
2, 27, 0.9474877172150936
49, 12, 1.231686619616191
42, 16, 0.9247499224466369
61, 0, -0.8472909184616411
44, 15, 0.009347718824833
52, 10, 0.3102363813193274
-14, 28, 0.1867573554356639
40, 17, -0.9727577304708548
15, 25, 0.7651314185195218
-13, 28, -0.02096704524332458
-12, 28, -0.1848177640726304
-11, 28, -0.6484256299160047
30, 21, -0.09417068970504477
3, 27, 0.2746078398210376
60, 2, 4.170012979712015
46, 14, -3.577385787623762
10, 26, -3.411827316721898
-10, 28, 3.691816626001576
27, 22, 0.4333400584027791
38, 18, 0.2469638162516454
33, 20, 1.675069540710462
-9, 28, -0.8210780422765452
20, 24, -0.2480350459595663
-8, 28, 0.1474164250326877
51, 11, -1.020458681163572
4, 27, -0.9061284813334366
57, 6, -0.51895824375781
56, 7, -0.3020263316035557
48, 13, -0.04201311764103909
24, 23, -0.4212183306095438
-7, 28, -0.4630792251144458
58, 5, -0.8383430535806186
16, 25, -0.4155108922102
55, 8, 1.503022832495077
36, 19, -1.228589808634433
61, 1, 0.04535181356101852
11, 26, 0.1249565996029022
-6, 28, -1.614458488818651
59, 4, -0.1538318620588587
5, 27, -1.806731818690079
-5, 28, 2.066394151992723
54, 9, 0.2743608566014752
43, 16, -1.691473658962128
31, 21, -1.47430296387193
50, 12, 0.7414438411595724
28, 22, -1.06111821743011
41, 17, 0.4229979074814959
-4, 28, 0.07578608741493414
60, 3, -0.2982900551774783
45, 15, -0.8511780577945162
21, 24, 1.403769067151981
34, 20, -0.7887179351852115
12, 26, 0.4278007449220012
53, 10, -0.2004293578708482
17, 25, -0.3857289644737502
39, 18, 0.4250186884880987
6, 27, -0.502675954145642
62, 0, 1.376280273608235
25, 23, 1.777592505037202
-3, 28, -1.651472660122195
47, 14, 0.1848557977852826
61, 2, 0.03111207131085282
-2, 28, -1.796094180331848
37, 19, -0.4577154732365892
52, 11, -0.2473750493569165
49, 13, -0.4563273335514743
7, 27, -0.1890191055432092