d = 19, symClass = D, D = 16.000000, Y = 0.1163119174833416
[16.73275817939307, 16.73279971074592], 16.73277450273771
1, 0, 1
2, 0, -0.9185547267621428
0, 1, 0.4613419443321141
1, 1, 0.7046093910000094
3, 0, -0.9861324149242333
2, 1, -0.7284685243344566
4, 0, 0.3282108678676364
3, 1, 0.5090858768009831
-1, 2, -0.3293413128712941
0, 2, -0.5678237219062301
1, 2, -0.02324417875141732
5, 0, 0.2471248437830507
4, 1, -0.6077927166572245
2, 2, -0.7991964222750927
5, 1, 0.4105789776404457
3, 2, 0.6489642791775186
6, 0, 0.9560072891173851
-1, 3, -0.4984922769156886
4, 2, 0.8355553692161823
0, 3, -0.4366914238100449
6, 1, 0.1057786794983614
7, 0, 0.2596732612081922
1, 3, 0.04349148697895829
5, 2, -0.2754800109495303
2, 3, -0.4794669031358338
7, 1, -0.295881607411882
3, 3, -0.7557738816197984
8, 0, 0.7421031842847856
6, 2, -0.6337293439751248
4, 3, -0.1063798255785936
-2, 4, 0.4859154327034149
8, 1, -0.4707633190107825
-1, 4, -0.7416482281169912
0, 4, 0.1293915979498566
9, 0, -0.04210175062973916
7, 2, -0.6379746583666159
5, 3, 0.2249061719498293
1, 4, 0.1814913210209488
2, 4, -0.2066367735987893
9, 1, -0.2413816331888143
6, 3, 0.6866828455924933
10, 0, -0.2407258832530034
8, 2, 0.6016180313656363
3, 4, -0.6792665092835343
4, 4, 0.09976514021453618
10, 1, -0.0699539250528563
7, 3, 0.1609124703403962
9, 2, 0.7187749984591257
-2, 5, 0.1383109103956343
11, 0, 0.3768104380903148
-1, 5, -0.1635917355734017
5, 4, -0.9317511331739396
0, 5, -0.3173121225917729
1, 5, 0.4455360505464929
8, 3, -0.3261373280886192
11, 1, -0.2537667358063778
2, 5, 1.18504809296917
10, 2, -0.3653103234911554
6, 4, -0.4992785580926303
12, 0, -0.1773138534864158
3, 5, 1.364446697265232
9, 3, -0.4786801921073718
7, 4, 0.3209454818716921
12, 1, -0.841124445218465
4, 5, 1.378606859815642
11, 2, -0.1903702536292214
13, 0, -0.9951993194653082
-3, 6, 0.4728163839581725
-2, 6, 0.704847441588723
10, 3, -0.4051913194628182
5, 5, 0.1920475332143751
-1, 6, -0.613216915265566
8, 4, -0.3429942736935448
0, 6, 0.5603696806087657
13, 1, -0.5449303610882887
1, 6, -0.2390913582479951
12, 2, 0.2055617555655261
6, 5, 0.8330066161397565
14, 0, -0.3659115407048324
2, 6, -0.1467040468665223
9, 4, -0.5889113471622457
11, 3, -0.2727668886418749
3, 6, -0.0901192632734476
7, 5, 0.298835974454552
14, 1, -0.1837234320743435
13, 2, -0.332734999359217
10, 4, 0.4461972480112411
4, 6, 0.4663396850986745
15, 0, -0.177492537626839
12, 3, 0.7204446551027812
8, 5, -0.07114388689348851
-3, 7, 0.2822344166839835
5, 6, -0.5103261992487251
-2, 7, -0.08154470948735712
-1, 7, 0.5152731378443882
14, 2, 0.5577916805967364
15, 1, 0.05243859466345881
11, 4, 0.09713683557387458
0, 7, 0.1237438952281543
9, 5, -0.01645619238049877
6, 6, 0.8084314036108753
13, 3, 0.5441842162252152
1, 7, -0.7691534423391582
16, 0, -1.090841117153355
2, 7, -0.4079343903120864
7, 6, 0.531784177661542
12, 4, -0.006614712982920592
15, 2, 0.5242676848815687
10, 5, -0.2108196922907433
3, 7, 0.4016640347121139
16, 1, -0.7034206106794877
14, 3, 0.1162918263769864
17, 0, 0.01701860913836455
4, 7, -0.4098027113081924
8, 6, 0.2904766528423551
13, 4, 0.1494260364528232
11, 5, -0.8586520335701274
-4, 8, 0.01822099236217485
5, 7, -0.2817995596033595
-3, 8, -0.1120556428729171
16, 2, 0.3706003879560013
-2, 8, 0.8610988133019641
17, 1, -1.154029015824966
-1, 8, 0.1233753289480038
15, 3, -0.3692313618570447
9, 6, -0.4263374111552737
0, 8, 0.5440046014817429
6, 7, -0.1517001429433842
18, 0, -0.05224521574714537
12, 5, -0.2925748139306485
1, 8, 0.1377771128053115
14, 4, 0.4451696079297514
10, 6, -0.4082768476316735
2, 8, -0.1629397578377081
17, 2, -0.1766750604710492
7, 7, -0.5022290646237992
18, 1, -0.01520568203932459
16, 3, -0.150104763944602
3, 8, 1.317496492486775
13, 5, 0.4302513185216147
19, 0, -0.9352092312154385
15, 4, -0.3300537991379425
8, 7, -0.1847883960760428
11, 6, -0.5894292495031112
4, 8, -0.100592684449485
18, 2, 0.2493165311359466
19, 1, -0.5123476620214227
17, 3, -0.4356593846299095
5, 8, -0.2074914354112045
-4, 9, -0.2095754182583436
-3, 9, 0.5486274667661121
9, 7, -0.5611426862844773
14, 5, 0.8356778082336084
-2, 9, -0.7068033645915814
12, 6, -0.805404913224013
-1, 9, 0.07234350537326847
20, 0, 0.03608225855579893
16, 4, -0.2568993354536443
6, 8, 0.8518336985208728
0, 9, 0.09996466030810197
10, 7, -0.20210143199436
1, 9, -0.3684750447516447
19, 2, -0.3546146379191537
18, 3, 0.1195972237162265
20, 1, -0.3892065317890469
15, 5, 0.1248575371644421
7, 8, -0.1996965042913434
13, 6, -0.4322061148241158
2, 9, -0.1586883475215715
17, 4, -0.1276262883429719
21, 0, -0.2950629507384269
3, 9, 0.01137024955587429
11, 7, 0.5476157920533576
8, 8, 0.7324551112815477
4, 9, -0.1569015419681014
20, 2, 0.006007792870711646
14, 6, -0.1125963808016963
16, 5, -0.4010929138531797
19, 3, 0.4779765831385719
21, 1, 0.2235844608125061
12, 7, 0.1054244844373761
9, 8, 0.7712906597756871
5, 9, 0.2310669527191726
-5, 10, -0.1338473606188636
18, 4, -0.8030712998658069
-4, 10, -0.1261728217968175
-3, 10, -0.6895407774703362
22, 0, -0.5004888398522617
-2, 10, 0.09761406138861183
-1, 10, 0.2853795013942096
15, 6, 0.3073529523440078
6, 9, 0.4111968405491766
17, 5, 1.196268458026596
10, 8, 0.8897931320752318
0, 10, 0.354768857956504
21, 2, 0.3351092668182663
20, 3, -0.4953758812189964
13, 7, -0.502016934146664
22, 1, -0.8247892302867524
1, 10, 0.4342213846794893
19, 4, 0.06649097490773202
7, 9, -0.1975202792103643
2, 10, 0.05130096252542395
23, 0, -2.273352805991443
11, 8, 1.730583136307515
16, 6, -0.8531237433603579
18, 5, -1.123268758584879
14, 7, -1.006434283169688
3, 10, -0.1520791674294974
8, 9, -0.9850249047186277
22, 2, 0.1617734460982707
21, 3, 0.2730013289185587
4, 10, -1.447125842962984
23, 1, -1.145084061481668
20, 4, 0.08708372800679699
12, 8, 0.137564088180006
9, 9, -0.1193915350539777
17, 6, -0.364196453103581
5, 10, 0.04726024213115327
-5, 11, -0.1366645527870625
15, 7, 0.06782916677978708
24, 0, -0.9560246605313236
-4, 11, -0.6105918912407632
19, 5, -0.5234828141527357
-3, 11, -0.4942366710236477
-2, 11, 0.4571952095769367
13, 8, 0.10599302852535
23, 2, 0.03374818984324088
22, 3, 0.04278588555242573
10, 9, 0.3556152590984962
-1, 11, 0.4129422654725811
6, 10, -1.625280365357682
24, 1, -0.1831641471513355
21, 4, -0.08324834879384908
0, 11, 0.3010730246520243
18, 6, 0.6221202784544142
16, 7, -1.048095774586764
1, 11, 0.4385161618283592
7, 10, -0.2793847515014172
25, 0, 0.4428466302726037
20, 5, -0.4063910349509764
11, 9, 0.196618177063525
14, 8, -0.3081536055367748
2, 11, 0.4747839318876126
23, 3, 0.1835880031282156
24, 2, 0.9395026169942823
8, 10, -1.120894002327066
3, 11, 0.9730475177167992
22, 4, -0.07412760834466579
17, 7, -0.4224445842301481
25, 1, 0.3739874685277031
19, 6, 0.2777903839808197
12, 9, 0.3214974265836348
15, 8, -0.1685720608630566
4, 11, -0.1712223389712332
21, 5, 0.4454448645073795
9, 10, 0.1106341676856001
26, 0, 1.128722134686089
-6, 12, -0.5430355925459149
5, 11, -0.04718575491837409
-5, 12, 0.07587901493054489
-4, 12, 0.01839252116000268
13, 9, 0.2004688451031539
24, 3, 0.4417777581835433
-3, 12, 0.8854844327746564
25, 2, 0.6895587587058807
18, 7, 0.7159770653147839
20, 6, 0.5317013544628247
10, 10, -0.2841644159068908
-2, 12, 0.5561092182013099
23, 4, 0.2067129308203509
16, 8, -0.6362304934436005
26, 1, -0.7988314167600316
6, 11, -0.4491373945334491
-1, 12, 0.00362289778363813
22, 5, 0.5463900383860031
0, 12, -0.07926591995547826
14, 9, -0.2213710523330039
27, 0, 1.014849487452044
11, 10, -0.8184732402413715
7, 11, 0.1036917240284842
1, 12, -0.3537466235525157
19, 7, 1.172769067354223
25, 3, 0.9432732956007549
17, 8, 0.7379507372461324
21, 6, 0.5651103186957959
26, 2, 0.7248372605665157
2, 12, 0.2378989580193097
24, 4, 0.1330346971801281
8, 11, 0.7492348399082339
27, 1, 0.04001979766764783
12, 10, -0.8391970704162486
15, 9, -0.3545487060288393
3, 12, -0.3557097516643423
23, 5, 0.1453647302807941
28, 0, -0.1131001979866425
4, 12, -0.1021196682715287
20, 7, 0.1243627430060145
9, 11, 0.0402863131258347
18, 8, 0.6715921783307173
22, 6, 0.2649857694764414
26, 3, 0.05678548155924237
13, 10, -0.2715871386235699
27, 2, 0.6729764026166301
-6, 13, -0.2674851968378235
25, 4, 0.6847227830923546
16, 9, 0.6839352845085083
5, 12, -0.5540608447993004
-5, 13, -0.2089153090619414
-4, 13, 0.3404213066491861
10, 11, -0.2054767303992017
-3, 13, -0.5599268099554076
28, 1, 0.09430491729316517
24, 5, 0.09496555439777596
-2, 13, 1.073271322725286
6, 12, 2.399222586434869
21, 7, -0.871229304053148
19, 8, -1.167918815370498
-1, 13, -0.7295861731762732
14, 10, -1.420707979478643
29, 0, -0.6226016394023566
0, 13, -0.5058106338553154
23, 6, -0.3934551724717109
11, 11, 0.2186618490422381
17, 9, 0.3679063705508726
7, 12, -0.5478626855024468
27, 3, 0.08045674375212661
1, 13, -0.139719863191979
28, 2, 0.3250000527877741
26, 4, 0.3797843322274618
29, 1, -0.5467220641111746
25, 5, -0.2339574424978469
15, 10, -0.2336981904703382
2, 13, -0.7432650714133824
20, 8, -0.0149351028711487
8, 12, 0.06434723820442022
12, 11, 0.5530384336661198
22, 7, 0.7599939425849858
18, 9, 0.02290891941682197
3, 13, -0.07395969549713122
30, 0, 0.2111984634850625
24, 6, -0.6864611270226525
9, 12, 0.6246250467106951
28, 3, 0.3853871798152202
4, 13, 0.6189262098798635
16, 10, 0.1206827652809471
27, 4, 1.179953693846414
13, 11, -0.4158852410471962
29, 2, 0.5548481039158204
21, 8, -0.5851300780919466
26, 5, -0.1039754424351838
-7, 14, -0.1995423448084152
-6, 14, -0.602512455617405
30, 1, -0.08153339648856114
23, 7, -0.04824636853279083
5, 13, -0.1913028407349966
-5, 14, -0.3958816829207653
19, 9, -0.2160713412739145
10, 12, 0.0841084480483332
-4, 14, -0.1329637060376976
-3, 14, -0.6594175754964102
25, 6, 0.3594832747496093
14, 11, 0.4784179559956812
-2, 14, -0.1857740759467858
17, 10, -0.2070936531574439
6, 13, -0.09611759753850713
31, 0, 0.2220073446483365
-1, 14, 0.4423120237419945
29, 3, 0.9212357227610426
11, 12, 1.365996962739236
28, 4, -0.09613659948736689
30, 2, -0.02346264541494505
22, 8, 0.03505633732457823
0, 14, -0.1206688851147215
20, 9, -0.5317771829617769
7, 13, -0.1843314252409734
27, 5, 1.321327884407424
24, 7, -1.55096476604096
15, 11, -0.1395176495048047
1, 14, -0.07054418421844522
31, 1, 0.2174163698332973
18, 10, -0.5723572488884743
12, 12, -0.2290648002442017
26, 6, -0.5516060254601989
2, 14, 0.8246667516983804
8, 13, 0.1379000600762782
32, 0, 0.6317144723274701
3, 14, 0.5951419733294236
23, 8, -0.240789163557225
30, 3, 0.02058627245422666
21, 9, -0.2446869933355776
29, 4, -0.07154653045601593
16, 11, -0.259040766186707
31, 2, 1.248325318180085
9, 13, 1.084052894744446
25, 7, 0.2584397772273918
13, 12, 0.198736058566545
28, 5, -0.1922199636923039
19, 10, -0.7261232064147457
4, 14, 0.5550537590294538
32, 1, 0.9878701174558409
-7, 15, -0.09324241037246984
27, 6, -0.7519880628399983
-6, 15, -0.162667616411551
-5, 15, -0.1362670374248971
10, 13, 0.2344109419617595
5, 14, 0.4112648320419606
17, 11, -0.7346422402258352
-4, 15, 0.6045407803485587
14, 12, -0.5211055777139069
22, 9, -0.8301967907802082
24, 8, 0.1793128509357391
33, 0, -0.3720404412031691
-3, 15, 0.2719422799695889
31, 3, 0.7322587250869743
-2, 15, -0.4662059624133953
30, 4, -0.4538240620900101
20, 10, 0.1353939865545814
6, 14, -0.5632475985525704
26, 7, -1.336998003028874
32, 2, 0.9663100835785283
11, 13, 0.1609338291331283
29, 5, 0.7413855123459205
-1, 15, 0.3509562891655758
0, 15, 0.3085571410173539
15, 12, 0.7159035623765208
33, 1, 1.643522218814749
18, 11, -1.554119592542112
7, 14, 0.04463863441720223
28, 6, -0.1128863318608734
23, 9, 0.5518041305205479
1, 15, -0.7642751802153833
25, 8, 0.04363008966564026
12, 13, -0.1646169947420333
21, 10, 0.2133983494159583
34, 0, 0.1246097470142593
8, 14, 0.4626483496684082
2, 15, 0.2210233448735663
27, 7, 0.5926429926928365
32, 3, 0.434116267240946
31, 4, 0.2999205129072016
16, 12, -0.1645531398827872
33, 2, 0.005895667586879304
30, 5, -0.005810383667854972
19, 11, -0.1512117041440538
3, 15, -0.4080081054855078
13, 13, -0.6485566514260633
9, 14, -0.4610033849218048
34, 1, 0.05797376323165047
29, 6, 0.02177281620633155
24, 9, 0.424460468964557
4, 15, 0.2736796870232307
26, 8, -0.131827712948502
22, 10, 1.043135994191075
17, 12, 0.4806709305749868
-8, 16, -0.1825243988036636
-7, 16, 0.4633549246612267
10, 14, 0.3474801213998122
-6, 16, 0.100030642306823
14, 13, 0.8154759215246761
35, 0, 0.1580575747334006
28, 7, -0.1483738313586428
20, 11, -0.047305851573817
5, 15, -0.02347702111162501
-5, 16, 0.1642820249694981
32, 4, -0.0378384977346154
-4, 16, -0.214651759439663
33, 3, 0.1713429553702039
31, 5, 0.2981028716451399
-3, 16, -0.6306348020929959
34, 2, 1.58116596315916
6, 15, -1.157106907665642
-2, 16, -0.2875377130067714
25, 9, 0.2383888668686968
11, 14, 0.15157691441549
23, 10, -0.08341970138158712
30, 6, 0.5295551376843821
18, 12, 0.6295048022330189
35, 1, -0.4143172650358199
27, 8, -0.4490538076742366
15, 13, 0.276825610766432
-1, 16, 0.2750345275350983
21, 11, -0.1004189261636939
7, 15, -0.4676583630528811
0, 16, -0.5825743355564603
29, 7, -0.09762975898988285
12, 14, 0.05597443082045488
36, 0, -0.08446090512360274
1, 16, 0.7938896435305067
33, 4, -0.5017053170598196
34, 3, 1.313917767535256
32, 5, -0.4848258409686053
8, 15, -0.6983581988069058
19, 12, 0.06263955914905395
16, 13, 0.1806230191227542
35, 2, -0.2741523359625362
26, 9, -0.1737150279929916
24, 10, 0.4120856909705613
2, 16, -0.2224711188799398
31, 6, -0.1320918516589122
28, 8, -0.1802290561672464
22, 11, -0.04573261959441764
13, 14, 0.3614144808789683
36, 1, 0.4429482528259538
3, 16, 0.5951534200455276
9, 15, -1.348925121538981
30, 7, -0.01495708634067127
17, 13, -0.7215104690085592
20, 12, -0.8083865162777806
4, 16, -1.299806005497814
37, 0, 2.983238104146462
34, 4, 2.256524178068045
14, 14, -1.749594925003808
-8, 17, 2.258451127170997
35, 3, 0.4844370174598226
25, 10, -1.300791689420385
10, 15, -0.1686533854777772
-7, 17, 0.9416892647404976
27, 9, 1.161364340817814
33, 5, -1.756518574420831
-6, 17, -0.269436494469897
5, 16, -0.2587701095875598
-5, 17, -0.5876165876824396
23, 11, -0.4209211726442863
36, 2, 0.3341258170814463
29, 8, -0.7691170611226013
-4, 17, -0.04333212298824352
32, 6, 0.4410304389354987
18, 13, -0.3529035920229993
-3, 17, 0.3377406349757668
37, 1, -0.2678970527949456
11, 15, -0.3931536136155531
6, 16, -1.251304768556809
21, 12, -0.0651079133831946
15, 14, 0.2317390843735563
-2, 17, 0.1154289331692133
31, 7, 0.4836513264813908
-1, 17, -0.2627565480580758
26, 10, -0.3035777710776444
28, 9, -0.7965801003989537
7, 16, 0.1537413116387114
38, 0, 0.9838452610489526
35, 4, -0.3901298079578113
24, 11, -0.1172601782825904
0, 17, -0.05415582801871995
36, 3, 0.9541071079822252
12, 15, -1.244973468256348
34, 5, -0.4957167453492365
19, 13, 1.25022423246637
30, 8, 0.227522257252486
16, 14, -0.02377278895756408
37, 2, 0.2953901869809678
1, 17, 0.1088251336772625
33, 6, 0.4586887846881705
22, 12, 0.7560714495898516
8, 16, -0.1043862637916677
2, 17, 0.5479843742025132
38, 1, 1.02548745505069
13, 15, 0.07367352653952369
32, 7, -0.2642892196214814
27, 10, -0.9029947381203595
25, 11, -0.6307727681563845
20, 13, 0.03300781871466026
9, 16, -0.4949090110095961
3, 17, -0.01647119081463287
29, 9, 0.1660605927665507
17, 14, 0.07565842041012061
36, 4, 0.09953536657893024
39, 0, 0.8266312909119466
37, 3, 0.1655598127929911
35, 5, -0.1228979992017988
23, 12, 0.2623465800784609
31, 8, -1.003523548637949
4, 17, -1.245103725478828
14, 15, -0.2593708759070726
-9, 18, 0.008670655983705353
38, 2, 0.6439590578874241
34, 6, 0.4042963368345321
10, 16, 0.2478766790159295
-8, 18, 0.3510726631400383
-7, 18, 0.3681261784206291
-6, 18, -0.707140421402609
5, 17, -0.5748204509353424
-5, 18, -0.7045627069019561
18, 14, 0.6488992158980215
21, 13, 1.069246700552635
28, 10, -0.8751088886562659
-4, 18, 0.8415062826588925
39, 1, 0.2240450086314381
33, 7, 0.06868550263274041
26, 11, -0.6572912072822201
30, 9, 0.5263614294040628
15, 15, -0.2561251345781028
-3, 18, 0.6711697115038947
11, 16, 0.2310555338560177
6, 17, 0.7285115189070703
24, 12, 0.2531183612220019
-2, 18, -0.09802275447208972
37, 4, -0.8497171420272067
40, 0, 0.2197672390248707
32, 8, -0.7638411082341612
36, 5, -0.3102400129441452
38, 3, 1.042493401983772
-1, 18, -0.8586118389156223
19, 14, 1.168243382002331
7, 17, 1.324870132879256
35, 6, -0.1157814261169948
22, 13, -0.1912906722901248
12, 16, 0.07311310594731722
39, 2, 0.5578628550816869
0, 18, -0.06662187093185423
16, 15, -0.626162549012196
29, 10, 0.8815044937214871
27, 11, 0.05623841511655827
34, 7, -1.253405958226602
1, 18, -1.06104363343246
40, 1, 0.007828374920193499
31, 9, 0.1343146613943455
25, 12, -0.1399520020675253
8, 17, -0.1330808954068202
13, 16, -0.3466876003527439
20, 14, 0.4361439913012559
2, 18, 0.274951830197749
17, 15, -0.2028909414266488
33, 8, 0.09320699232974319
23, 13, 0.2867353832148706
38, 4, 0.1914742060453391
37, 5, -1.947181479372033
9, 17, 1.813210426224265
41, 0, -0.3218951671315597
39, 3, 0.6114092582740199
3, 18, 0.2446406391979389
36, 6, -0.2605407389492824
28, 11, 0.2852008466374286
40, 2, 0.4164943386122401
30, 10, -0.1593389127701068
14, 16, 0.4692557876288842
26, 12, 0.5469613790131461
4, 18, 0.1648045451330445
35, 7, -0.3279627709234575
21, 14, -0.222088790059592
10, 17, -0.094582244831838
-9, 19, -0.2138065978907252
32, 9, -0.3118308215059236
-8, 19, -0.5045647129505609
18, 15, -0.802770188611823
-7, 19, -0.2787063453504853
41, 1, -0.5454351941957232
-6, 19, 0.2580729683598881
24, 13, -0.1796347253605039
5, 18, -0.269745703632072
-5, 19, -0.2670243435924237
15, 16, -0.1459902268405009
-4, 19, 0.1223139970515476
34, 8, 0.02019141833179972
11, 17, 0.8336894075176662
39, 4, -0.1205533334203485
-3, 19, 0.6974181032372601
38, 5, 0.3133322359271611
42, 0, 0.3134998255032543
6, 18, 0.168388320407086
40, 3, 0.6091816196034094
29, 11, 0.6438041358208232
37, 6, -1.404544254643876
31, 10, 1.177574694271714
19, 15, 0.2116846602748927
-2, 19, -0.2297627143397377
22, 14, -0.7894355392775497
27, 12, 0.539488825957479
41, 2, 0.5756473550137836
-1, 19, 0.376293115606026
33, 9, 0.1463852872011222
16, 16, -1.032560929227402
36, 7, -0.3101339794170909
12, 17, 0.4052840133053291
25, 13, 0.1684881196680155
7, 18, 0.07197563244132545
0, 19, -0.2756573971753685
42, 1, -0.2721252324517532
35, 8, 0.2452943417194639
20, 15, -0.08215657009204708
1, 19, 0.07997768527056644
8, 18, 0.1846310511689239
23, 14, 0.3233295771126585
30, 11, -0.470528638874587
13, 17, -0.3747915513401748
40, 4, 0.01490145980398065
28, 12, -0.01005776632546552
39, 5, 0.2114597993354203
17, 16, -0.7522138449837907
32, 10, 0.4158750454245205
2, 19, -0.3631650369704697
43, 0, -0.4009376381346962
41, 3, 0.06395573886632881
38, 6, -0.6851962402014025
26, 13, 0.7225649416660884
9, 18, 0.03876747930885581
34, 9, -1.224878048303367
42, 2, -0.1089982764984656
3, 19, 1.326757142614528
37, 7, 0.212727519332195
14, 17, 0.3862409350599885
21, 15, -0.3547479171608265
24, 14, -0.1423483895453192
18, 16, -0.9043709563561021
43, 1, 0.1577353055855949
4, 19, 0.6689429419179835
10, 18, -0.3772382614602289
-10, 20, 0.07772008272559361
-9, 20, -0.5507591227768459
36, 8, 0.1544781492191287
-8, 20, -0.01028017853638477
31, 11, 1.003934845153036
29, 12, 0.05623866284560954
-7, 20, -0.0864019258997811
-6, 20, 0.5445626384042697
33, 10, 0.3721958681351698
41, 4, 0.3076313721445501
40, 5, -0.1320851047830781
27, 13, 0.275554042679478
15, 17, 0.6900333805578812
5, 19, 0.5295443109387385
-5, 20, -0.280567920815528
42, 3, 0.1364425493856058
39, 6, 0.2493324931846156
44, 0, 0.1907491857226628
-4, 20, -0.08656200060450683
22, 15, -0.6884431514431765
11, 18, -0.6418136044467022
35, 9, -0.2833491235063328
19, 16, -0.4013884637940598
-3, 20, 0.1552295011754513
43, 2, -0.3342599069848805
38, 7, -0.4542133441370115
25, 14, 0.4654869092397203
6, 19, 0.5701637143499932
-2, 20, -0.3786042589395742
16, 17, -0.2234497503545429
30, 12, -0.4433001475890108
12, 18, -0.3785780791574972
32, 11, -0.08050067494600399
-1, 20, 0.2948839274207712
44, 1, 0.1529691379946651
37, 8, 0.1320502072021183
7, 19, -0.4174069591487469
28, 13, -0.9783349247033247
34, 10, -0.9300646079925652
23, 15, 0.4645918339173463
20, 16, -0.1533996134112412
0, 20, -0.09118499800959468
41, 5, -0.003518110065681972
42, 4, -0.2413734704447643
40, 6, 0.3649267536863162
26, 14, 0.4899408716260937
1, 20, -0.3672919439386465
8, 19, 0.3860765541715405
43, 3, 0.01090906434156397
17, 17, 0.07066937313052257
13, 18, -0.6766826646124391
45, 0, 0.09042848766648064
36, 9, -0.04131954261146216
39, 7, -0.7288495933974228
44, 2, 0.8775861360938697
2, 20, -0.4707479244992727
31, 12, -0.3181831034503597
33, 11, 0.2362846377884734
21, 16, 0.3087308499649477
9, 19, -0.3325874352778735
24, 15, -0.1386975261928862
29, 13, 0.1616180413153844
38, 8, -0.2965144488017472
14, 18, 0.1474550273736792
3, 20, 0.9364699073181779
45, 1, 0.5456036368806505
35, 10, -0.2086497208704203
18, 17, 0.3484387997219007
27, 14, 0.9214635200482313
10, 19, -0.05190833196759914
-10, 21, -0.210943272347099
4, 20, 0.3401890621522931
-9, 21, -0.480593964624115
42, 5, 0.5612256955252669
43, 4, -0.4334632353973358
-8, 21, -0.9049535187883637
41, 6, -0.815854094457204
37, 9, 0.7735125464979948
-7, 21, -0.1338217258375052
44, 3, 0.2064082634171487
15, 18, -0.1271714351507702
-6, 21, -0.08645687980646603
46, 0, 3.178023135028039
22, 16, -2.194858559147446
40, 7, -0.4517522788644826
25, 15, -0.09789460865624545
5, 20, -0.1221725520938627
-5, 21, -0.4065294914412991
32, 12, -0.09385335455547358
19, 17, -0.0277598283668154
45, 2, -0.02339215776961195
34, 11, 0.03419090758414856
30, 13, -0.1979408727748618
11, 19, -0.1579048879546208
-4, 21, 0.4442778445833613
-3, 21, 0.06307804582672388
39, 8, -0.01715954592057898
36, 10, 0.4760119211919538
28, 14, 0.2252898884795385
6, 20, -0.308864575253515
16, 18, 0.6064790880098725
46, 1, 0.9217285398594636
-2, 21, 0.07972401293431075
23, 16, -0.9209137065595482
12, 19, -1.019654861444185
20, 17, -0.04588733949245979
-1, 21, -0.02623842016119406
43, 5, 0.5259162901112676
7, 20, -0.1573081880518777
38, 9, 0.09833513492491153
26, 15, 0.03173637427242335
44, 4, -0.01811765280930259
42, 6, -0.3560755319693439
45, 3, -0.1109485238145679
33, 12, 0.06801670506128261
0, 21, -0.1389258424162671
47, 0, -0.2702165692657014
31, 13, -0.675661017982054
41, 7, -0.1992274174976695
35, 11, 0.4501832905022645
17, 18, 0.3838980003622494
13, 19, 0.435898503200879
8, 20, 0.1106373128711302
29, 14, -0.4626557869818794
1, 21, 0.7210269747783823
46, 2, 1.313204001430447
37, 10, 0.3762256440099753
40, 8, 0.3930550427717946
24, 16, 0.3070237871215915
21, 17, -0.6620209736920152
2, 21, -0.7004878211028457
27, 15, -0.3729652809834855
47, 1, -0.06400342220602115
9, 20, -0.2909085220471101
14, 19, 0.5507687045472566
18, 18, -0.04511242694743507
39, 9, -0.6622773708358606
3, 21, 0.7339536386271016
44, 5, -0.75252032821258
34, 12, 0.6491944393719062
45, 4, -0.102066108219986
32, 13, -0.05081636707904916
43, 6, -1.112903934964708
36, 11, -0.2244596511572066
46, 3, -0.009039207536508191
-11, 22, -0.2153148101764482
10, 20, -0.07868696643670099
-10, 22, 0.3866048781094574
30, 14, 0.01834028382125576
42, 7, 0.006500193907448949
-9, 22, -0.5034685673817855
22, 17, 0.2429472631796734
48, 0, 0.8761305825512578
25, 16, -0.2332203751820878
4, 21, -0.3790257049004298
-8, 22, 0.6707913943209778
-7, 22, 0.3679152919509655
15, 19, 0.2305294901248214
47, 2, -0.7796137155429336
19, 18, 0.5707411862870584
38, 10, 0.5056449324256815
-6, 22, 0.5360985002421491
41, 8, -0.01524892322657134
28, 15, -0.06694649773661704
-5, 22, 0.05008606726238434
5, 21, 0.09546497840080177
11, 20, -0.3171099234600365
-4, 22, -0.5750023972119163
48, 1, 0.3879368292027374
-3, 22, 0.5501473216322352
33, 13, 0.9250311646144656
40, 9, 0.5488088551765559
35, 12, -0.03980156076046883
23, 17, 0.2529165854788535
16, 19, 0.02564797493207628
6, 21, 0.5344996380483444
26, 16, -0.01070281558172845
45, 5, 0.1208227269731747
31, 14, 0.4032970450094344
46, 4, -0.05902312198862342
44, 6, -0.1347141748359463
20, 18, -0.4348353969987199
-2, 22, -0.4579127937683085
37, 11, 0.6992717293700723
12, 20, 0.3763630745919416
47, 3, -0.296731661757217
43, 7, -0.2189655892927512
-1, 22, 0.4653516953399653
49, 0, -0.8171192450593915
29, 15, 0.03004331550763982
7, 21, -0.2967799166211346
39, 10, -0.2694988346767448
17, 19, 1.036969309119825
48, 2, 0.1328162522502742
42, 8, -0.01652355241764389
0, 22, -0.2696322979364913
24, 17, -0.062314599600147
13, 20, -0.3757716512636905
8, 21, 0.5397073492297053
21, 18, -0.5934206212781011
27, 16, 0.283811671868667
34, 13, -0.2598626423394679
1, 22, 0.09822077101153574
36, 12, -0.026432939660194
32, 14, 1.092627586720068
49, 1, 0.2799949066210021
41, 9, 0.08949906128848047
38, 11, 0.3405495380472197
2, 22, -0.6046545612452499
46, 5, 0.8839177171033216
18, 19, 0.9920993334629272
45, 6, -0.5997548030685482
30, 15, 0.1915811982908524
9, 21, -0.6125207303712107
14, 20, 0.436518965534598
47, 4, 0.2083018969002005
44, 7, 0.001382593726548606
48, 3, 0.9414649580203907
3, 22, 0.5496419646420933
25, 17, 0.5176371279223169
50, 0, -0.3497322993798664
40, 10, 0.5058745425251714
22, 18, -0.03185158077144697
28, 16, 0.02366484997598422
43, 8, 0.2964089049551423
-11, 23, 0.1353340367317429
10, 21, 0.04753165737024465
-10, 23, 0.2841787477971095
49, 2, -0.6585485629737688
-9, 23, 0.4677702955361253
4, 22, -0.7009847874590074
35, 13, 0.428621912850331
15, 20, -0.193854542304924
-8, 23, 0.489074229549986
19, 19, -0.6072121080445937
33, 14, -1.071021771038297
37, 12, 0.7265916055379347
-7, 23, 0.812996217763965
-6, 23, 0.5395664884317167
42, 9, -0.1612027596269416
31, 15, 1.01251335873913
50, 1, 0.2827116754691777
39, 11, 0.1489047682645496
5, 22, -0.3339047041517742
-5, 23, -0.5851497479797022
11, 21, -0.556021010122256
23, 18, -0.09562753205554553
26, 17, -0.7550977214607103
47, 5, -1.11107973866997
-4, 23, -0.05887326309886391
46, 6, -0.2949997290408269
48, 4, -0.1183334061430212
16, 20, 0.208239480535378
45, 7, 0.0125826077992667
29, 16, -0.1497902097009694
20, 19, 0.1314011391448585
-3, 23, 0.2196957135461443
6, 22, -1.120953037502397
41, 10, 0.8841230843051664
49, 3, 0.4467221404449379
51, 0, -0.1125706621404968
12, 21, 0.4731370012120545
-2, 23, 0.117705200887945
44, 8, -0.2730650984258027
36, 13, -0.01790395942859776
34, 14, 0.4096841811970876
50, 2, -0.3650402828950055
38, 12, -0.1825288888220992
7, 22, 0.384800454038416
-1, 23, -0.07205903163359442
24, 18, -0.3085687031751133
32, 15, -0.05132552235088881
17, 20, -0.1896886078030753
27, 17, -0.3529112873291596
43, 9, -0.6867265123731069
40, 11, 1.080004172118332
21, 19, 1.028272539236484
0, 23, -1.611647164155871
13, 21, 1.317226818290679
51, 1, 0.5641917365318504
30, 16, 0.2644880031720013
8, 22, 0.1361141829089471
48, 5, -0.4836523001139826
1, 23, 0.6181017915790177
47, 6, -0.813486356664592
49, 4, -0.9463591006502065
46, 7, 1.048327413026039
42, 10, -0.2703679693340414
18, 20, -0.05539729811008771
50, 3, 0.2145678783428129
37, 13, 0.2121734568820946
35, 14, -0.1985717464076252
25, 18, -0.1589021382896172
14, 21, -0.09496320792358363
2, 23, -0.2323953071504444
9, 22, 0.4033263639880652
52, 0, 0.01695543719736939
45, 8, -0.4701635485567507
28, 17, -0.2650051135537401
22, 19, 0.9630829192868088
39, 12, 0.003476500950750062
33, 15, 0.9950225563384499
51, 2, 0.02752699107440768
3, 23, -1.068961317134636
-12, 24, -0.1968233704528659
44, 9, 0.2112130875175209
41, 11, -0.08610447625138899
31, 16, -1.097109719888333
-11, 24, 1.247473185405076
10, 22, 0.1261247874116256
-10, 24, 0.05896810135335494
19, 20, -0.8322266217068075
15, 21, 0.3003224374383761
-9, 24, 0.253898518435353
-8, 24, -0.1973425158070173
4, 23, -0.6914607042336618
52, 1, 0.02310835773079935
-7, 24, -0.5162395435169274
26, 18, -0.3288134600062822
49, 5, -0.5789808888133062
23, 19, 0.4503349551532859
48, 6, -0.4213804336548554
-6, 24, -0.9677501962681716
43, 10, 0.03584991442813291
29, 17, 0.2153238698026861
50, 4, -0.7422005109244165
36, 14, -0.8282044658574981
47, 7, -1.053367458928977
38, 13, 0.9914879772790844
11, 22, -0.0165297858894471
5, 23, -0.5936481868409205
-5, 24, -0.5157842658573467
34, 15, -0.3374746759757942
16, 21, 0.1391357227202697
51, 3, 1.128429397171489
40, 12, -0.1015979892143459
20, 20, 0.150344408226498
-4, 24, -0.0876166138808043
46, 8, -0.1414326888599623
53, 0, -1.424853522303642
32, 16, 0.6927334236173394
-3, 24, -0.2963535078500864
6, 23, 0.3238734641489854
52, 2, 0.8779855461061973
12, 22, 0.4365847722858251
42, 11, -0.6331773184268764
45, 9, 0.106351651946944
27, 18, 0.04285832744128058
-2, 24, -0.000366343412417462
24, 19, -0.4010425078464209
17, 21, -0.03396879501014046
30, 17, -0.207104229009127
7, 23, -0.3416489984870355
-1, 24, 0.1265317252540517
21, 20, -0.5196099429030274
53, 1, 0.01054637941506395
37, 14, -0.03163146506479987
39, 13, -0.7164297406640623
50, 5, -0.3839734348242405
49, 6, 0.1454613334570329
35, 15, 0.02667809772382722
13, 22, -0.2476988559690724
44, 10, -0.4705179613830953
0, 24, -0.4158255935897652
51, 4, -0.3341615165737821
48, 7, -0.2886406157792706
41, 12, 0.0429849057628954
8, 23, 0.8047132992382883
33, 16, -0.9701077911926683
52, 3, -0.2287151234340487
47, 8, -0.2636380509817461
25, 19, -0.1909007422506898
1, 24, -0.2017814951835615
18, 21, 0.2817394505886198
28, 18, 0.4050632825654712
54, 0, -0.7869195684725498
22, 20, 0.6077568616678837
14, 22, -0.2358800128085918
43, 11, -0.7877959135219729
2, 24, 0.2477553695146595
31, 17, 0.0427884851389256
9, 23, -0.5227865922691622
53, 2, 0.226057673878263
46, 9, 0.1949198128157984
38, 14, -1.152394151470776
36, 15, 0.2913923602851253
3, 24, -0.2493263445382301
40, 13, -0.04278670135246678
19, 21, 0.08222852089059721
-12, 25, 0.1117867546985318
-11, 25, 0.9191380656378917
54, 1, -0.3708766739449375
45, 10, 0.1634410499201577
26, 19, -0.5451778859769081
15, 22, -0.09593490652235337
10, 23, -0.137192695526148
-10, 25, 0.04709641504614823
50, 6, -0.9101834789098618
34, 16, -0.8490583206076532
51, 5, -0.2282206477188687
-9, 25, -0.6716489078791684
29, 18, -0.0302388107804426
42, 12, -0.5906399146483196
49, 7, -0.008683689748541355
23, 20, 0.261888660477228
-8, 25, -0.204299238710802
52, 4, -0.157829089935547
4, 24, 0.04309571758102723
-7, 25, -1.010504947791785
48, 8, 0.05559816732613832
-6, 25, -0.05359412768347976
53, 3, 2.116697956616797
32, 17, -2.019910012618813
11, 23, -0.1019776459668222
55, 0, 0.06923780787457232
44, 11, -0.2511538605132
20, 21, 0.0968312306425137
5, 24, 0.07702713750548072
-5, 25, -0.04314922428467403
16, 22, -0.7887082155018302
47, 9, -0.5680730549133226
-4, 25, 0.5584574333747347
54, 2, -0.0296769709768486
39, 14, 0.7752723630593805
27, 19, 0.4453805055791947
37, 15, -0.4641738779003142
24, 20, 0.3520869730034857
41, 13, -0.4680269155423767
-3, 25, 0.3584107526347254
30, 18, 0.2497861085148646
6, 24, 0.1955985919961192
35, 16, -0.5065899663674797
12, 23, -0.5642659932012717
46, 10, -0.1079772871927436
-2, 25, 0.6013554408801098
17, 22, 0.8751971022000863
55, 1, 0.2647735658105986
43, 12, 0.4847767370992465
51, 6, 0.1240094488994904
21, 21, 0.4513761247581885
52, 5, -0.9390145819765935
50, 7, -0.1439255473016219
33, 17, -0.2794948580711443
7, 24, -0.05211030349022633
53, 4, 0.1318021036936887
-1, 25, 0.8701138386954359
49, 8, 0.07109109408602894
13, 23, -0.312416420971075
28, 19, -0.04160696039971606
54, 3, 0.3492516548920045
45, 11, 1.064573679415195
25, 20, 0.07665179113211815
0, 25, 0.5347993133567197
56, 0, 0.2684474343520769
8, 24, -0.00885929017668137
38, 15, 0.9735098433873129
31, 18, -0.9213470409648585
40, 14, -0.1042253163976754
18, 22, -0.0734128295310456
48, 9, 0.06940410352758657
22, 21, -0.1213639803365861
1, 25, 0.3047355328806078
36, 16, -0.1143168651314064
55, 2, 0.2570226943369216
42, 13, 0.2429459397177967
14, 23, -0.6744291269454671
9, 24, -1.124680615478784
47, 10, 0.1322059770119177
34, 17, -0.03640332511272633
2, 25, 0.4955480637680569
44, 12, -0.06655985078989939
52, 6, -0.3150068359924252
26, 20, 0.0331469289488775
56, 1, -0.4459884662538797
29, 19, 0.7901599017051592
53, 5, 0.09052483884537585
19, 22, -0.2347983101133354
51, 7, -0.1243930910770801
3, 25, -0.4610025561891627
-13, 26, 0.4703167988318744
54, 4, -0.6311622173318213
-12, 26, 0.2906560412584375
15, 23, 0.3716641524418996
-11, 26, 0.004235581715817372
23, 21, 1.311011729275603
50, 8, -0.7427268310646385
32, 18, -0.4805117609972332
10, 24, 0.6351127616877069
-10, 26, 0.3977794295750395
46, 11, 0.1816821283881734
-9, 26, -1.065978720384402
39, 15, -0.3879780737505636
55, 3, 0.4716300052102416
41, 14, 0.506507239156466
-8, 26, -0.831589635536037
37, 16, -0.08591476018398177
4, 25, 0.8635074235104322
49, 9, 0.653940866374971
-7, 26, 0.2081313620889886
57, 0, 0.6987937379825362
43, 13, 1.468491120993686
20, 22, -0.06823052964224947
-6, 26, 0.05010871480940027
35, 17, -0.3531154044309676
11, 24, -0.1768559566623743
56, 2, -0.127141132480115
27, 20, 0.9543379033833677
16, 23, -0.5561978287577737
30, 19, -0.3328855224038236
5, 25, 0.08188499224008278
-5, 26, -0.2176644580932952
48, 10, 0.1220267742479654
45, 12, 0.1906094513097849
24, 21, 0.07683284936045894
-4, 26, -0.6454713709003574
33, 18, 0.6526942139184285
53, 6, 0.2239649585654699
57, 1, 1.107168636759411
54, 5, -0.1604594868284948
6, 25, 0.09179987565336278
-3, 26, 0.3639294330676279
12, 24, 0.0350435873041119
52, 7, -0.01737132626402774
21, 22, 0.7248918876945872
55, 4, 0.1926767526677384
40, 15, -0.2265700644352772
17, 23, 0.1817386592076708
51, 8, 0.3294481811399818
47, 11, -0.06695749148923426
42, 14, -0.2150732405320512
38, 16, 0.3777993251872249
-2, 26, -0.4212350338204111
28, 20, -0.1360879637105566
56, 3, 0.1024850032840577
7, 25, -0.598065539874041
44, 13, -0.8391227909450071
36, 17, 0.01636172280269739
50, 9, 0.2924129114685596
31, 19, 0.1192072168433684
25, 21, 0.1855121982388404
-1, 26, 0.3698902727765394
13, 24, 0.8831629806240501
58, 0, 0.1102565441189341
0, 26, 0.5284671589547664
57, 2, 0.3812908852127517
18, 23, -0.6661072058520252
46, 12, 0.5497505522731966
22, 22, -0.3295438259855217
34, 18, -0.3088672152352887
8, 25, -0.02577432991135275
49, 10, 0.6525391025390717
1, 26, 0.8270189481324653
14, 24, 0.2295100553295935
54, 6, -0.2481980929866848
41, 15, 0.9932879150582159
29, 20, 1.119517285185181
55, 5, -0.06789726765392605
53, 7, 0.03609254696561603
39, 16, 0.2118956784153222
58, 1, 0.3529089620153529
26, 21, -0.04760218463449429
43, 14, -0.3771109764897451
9, 25, 0.3327755584382539
2, 26, 0.3055231028777725
48, 11, 0.9292070441867746
32, 19, -0.3818404484920354
56, 4, 0.03835300947977212
52, 8, -0.1527013092630246
37, 17, -0.3572964722557278
19, 23, -0.04309121155516681
45, 13, 0.0709137182813694
23, 22, 0.1068834935998705
-13, 27, -0.08557694412676511
57, 3, 0.3957914881583215
51, 9, 0.3715781563319522
15, 24, 0.1550795531119199
-12, 27, 0.3012861396108064
3, 26, -0.4348641627693782
-11, 27, -0.8207894192289328
35, 18, -0.8653801447726511
10, 25, 0.5182872570247787
-10, 27, -1.104072888831851
59, 0, 0.1393126370380411
-9, 27, 0.1569575656862839
47, 12, 0.581691200120134
-8, 27, 1.013553138851879
58, 2, 0.661089918803677
50, 10, 0.4870517306093634
30, 20, 0.3433329536074667
4, 26, 0.7840910992772163
27, 21, 0.5832558181411709
20, 23, -0.002958860453431828
-7, 27, 0.03106358025579053
42, 15, -0.824814665613238
-6, 27, 0.7135404596558095
40, 16, -0.4121831477890213
16, 24, -0.2160516293267715
33, 19, -0.3019065787388708
11, 25, 0.8323703317881715
24, 22, -0.5267935522658127
44, 14, -0.9000728655693628
55, 6, -0.02915353605886903
38, 17, -0.09007381937497315
5, 26, -0.6079144499885599
-5, 27, -0.2716497980204475
54, 7, -0.1378921966209422
56, 5, -1.305348782583011
59, 1, 0.174392757120748
49, 11, -0.06667432794279311
53, 8, 0.03277267841714669
-4, 27, 0.2529123708369366
57, 4, -0.4552425125860483
46, 13, 0.863815716322873
36, 18, 0.1084264150524829
21, 23, 0.2788119958111135
12, 25, 0.2485039478508548
6, 26, 0.1988899965210248
-3, 27, -0.1890235386085602
52, 9, 1.014749854699585
28, 21, -0.09105198234105435
17, 24, -1.167093816483148
31, 20, -0.1041998818274633
58, 3, 0.1708439621926034
25, 22, 0.1912755804044698
-2, 27, 0.06205514629679088
60, 0, 0.04519786858181141
48, 12, 0.4128375948934131
34, 19, -1.474462266508082
51, 10, 1.908127701095433
7, 26, -1.717222329246288
41, 16, 1.047736197257973
59, 2, 0.09249630885950835
43, 15, -0.0469434643565791
13, 25, -0.2831116566801967
-1, 27, 0.4452494903759291
39, 17, -0.2322180525949827
45, 14, -0.08861384911212622
22, 23, -0.07571628840147597
18, 24, -0.8892341186459379
0, 27, 0.4896122548369018
56, 6, -0.4152919125544065
8, 26, -0.3740501959295943
55, 7, -0.05801056632314292
50, 11, -0.3733499730131175
37, 18, -0.0005476106467407545
29, 21, -0.456913290484724
57, 5, -0.6038586435565798
32, 20, 0.1736749615067394
60, 1, -0.1053517081932775
47, 13, -0.1469862711098273
54, 8, -1.13276675872222
26, 22, 0.3501622086628819
14, 25, 1.072909543536334
1, 27, -0.1424397194233298
58, 4, -0.4509289640406091
53, 9, -0.1025402704823119
35, 19, 0.6629396917366389
9, 26, 0.6106918117385118
19, 24, -0.5542234516304348
59, 3, 1.896676982634803
23, 23, -2.369696013905568
2, 27, 1.397617930124667
49, 12, 0.6899462405343669
42, 16, 0.6296971271251982
61, 0, -0.01215479685653021
44, 15, -0.7285225170356489
52, 10, 0.06091884029551633
-14, 28, 0.05696991080382042
40, 17, -1.025826808862429
15, 25, 0.2437180652786007
-13, 28, -0.998805829662286
-12, 28, -0.02477203081385414
-11, 28, -0.3751840888135786
30, 21, 0.2658376530913474
3, 27, 0.4003310563013942
60, 2, 0.29774289074434
46, 14, -0.01543619681773251
10, 26, 0.3161823317497616
-10, 28, 0.4291797912602785
27, 22, 0.280875556644744
38, 18, 0.3158224210418333
33, 20, 1.731971586801671
-9, 28, -1.803753929921133
20, 24, -0.1341838177850311
-8, 28, 0.1599464868085053
51, 11, 0.1382498478844873
4, 27, -0.3428093972300179
57, 6, 0.3221934405413168
56, 7, 0.7863827293518827
48, 13, -0.04777642886247551
24, 23, 0.582227214104213
-7, 28, 0.2872108995626056
58, 5, -0.5485163492879539
16, 25, 0.24619970578479
55, 8, 0.537985749446235
36, 19, 0.3447914040883802
61, 1, -0.8483752853186289
11, 26, -0.2000961491985501
-6, 28, 1.04066206030828
59, 4, 0.4446753626069335
5, 27, 0.07843884655544282
-5, 28, 0.05619465109624047
54, 9, 0.06472913561459709
43, 16, 0.09040182542971589
31, 21, 0.4982313874695066
50, 12, -0.4703473447886922
28, 22, -0.486516323214513
41, 17, -0.6331119892856092
-4, 28, -0.1656846000522551
60, 3, 0.4529842698270891
45, 15, -0.2345196592417534
21, 24, 0.3277168037210403
34, 20, 0.02842535312180006
12, 26, 0.09258893747886025
53, 10, 0.01756436442606808
17, 25, -0.19479558222068
39, 18, 0.3018889807448246
6, 27, 0.2259302915533547
62, 0, -0.196805039477087
25, 23, -0.1719729746313593
-3, 28, -0.0953085226025929
47, 14, 0.02894061956942479
61, 2, -0.5811260508198043
-2, 28, -0.3457872450485935
37, 19, -1.10798382246812
52, 11, 0.2461143979765051
49, 13, -1.035130267964967
7, 27, -0.9270187815875717
13, 26, -0.09202194060559241
58, 6, -1.077730978272823
22, 24, -1.378976374063497
57, 7, -0.8597092987545183
-1, 28, 0.9387555996784679
29, 22, -0.9475016380774173
18, 25, -0.8321127132737598
59, 5, -0.2328190873333835
32, 21, -0.05811838772543947
56, 8, -0.1395260967496389
62, 1, -0.1193113210066848
26, 23, 0.371114186769029
60, 4, -0.146485841828857
44, 16, 0.1704374872197915
0, 28, 0.08057780097478325
42, 17, 0.7375296453918294
55, 9, -0.297913374515942
35, 20, 0.3744928251972321
8, 27, -0.02287524732758229
46, 15, 0.02518327745913202
51, 12, 0.2313850061068521
40, 18, 0.6012903733092159
14, 26, 0.2156141545683007
61, 3, -0.3475731095705354
1, 28, -0.1319397277886872
54, 10, -1.417569714666966
48, 14, 1.687558063172934
23, 24, -0.0400960710637886
19, 25, 0.6398781952136522
63, 0, -0.0239505130504779
9, 27, -0.07733861256150801
38, 19, 0.4036075253288257
30, 22, 0.4039495081021158
2, 28, 0.07247521095352716
33, 21, -0.6842987172767256
62, 2, -0.3360874713050807
50, 13, 0.1389084329739855
27, 23, -0.09735444870279233
15, 26, 0.2177631686625074
-14, 29, 0.2212847453193771
53, 11, -0.00872332657992541
-13, 29, -0.7767850884699564
-12, 29, 1.161994474526056
-11, 29, -0.3712641409082639
3, 28, -0.188081649108789
59, 6, -0.1889664451457813
58, 7, 0.1412551742461051
10, 27, 0.2709422069713813
-10, 29, 0.3095021154630088
36, 20, 0.1776640330439139
60, 5, -0.1938037254988026
57, 8, 0.7533866447352273
45, 16, -0.8092808195472042
43, 17, 0.4184907227489654
20, 25, 0.3847436648217624
-9, 29, -0.6367441508702649
24, 24, -1.015880477506106
63, 1, 0.9148204629343432
-8, 29, 0.1012955356589874
47, 15, -0.4257878467524122
41, 18, -0.5494745846579241
61, 4, 0.4213848382513452
56, 9, 0.3582971279868048
52, 12, -0.034638126411694
4, 28, -0.2024263676132436
-7, 29, -0.3729453771702803
16, 26, -0.2690700680219257
31, 22, 0.03691463897226687
11, 27, 0.07605726980661673
49, 14, -0.1466727933720442
39, 19, 0.049995615618077
-6, 29, -0.05030195378110242
28, 23, -0.7416236836454112
62, 3, -0.1514762920748717
55, 10, -0.03621964565294159
34, 21, 0.2056499744853731
5, 28, 0.0458221644961548
-5, 29, 0.03812765335820024
21, 25, 0.1762192170669789
64, 0, 0.7901842675976639
25, 24, -0.1195598095665087
-4, 29, 0.002413877872383538
51, 13, -0.4338736779230473
37, 20, 1.164680026520423
17, 26, -0.3833769502238056
12, 27, 0.06839538454818679
63, 2, 0.2158199896532697
54, 11, 0.3988310668093865
6, 28, -0.7403660993614353
-3, 29, 0.4871614094228021
44, 17, -0.05256916114605601
46, 16, -0.08328530005308619
59, 7, -0.2091251813379209
60, 6, -0.1085480897401218
42, 18, 0.1869903847493554
58, 8, 0.05396325331124959
32, 22, 0.3715815820222695
48, 15, 0.3186846601419068
61, 5, -0.4096432349545551
-2, 29, 0.5290027234160065
29, 23, -0.4172812797838886
22, 25, -0.4514497240753633
64, 1, 0.489282925980727
53, 12, 0.2325380127905958
40, 19, -0.1681546737110703
35, 21, -0.0249923413839145
13, 27, -0.1141215935386908
7, 28, 0.1364469023129101
57, 9, -0.5699547645452911
62, 4, -1.507253090539076
18, 26, -1.281381608785675
-1, 29, -1.42092956410869
50, 14, -0.2791066990193373
26, 24, -0.1045970958390546
56, 10, 0.3783517888387432
63, 3, 0.07342845785486816
38, 20, 0.931701064278708
0, 29, -0.1090518918026459
8, 28, -0.3676080288576121
14, 27, -0.4411069899341426
65, 0, -0.2232505586811219
52, 13, 0.5732767710199969
23, 25, 0.6322648645639756
55, 11, 0.1236958939071248
45, 17, 0.2050424159996324
33, 22, 0.3615033382978075
30, 23, -0.444223218728613
19, 26, -0.1793754335627445
1, 29, -0.2659148499021766
47, 16, 0.4472192452640359
43, 18, -0.759945744860964
64, 2, -1.243533280903279
9, 28, -0.1435543898042565
36, 21, -0.2170205689341348
27, 24, -0.7537378816228543
49, 15, -0.806768726243967
60, 7, -0.1893613737112589
41, 19, -0.2275298036980869
61, 6, 0.4179464641941251
2, 29, 0.01138887413366701
59, 8, 0.09644237210292761
15, 27, -0.4732469468742402
-15, 30, -0.09533753480754964
-14, 30, 0.009770157301075878
62, 5, 0.2635389740464077
-13, 30, 0.6208464420872019
54, 12, 1.125134480536565
-12, 30, 0.2611072725884208
58, 9, -1.176787045450819
-11, 30, -0.5031144677618797
65, 1, -0.3040689768263445
51, 14, -0.3515361705991202
-10, 30, 0.2460880330782411
20, 26, 0.01363778880487408
10, 28, -0.2117648730378219
63, 4, -0.08706094017397255
39, 20, 0.2564661416083006
24, 25, 1.019867994851514
3, 29, -1.150733927619277
-9, 30, 0.9678300548462874