d = 19, symClass = D, D = 16.000000, Y = 0.1303711594473577
[19.0221056802892, 19.02213781908415], 19.02211926502522
1, 0, 1
2, 0, -0.8293197008825662
0, 1, 0.7294368924890187
1, 1, -0.06966654378450775
3, 0, -0.03707460529132446
2, 1, -0.3185285293690981
4, 0, -0.224381942256947
3, 1, 0.6658122676228342
-1, 2, -0.2029510821033416
0, 2, -0.3885473916595747
1, 2, 0.5916245856771125
5, 0, 0.6715914522653121
4, 1, 0.05427263369361085
2, 2, 0.03828391680938632
5, 1, 0.2578634964483165
3, 2, 0.007589320239436198
6, 0, 0.2123909339353631
-1, 3, 1.379305720963593
4, 2, 0.1588047422259711
0, 3, 0.611667422905664
6, 1, 0.1740502944182556
7, 0, 0.1108849519477714
1, 3, -0.7954022888922907
5, 2, -0.5479775321861377
2, 3, -0.5426950376925987
7, 1, 0.6252081831892297
3, 3, 0.1847766299881323
8, 0, 0.7077131003018188
6, 2, -0.3989656635386415
4, 3, 1.249893466140366
-2, 4, 0.3651515804885532
8, 1, -0.1008784575443487
-1, 4, -0.1904545344940623
0, 4, -0.6143505714812684
9, 0, 0.03261482232872616
7, 2, 0.8792285763678775
5, 3, 0.4355890791799966
1, 4, 0.7401758908631928
2, 4, -0.1909648969964175
9, 1, 0.0313966760539628
6, 3, -0.6540484426097879
10, 0, -0.4504578381354683
8, 2, -0.09341313282252005
3, 4, -0.2007038114269991
4, 4, 0.2401591229499076
10, 1, 0.567136357095806
7, 3, 0.3768137385734874
9, 2, 0.01868955519352545
-2, 5, -0.1414586603402279
11, 0, 0.549846142341507
-1, 5, -0.3126379795230126
5, 4, -0.5311136545598538
0, 5, 0.1723120750231817
1, 5, -0.1636565513364054
8, 3, 0.09353101376715982
11, 1, -1.301721195695768
2, 5, -0.09529415118829955
10, 2, -0.2293650492504245
6, 4, 0.3322622583658727
12, 0, -0.6884109597097777
3, 5, 0.4468290416080112
9, 3, 0.07066899392646207
7, 4, -0.8736138301543521
12, 1, -0.092757257888267
4, 5, -0.01684999423522493
11, 2, 0.2493619368616233
13, 0, 1.165616277293044
-3, 6, 0.175598750869401
-2, 6, -0.6456543435386248
10, 3, 0.2386280972416535
5, 5, 0.1706182304732385
-1, 6, 0.1261907805934401
8, 4, 0.8708551372477051
0, 6, -0.6000807655247011
13, 1, -0.4023134407478822
1, 6, -0.4872853789537014
12, 2, -0.4213181498904632
6, 5, -1.088043435131264
14, 0, -0.04081853932986112
2, 6, 0.4268969263308287
9, 4, -0.5636896760116272
11, 3, 0.556377481333444
3, 6, 0.09509498642853421
7, 5, 0.205811511650329
14, 1, 1.374558043405955
13, 2, 2.270640259548033
10, 4, 0.8514380047495562
4, 6, 0.8602835580544397
15, 0, 0.8299291177247654
12, 3, 0.1909288777983582
8, 5, -0.3359741868018779
-3, 7, 0.2427960395730179
5, 6, 0.4918179403362467
-2, 7, 0.4515646807968013
-1, 7, -0.2848907342646889
14, 2, -0.6233532365810258
15, 1, -0.8900260909329119
11, 4, -0.7044262451793984
0, 7, -0.0857159118272134
9, 5, 0.5724667547612564
6, 6, -0.01048662316565599
13, 3, -0.07268891504883855
1, 7, -0.2184485891920918
16, 0, -0.004524266649138853
2, 7, 1.187869189569799
7, 6, -0.03530838914900197
12, 4, -0.5610684636789112
15, 2, -0.1136369636648038
10, 5, -0.6980595091680167
3, 7, -0.07740572349351713
16, 1, 0.4597713864321863
14, 3, -0.5780459142198606
17, 0, 0.2634830658442406
4, 7, -0.3037321049191171
8, 6, -0.6126861327913016
13, 4, -0.2608621105877154
11, 5, -1.350791637766618
-4, 8, 0.9605459616510975
5, 7, 2.259559178601984
-3, 8, 1.801442485665748
16, 2, -0.04529111444526914
-2, 8, 1.842163326972693
17, 1, -1.29560185300789
-1, 8, 0.8725409416518399
15, 3, -0.4185077152731311
9, 6, 0.1832623397588432
0, 8, 0.6625609242100504
6, 7, -0.130720063722553
18, 0, -0.5556797247528744
12, 5, 0.03822849135159975
1, 8, 0.1165089867265988
14, 4, -0.7271657117631191
10, 6, -0.2023402669507754
2, 8, -0.5340432136850971
17, 2, -0.002805902916847233
7, 7, -0.06758187507720308
18, 1, 0.4410122854926338
16, 3, -1.063860419740869
3, 8, 0.2934893910548635
13, 5, 0.1535045059909869
19, 0, -0.7617231171526777
15, 4, 1.564058986237084
8, 7, 1.155868990998322
11, 6, -0.8897188195647802
4, 8, -0.124124083538543
18, 2, 0.3900513554384006
19, 1, -0.1245120736039278
17, 3, -0.08301540939461703
5, 8, 0.05658625785167387
-4, 9, -0.330550579062358
-3, 9, 0.6492602215889289
9, 7, 0.01642296396443697
14, 5, 0.4058283865863964
-2, 9, 0.3993896581137457
12, 6, 0.5961482078603596
-1, 9, -0.1303780316769826
20, 0, -0.9555278064319044
16, 4, -0.2139292270177817
6, 8, -0.08278467271650654
0, 9, -0.5311108775759469
10, 7, 0.8976837238839163
1, 9, 0.8266003774319691
19, 2, -0.9266474089633081
18, 3, 0.7146202235232821
20, 1, 0.05647374026047323
15, 5, 0.9432639603384045
7, 8, 0.3613333726948461
13, 6, 0.5661086352106856
2, 9, 0.2254495522714764
17, 4, 2.924181042086436
21, 0, -1.154000589953047
3, 9, 0.2050758515695487
11, 7, 0.5726546060345427
8, 8, -0.06352558837262387
4, 9, 1.284638156035932
20, 2, -0.209004233247454
14, 6, -0.202931163470684
16, 5, 0.4788929763004398
19, 3, 0.03423038896714551
21, 1, -0.150577005556564
12, 7, -1.124348377085179
9, 8, -0.9488237149591099
5, 9, 0.2501931739329878
-5, 10, -0.2443377026234504
18, 4, 0.06593311584211724
-4, 10, 0.2391355746526283
-3, 10, -1.170379752564891
22, 0, -0.3033972440032494
-2, 10, 0.3772525332273468
-1, 10, 1.026594997469956
15, 6, -0.218048087248281
6, 9, -0.4876715934434083
17, 5, 0.9316328342395148
10, 8, 0.1018505388277832
0, 10, -0.3537076267721668
21, 2, -0.5552037838442849
20, 3, -0.2478015411557593
13, 7, -0.5590822813406762
22, 1, -0.2722985157507121
1, 10, 0.04275773261711574
19, 4, -0.3957716526106814
7, 9, -0.4570286611749855
2, 10, 0.2088505746287458
23, 0, 0.3590461361027028
11, 8, -0.5549456427743402
16, 6, -0.2432324878559952
18, 5, 0.3520245938416934
14, 7, 0.06468139086388247
3, 10, 0.5655515858571905
8, 9, -0.631698334333565
22, 2, 0.6707012026155487
21, 3, 0.9983517881159453
4, 10, -0.1654376973512426
23, 1, -0.1338300816802415
20, 4, 0.3121134990338593
12, 8, -0.08827535454694949
9, 9, -0.3180785805140692
17, 6, 0.7183831687711308
5, 10, 0.3823540750223142
-5, 11, 0.03982039611347216
15, 7, -0.02634784920498051
24, 0, 0.1992538156268034
-4, 11, 0.9254384236441259
19, 5, 0.2350069633469265
-3, 11, 0.02064337080204248
-2, 11, 1.074628151383812
13, 8, -1.061421050991605
23, 2, 0.2236221949262314
22, 3, 0.1575238204246782
10, 9, 0.01123051376692579
-1, 11, 0.156772632551113
6, 10, -0.06342783091111424
24, 1, -0.2769936963783975
21, 4, -0.06592191607937375
0, 11, 0.6144668530979761
18, 6, -0.06324181050732154
16, 7, 0.0390858938347975
1, 11, -0.46480294998743
7, 10, 0.5338207239034787
25, 0, -0.3083982211107267
20, 5, -1.452149683603842
11, 9, -0.988157718638441
14, 8, 0.1412278097608703
2, 11, -0.577935780247097
23, 3, 0.3654329966798372
24, 2, -0.3335328191766597
8, 10, -0.2095555446862425
3, 11, 0.7706423808086732
22, 4, -0.0842638978020815
17, 7, -0.4685241868802891
25, 1, -0.7243889147796397
19, 6, -0.5489064805841865
12, 9, 0.9905145020988013
15, 8, -0.1116365348784698
4, 11, -0.3030823157185641
21, 5, -0.6428621785192852
9, 10, -0.8442734655742913
26, 0, -0.8131370809522817
-6, 12, -0.170737918676164
5, 11, -1.383889543046282
-5, 12, -0.8098272919758017
-4, 12, -0.9588229043217024
13, 9, 0.8067639005558362
24, 3, -0.1494521259173795
-3, 12, -0.1589749799203349
25, 2, -0.1854562852715661
18, 7, -0.07952742878219449
20, 6, -0.1128571574906922
10, 10, 0.3319197464782423
-2, 12, -0.02133062124664571
23, 4, 1.026791731020911
16, 8, -0.5291048295719523
26, 1, -0.3742003269299927
6, 11, 0.04014792168730527
-1, 12, -0.4352265719182633
22, 5, 0.8898106354642896
0, 12, -0.4732761804996505
14, 9, 0.1782888137435497
27, 0, -1.193071409035711
11, 10, 1.130640098975169
7, 11, 1.335560739517852
1, 12, 0.3769850580129303
19, 7, -0.7268542695989076
25, 3, 0.3031696163535371
17, 8, -0.0212112122091232
21, 6, 0.2647568488053131
26, 2, 0.4355754781543238
2, 12, 0.3300143350944403
24, 4, -0.5458200387583464
8, 11, -1.274465704867523
27, 1, -0.8514367814341079
12, 10, 0.3379997948674825
15, 9, 0.6768086848982371
3, 12, 0.4181951907565531
23, 5, -0.1582327078202209
28, 0, -0.3081632399143955
4, 12, 0.3878544668665738
20, 7, -1.439052282137014
9, 11, -1.367260920837839
18, 8, -0.0530458910028551
22, 6, -0.4015020455558642
26, 3, 0.3143168706655348
13, 10, 0.3453272133511502
27, 2, -1.168026175579955
-6, 13, -1.059869608990785
25, 4, -0.04221875161817529
16, 9, 0.1931161092400787
5, 12, 0.1352868250345361
-5, 13, -0.01429443356122948
-4, 13, 0.827342687133243
10, 11, 0.7152352788778257
-3, 13, 0.6503862026132465
28, 1, -0.6164754662768996
24, 5, -0.684622009330343
-2, 13, -0.3958317382889178
6, 12, 0.01068918464105286
21, 7, 0.08309618505565622
19, 8, -0.7752101292900733
-1, 13, -0.641402149321921
14, 10, 0.1807771814197685
29, 0, 1.50062004749364
0, 13, 1.599331115522511
23, 6, 0.2568490960944032
11, 11, 0.2552457113762756
17, 9, 0.0306971264048848
7, 12, 0.4839848277564275
27, 3, -0.1537965743137449
1, 13, 1.0313496767286
28, 2, -0.5155519096648479
26, 4, -0.5759983480736955
29, 1, -0.1315761920538092
25, 5, 0.04016108253946934
15, 10, 0.1414090561544028
2, 13, -0.2664981388586664
20, 8, 0.48330027177051
8, 12, 0.7803233991094397
12, 11, 1.061810421448572
22, 7, 0.1084655026193177
18, 9, 0.6351037577464907
3, 13, 0.08470824315885932
30, 0, -1.071181857563914
24, 6, -0.4128646998014457
9, 12, -0.8201974139247905
28, 3, -0.5522743469953592
4, 13, -0.4528668154454154
16, 10, -0.06677357286668287
27, 4, 0.161428509946291
13, 11, -0.8882677374313414
29, 2, -0.643337884425098
21, 8, 0.5027796425975449
26, 5, 1.077119737125826
-7, 14, -0.0485525014946613
-6, 14, 0.8107385448741117
30, 1, -0.3570016312175958
23, 7, -1.218270565070803
5, 13, -1.369399700235614
-5, 14, -0.4471444542213506
19, 9, -0.4346729895328544
10, 12, -3.981524647712966
-4, 14, -0.03112368129715291
-3, 14, 0.4553761110366871
25, 6, -0.06214582128751563
14, 11, -0.2790966500324696
-2, 14, 0.733106282521563
17, 10, 0.344702130361061
6, 13, -0.07088564712522057
31, 0, 0.294884461224091
-1, 14, 0.3588589869287304
29, 3, 0.05805158738269675
11, 12, -0.08845804250260474
28, 4, -0.5531716539332029
30, 2, 0.7024647637286889
22, 8, 0.153820676422165
0, 14, -0.285641046062101
20, 9, -0.9064318614603101
7, 13, -1.080335009546972
27, 5, 0.9817642951698066
24, 7, 0.7581854050637614
15, 11, 0.2782865519816912
1, 14, 0.580423612440279
31, 1, 0.01746421625323938
18, 10, -0.1116293737016271
12, 12, -0.1251015855528427
26, 6, 0.3066888081328649
2, 14, 0.2784184093357577
8, 13, -1.217450314729656
32, 0, -0.6285960942912372
3, 14, -0.6773071096234679
23, 8, 0.590598934869317
30, 3, 0.2359216726427973
21, 9, 0.429742595095167
29, 4, 0.5678743391882496
16, 11, 0.7497540596428749
31, 2, -0.2923970681113882
9, 13, -0.08192414854894217
25, 7, 0.05168462994406404
13, 12, 0.1000817125108556
28, 5, -0.2223214627570373
19, 10, 0.09555768177917831
4, 14, -1.069939083811109
32, 1, -0.1870443291767454
-7, 15, -0.8420746170206516
27, 6, 0.06324155860287509
-6, 15, 0.328771331724012
-5, 15, 1.78839770936209
10, 13, 0.1752339463343278
5, 14, 0.1395600293426314
17, 11, -0.1059210219410284
-4, 15, 0.1447644162049109
14, 12, 0.01183245267740251
22, 9, 1.229965623842187
24, 8, 0.7503295878083743
33, 0, 0.01262613898021196
-3, 15, 0.02710250360112603
31, 3, -0.07253794155923868
-2, 15, -0.2176975410963319
30, 4, 0.2557094821119599
20, 10, 0.8758034016297156
6, 14, 0.1053492856842481
26, 7, 0.0714015988735722
32, 2, 0.06089542313158904
11, 13, 0.5622832401790796
29, 5, 0.2334095568264229
-1, 15, 0.3024282974202543
0, 15, -0.0129148292601014
15, 12, -0.4769618668403467
33, 1, -0.4268057210751826
18, 11, -0.5594215593181714
7, 14, 0.2146719001006545
28, 6, 0.224908982098681
23, 9, 0.1437264752761636
1, 15, 0.1712162780194997
25, 8, -0.1076023844251263
12, 13, 0.06791704761883495
21, 10, -0.8249374679562143
34, 0, -0.2959688037882628
8, 14, 0.366908540477131
2, 15, -0.1281094605707573
27, 7, -0.001822444017085165
32, 3, 0.9275074894370986
31, 4, 0.6168379468822742
16, 12, -0.9993814982240969
33, 2, 0.2128289278251439
30, 5, 0.4158510903356472
19, 11, 0.2273797073305958
3, 15, -0.7349655427988966
13, 13, 0.5163456434711248
9, 14, -0.5081969948239058
34, 1, -0.4862067416302892
29, 6, -0.4421448641563504
24, 9, -0.2929871429145294
4, 15, 0.3915003471785383
26, 8, 0.07910813867670494
22, 10, 0.1618773279877897
17, 12, 0.6325062439029854
-8, 16, -0.1034461376829761
-7, 16, 0.3201206580851719
10, 14, -0.8645926490386086
-6, 16, -1.032985095609823
14, 13, -0.926018473457568
35, 0, -0.1132556559415319
28, 7, -0.05118546299492383
20, 11, -0.1824297362133819
5, 15, -1.0442561781836
-5, 16, -0.06917180756466695
32, 4, 0.08874842336471821
-4, 16, 0.07954177344966425
33, 3, -0.1518251129825218
31, 5, 1.307500835422503
-3, 16, 1.081965608309836
34, 2, 1.200332909503455
6, 15, -0.02214586806181915
-2, 16, -0.4885086097019979
25, 9, 0.9354676919305037
11, 14, 1.283135834103464
23, 10, 0.194863109267104
30, 6, 0.4311991256820681
18, 12, -0.1861128809906078
35, 1, -0.3067401763201767
27, 8, -0.1226038200091882
15, 13, -0.1540597651837652
-1, 16, -0.2154465140422764
21, 11, -0.1525161346629462
7, 15, 0.6780930672926707
0, 16, 0.0719228932903333
29, 7, -0.766568107924394
12, 14, 0.2834699945584103
36, 0, 0.1243448740851249
1, 16, 0.3132209174246993
33, 4, 0.5466243791887877
34, 3, 0.8289387759547069
32, 5, 0.02955312998289794
8, 15, 0.005211932137077022
19, 12, -0.2894997319987542
16, 13, -0.110587964319807
35, 2, 1.383121654663559
26, 9, 1.276310751101363
24, 10, 0.04861077847522881
2, 16, -0.2049687422829273
31, 6, -0.602321986019394
28, 8, -0.3421359856630494
22, 11, 0.4028614259439889
13, 14, 0.6893757316688522
36, 1, 0.1256142494268014
3, 16, 0.2683157445701675
9, 15, -0.139797688442116
30, 7, -0.4557103404572007
17, 13, -0.2165055289566405
20, 12, -0.6249922234654008
4, 16, -0.2224908632375324
37, 0, -1.118120215430542
34, 4, -0.2488565554703173
14, 14, 0.1343598293305082
-8, 17, -1.271801904345895
35, 3, 0.5282289703817886
25, 10, -0.03394527962487481
10, 15, 0.1819712807310199
-7, 17, 0.3809951683667924
27, 9, -0.1033508798890401
33, 5, -0.2666192160946951
-6, 17, -0.3265783219383772
5, 16, 1.26237364330984
-5, 17, 0.6692152410436423
23, 11, -0.5421512615938544
36, 2, -0.3396502346582801
29, 8, 0.3650632977851055
-4, 17, 0.1628792982257503
32, 6, 0.6887321581401977
18, 13, 0.2239635580225714
-3, 17, 0.115730090703987
37, 1, 0.5369125296309764
11, 15, 0.5380500750619885
6, 16, 0.04177421266634426
21, 12, -1.443658637480755
15, 14, -0.8923927339632396
-2, 17, -0.4582536715269391
31, 7, 0.07208582712406511
-1, 17, 0.4163395410234058
26, 10, 0.07141629849524765
28, 9, 0.3283720735469828
7, 16, 0.1532394364351442
38, 0, 0.9708003951666635
35, 4, -0.1596887799035628
24, 11, -0.1476142319970848
0, 17, 1.021025744053956
36, 3, 0.4467246254818856
12, 15, 0.05505748426871306
34, 5, 1.007631358468475
19, 13, -1.607713598701038
30, 8, -0.8188740769767165
16, 14, -1.105599684657474
37, 2, -0.1853474991432125
1, 17, 0.3022450319521934
33, 6, 1.114017765647902
22, 12, 2.472607752860966
8, 16, 1.931914191721456
2, 17, -2.239332180362468
38, 1, -0.422275195578534
13, 15, 1.963897884399393
32, 7, 1.156841894509755
27, 10, -0.4202655567130244
25, 11, 0.5642342952280076
20, 13, 0.1721254888768676
9, 16, 0.3763372157374529
3, 17, 0.2890102491897397
29, 9, 0.2867249202403688
17, 14, 0.1924662460429397
36, 4, 0.3559414414684847
39, 0, 0.4974639889231798
37, 3, 0.4012082189665261
35, 5, 1.192436866486533
23, 12, 0.5118685133533261
31, 8, -0.03880661641421886
4, 17, 0.4739903502212799
14, 15, 0.3915925995678474
-9, 18, -0.3528234045265071
38, 2, 0.2629525636558114
34, 6, -0.3466665449167662
10, 16, -0.3952536274652681
-8, 18, 0.4856160785495203
-7, 18, -1.003099128920136
-6, 18, -0.5176257213641823
5, 17, -1.131873157199202
-5, 18, -1.326806256026141
18, 14, 0.08058797424762804
21, 13, -0.4528731028482188
28, 10, -0.4547487337044751
-4, 18, -0.06481629766718636
39, 1, 0.9167879923695524
33, 7, 0.7947437900200667
26, 11, -1.14117415782692
30, 9, -0.06002312343715183
15, 15, 0.4801261603433872
-3, 18, -0.2040513202875725
11, 16, -0.03681213261049857
6, 17, -0.03556312533344697
24, 12, -0.08869050931140741
-2, 18, -0.1637346473403173
37, 4, 0.2351298750340965
40, 0, 1.058956467135276
32, 8, -0.2641975741310569
36, 5, -0.8632075380626161
38, 3, 0.3717394676987785
-1, 18, 0.07784459252958921
19, 14, 0.227774887082008
7, 17, -1.426816855107447
35, 6, -0.1529295808111363
22, 13, -0.04096750611170821
12, 16, -0.0379376856844186
39, 2, 0.943755824832085
0, 18, 0.5207552984758559
16, 15, -0.6105919597738901
29, 10, 0.03346537962535917
27, 11, 0.2603643735268081
34, 7, -0.0037799310885073
1, 18, -0.02581993273283006
40, 1, 0.06419677880453088
31, 9, 0.03520811427096681
25, 12, -0.0331674583721095
8, 17, 0.2171755106784676
13, 16, 0.5428448051265905
20, 14, -0.5153865336654443
2, 18, -0.6764773940153992
17, 15, 0.6831829719134059
33, 8, 0.0641383861573924
23, 13, -0.1041366884832084
38, 4, 0.4663171609389187
37, 5, 0.7439191519669442
9, 17, 0.6492588822923013
41, 0, 0.1383832549482034
39, 3, -0.2937449348411693
3, 18, -0.4661805863629869
36, 6, -0.49651109778336
28, 11, -0.4607451489324528
40, 2, -0.06258168143927899
30, 10, -0.5495673021851568
14, 16, -0.1651354927176469
26, 12, -0.317402147506439
4, 18, -0.009027095098640572
35, 7, 0.05910490508829067
21, 14, -0.1815347214663061
10, 17, -0.2078145169275332
-9, 19, -0.228090116455763
32, 9, -0.03464542198752699
-8, 19, -0.1969973768624724
18, 15, -0.03892974925252964
-7, 19, 1.404281092037831
41, 1, 1.051704709408657
-6, 19, 1.037405481435253
24, 13, 0.2199984702730756
5, 18, 0.4921754114585919
-5, 19, 0.7948392078674278
15, 16, -1.152738588250027
-4, 19, -1.173210509630365
34, 8, 0.3876489150912867
11, 17, 0.7567462974949399
39, 4, 0.355900435485533
-3, 19, 0.1281755375515966
38, 5, 0.4843362517552176
42, 0, -0.08843796236605919
6, 18, 0.1688886644635884
40, 3, 0.853725281148763
29, 11, 0.5278448386108795
37, 6, 0.05209296964487108
31, 10, -0.09456948023475172
19, 15, -0.01821605877290319
-2, 19, -0.02840205159017224
22, 14, -0.4091524270557725
27, 12, -1.225011330746811
41, 2, 1.290545936061696
-1, 19, 0.8629166968344293
33, 9, 0.2390477910058418
16, 16, 0.2568980494573424
36, 7, -0.3301735008506243
12, 17, -0.3635991783146017
25, 13, -0.1575115652906146
7, 18, 0.07845977616997493
0, 19, -0.6501441299984911
42, 1, 0.001810140379515261
35, 8, 0.233503034291736
20, 15, 1.700754144948641
1, 19, 0.2996514867219109
8, 18, -0.7735949645721261
23, 14, 0.2103294794454848
30, 11, -1.040219611829393
13, 17, -1.4220046464509
40, 4, 0.04490552210811231
28, 12, -0.3232275592601191
39, 5, 0.2707784783398788
17, 16, 0.3486110710477038
32, 10, -0.1627612674155958
2, 19, 0.08275156278232072
43, 0, 2.255811927084853
41, 3, 1.395241646074173
38, 6, -0.0003289748002130508
26, 13, -0.6307180781218568
9, 18, -0.001226609120192005
34, 9, -0.4677661279696655
42, 2, 0.2938676645687724
3, 19, -0.9151558716479388
37, 7, -0.2585922793780776
14, 17, -0.2074684826333322
21, 15, 0.02857323974067318
24, 14, 0.6327932120798148
18, 16, 0.5344695925033719
43, 1, -0.08293067103190065
4, 19, -0.3502900724857673
10, 18, -0.03267109314279856
-10, 20, 0.4001181159144638
-9, 20, 0.5480272169235375
36, 8, 0.1243776367492466
-8, 20, -0.2094956802136436
31, 11, -0.1506637791283525
29, 12, 0.4753863428417627
-7, 20, 0.4892404637858922
-6, 20, 0.7077057889613516
33, 10, -0.02862879198385702
41, 4, -0.02813459787658943
40, 5, -0.3043051596728826
27, 13, -0.06475017647128603
15, 17, -0.03242910610420902
5, 19, -0.0114973782861302
-5, 20, -0.2149346008107081
42, 3, 1.308862175048723
39, 6, 1.162194473345327
44, 0, 0.2413005894170674
-4, 20, 0.5066268557706478
22, 15, 0.08813383487866822
11, 18, 0.3944926376860137
35, 9, 0.1447445850105418
19, 16, 0.05286493822250517
-3, 20, -0.4858439632730787
43, 2, 0.4751325529739344
38, 7, 0.3276532318992167
25, 14, 0.3827664111336134
6, 19, 0.3032536195276664
-2, 20, -0.7604609876824344
16, 17, -0.1287323549078965
30, 12, 0.262056806740012
12, 18, 0.3661955634593692
32, 11, 0.1800128347405423
-1, 20, -0.1108033159214432
44, 1, -0.4853813724240563
37, 8, -0.6649371956389625
7, 19, -1.050608363157324
28, 13, -1.222936712665297
34, 10, -0.5656996334164204
23, 15, 0.7039653513303781
20, 16, 0.1473780477799876
0, 20, -0.2837464889170554
41, 5, 1.160646780042527
42, 4, 0.477259681592987
40, 6, 0.002399054851764683
26, 14, 0.2649385690013633
1, 20, 0.643036446840727
8, 19, 0.7022645291079485
43, 3, -0.06068068987218925
17, 17, -0.0120801941010306
13, 18, 0.1450461211953918
45, 0, -0.6201317660980572
36, 9, -0.4775963921645823
39, 7, 0.2698997299610137
44, 2, 0.1009259508487353
2, 20, 0.01483727029931516
31, 12, 0.2966194863696203
33, 11, 0.3855804755334236
21, 16, -0.4124126606922256
9, 19, -0.2639453026459722
24, 15, 0.4199072443587472
29, 13, 1.289953646689979
38, 8, 0.1371440088366961
14, 18, 0.1470299134150929
3, 20, -0.8689741675476675
45, 1, 0.2265019992996602
35, 10, 0.6807858804952702
18, 17, 0.2194574412216501
27, 14, 1.006270613171991
10, 19, -0.702735242271996
-10, 21, -0.7376018432698621
4, 20, 0.4122103942567183
-9, 21, 0.7777428487409469
42, 5, 0.3748828058180269
43, 4, 0.3915266469714125
-8, 21, 0.2817518552346694
41, 6, -1.30349299563053
37, 9, -1.153652065423983
-7, 21, 0.3014339615650438
44, 3, 1.25080996526115
15, 18, 0.1387716834835428
-6, 21, 0.4046278174200764
46, 0, 0.1303271227502495
22, 16, 0.7343021333740262
40, 7, -0.3703462426833216
25, 15, 0.291645199824963
5, 20, 0.1098576135724976
-5, 21, -0.5288759000193797
32, 12, -0.0916577668694346
19, 17, -0.2265479008474445
45, 2, 0.1344143512121806
34, 11, 0.05232156610950232
30, 13, 0.0294300248076996
11, 19, 0.1232573497655017
-4, 21, 0.1499659914256218
-3, 21, -0.5640362453538672
39, 8, -1.05747205828795
36, 10, -0.4100520976865981
28, 14, 0.182129178716218
6, 20, -0.4386335130800582
16, 18, 0.4794321910051369
46, 1, 0.5973894313411086
-2, 21, 0.5676689018812562
23, 16, -0.1142636613227925
12, 19, 0.02897174116001753
20, 17, 0.02963222259252113
-1, 21, 0.07395492166826548
43, 5, -0.2107939582202298
7, 20, -0.0304576753139396
38, 9, 0.09312196997659986
26, 15, 0.03515314381142905
44, 4, 0.3908634580225058
42, 6, -0.7333201065770466
45, 3, -0.4315132458463763
33, 12, -0.8832600378723727
0, 21, 0.1210112304397526
47, 0, 0.2782961463750491
31, 13, -0.5034076765945157
41, 7, -0.04046054351377509
35, 11, 0.5436893017792915
17, 18, 0.1882014981719752
13, 19, 0.3478759785928197
8, 20, 0.03604213192181467
29, 14, -0.2830184800751358
1, 21, -0.2438457285309406
46, 2, 0.2051246451512533
37, 10, 0.663716521542738
40, 8, 0.1740746701341302
24, 16, 0.3922637210100349
21, 17, -0.9047561151811074
2, 21, -0.089927339283404
27, 15, 1.123838244708472
47, 1, 0.02998028009132457
9, 20, -0.02669802836526263
14, 19, -0.6465018665756209
18, 18, 0.1466695026359782
39, 9, -0.2840509879407597
3, 21, -0.2659603572335575
44, 5, 0.0566273620255215
34, 12, -0.2728427613169129
45, 4, 1.158251179353624
32, 13, 1.183056020452203
43, 6, -1.350257222785795
36, 11, 0.08121073316427847
46, 3, 0.4057863451332728
-11, 22, 0.1727880050791361
10, 20, -0.2944113019944649
-10, 22, 0.02847628912379343
30, 14, -0.03784642829858251
42, 7, -0.1290773356046813
-9, 22, -0.4896419642231377
22, 17, -0.3003056229506181
48, 0, 0.0276342158118724
25, 16, 0.4276432206828116
4, 21, 0.200017538356603
-8, 22, -0.6728793662368027
-7, 22, 0.278676801862132
15, 19, 0.08644221824815755
47, 2, -0.0498632306075289
19, 18, -0.05571823239069289
38, 10, -0.2469353131062957
-6, 22, -0.199660378695562
41, 8, -1.093519829156332
28, 15, -0.8456396156316802
-5, 22, 0.3825426519187837
5, 21, 0.4457501560559162
11, 20, 0.7525846905037074
-4, 22, -0.8400585328320053
48, 1, 0.8023572494214388
-3, 22, 0.01876286904599889
33, 13, -0.2437613854480783
40, 9, -1.118563164816621
35, 12, -1.316827880851138
23, 17, -1.2163290843084
16, 19, -1.050217211354543
6, 21, 0.9380698062270032
26, 16, 0.4281998159966899
45, 5, -0.05713386103639899
31, 14, 0.009247039225558173
46, 4, 0.1624875155586262
44, 6, -0.2871719790197783
20, 18, -0.1193076641288661
-2, 22, 0.108558791467742
37, 11, -0.6865575249035282
12, 20, -0.1838174329794423
47, 3, -0.886475597772134
43, 7, -1.288260267902553
-1, 22, 0.114808139399465
49, 0, 0.5967910851519698
29, 15, 0.6638026146025454
7, 21, -0.1043240661269861
39, 10, -0.07620042739760462
17, 19, -0.02372386434205739
48, 2, 0.3858899344547927
42, 8, 0.07313102031603486
0, 22, -0.2263680287844465
24, 17, 0.2648534081065879
13, 20, 0.1110721569839769
8, 21, -1.076242146410185
21, 18, -0.4520033506295526
27, 16, -0.422367751884763
34, 13, -0.01669356894746414
1, 22, 0.1715022048478167
36, 12, -0.129722687706545
32, 14, -0.09281737828864264
49, 1, 1.279902586565395
41, 9, 1.260409919057776
38, 11, -0.9366846735004644
2, 22, 0.09065786774531068
46, 5, -0.02094051320077537
18, 19, 0.3364555491261481
45, 6, -0.0265468333789605
30, 15, -0.2161445145755834
9, 21, -0.03884488317884016
14, 20, -0.1708559692358828
47, 4, -0.2241076419092151
44, 7, -0.08047802861237525
48, 3, 1.011609946082311
3, 22, 1.549409692185652
25, 17, 1.079323954119138
50, 0, -0.3260020161148743
40, 10, 0.03790509884251313
22, 18, 0.5344786833012503
28, 16, 0.7593950453338381
43, 8, -0.190620403318428
-11, 23, -0.3228072124578538
10, 21, -0.8937989925157193
-10, 23, -1.088170745146646
49, 2, -0.2534734536717476
-9, 23, -0.07808382254398843
4, 22, 0.1037247143098949
35, 13, -0.3889133158307584
15, 20, -0.2713511073056301
-8, 23, -0.3869895171956605
19, 19, -0.01244190115417013
33, 14, -0.9431822364384087
37, 12, 0.3063410788754855
-7, 23, 0.1643862801257992
-6, 23, -1.301393133017428
42, 9, -0.2320615346836819
31, 15, 0.7354964989491218
50, 1, 0.3851786413468436
39, 11, -0.02484155094716845
5, 22, 0.0344441433300742
-5, 23, 0.149518961211602
11, 21, 0.3397619474534262
23, 18, -0.4219087610301047
26, 17, -0.5112822421677273
47, 5, -0.2687107943472578
-4, 23, 0.006513023958660846
46, 6, -0.000143828225705515
48, 4, 0.05878340090903716
16, 20, 0.154829894683135
45, 7, -0.3799573168721478
29, 16, -0.5193043457220611
20, 19, -0.5599497551413691
-3, 23, -0.3944208382581657
6, 22, -0.2224564413955383
41, 10, 0.6154766246416373
49, 3, 0.3248308415169254
51, 0, 0.3604553054773586
12, 21, 0.1021423578824289
-2, 23, 0.4533018843656559
44, 8, -0.1628954079861785
36, 13, 0.2126461112505006
34, 14, 0.1919522213965544
50, 2, 0.6261574147489006
38, 12, 0.4175082647458693
7, 22, 0.9940025730942985
-1, 23, 1.343664832208514
24, 18, -0.5741822627997499
32, 15, 0.2901638305272696
17, 20, 0.5227849668244471
27, 17, 0.3266146145969154
43, 9, 0.06054892086151297
40, 11, -0.3673490775010521
21, 19, -0.4807726834910375
0, 23, 0.4045951430329097
13, 21, 0.7973591594129014
51, 1, 1.22978976657911
30, 16, -0.033235317516127
8, 22, -0.08854413333439203
48, 5, -0.8730315711186757
1, 23, -0.7980424830667605
47, 6, 0.05974787717420195
49, 4, 0.710942134186635
46, 7, 0.8159851395566469
42, 10, 0.1376195651202816
18, 20, 0.07509160606354505
50, 3, 0.6459680838267978
37, 13, 0.3975946935423191
35, 14, 0.3433594862104506
25, 18, 0.3796952535071809
14, 21, 0.02209164104727546
2, 23, 0.6044893143344652
9, 22, -1.206027597392204
52, 0, -0.4169264954381509
45, 8, -0.9167466810562472
28, 17, -0.7347669156470076
22, 19, -1.216964269359926
39, 12, 0.3270340974439605
33, 15, 0.5154755005522842
51, 2, -0.05088470151771045
3, 23, 0.04725184371714655
-12, 24, 0.1359071074480369
44, 9, 0.09852547411900149
41, 11, -0.1101584042404457
31, 16, -0.008479064737521661
-11, 24, 0.09363759415546111
10, 22, 0.7057535590163012
-10, 24, 0.02804193986807664
19, 20, 0.6573698679557295
15, 21, 0.8059418944601316
-9, 24, 0.4929912954975469
-8, 24, 1.723431761070684
4, 23, 0.3368642320792322
52, 1, -0.7845050043043601
-7, 24, -0.691405226995809
26, 18, -0.8728785137103642
49, 5, 0.3013789673343789
23, 19, 0.1992834568080165
48, 6, 0.2391713329956576
-6, 24, 0.000517512124098326
43, 10, -0.204463403731022
29, 17, -0.2656203064401335
50, 4, 0.103441071741648
36, 14, -0.4457529020889393
47, 7, -0.05394738990465849
38, 13, -0.2651697650760463
11, 22, 0.3396106339575314
5, 23, 0.2709258901240764
-5, 24, 0.4875711363077919
34, 15, -0.6067453571610729
16, 21, -0.2915550462224207
51, 3, -0.1968242886729538
40, 12, 0.2684279123033316
20, 20, 0.0986103636569684
-4, 24, 0.1925133023255815
46, 8, -0.3383903825292592
53, 0, 0.9859238730340001
32, 16, 0.295668192801376
-3, 24, 0.4596294958223877
6, 23, -0.03151783277384877
52, 2, 0.454261044544401
12, 22, 0.2901615815639048
42, 11, -0.2283172691300637
45, 9, 0.1046754552223025
27, 18, -0.1210991328818559
-2, 24, 0.360449651253869
24, 19, 0.9663606683876207
17, 21, -0.9436389478184536
30, 17, 0.4892790611259733
7, 23, 0.477170433509491
-1, 24, -0.2358488072904116
21, 20, -0.3823713152861358
53, 1, 0.8099740734568059
37, 14, 0.7927009236012944
39, 13, 0.8560577270920092
50, 5, 0.1851587757853086
49, 6, -0.3208950748559025
35, 15, -0.01389317763263615
13, 22, -0.2413814182813654
44, 10, -0.4113188798226877
0, 24, 0.4011761799531335
51, 4, 0.81252287807686
48, 7, 0.752822751952358
41, 12, -1.073994808780598
8, 23, -1.019259785632801
33, 16, 0.984751776741252
52, 3, 0.2785016182776902
47, 8, -0.1082888383136103
25, 19, 0.3196403980634199
1, 24, -0.1508677798421438
18, 21, 0.07688256445566105
28, 18, -0.3307700925542169
54, 0, 1.034117656406935
22, 20, -0.7956345767326899
14, 22, -0.8882182937877554
43, 11, 1.150741048209251
2, 24, 0.07011788849715762
31, 17, -0.2150398246814206
9, 23, -0.01133216896984014
53, 2, 0.5537826162040218
46, 9, 0.8766962917444437
38, 14, 0.3619671671312227
36, 15, 0.0899354844756696
3, 24, -0.129230369211492
40, 13, -0.5523959456123384
19, 21, -0.7153808562053938
-12, 25, 0.2261571473804536
-11, 25, 0.1481827173301834
54, 1, 0.04991188726823601
45, 10, -0.1228249256056635
26, 19, 0.1824862940284946
15, 22, -0.1244360584153081
10, 23, 0.1822610178739191
-10, 25, 0.1611414206328291
50, 6, -0.1212023763322716
34, 16, 0.363594699753358
51, 5, 0.1585223521660183
-9, 25, 0.1204436419355337
29, 18, 0.1026943519355121
42, 12, 0.2228781941391319
49, 7, -0.1806377291783505
23, 20, -0.6904790460002742
-8, 25, -0.6970287153218846
52, 4, 0.2631121170837574
4, 24, 0.3454834416343024
-7, 25, -1.110158771291753
48, 8, -0.08365591023463728
-6, 25, -0.739902700555449
53, 3, -0.0244179493740058
32, 17, -0.2018062370433941
11, 23, 0.2972851251349196
55, 0, 0.3651596349320511
44, 11, -0.05381007221727723
20, 21, 0.02533784151031831
5, 24, 0.04659818642469672
-5, 25, -0.4472602719144045
16, 22, 0.7152770503555266
47, 9, -0.8329851967691932
-4, 25, -0.8451200124330766
54, 2, 0.5854435451412058
39, 14, -0.4306405665484542
27, 19, -0.4803034529914251
37, 15, -0.08712367391734806
24, 20, 0.215780066200483
41, 13, 0.06857028148240084
-3, 25, 0.08413885053841831
30, 18, -0.5958711702363334
6, 24, -0.133420210968329
35, 16, 0.4768429349322398
12, 23, 0.2073244033997792
46, 10, 0.3125505141601005
-2, 25, 0.6864655945113931
17, 22, 0.9928064320728801
55, 1, -0.2146447714352466
43, 12, -0.1010043350758846
51, 6, -0.5709381569420623
21, 21, -0.07556394518086161
52, 5, -1.045156928460349
50, 7, -0.2521150346962689
33, 17, 0.2970209392991086
7, 24, 0.1531915457647986
53, 4, -0.3955809411493073
-1, 25, 0.0872591179822608
49, 8, 0.4182567054997366
13, 23, 0.3696312282800869
28, 19, -1.025122771813641
54, 3, 0.461895696733569
45, 11, -0.3896632334789575
25, 20, -1.269469980288361
0, 25, -0.3251198758143765
56, 0, 0.146913158139802
8, 24, -0.9701525929642132
38, 15, 2.522294048386531
31, 18, 2.352100138014056
40, 14, 0.6825360904762163
18, 22, 0.568104491669302
48, 9, -0.638564489029987
22, 21, -0.6627690214699485
1, 25, -0.9405754056838496
36, 16, 0.2523372681354841
55, 2, 0.06242602181103016
42, 13, 0.2855618322608339
14, 23, 0.02597902057084769
9, 24, 0.8561605851840093
47, 10, -0.08496610117778461
34, 17, -0.4543813136804036
2, 25, -0.06746889478675629
44, 12, -0.07997810043676884
52, 6, -0.3950938226630423
26, 20, -0.07222689366075172
56, 1, -0.1074769062200695
29, 19, -0.4141811516315811
53, 5, 0.1067182525764323
19, 22, 0.2777024817527745
51, 7, -1.496478716592975
3, 25, 0.7702933442905763
-13, 26, 0.1750949462312324
54, 4, 0.7464692701450418
-12, 26, 0.8254511752574837
15, 23, 0.422195252854777
-11, 26, 0.1167192058534272
23, 21, 0.2726660991179439
50, 8, 0.02437656342250125
32, 18, -0.01738429514899441
10, 24, -0.03396856994964109
-10, 26, -0.01643136661490844
46, 11, -0.3442769781178038
-9, 26, -0.03663546646590147
39, 15, -0.2480961459796597
55, 3, 1.180850429809972
41, 14, 1.181525669960962
-8, 26, -0.5996429234627808
37, 16, 0.09862159187798704
4, 25, 0.2198488251228864
49, 9, -0.5768893211665136
-7, 26, -0.7912368903973165
57, 0, -0.3213942945556497
43, 13, 0.01477381796545293
20, 22, -0.3190390433647272
-6, 26, -0.1332523364619569
35, 17, -0.9125490898606748
11, 24, -0.3641104898170804
56, 2, 0.1735667120388895
27, 20, 0.1460191544287724
16, 23, 0.1517451700953963
30, 19, -0.3968490172215242
5, 25, -0.5441090400060417
-5, 26, -0.28071972374504
48, 10, 0.5792272232269615
45, 12, 1.089699300839224
24, 21, 1.221658125748204
-4, 26, -0.0664155125854297
33, 18, -1.070188741882438
53, 6, 1.207555847514562
57, 1, -0.193376662659837
54, 5, -0.1332145213638286
6, 25, 0.1494598581811359
-3, 26, -0.3614813367725629
12, 24, -0.2062942841052284
52, 7, -1.031905571059043
21, 22, -0.9519364674948632
55, 4, -0.2770123115164757
40, 15, -0.1868558296621065
17, 23, -0.4453666322861859
51, 8, -0.4892525821687668
47, 11, -0.7756804404254575
42, 14, -0.2014724779966932
38, 16, 0.7054640130620174
-2, 26, 0.1585088841056105
28, 20, 0.1699679399218088
56, 3, -0.4508874072062114
7, 25, -0.4777924269423128
44, 13, -0.0618049166868686
36, 17, 0.2238970536807149
50, 9, -0.9302211091061905
31, 19, -0.7624333106059219
25, 21, -0.8153177174020112
-1, 26, -0.8455760323266945
13, 24, 0.3875433926838329
58, 0, -0.6099178911847294
0, 26, -0.9395962122315948
57, 2, 0.2854284670808781
18, 23, 0.4192529365881167
46, 12, -0.2477347236337932
22, 22, -0.1227274445439431
34, 18, -0.2046740744210511
8, 25, -0.955257574954551
49, 10, 0.2427096782744332
1, 26, 0.1449852835029345
14, 24, -0.3786305945779168
54, 6, 0.2325743912352485
41, 15, 0.7272004437627383
29, 20, 0.8387051899544982
55, 5, -1.44793097822763
53, 7, -0.02802195183999539
39, 16, -0.09822654647525023
58, 1, 0.1560572519681233
26, 21, 0.4026837614295723
43, 14, 0.8409518843513464
9, 25, 0.8507366792252149
2, 26, -0.1259513713002009
48, 11, 0.1651611470373941
32, 19, 0.344599723273949
56, 4, -0.7244803851213587
52, 8, -0.5700794299613451
37, 17, -0.3934154357502221
19, 23, -0.4996018330831973
45, 13, 0.3668854821491396
23, 22, 0.4926083332338236
-13, 27, 0.9066824498891255
57, 3, 0.01490606835039309
51, 9, -0.2211867609922368
15, 24, -0.2784204325375537
-12, 27, -0.01132941630063891
3, 26, -0.8819453618962161
-11, 27, 1.332555484961948
35, 18, 0.09679911316564356
10, 25, -0.5767947081309587
-10, 27, 0.3267629891837026
59, 0, 0.4633855013099998
-9, 27, 0.08192325697701805
47, 12, 0.4372743747213121
-8, 27, -0.06722304443753367
58, 2, 0.1532611788369765
50, 10, 0.124127793630411
30, 20, 0.1611107634106364
4, 26, -0.04294813829306689
27, 21, 0.1347386183351736
20, 23, 1.475121087885008
-7, 27, 1.308936740322308
42, 15, -0.03211857353673032
-6, 27, 0.1836048440380506
40, 16, -0.1111887273552681
16, 24, -0.3245503649316138
33, 19, -0.2799919091253733
11, 25, -0.3750808958963351
24, 22, -0.5177227944961303
44, 14, -0.04755035682306601
55, 6, 0.05563465298164596
38, 17, -0.09629205426472152
5, 26, 0.1872401381236333
-5, 27, 0.1746388955669186
54, 7, -1.337771563887828
56, 5, -0.6720797781888249
59, 1, -0.1325251614909126
49, 11, -0.06164645167037118
53, 8, 0.1143888677445896
-4, 27, 0.2369988534847098
57, 4, -1.066959631577013
46, 13, -1.01480895051337
36, 18, -0.7220088521074169
21, 23, 1.404182461380771
12, 25, 1.338314950573009
6, 26, -0.2537946217692388
-3, 27, -0.5607635399150535
52, 9, -1.266905232393605
28, 21, -0.147176878211961
17, 24, -1.240919024350567
31, 20, -0.4208210984588735
58, 3, 1.063156130541689
25, 22, 1.617612041179294
-2, 27, 1.247435061486697
60, 0, -0.1159454165514545
48, 12, -0.5564385953587568
34, 19, -0.2055019310646097
51, 10, -0.5711717535538593
7, 26, -0.7106653950180133
41, 16, -0.6287457417077776
59, 2, -0.006915793884455078
43, 15, 0.0508176245493795
13, 25, 0.08106135845500784
-1, 27, -0.236638659892017
39, 17, 0.3766059782447334
45, 14, -0.2931570701247728
22, 23, -0.07874913702387774
18, 24, 0.3608022734809481
0, 27, -0.7690782014550734
56, 6, 0.008550778278474076
8, 26, 0.2756812971158994
55, 7, 0.8850195130168123
50, 11, 1.042195825569149
37, 18, 1.452517557466535
29, 21, 1.256964844062118
57, 5, -0.1879883836920314
32, 20, -0.2842770078499842
60, 1, 0.225800202997728
47, 13, 0.2409648796185012
54, 8, 0.1107677972694961
26, 22, 0.4347087553298633
14, 25, -0.2203004269439106
1, 27, 1.360409132186428
58, 4, 0.5516572012859426
53, 9, -0.3651760536102198
35, 19, -0.8832192571475636
9, 26, -0.5640021077272452
19, 24, 0.03970891194065635
59, 3, 0.05552299122055464
23, 23, -0.14883601229084
2, 27, -0.06041199029239436
49, 12, -0.1658305512975034
42, 16, -0.3917734905513049
61, 0, 1.37605893411829
44, 15, 0.5528800703143696
52, 10, 0.06371110885229607
-14, 28, 0.1226073830811248
40, 17, -0.0166049102237999
15, 25, 0.5428948867202759
-13, 28, -0.2246843213327124
-12, 28, -0.4051686507753758
-11, 28, 0.1664584728324673
30, 21, 0.9936017449979346
3, 27, 0.5810982490589424
60, 2, 0.5866096193512209
46, 14, 0.3162216795271781
10, 26, 0.2806027931386216
-10, 28, 0.6280774479505947
27, 22, -0.1342756149517906
38, 18, -0.4262965514622735
33, 20, 0.1806272537351538
-9, 28, 0.176333336923136
20, 24, -0.6435601977064285
-8, 28, -0.6767500861731953
51, 11, 0.7848595429336539
4, 27, -0.3703860146588169
57, 6, -0.448968267817264
56, 7, -0.1276937560174351
48, 13, 0.2170348770118513
24, 23, -0.1038044490061792
-7, 28, -0.1984465491314172
58, 5, -0.4864443303941956
16, 25, -0.0957223848765337
55, 8, -1.511731976716015
36, 19, -1.56594356588522
61, 1, -0.2252335586979579
11, 26, -0.1117898028247614
-6, 28, -0.1474202449739681
59, 4, 0.6666033552197099
5, 27, -0.6106767474184891
-5, 28, -0.6076477361036331
54, 9, -0.6696839312596378
43, 16, -0.2742096788644372
31, 21, -0.3699071933563627
50, 12, -0.1215164014371337
28, 22, 0.3610163358711047
41, 17, -0.1210340522235779
-4, 28, 0.6228879067589639
60, 3, 0.1708260291745774
45, 15, 0.5251364158678853
21, 24, 0.1436167960636154
34, 20, -0.3269311282585345
12, 26, 0.03719575519821987
53, 10, 1.128936212045048
17, 25, 1.191636536146733
39, 18, -0.424396876659182
6, 27, -0.2396647086431511
62, 0, 0.2108248793371258
25, 23, -0.1885294901082321
-3, 28, -0.2148435171078702
47, 14, -0.5628634680171625
61, 2, 0.5633215110553849
-2, 28, 0.1482580012498974
37, 19, -0.2582210790326246
52, 11, 1.166939644392269
49, 13, -0.2380731921219029
7, 27, -0.4328870224413
13, 26, 0.3798788609146938
58, 6, -0.3372432866575337
22, 24, 0.1533216002034354
57, 7, -0.003793691910337012
-1, 28, -0.0552265420662141
29, 22, 0.3484635968024065
18, 25, 0.03817500985427066
59, 5, 0.3279484360332795
32, 21, 0.4604203880635784
56, 8, 0.4517173260116789
62, 1, -0.7631537548468073
26, 23, 0.313619595168498
60, 4, -0.05913457073093271
44, 16, 0.5974047995610526
0, 28, -0.119342654189548
42, 17, -0.9329318443795205
55, 9, -0.3117317386316172
35, 20, -1.622443433783188
8, 27, -0.4091371788251495
46, 15, -0.9819811925766657
51, 12, 0.3861421298597904
40, 18, 0.5469380354066101
14, 26, 0.6846402374842354
61, 3, -0.007621713243257064
1, 28, -0.1241947788522807
54, 10, -0.6377655013807395
48, 14, -0.4459706348574243
23, 24, 0.2923753998786933
19, 25, 0.2702323810044008
63, 0, 0.4926579914317618
9, 27, -0.5250287840194329
38, 19, 0.5867705029122361
30, 22, -0.1706116883381787
2, 28, -0.6019866804372893
33, 21, -0.1993759036223306
62, 2, 0.4624665204588314
50, 13, 0.4947300970802602
27, 23, 0.3089582755611573
15, 26, 0.3109872430473904
-14, 29, 0.1841662813963123
53, 11, -0.3390238866991336
-13, 29, 0.1748229491023856
-12, 29, -0.4251814348622582
-11, 29, -0.5187668807391643
3, 28, 0.4307061329916635
59, 6, -1.290139333444695
58, 7, -0.9521794608395181
10, 27, -1.090754688769101
-10, 29, -1.314783774574481
36, 20, -0.04719923897441712
60, 5, 0.295217671621291
57, 8, -0.2527299990177259
45, 16, 0.2007658480263051
43, 17, -0.2294811913742584
20, 25, -0.03820294763575269
-9, 29, -0.192393316805192
24, 24, 0.6660315284090511
63, 1, 1.044574634722592
-8, 29, 1.222332924748147
47, 15, -0.07410654357461754
41, 18, 0.05714328823819888
61, 4, 1.306585013795277
56, 9, 0.9149886184346719
52, 12, 0.3508794290792071
4, 28, 0.5101271067583749
-7, 29, 1.419226316755966
16, 26, 0.3291928783066458
31, 22, -0.6307555537621773
11, 27, 0.04473712503453873
49, 14, -0.4120783279515353
39, 19, -0.9553029312413377
-6, 29, -0.4800843806629866
28, 23, -0.2264057503805357
62, 3, 0.3941539648934217
55, 10, 0.6876609913246837
34, 21, 0.3310692000083288
5, 28, -0.1642833806253028
-5, 29, -0.5335759225590492
21, 25, -0.8057387268265647
64, 0, 0.1559901604844026
25, 24, -0.9839341619099485
-4, 29, -0.8797870777650294
51, 13, -0.04662139305204464
37, 20, -0.2642666567762869
17, 26, -0.3451207511431842
12, 27, 0.9103989277905676
63, 2, -0.08554787834366327
54, 11, 0.01458436310761549
6, 28, -0.1374199240565858
-3, 29, 0.5792486582966907
44, 17, 0.6356442440960752
46, 16, -0.7726605837235049
59, 7, -0.9049554017802178
60, 6, -0.0149941502089539
42, 18, -0.3652010395399442
58, 8, -0.5270653918115388
32, 22, -0.2960183336382309
48, 15, 0.1266386252575147
61, 5, 0.370793508189418
-2, 29, 0.1607996582655961
29, 23, 0.8838671915032986
22, 25, -0.4615189936240374
64, 1, -0.9467205233313151
53, 12, -0.5308648520786458
40, 19, -1.041024162145255
35, 21, 0.005935084382329317
13, 27, -0.9894775867000366
7, 28, 0.2156235506221613
57, 9, 0.8117034716992099
62, 4, 0.2514824478058211
18, 26, 0.2101767498716158
-1, 29, -0.08997718553608981
50, 14, 0.3796643040811896
26, 24, 0.009629548434188024
56, 10, 0.1098470093915939
63, 3, 0.4008489885999943
38, 20, 0.04344646864542975
0, 29, 1.721276582279771
8, 28, -0.581016442013032
14, 27, 1.531669937099385
65, 0, 0.8638918671156197
52, 13, -0.001419434437274918
23, 25, 0.4808260944849815
55, 11, 0.1474178737644
45, 17, 0.3812930887543728
33, 22, 0.1172426673110171
30, 23, -0.03128197394948266
19, 26, 0.279906431732394
1, 29, 0.3145329643465675
47, 16, -0.03625526418519553
43, 18, -1.150538509327939
64, 2, -0.09847765504930076
9, 28, 0.05869032730293857
36, 21, -0.9438230366940183
27, 24, -0.7320968702300898
49, 15, -0.4075869134127643
60, 7, 0.5583269315664636
41, 19, 0.8154017073395106
61, 6, 0.1238188813133589
2, 29, 0.959926631967483
59, 8, 0.3190747595218376
15, 27, -0.6350039457790734
-15, 30, 0.2419677753011875
-14, 30, 0.1910024764791246
62, 5, -0.1884993030773158
-13, 30, -0.1960806555622771
54, 12, 0.01825880775021168
-12, 30, -0.5844917196860281
58, 9, 0.01790153749813218
-11, 30, 0.6697856142604443
65, 1, 1.538835050683526
51, 14, 1.463654050952098
-10, 30, -0.5559685202198735
20, 26, 0.5510261132811405
10, 28, 0.2987102922372457
63, 4, -0.2521110185923727
39, 20, -0.1610322700815
24, 25, 0.3344495303533135
3, 29, -0.1369645938828718
-9, 30, -0.5757629418023918
57, 10, 0.01385351571548141
31, 23, 0.04592806440584073
34, 22, -0.6462774435507593
-8, 30, -1.01542997012082
64, 3, 0.180194164519921
16, 27, 0.5421694151945353
28, 24, 0.6819772605586191
4, 29, 0.4664656026898524
-7, 30, 0.8245941507826628
53, 13, 0.2647953848824
46, 17, -0.324960047082344
44, 18, -0.5829651686028396
11, 28, -0.1304413737328526
37, 21, -0.7378792872124161
48, 16, -0.07772512232616159
66, 0, 0.7900497532122166
-6, 30, 0.2397688067240489
56, 11, 0.7542239917246977
42, 19, 0.106268490119249
21, 26, -0.3477628356802313
65, 2, -0.3814911438883424
50, 15, 0.06460149746949627
25, 25, -0.2114403912600298
5, 29, -0.5610278946818469
-5, 30, -0.09018285799104739
61, 7, -1.446930072938169
17, 27, -1.11875785912053
62, 6, -0.04927045512521428
-4, 30, -0.07111489979820343
60, 8, 0.802091146346807
40, 20, 0.3751746558866398
12, 28, -0.3814083470595852
55, 12, 1.070228222122916
32, 23, 1.64502374769862
63, 5, -0.07507507089506729
52, 14, 0.5053430494352437
35, 22, 0.8330840732408166
6, 29, 0.3554271859720386
59, 9, -0.01040987844241698
29, 24, 0.2986678698992758
-3, 30, 1.209657869681081
66, 1, 0.2812049487233426
64, 4, -0.1197062371297641
22, 26, -0.840653161159057
58, 10, 0.01830129604735985
-2, 30, -0.02405427306289546
38, 21, -0.7815882591623859
26, 25, -0.0583706366854265
47, 17, 1.337128734915715
13, 28, 1.460445863584081
45, 18, 0.281438753356136
18, 27, -0.5493945149030121
7, 29, 0.8886841275034416
54, 13, -0.2511305539835803
65, 3, 0.6872895153552931
49, 16, 0.7252518990437532
43, 19, 1.399790159855683
-1, 30, 1.413877213146002
57, 11, -0.4526770240874615
67, 0, -0.6514425949055009
51, 15, 0.7676924824945773
33, 23, -1.253974404655626
0, 30, 0.5133308738323922
30, 24, -0.6712196480980307
41, 20, -0.125765479721744
8, 29, -0.4204314823065634
23, 26, -0.96254727392079
66, 2, 0.09508897712340665
36, 22, 0.8230078669730715
14, 28, 0.2519265239992762
19, 27, -1.993185296547104
62, 7, 0.696006573318773
63, 6, -0.6256487418418686
56, 12, -0.06793630666353562
61, 8, -0.4305605502809173
27, 25, -0.3938331732161945
53, 14, -0.5915951348158442
1, 30, -1.115177797892263
64, 5, -0.0007090754512174897
60, 9, -0.7766202162774644
39, 21, 1.017114412738671
9, 29, -1.588613210648494
67, 1, 0.1943350016874537
46, 18, 0.326887735541776
2, 30, -0.872501778295739
65, 4, -0.7657293518234248
48, 17, -0.8325638299952378
15, 28, -0.9391155312879064
-15, 31, -0.471726380067851
-14, 31, 0.2844211401633038
59, 10, 0.1327427563040372
-13, 31, -0.8553433520988156
44, 19, 0.2721119954813991
-12, 31, -0.1194528136613004
50, 16, -0.9098621694488589
24, 26, 0.03091555477132077
34, 23, -0.479528549492941
55, 13, 0.8739011528904446
31, 24, -0.2917286318704742
20, 27, 0.7602081687223455
-11, 31, 0.06070656327828396
10, 29, -0.6844359331914041
-10, 31, -0.7941817957606693
66, 3, 0.4316403016273888
3, 30, 0.5883830505780123
37, 22, -0.2000239096967058
42, 20, -0.3038974941522328
58, 11, 0.6642083851401058
-9, 31, 0.8961517720775496
52, 15, 1.138705505946
28, 25, 0.3689910984594684
-8, 31, -0.7400984136028396
68, 0, -2.017862536933393
16, 28, 0.1410312109478161
4, 30, -0.6145602761097965
-7, 31, -1.234964925905838
67, 2, -0.6002614398304971
11, 29, 0.59943347276235
40, 21, 1.218712217105646
54, 14, -0.3643400375072003
57, 12, -0.1211281304052715
21, 27, 0.5590800155475848
63, 7, 0.6668591799980802
25, 26, 0.7192577312059463
-6, 31, 0.3562396984020432
64, 6, -0.2250918110215483
62, 8, 0.1742554959374363
32, 24, 1.971719394706538
65, 5, -0.5542797425871604
61, 9, -0.3872050407554464
47, 18, -0.9300213304447299
35, 23, -0.2111887378587539
5, 30, -0.9273099081122044
-5, 31, -0.2945845677106537
49, 17, 1.933727317142764
45, 19, -0.700958764284486
17, 28, 0.9374164801049788
29, 25, -0.7725949215534527
68, 1, 0.08349274883642248
51, 16, -0.4508730758778136
12, 29, 0.04616442130156312
-4, 31, 0.4030670692167531
66, 4, -1.368159147697412
60, 10, -1.459396544520323
38, 22, -0.9944441356458682
56, 13, 0.5685304613485455
43, 20, 1.077216921879909
6, 30, 1.898897578965097
-3, 31, -0.1534121824620547
22, 27, 0.4152375052709209
53, 15, 0.9306339429428058
26, 26, -0.1790492750348267
67, 3, -1.101147674120243
59, 11, -0.7825228277394362
-2, 31, -1.600744625364114
41, 21, -1.16058781258765
18, 28, 1.275552195639857
13, 29, 1.917709205792313