d = 19, symClass = D, D = 16.000000, Y = 0.1329125053532764
[21.55344969572677, 21.55344969572677], 21.55344969572677
1, 0, 1
2, 0, -0.6556466766673082
0, 1, 0.5255491184267388
1, 1, -0.4073006026595095
3, 0, 0.7787818630232864
2, 1, -0.0670826026808504
4, 0, -0.5701274353753315
3, 1, 0.1200052100345188
-1, 2, -1.159920340040903
0, 2, -0.344574532921713
1, 2, -0.3461001646816635
5, 0, -0.4638111947670035
4, 1, 0.01621494652484621
2, 2, 0.2670452865382108
5, 1, 0.218979912540564
3, 2, -0.6470928578651657
6, 0, -0.5106057403400287
-1, 3, -0.2979275449964774
4, 2, 0.04398248550985581
0, 3, 0.4092881215586584
6, 1, -0.04721824103344133
7, 0, -0.08750783905525504
1, 3, -0.5807045990912267
5, 2, 0.1075742167894742
2, 3, -0.1780846221908027
7, 1, -1.096281005830182
3, 3, -0.3171983221496903
8, 0, 1.029448834947752
6, 2, -0.07868101714180642
4, 3, 0.18989567760608
-2, 4, 0.7604979161464195
8, 1, -0.05625727370455846
-1, 4, 0.1109028427042821
0, 4, -0.2996299710521749
9, 0, -0.3934988098260885
7, 2, 0.8011275783854187
5, 3, -0.6038859030947823
1, 4, 0.7300231677751425
2, 4, 0.2269194227675337
9, 1, -0.6095951121535802
6, 3, -0.05224271429220414
10, 0, 0.3040962684496509
8, 2, -0.01063127580149785
3, 4, -1.410055356711259
4, 4, 0.2322132480209688
10, 1, 0.3301972671411613
7, 3, -0.693982540012745
9, 2, 0.3414062378601159
-2, 5, -0.4391626265987468
11, 0, -0.02306733353654093
-1, 5, -0.9679325152985785
5, 4, 0.2607990662292364
0, 5, -0.7693046829526791
1, 5, 0.09183206712384545
8, 3, 0.4724362535355849
11, 1, -0.6980859601125639
2, 5, -0.6483841611274574
10, 2, -0.1435734519140425
6, 4, 0.4242642817544974
12, 0, -0.4440049062823139
3, 5, -0.01014211564911885
9, 3, 0.09345788104318571
7, 4, -0.7004526604597016
12, 1, -0.1586948753879731
4, 5, 0.4406284866987858
11, 2, 0.01995863175197171
13, 0, -1.530179624505263
-3, 6, -0.9033249233756175
-2, 6, 0.1953352047646382
10, 3, -0.4617681384717581
5, 5, 0.1889105791486752
-1, 6, 0.4485594234883272
8, 4, 0.03824563222467605
0, 6, -0.2683483966990036
13, 1, 0.1206781794710419
1, 6, -0.1367787031198698
12, 2, 0.03095848281175047
6, 5, -0.3480118132086649
14, 0, 0.05737422385889536
2, 6, 0.3807370405195897
9, 4, 0.9763786747538591
11, 3, 0.9575608327512579
3, 6, -0.2695365310434135
7, 5, 0.07781047531239976
14, 1, -0.1973285948001395
13, 2, -0.1158225224558372
10, 4, -0.07053067773304658
4, 6, 0.1167605907050131
15, 0, -0.3612077463517571
12, 3, 0.01262790626338329
8, 5, -0.1185400846518816
-3, 7, -0.9627863686634247
5, 6, 0.4829547134274713
-2, 7, -0.5325857233252933
-1, 7, 0.09247509950871134
14, 2, 0.7187729981662063
15, 1, 0.04756317121425707
11, 4, -0.6579407514520244
0, 7, -0.04598966767082054
9, 5, -0.381632784191206
6, 6, 0.2079700257617563
13, 3, -0.07562082418708739
1, 7, 0.1220554238573699
16, 0, -0.104827272057183
2, 7, -0.5566200263577572
7, 6, -0.1530855466826256
12, 4, -0.06841826262859597
15, 2, -0.1512154918120748
10, 5, 0.03111366209744846
3, 7, 0.1490400101816538
16, 1, 0.2556341287592014
14, 3, -0.0779866244070095
17, 0, -0.5867075272095604
4, 7, -0.3844899719196565
8, 6, -0.1245044699358908
13, 4, 0.1451936845263337
11, 5, 0.09749845272555886
-4, 8, 0.6613024087070958
5, 7, -0.7950770542629439
-3, 8, -0.3572219780611788
16, 2, 0.03688489454268627
-2, 8, -0.07271308025204846
17, 1, 0.1553232281847702
-1, 8, 0.06005147361175053
15, 3, 0.1705375842529852
9, 6, -0.5039441813972274
0, 8, 0.5410259276723395
6, 7, -0.1391964840298941
18, 0, 0.2579961869348851
12, 5, -0.2779018956829808
1, 8, 0.3163659317419101
14, 4, -0.5252566343546431
10, 6, 0.3959357854503621
2, 8, -0.4786372638416538
17, 2, 0.4374006707693425
7, 7, 0.4429425982441683
18, 1, 0.7368953101065774
16, 3, 0.2521751458703873
3, 8, -0.5821199195239216
13, 5, 0.03123136227296578
19, 0, 0.3454151952405363
15, 4, -0.03364731057450149
8, 7, 0.2332463224923196
11, 6, -0.3850304727230156
4, 8, 0.1973211992729653
18, 2, 0.3996790093961432
19, 1, 0.1455086076250158
17, 3, -0.02893882519651395
5, 8, -0.0004406597395977727
-4, 9, -0.05869126146143483
-3, 9, -0.2320205685382646
9, 7, 0.1150430197836342
14, 5, 0.4199994894802703
-2, 9, -0.5030671353915045
12, 6, 0.03425276200573958
-1, 9, -0.5217849441973758
20, 0, 0.2644314869705434
16, 4, -0.009244585877197755
6, 8, 0.9244981085445778
0, 9, -0.206802952605893
10, 7, -0.1333834411782144
1, 9, 0.9754472263134008
19, 2, 1.207065915761956
18, 3, -0.03677270972065146
20, 1, 0.7029806143204895
15, 5, -0.05565975984422076
7, 8, -0.6990888581935416
13, 6, 0.5746266106169549
2, 9, 0.318405218100686
17, 4, 0.4014486207058112
21, 0, -0.06814951792860958
3, 9, -0.4522422095463214
11, 7, -0.7940492243228302
8, 8, -0.4192951308814337
4, 9, -0.5539515925227529
20, 2, -0.2164927408462507
14, 6, 0.4550073460244931
16, 5, -0.3760891810701186
19, 3, -0.8202734524645392
21, 1, 0.5417860518077866
12, 7, 0.02785147092459814
9, 8, 0.01212003933285314
5, 9, -0.01880804628692207
-5, 10, 0.5379840387486488
18, 4, -0.22384186524638
-4, 10, 0.2879355166459638
-3, 10, 1.252924637284258
22, 0, 0.01512402057277128
-2, 10, 0.6346217368937411
-1, 10, 0.8679656424690795
15, 6, 0.08377684896460774
6, 9, -0.1386890738454856
17, 5, -0.430333776505861
10, 8, -0.1709920410509526
0, 10, 0.5043920587227136
21, 2, -0.7966374508386364
20, 3, -0.4209233774399335
13, 7, -1.061183321864952
22, 1, 0.0007449792671582017
1, 10, -0.155434227129901
19, 4, -0.09483686201702125
7, 9, 0.1011719070220991
2, 10, -0.06020938962133105
23, 0, -0.2345814834969851
11, 8, -0.5258478685176265
16, 6, -0.3097512595677512
18, 5, -0.02912924025817562
14, 7, 0.0058702535988242
3, 10, 0.1070395920497794
8, 9, 0.07627287273152247
22, 2, 0.457697739775813
21, 3, -0.8537637641173871
4, 10, 0.4251109204468605
23, 1, -0.2114310912471055
20, 4, -0.1248464559353557
12, 8, 0.3689253915043501
9, 9, 0.1602723023878572
17, 6, 0.08342095567449317
5, 10, 0.1605251308900603
-5, 11, 0.5326447990975526
15, 7, -0.543868790422665
24, 0, 0.8017160815676911
-4, 11, -0.2613402553696965
19, 5, -0.001870324504762107
-3, 11, -0.650729166462176
-2, 11, 0.3529770585598834
13, 8, -0.5958650184407226
23, 2, 0.0928160753329967
22, 3, -0.5544191378429253
10, 9, -0.04025861453757702
-1, 11, 0.3991101092030608
6, 10, 0.006649644419754066
24, 1, -0.527858818509242
21, 4, -0.4895333417141357
0, 11, -0.0121230168046078
18, 6, -0.06127534911425133
16, 7, 0.8394919972133622
1, 11, 0.1392706135798262
7, 10, -0.5705884226398213
25, 0, -0.8173090686592894
20, 5, 0.4562905210459283
11, 9, -0.1983800288845552
14, 8, 0.4592494589932082
2, 11, -0.1151355506403982
23, 3, -1.048929643800397
24, 2, 0.1040477676519595
8, 10, -0.2888966029492906
3, 11, 0.6637189248468895
22, 4, -0.01308581057917035
17, 7, -0.8950464045217641
25, 1, -1.184433972129236
19, 6, 1.280958495969754
12, 9, 0.1478873095861491
15, 8, 0.7505761677330676
4, 11, -0.2539992546161026
21, 5, 0.1157964383792794
9, 10, 0.03128632790222165
26, 0, 1.003257185510718
-6, 12, 0.5922619839617836
5, 11, 0.5423671077861693
-5, 12, -1.276124029632567
-4, 12, 0.1698566671565966
13, 9, 0.2043097413308659
24, 3, -0.04381214442426421
-3, 12, 0.08636912245584565
25, 2, -0.2521135892904696
18, 7, -0.4294018592741736
20, 6, 0.3027567453797339
10, 10, -0.1238585934062345
-2, 12, -0.2940964952979739
23, 4, 0.1665763782149128
16, 8, -0.06905810717506942
26, 1, 0.3869846703347876
6, 11, 0.7616481228086337
-1, 12, 1.20814522762186
22, 5, -0.750005347988822
0, 12, -0.2333463870734371
14, 9, 0.01197287300218514
27, 0, -1.085231599237111
11, 10, -0.07248250927116276
7, 11, 0.0009767940463716943
1, 12, 0.5141263523982522
19, 7, 0.5657579705787227
25, 3, -1.307213081509918
17, 8, 1.29655272163303
21, 6, 0.6239036280143622
26, 2, -0.07912224731642516
2, 12, 0.08967850213935959
24, 4, 0.02692041466347873
8, 11, 0.6304834868831236
27, 1, -0.6237631245485853
12, 10, 0.2281727887710531
15, 9, -0.4702953886656903
3, 12, 0.5685288026500124
23, 5, 0.1248972268198084
28, 0, 0.049890619855755
4, 12, 0.3310756237905854
20, 7, 0.6938429078225195
9, 11, -1.430087464230832
18, 8, -0.6401594332710252
22, 6, -0.6278215777001632
26, 3, 0.4519736575717557
13, 10, -0.463306527437199
27, 2, 0.0130177830116567
-6, 13, -0.03849517559494679
25, 4, 0.5900204033128151
16, 9, -0.1268765778363802
5, 12, -0.1421025139698403
-5, 13, -0.02470138974815848
-4, 13, 0.02554394743124011
10, 11, -0.1155032768407501
-3, 13, 0.1364817594853902
28, 1, 0.3455722192999174
24, 5, 0.2441903978962176
-2, 13, 1.099946092150453
6, 12, 0.176720730819129
21, 7, -0.01050139660552494
19, 8, 0.2482385915293792
-1, 13, -0.3876137462931962
14, 10, -0.05101617954848026
29, 0, -0.4987549149316308
0, 13, -0.8041845526930966
23, 6, 0.4054530324880386
11, 11, 0.009395338851138585
17, 9, 0.3830259611416386
7, 12, 0.1229854883326988
27, 3, -0.4747416171328472
1, 13, -0.7670264306159188
28, 2, 0.1293778373920242
26, 4, 0.07593865193122312
29, 1, -0.2930274163877821
25, 5, 0.5455275229997884
15, 10, 0.08114899899117169
2, 13, 0.08058018269161119
20, 8, -0.06133101233032985
8, 12, 0.1015309289293843
12, 11, -0.08317195760706324
22, 7, -0.5516561556112244
18, 9, 0.02639692431497754
3, 13, 0.05476939819541825
30, 0, 0.2368246584815195
24, 6, -0.008279444775308011
9, 12, -1.098125537665263
28, 3, 0.05326560347662022
4, 13, -0.1607490495516172
16, 10, 0.07772041255399378
27, 4, 0.6839384908026375
13, 11, -0.7587450033687605
29, 2, -0.2476109174264022
21, 8, -0.7179686426317969
26, 5, 0.6735710760411984
-7, 14, 0.1015021224332201
-6, 14, 0.6312476829547213
30, 1, -0.01000260625242665
23, 7, -0.1337652474359764
5, 13, 0.03582153921255969
-5, 14, 0.09102308245605889
19, 9, 0.0728582519533576
10, 12, -0.3166476528396811
-4, 14, 0.3491880595383864
-3, 14, -0.1621333661769718
25, 6, 0.589105256639308
14, 11, -0.9548998599068143
-2, 14, -0.06063099166738585
17, 10, -0.2477360054114955
6, 13, 0.8163976699354895
31, 0, 0.33188485809586
-1, 14, 0.4754234880341534
29, 3, 0.2122150193352487
11, 12, 0.3159594998288071
28, 4, 0.6250198783047538
30, 2, -0.0311846351386124
22, 8, 0.4313766671332888
0, 14, 0.03015297276951658
20, 9, 1.157340327048773
7, 13, -0.131070423514004
27, 5, 0.1313139207062323
24, 7, 0.07491162406670188
15, 11, 0.5102100834736443
1, 14, 0.496280419511093
31, 1, 0.2753034467539143
18, 10, 0.2502162666624036
12, 12, 0.1808434659124539
26, 6, 0.0495805420652017
2, 14, -0.08002523302133051
8, 13, -1.076725397600149
32, 0, -0.9607191823994616
3, 14, 0.8520130776072304
23, 8, -1.13319326641704
30, 3, 0.257151642869317
21, 9, -0.540461015416747
29, 4, -0.3288731289162947
16, 11, 0.06575426419329317
31, 2, 0.7659588736945891
9, 13, -0.7576970940623278
25, 7, 0.2065639755276896
13, 12, -0.1247775221180554
28, 5, 1.288714338056798
19, 10, 0.2273190049977184
4, 14, 0.3649460704478165
32, 1, -0.3163227260909797
-7, 15, -0.9217431433024189
27, 6, 0.2658809859684848
-6, 15, -0.3420118885127282
-5, 15, 0.1381821305988573
10, 13, 0.03800456525661489
5, 14, -0.04766632367735505
17, 11, -0.3350353393208221
-4, 15, 0.3677198213161378
14, 12, 0.10037002992831
22, 9, -1.460463309494426
24, 8, 0.1235392236577144
33, 0, -0.01796442098658189
-3, 15, -0.7538082875449913
31, 3, -0.3361395914488192
-2, 15, 0.9067291729281683
30, 4, 0.09914393466714373
20, 10, -0.02039956915321776
6, 14, -0.0977175873660741
26, 7, -1.02044689844896
32, 2, -0.1676056669635999
11, 13, -0.4143585470609574
29, 5, 0.03280211503263996
-1, 15, 0.1563782514719368
0, 15, -0.5991205342223213
15, 12, 0.2031055826727963
33, 1, -0.04312280918895581
18, 11, 0.4450867239426781
7, 14, 0.03028647750798584
28, 6, 0.05113167111691707
23, 9, 0.06559837909881855
1, 15, -0.08185670458055939
25, 8, -0.9785023534996256
12, 13, 0.8539050795251744
21, 10, -0.5109421053837626
34, 0, 0.3846728403905696
8, 14, 0.252089572300999
2, 15, 1.271598637063011
27, 7, 0.6694084079740928
32, 3, -0.7251227478850253
31, 4, -0.2868603066835408
16, 12, -0.1082647356624058
33, 2, -0.5344820225152901
30, 5, 0.02190034878867208
19, 11, 0.5329507400088028
3, 15, 0.07151714832002944
13, 13, 0.6232430832381579
9, 14, -0.06597978242930226
34, 1, 0.3197458706727035
29, 6, -0.2225454566261396
24, 9, 0.3679247856881824
4, 15, 0.5623228237664923
26, 8, -0.09519575673269505
22, 10, -0.06392453650971731
17, 12, 0.483395643609607
-8, 16, -1.194078642687457
-7, 16, -1.217819937563739
10, 14, 0.5212896283216298
-6, 16, 0.2342114027480339
14, 13, 0.1371439612045021
35, 0, 0.04058711538363462
28, 7, -0.001418934930915314
20, 11, -0.3801930586248419
5, 15, 0.2693372939111398
-5, 16, 0.3613608705829385
32, 4, 0.03207381517830808
-4, 16, -0.06322875328694938
33, 3, -0.5436566845669245
31, 5, -0.09748367458335856
-3, 16, 0.143060615934661
34, 2, -0.1018371583687734
6, 15, -0.5049498249576333
-2, 16, -0.03937254910262919
25, 9, 0.1854778380576869
11, 14, -0.5866113846471431
23, 10, -1.147262912536768
30, 6, -0.1118124003623701
18, 12, 0.3304093277590655
35, 1, 0.1479317295528791
27, 8, -0.019639488737596
15, 13, -0.02466149541700605
-1, 16, -0.05482341955325767
21, 11, 0.1517813938891603
7, 15, -0.3520580045426699
0, 16, -0.05509188041716544
29, 7, -1.278239007080284
12, 14, 0.09126371215792073
36, 0, 0.2243444672692246
1, 16, -0.2584902143882418
33, 4, 0.1898674569036868
34, 3, -0.2650109397598186
32, 5, 0.01949871027227462
8, 15, -0.06530354828664739
19, 12, -0.03300104216614427
16, 13, 0.09192138615100948
35, 2, -0.818596600616282
26, 9, 0.2335342723144891
24, 10, 0.1822054543440768
2, 16, -0.2074242717571949
31, 6, 0.5826185511516569
28, 8, -0.4567448116730318
22, 11, 0.06863001945139716
13, 14, 0.1283154479207348
36, 1, -0.3100103793715991
3, 16, 0.593501221876512
9, 15, -0.00789849572020839
30, 7, -0.799320240275159
17, 13, 0.6384122920692026
20, 12, 0.3442919211905622
4, 16, -0.4162062364082861
37, 0, -1.709463850111751
34, 4, -0.2867802961618671
14, 14, -0.2904138424930339
-8, 17, 0.08527379313698294
35, 3, -0.07910902104253537
25, 10, 0.1281904961756633
10, 15, -0.02497657540149018
-7, 17, 0.04411886076377785
27, 9, -0.04722190732144727
33, 5, -0.7746518385560943
-6, 17, -0.02070740674596407
5, 16, 0.6389912465699559
-5, 17, -0.3702946645518763
23, 11, -0.2202638589410915
36, 2, -0.4831429611229188
29, 8, -0.3940907426323247
-4, 17, -0.3859394658931854
32, 6, -0.1653377963281207
18, 13, 0.5309211470582814
-3, 17, 0.2279249262521768
37, 1, -0.4035406386029806
11, 15, 0.5958196052200148
6, 16, 0.3816649906575594
21, 12, -0.5454998278724021
15, 14, -0.5764269798987444
-2, 17, 0.4944553764865324
31, 7, -0.2708883571921308
-1, 17, -0.3917467988942527
26, 10, -0.02047673888221692
28, 9, 0.2317615277177257
7, 16, -0.2440821958621479
38, 0, -0.2264703248297461
35, 4, -0.3621444040029698
24, 11, -0.04199232756965422
0, 17, -0.308343623699238
36, 3, -0.123588690706887
12, 15, 0.3431534737723801
34, 5, -0.2094245845815518
19, 13, -0.7838190559052824
30, 8, 0.02206074735702705
16, 14, -0.1529271761869071
37, 2, -0.128638463021091
1, 17, 0.06525395604519048
33, 6, 0.01554342041914941
22, 12, 0.2524439498564336
8, 16, -0.3562924113067627
2, 17, 0.3396615404067336
38, 1, -0.6836782517449363
13, 15, 0.613975777353311
32, 7, -0.9293416809690731
27, 10, 1.297166950618941
25, 11, 0.1636549568223833
20, 13, 0.2219186162346329
9, 16, -0.06117450506667983
3, 17, -0.06930579042683699
29, 9, -0.1286634457487838
17, 14, 0.2223222919474125
36, 4, 0.3475468979095065
39, 0, -1.191676138732478
37, 3, 0.212338211410747
35, 5, 0.5084674031145596
23, 12, -0.2478904871822065
31, 8, 0.02638615285664146
4, 17, 0.06060444127430204
14, 15, -0.4217177620916224
-9, 18, 0.4564272732990516
38, 2, -0.09540223501583094
34, 6, 0.01897364456674292
10, 16, 0.0002889170938450134
-8, 18, 0.03848073052659971
-7, 18, 0.3632886651951517
-6, 18, 0.152123514680655
5, 17, -0.8969228727171307
-5, 18, 1.060182844004613
18, 14, -0.0754275735948412
21, 13, 0.05306162680383214
28, 10, -0.2753712694797272
-4, 18, 0.3298342954599182
39, 1, 0.1531680043765892
33, 7, -0.0900480063428159
26, 11, 0.1994018572545262
30, 9, -0.3596166511638224
15, 15, 0.1471201327741834
-3, 18, 0.349329943500869
11, 16, -0.9292441731368064
6, 17, -1.398116061163428
24, 12, 0.02978500471645687
-2, 18, 0.3421065645979511
37, 4, 1.343718763177662
40, 0, -0.4774698940887652
32, 8, 0.01669245780861937
36, 5, 0.3463163423477987
38, 3, 0.5844200125540354
-1, 18, -0.4878571167178483
19, 14, 0.422886559403351
7, 17, -0.8808912049674974
35, 6, -0.8467687210035019
22, 13, 0.7004595420635129
12, 16, 0.8039112442589693
39, 2, 0.6797318034756429
0, 18, 0.1355896686013496
16, 15, -0.417566719489417
29, 10, 0.5203733541437742
27, 11, 0.2639135822340701
34, 7, 0.251955892949651
1, 18, -0.2505951739207783
40, 1, -0.06099649584286922
31, 9, 0.393528168897136
25, 12, 0.04031680325911623
8, 17, -0.3324189958297531
13, 16, -0.8934106460223104
20, 14, 0.08745240993066354
2, 18, -0.6395487321969396
17, 15, -0.4187059304961551
33, 8, -0.1963325477675954
23, 13, 0.1210022202458131
38, 4, -0.791408756187606
37, 5, 0.02662242659718871
9, 17, -0.1580682771808027
41, 0, -1.254888442581637
39, 3, 0.09398197743474153
3, 18, -0.1065207732375422
36, 6, 0.0241099049205776
28, 11, 0.7214747890961634
40, 2, -0.4609069035405666
30, 10, 0.0364931365662195
14, 16, 0.4583552865697667
26, 12, -0.3767520275755214
4, 18, -0.2087613230811458
35, 7, 0.6279303989222662
21, 14, -0.1623542148806945
10, 17, 0.7707020561456932
-9, 19, -0.3109509823016331
32, 9, 0.1193108292576249
-8, 19, -0.457738807742509
18, 15, -0.2710252882448146
-7, 19, -0.5666965837343735
41, 1, -0.1579809908051344
-6, 19, 0.2519573658418436
24, 13, 0.3441666472835789
5, 18, 0.3549765267670009
-5, 19, 0.4195728344312149
15, 16, -0.8481157716406411
-4, 19, 1.113176622843552
34, 8, -0.2632084540183511
11, 17, 0.2089929524549693
39, 4, -0.07046399420099674
-3, 19, 0.381342520192601
38, 5, 1.224969460776346
42, 0, 0.04468200494636062
6, 18, 0.2965111017378903
40, 3, -1.418313086302866
29, 11, 0.8064478652543073
37, 6, -0.09874240509179087
31, 10, 0.02197542084451992
19, 15, -0.0006840902982617359
-2, 19, 0.03962539368560029
22, 14, 0.5206157350374575
27, 12, 0.7603860033410198
41, 2, 0.8947615646348326
-1, 19, 1.129922021895002
33, 9, 0.7457310092880965
16, 16, 0.0426962110839684
36, 7, 0.022978853280545
12, 17, -0.02565660720833416
25, 13, 0.7100051473410175
7, 18, -0.6771779175210625
0, 19, 0.1815326513497259
42, 1, -0.0756672730192427
35, 8, 0.1433448618295723
20, 15, -0.08807574111156595
1, 19, -0.1371865653143657
8, 18, 0.3631965206718515
23, 14, -1.528202347270936
30, 11, -0.9115114981833012
13, 17, 0.506806647169379
40, 4, -0.1882545210831939
28, 12, 0.3956584857326618
39, 5, 0.5345514712717716
17, 16, -0.08112812689614755
32, 10, 0.2465816216990443
2, 19, 1.107921794688747
43, 0, 0.08651652392876276
41, 3, -0.908994879793408
38, 6, 0.5378095630660136
26, 13, 0.1026484317810878
9, 18, 0.1361900028828377
34, 9, 0.4561649108559512
42, 2, -0.3552202243325347
3, 19, -0.04279901542718641
37, 7, -0.6643834646793956
14, 17, 0.339910737339788
21, 15, 0.06059738692649631
24, 14, -0.01826072435212414
18, 16, -0.007946463509553274
43, 1, 0.483013661132553
4, 19, -0.3583099902882976
10, 18, 0.01233143304293955
-10, 20, -0.3527274471048601
-9, 20, -1.073695873547183
36, 8, -0.1946450628126833
-8, 20, 0.2503786620151483
31, 11, 0.1114698399570845
29, 12, 0.1063856674706398
-7, 20, -0.6609264410884114
-6, 20, -0.8214758745498509
33, 10, 1.635551888831115
41, 4, -0.03152576106760827
40, 5, 0.02609275333102183
27, 13, 0.02970134369806
15, 17, -0.08988241086706382
5, 19, 0.09347897819454738
-5, 20, -0.0514379799771519
42, 3, -0.153675930685998
39, 6, -0.09020047981817216
44, 0, 0.01315131971002708
-4, 20, 0.5518448825633354
22, 15, -0.3994238556247115
11, 18, 0.1911839862168609
35, 9, 0.181847023954294
19, 16, -0.06092550869724168
-3, 20, -0.7549471531975812
43, 2, -0.5566730204990046
38, 7, 0.02790004147008169
25, 14, 0.05135074332186799
6, 19, 0.3901099795497921
-2, 20, -0.5690787889462697
16, 17, -0.08091911911326681
30, 12, -0.05492801260518501
12, 18, 0.09093103035704195
32, 11, 0.3450902381973872
-1, 20, -0.2815622399566638
44, 1, -0.3700346901934119
37, 8, -0.1784125446691798
7, 19, -0.1220873276632358
28, 13, -0.04000319259886971
34, 10, 0.2821469104236338
23, 15, -0.3029024242965773
20, 16, -0.1486887027773919
0, 20, 0.4386017059143726
41, 5, -0.1934961686334576
42, 4, 0.5223126971510131
40, 6, 0.2759770135499009
26, 14, 0.6957613183153398
1, 20, -0.01389564561142238
8, 19, 0.04203087487177273
43, 3, 0.2502753278051057
17, 17, 0.2389663294173158
13, 18, 0.06293066675369316
45, 0, 0.182509153124623
36, 9, -0.006380562159186065
39, 7, -0.9181641701352397
44, 2, -0.00048844318071789
2, 20, 0.1019099344580146
31, 12, 0.1403250840286492
33, 11, -0.002768200206001149
21, 16, -0.133427822559942
9, 19, -0.09888606703538574
24, 15, -0.09231686796808367
29, 13, -1.286811460053667
38, 8, 0.06217947340705069
14, 18, -0.06633302461110124
3, 20, -0.8787795379216155
45, 1, 0.5957352206279609
35, 10, -0.3715719392914207
18, 17, -0.5697547389413503
27, 14, 0.07965771619446003
10, 19, 0.4396151699233113
-10, 21, 0.8291296858998384
4, 20, -0.05235598091462677
-9, 21, -0.7498005618810731
42, 5, -0.5009293953992184
43, 4, -0.1256581505476217
-8, 21, 0.1723492269350411
41, 6, 0.1924341922318529
37, 9, 0.1535815989189974
-7, 21, 0.02607099565771932
44, 3, 0.45636224384075
15, 18, 0.3761163714789111
-6, 21, -0.4147681018309249
46, 0, 0.153802570062458
22, 16, 0.3447704074262103
40, 7, 0.3190089624015429
25, 15, -0.4499341255580498
5, 20, 0.2652929854413324
-5, 21, -0.2564144689624353
32, 12, -0.2693488696066123
19, 17, 0.01313903831776228
45, 2, -0.2182226640488323
34, 11, 0.5528978273992247
30, 13, -0.2619043735043365
11, 19, 0.865893390772614
-4, 21, 0.2040238645099487
-3, 21, 0.07201793027861669
39, 8, 0.0675706087875122
36, 10, 0.0190984895691233
28, 14, -0.003848812263258066
6, 20, -0.07018015279921631
16, 18, -0.05000805552641745
46, 1, -0.1898356640702312
-2, 21, 0.05883961866107809
23, 16, 0.5093604149498688
12, 19, -0.6358869038432059
20, 17, 0.8049644637939597
-1, 21, -0.3830025263829568
43, 5, -0.06557995037020607
7, 20, -0.06289139540222481
38, 9, -0.09562084047576344
26, 15, 0.0467028376904332
44, 4, 0.3979979581104247
42, 6, 0.5597673746026911
45, 3, 0.03704133508961462
33, 12, -0.5123923241747221
0, 21, -0.03581591906850041
47, 0, -0.3461840061997151
31, 13, -0.6493568692277552
41, 7, 1.312440077429562
35, 11, -0.4847778826123889
17, 18, -0.3498458570480517
13, 19, -0.4558994051883648
8, 20, 0.3696615989214908
29, 14, -1.099976731150623
1, 21, 1.122017384156877
46, 2, 0.138624092320394
37, 10, -0.173859798271457
40, 8, 0.2254286158418657
24, 16, -0.6661489886323178
21, 17, -0.2829807489569133
2, 21, 1.082984758192958
27, 15, -0.2972086906632164
47, 1, 0.5093936631776672
9, 20, -0.3960040395107365
14, 19, 0.4109368827403289
18, 18, -0.1050820024225131
39, 9, -0.05889212634389542
3, 21, 0.09505455038381183
44, 5, 1.814306793694194
34, 12, -0.05469467235245466
45, 4, -0.1935015080457052
32, 13, -0.3887560341567023
43, 6, 0.1608859766992354
36, 11, -0.2494717806132248
46, 3, 1.122724612281779
-11, 22, 0.02675626935954177
10, 20, -0.1052477685895387
-10, 22, -0.3492267923723066
30, 14, 0.3565857649837119
42, 7, 0.004131966236869845
-9, 22, 0.2694654939804013
22, 17, -0.2146257945221561
48, 0, -0.08163757822849182
25, 16, -1.148802121037044
4, 21, 0.753495445914644
-8, 22, 0.1713468699125728
-7, 22, 0.2818512082153816
15, 19, -1.144039187837223
47, 2, 0.2664900789273187
19, 18, 0.7095507034087273
38, 10, 0.001226272045926298
-6, 22, 0.4266484154014069
41, 8, 0.7357054325318385
28, 15, -0.9032533370627193
-5, 22, 0.1026237921538894
5, 21, 0.4668465716529769
11, 20, 1.533479445550941
-4, 22, -0.2314282353845348
48, 1, 0.4245383048174997
-3, 22, -0.1577021309849687
33, 13, 0.002083176106696993
40, 9, 0.04618867455504854
35, 12, 0.05992395402681924
23, 17, -0.03344932258173089
16, 19, -0.03064932204428507
6, 21, -0.4334855811229167
26, 16, 0.3906769190829277
45, 5, 0.8923321494457211
31, 14, -0.3025061415828226
46, 4, -0.06085455133349162
44, 6, 0.3635030652073577
20, 18, 0.02639542682875633
-2, 22, -0.2616752167233006
37, 11, 1.197556868389911
12, 20, 0.005782298384383957
47, 3, 1.16962811373996
43, 7, 0.1473187634192668
-1, 22, -0.4218155289937871
49, 0, 0.1690668200785243
29, 15, 0.08607344182402235
7, 21, 0.1383240436511971
39, 10, 0.9302322305248172
17, 19, 1.052374715614131
48, 2, 0.3460888801049873
42, 8, 0.3209609086125315
0, 22, 0.007948415679119979
24, 17, -0.2812378650540306
13, 20, -0.3190379427525956
8, 21, -0.001289289809809202
21, 18, -0.1192202472473998
27, 16, -0.7259342561899428
34, 13, 0.471137537927995
1, 22, -0.6765597157055832
36, 12, -0.05328290203463616
32, 14, -0.5504101380615579
49, 1, 0.641705926815584
41, 9, 0.2706112296331046
38, 11, 0.6780504236019608
2, 22, -0.09131231495100915
46, 5, 0.8880338914017768
18, 19, -0.4138383033174339
45, 6, -0.1177638824314881
30, 15, 0.02423075573371308
9, 21, 0.1160696567941862
14, 20, 0.3741044030484827
47, 4, 1.644926556943497
44, 7, -0.106517882525007
48, 3, 0.1990832230474858
3, 22, -0.8701832524004289
25, 17, 0.4178601786569288
50, 0, 0.5358659746758528
40, 10, -0.2991653637188222
22, 18, 0.1300672066552505
28, 16, 0.3993472789095689
43, 8, -0.4185922621430674
-11, 23, 0.3931511567916423
10, 21, -0.4336157580677454
-10, 23, -0.4037284619202057
49, 2, 0.184787833623883
-9, 23, -0.168883878822934
4, 22, 0.07548824114347887
35, 13, -0.3593520215626346
15, 20, 0.6539994596837871
-8, 23, 0.3136240771502464
19, 19, -0.1406878171892149
33, 14, -0.3769555057314071
37, 12, -1.174570308507938
-7, 23, 1.172136095070576
-6, 23, -0.8846209602853004
42, 9, -0.06073456864666799
31, 15, 0.3510811602933545
50, 1, -0.2182730276346779
39, 11, 0.0548963855517821
5, 22, 0.02827029219621037
-5, 23, -0.02748724580200911
11, 21, -0.7315942639306257
23, 18, 0.02229184757630464
26, 17, 0.1068805832948599
47, 5, 0.5718045723529137
-4, 23, -0.2581582851882048
46, 6, 0.6877272350153785
48, 4, 0.09047630231219948
16, 20, -0.2512143890748732
45, 7, 0.01236410477630069
29, 16, 0.09397750831368173
20, 19, -0.02252303537108248
-3, 23, -0.0771598230837616
6, 22, -0.4351651073167425
41, 10, -0.3121244567900052
49, 3, 0.2220096838654346
51, 0, -0.4569171810900589
12, 21, -0.2994338166453515
-2, 23, 0.8097241042315971
44, 8, -0.01137896353448553
36, 13, 0.6055017449802332
34, 14, 0.5868342005875463
50, 2, 0.7765701975584548
38, 12, -0.8398561808310664
7, 22, 0.314555816405181
-1, 23, 0.3386688009812912
24, 18, -0.09696182305143208
32, 15, -0.05853711049583912
17, 20, 0.04613016977936865
27, 17, 0.9217226272577309
43, 9, 0.7520739766520402
40, 11, 0.07810991619353701
21, 19, -0.6308276836456322
0, 23, -0.1232840918510889
13, 21, 1.353989156402919
51, 1, 1.43700041638893
30, 16, -0.4921127699597285
8, 22, 0.1665337671650217
48, 5, 0.8730636355473675
1, 23, -1.041179572822715
47, 6, 0.2307345285687835
49, 4, -0.2062901525591906
46, 7, -0.4002122672128322
42, 10, -0.0759215499931428
18, 20, -0.02051277691410205
50, 3, 0.1628597836889306
37, 13, -0.05035065721197807
35, 14, -0.009413587249296189
25, 18, 0.04396933457828865
14, 21, 0.01558380045695479
2, 23, -0.07458702765461639
9, 22, 0.05144970858028134
52, 0, 0.8723973849824527
45, 8, -0.4792892981569556
28, 17, 0.559459580205043
22, 19, 0.8773446959327307
39, 12, 0.113074208134645
33, 15, 0.07593002665553296
51, 2, -0.1178891744622488
3, 23, 0.02417499188302553
-12, 24, 0.5150103218745949
44, 9, -0.07194950188760978
41, 11, 0.37593801666334
31, 16, 0.03386107818292842
-11, 24, -0.2701825884764224
10, 22, -0.3556011917535487
-10, 24, 0.836686479043849
19, 20, -0.245240952285489
15, 21, -0.6191915895660263
-9, 24, -0.2781979975874068
-8, 24, -0.306701164095431
4, 23, 0.02055172720627504
52, 1, -0.04890928746028315
-7, 24, 0.100111128324107
26, 18, -0.1339550029144002
49, 5, -0.1111586402025197
23, 19, 0.1159489197933918
48, 6, 0.02872528688938644
-6, 24, -0.05662762810490062
43, 10, 0.2685894678931591
29, 17, 0.156457176567237
50, 4, 0.1652974369609442
36, 14, 0.2815359019878408
47, 7, 0.3482622401525947
38, 13, 0.3217409657385538
11, 22, 0.007983607935809264
5, 23, 0.00324950506760473
-5, 24, -0.225484352293609
34, 15, -0.7390241533198512
16, 21, 0.6982342117713515
51, 3, 0.1209629130164978
40, 12, 0.2632666845248005
20, 20, -0.1077031040054575
-4, 24, -0.2557360337268997
46, 8, -0.1092152487879612
53, 0, -0.5406527914166802
32, 16, 0.007032086241532984
-3, 24, 0.04676699849661786
6, 23, -1.329367153048846
52, 2, -0.2537252130261192
12, 22, -0.4993720605092503
42, 11, 0.01176404623249997
45, 9, -0.08616833496040072
27, 18, 0.2546302694168986
-2, 24, -0.792116403421691
24, 19, 0.3663840272412315
17, 21, 0.05434379052498406
30, 17, 1.037597969310501
7, 23, -0.9499143498842896
-1, 24, -0.1855611304334513
21, 20, -0.5583199000022124
53, 1, 0.2019846234162999
37, 14, -0.09845570186893325
39, 13, -0.1836295272291595
50, 5, 0.5408333510311506
49, 6, -0.3111686089719267
35, 15, -0.008320396110564029
13, 22, 0.1306434094303776
44, 10, 0.4917385138915856
0, 24, 0.4213411798967633
51, 4, 0.2838177537620289
48, 7, -0.5585120354000819
41, 12, 0.1388750521929068
8, 23, -0.06419601204819263
33, 16, 0.7972300551261884
52, 3, 0.2307409504198612
47, 8, -0.9147212299573532
25, 19, 0.1201207436772838
1, 24, -0.122086638466662
18, 21, -0.1084036971591056
28, 18, -0.007849974393907642
54, 0, 0.7115284914539318
22, 20, 0.04752291632004389
14, 22, -0.00064043177031241
43, 11, 0.2945753246390019
2, 24, -0.3370852343370828
31, 17, -0.3776717974117657
9, 23, -0.6056055524673297
53, 2, 0.6382874388932051
46, 9, -0.2672738749912681
38, 14, -0.3709373332078507
36, 15, -0.2164249560576109
3, 24, 0.2463800497190461
40, 13, -1.044316306465964
19, 21, 0.418003636180279
-12, 25, 0.7568086470509989
-11, 25, -0.2995776594398233
54, 1, 0.2364457293162741
45, 10, -0.158348035082734
26, 19, -0.2253739615358823
15, 22, -0.347274894205339
10, 23, 0.333032897193256
-10, 25, 0.2036885425397514
50, 6, 0.8570699125877542
34, 16, -0.8500804830626714
51, 5, 0.1490172660447069
-9, 25, -0.1284785122361017
29, 18, 0.8124692881029462
42, 12, -0.4090603402680071
49, 7, 0.09593318181752003
23, 20, 0.7409745495680604
-8, 25, 0.5322562943958027
52, 4, -0.06880194096754658
4, 24, 0.07798129122366537
-7, 25, 0.6555045810504726
48, 8, -0.04860876322011336
-6, 25, -0.1320898931000844
53, 3, 0.8212441307930135
32, 17, -0.8848103179022571
11, 23, 0.3532289228101552
55, 0, 0.01069888752767262
44, 11, -0.0003740355797463782
20, 21, 0.004446946567745211
5, 24, -0.03583689451822374
-5, 25, 0.4489379363744689
16, 22, -0.41337440286842
47, 9, -0.3259934323416637
-4, 25, 0.6200947833200462
54, 2, 0.4089682196377169
39, 14, -0.1145493963415753
27, 19, 0.08025219095915317
37, 15, -1.103232125539699
24, 20, 0.1984110825448004
41, 13, -0.5110939441233191
-3, 25, 0.1840734138227572
30, 18, 0.3083476086303431
6, 24, -0.3727540200473023
35, 16, 1.047694530304393
12, 23, -0.1653059721811024
46, 10, -0.08188845168941199
-2, 25, 0.5826958823003531
17, 22, -0.3050286495225591
55, 1, 0.2074661522583095
43, 12, -0.06107905587906284
51, 6, 0.3406397092694833
21, 21, 0.344955661872918
52, 5, 0.2274235174341775
50, 7, -1.273196174169079
33, 17, 0.6734516891636132
7, 24, -0.02315042292855546
53, 4, 0.3628960820384194
-1, 25, 0.2839373731774185
49, 8, 0.1085766833944477
13, 23, -0.09811359191545023
28, 19, 0.5217262328204791
54, 3, 0.5738807024578946
45, 11, -1.117659121267634
25, 20, 0.6483431564510655
0, 25, 0.3397686224371818
56, 0, -0.09008484296418788
8, 24, -0.5978056729832247
38, 15, -0.06392416233862144
31, 18, -0.04922614373065123
40, 14, -0.4549157966428653
18, 22, 0.9376320932664428
48, 9, 0.1963894299091405
22, 21, -0.3875913228524381
1, 25, 0.8708066543663577
36, 16, -0.5566602697923578
55, 2, 1.376748863913915
42, 13, -1.497767638190991
14, 23, 0.2076018117008502
9, 24, -0.4533444354298823
47, 10, 0.05668875529121661
34, 17, 0.03935786793765489
2, 25, -0.005103579249056524
44, 12, -0.5459317017923694
52, 6, -0.296335026528172
26, 20, 0.3037653849923672
56, 1, 0.1630640206687325
29, 19, 0.2857477092176454
53, 5, 0.1684958845343962
19, 22, 0.2827537504228403
51, 7, -0.3717305959196591
3, 25, 1.436336481937999
-13, 26, 1.774886470379635
54, 4, -0.008535066169093487
-12, 26, 0.02523923394656164
15, 23, 0.04276572046525111
-11, 26, -1.145293819646833
23, 21, -0.9247050335926668
50, 8, -0.3868449165978929
32, 18, 0.08318620660528639
10, 24, 0.09316904103039009
-10, 26, 0.01619538409738653
46, 11, 0.7097688582498334
-9, 26, -0.4034061580426318
39, 15, 0.02432241849565688
55, 3, 1.418778306645941
41, 14, -0.7211445149736324
-8, 26, -0.01674780424229603
37, 16, 0.7512948423003576
4, 25, -0.08309909923246583
49, 9, 0.6540225979606589
-7, 26, -0.7375490594377111
57, 0, 0.269003089265962
43, 13, -0.575368185750215
20, 22, 0.07572933960496674
-6, 26, -0.08948381203218041
35, 17, -0.2246768137662345
11, 24, -0.7161048839283763
56, 2, -0.2265732771324458
27, 20, -0.3272366300406998
16, 23, -0.1141029407869082
30, 19, 1.297173890242765
5, 25, -0.04259274077078697
-5, 26, -1.294195786127617
48, 10, -0.1601026228546472
45, 12, -0.02620391521492567
24, 21, 0.1816480055739777
-4, 26, -0.7211759998315191
33, 18, -0.2998547488679521
53, 6, 1.10589845890221
57, 1, -0.02823754073370239
54, 5, -0.03784448258639938
6, 25, 0.01836454208468573
-3, 26, 0.01515664080134018
12, 24, 0.1536701711837621
52, 7, 0.1663350271747594
21, 22, -0.4977670601582487
55, 4, -0.5202931990211855
40, 15, -0.2191212232035762
17, 23, 0.535614256196178
51, 8, 0.992287420820967
47, 11, -0.1501701378102993
42, 14, 0.006885205784756365
38, 16, -0.1627568075568234
-2, 26, 0.2541376645876569
28, 20, -0.0443618867352037
56, 3, 0.6977760791611879
7, 25, -0.4634350232872359
44, 13, -0.8094313695722128
36, 17, -0.2112025501331844
50, 9, -0.125452448558722
31, 19, 0.1583374526542709
25, 21, -0.1104106926080354
-1, 26, 0.2321241248222253
13, 24, 0.1757635000068092
58, 0, 0.3270070024462213
0, 26, 0.5272609294005043
57, 2, 0.1211895107890461
18, 23, 0.1086350669212273
46, 12, -0.2658339332953267
22, 22, -0.006160022693964309
34, 18, -0.2511296984997863
8, 25, 0.3672029163081899
49, 10, -0.5258694334127944
1, 26, 0.006933707093315744
14, 24, -0.08063502670377332
54, 6, 0.3112627635488462
41, 15, 0.1784503352851025
29, 20, -0.1992893080920266
55, 5, 0.3237800832097473
53, 7, -0.9670258406501669
39, 16, 0.944386987624064
58, 1, 0.9044146664514279
26, 21, -0.8973942906587127
43, 14, 0.08259984166556693
9, 25, -0.1005329214183981
2, 26, 0.5028983301491847
48, 11, -0.4621004075628724
32, 19, -0.2449454509678942
56, 4, 0.1125024456794612
52, 8, 0.06603359768635894
37, 17, -0.02749988755484887
19, 23, 0.01944306926540513
45, 13, 0.1811823690801611
23, 22, 0.03356723980483294
-13, 27, 0.3439161253191417
57, 3, 0.1133194645321119
51, 9, -0.0225370322002189
15, 24, -0.000343177812967228
-12, 27, -0.04570768994409172
3, 26, 0.1495740131434072
-11, 27, -0.8517891767711495
35, 18, -0.1036872084976223
10, 25, 0.3007278324404562
-10, 27, 0.08266017949700401
59, 0, 1.166785087302535
-9, 27, 0.1172341343705781
47, 12, -0.2015895364831845
-8, 27, 0.5521399495142135
58, 2, 0.1921224517270981
50, 10, -0.3576733074852633
30, 20, -0.05320507150318955
4, 26, -0.05283212898685524
27, 21, 0.0895934172749394
20, 23, 0.6721798771497256
-7, 27, -0.4970917397064097
42, 15, 0.327087984886318
-6, 27, -0.3917795609260176
40, 16, 0.110742152144431
16, 24, -0.1833290068363995
33, 19, 0.333215547673108
11, 25, 0.3157262799823171
24, 22, 0.05453141759694717
44, 14, 0.3616915250898459
55, 6, 1.141277904711023
38, 17, -0.3407109057242874
5, 26, 0.6835955963337054
-5, 27, -0.2768366916555339
54, 7, 0.3338930389130323
56, 5, 0.2459342954844443
59, 1, 0.7762032790494459
49, 11, 0.4936760395666979
53, 8, 0.1586523998330313
-4, 27, -0.1399770749676131
57, 4, 0.7839724700717569
46, 13, -1.192946588251042
36, 18, -0.01730705570139041
21, 23, -0.2692100119506561
12, 25, -0.2081459333640547
6, 26, -0.03590937391002217
-3, 27, -0.4063566509395604
52, 9, -0.04666140844497044
28, 21, -0.01661736039323028
17, 24, -0.1738851782217574
31, 20, -0.8344578291587197
58, 3, 0.7674518397943377
25, 22, -1.012806494895603
-2, 27, 0.2244771959938119
60, 0, 0.2059344460647128
48, 12, -0.00719951581248442
34, 19, -0.7862298005878086
51, 10, -0.4924543598675776
7, 26, 0.9773079221412905
41, 16, -0.5559174547965997
59, 2, -0.01732835909185115
43, 15, 0.02264109811118343
13, 25, -0.06508639831277584
-1, 27, 0.05461312399657146
39, 17, 0.4036659807151527
45, 14, 1.248670811520394
22, 23, -1.236086145817983
18, 24, 0.7199823593338914
0, 27, -0.5703425102676739
56, 6, -0.03492341590011487
8, 26, 0.10539458011597
55, 7, -0.1933001974510029
50, 11, -0.241687822880513
37, 18, 0.1943269039510322
29, 21, 0.1655015851830424
57, 5, -0.143074917454496
32, 20, 0.06758295445197449
60, 1, 0.8016074340098177
47, 13, -0.26121013148398
54, 8, -0.4484219985396115
26, 22, 0.4974686398965091
14, 25, 0.8323253455087959
1, 27, 0.1931948189432723
58, 4, 0.1623452751172429
53, 9, -0.02357668214563641
35, 19, 0.4763273320405198
9, 26, 0.1183398733202652
19, 24, 0.01850123718430136
59, 3, 0.006752239438641999
23, 23, 0.09554517960107246
2, 27, 0.4216040680702767
49, 12, -0.3481057549037722
42, 16, 0.4707337544929075
61, 0, 1.137063908098726
44, 15, 0.2666001793894133
52, 10, -0.4416246375055701
-14, 28, -0.06654952924797296
40, 17, 1.368242368568404
15, 25, 0.004704026776767385
-13, 28, -1.368571276294101
-12, 28, 0.5489109231803511
-11, 28, -0.4855214586737147
30, 21, -0.1038766048173259
3, 27, 0.7596606081891526
60, 2, 0.006558175547296659
46, 14, 0.08770273993493756
10, 26, -0.02348627313789522
-10, 28, -0.05967898151237818
27, 22, -1.132521484429088
38, 18, -0.04776927076105805
33, 20, 0.08027928303075235
-9, 28, -0.09409465450316272
20, 24, -0.2753457321690179
-8, 28, 0.3036417325566659
51, 11, 0.3622501320109985
4, 27, 0.06748194975339604
57, 6, 0.9400410426689256
56, 7, -0.1059798902512638
48, 13, -0.1337265340743512
24, 23, 0.07504258325528095
-7, 28, 0.04655240559444236
58, 5, 0.7257859819537216
16, 25, -1.110694286734692
55, 8, 0.04600377437931617
36, 19, 0.6166963070485172
61, 1, 0.2728584146204893
11, 26, -0.334990388680753
-6, 28, 0.1063022027107789
59, 4, -0.1597785178762998
5, 27, -0.5949330740675856
-5, 28, -0.06070324635944067
54, 9, 0.01858032164891453
43, 16, -0.04319901059978024
31, 21, -0.05566670001076896
50, 12, -0.386244903722485
28, 22, 0.6260769196981137
41, 17, 1.43016095248241
-4, 28, -0.05272259131902428
60, 3, 0.5474685524897978
45, 15, -0.04334681146691267
21, 24, -0.5444377234026697
34, 20, 0.1624272886388981
12, 26, -0.5352684191320516
53, 10, 0.1723572904859472
17, 25, -0.2061904207188107
39, 18, 0.4475087823590531
6, 27, 0.2479682089488093
62, 0, -0.2175992042468619
25, 23, -0.288024954126306
-3, 28, 0.419304209024583
47, 14, 0.1610364816284828
61, 2, 0.3133777281478256
-2, 28, -0.3117098299392711
37, 19, 1.02796654658924
52, 11, 0.5840169953999714
49, 13, 0.2537499183855424
7, 27, -0.1756496798375765
13, 26, 0.5295954200338533
58, 6, -0.1391380721660171
22, 24, -0.2071577960241767
57, 7, -0.8399760102114272
-1, 28, 0.811525154698888
29, 22, 0.01919146137848586
18, 25, 0.1530405603933865
59, 5, 0.342591925385382
32, 21, -0.4182475955750217
56, 8, -1.128565204227197
62, 1, 0.5629525883602647
26, 23, -0.6876137351252808
60, 4, -0.02711706882290679
44, 16, 0.3751100732540102
0, 28, 0.02621997128299162
42, 17, -1.076864762373775
55, 9, -1.127587537064895
35, 20, 0.3248777853253924
8, 27, 1.104871932199607
46, 15, 1.169637649136581
51, 12, 0.3126409047414386
40, 18, -0.7588063392027137
14, 26, 0.0859358875861239
61, 3, -0.1359647110367225
1, 28, 0.1317745489035138
54, 10, -0.08609553571122781
48, 14, -0.04911555736317145
23, 24, -0.3130366506845809
19, 25, 0.08195788990507374
63, 0, 0.03443423051856728
9, 27, 0.2285065686029995
38, 19, -0.0231713503021866
30, 22, -0.3345175456314855
2, 28, -0.3253846077473295
33, 21, -0.6183911342503322
62, 2, -0.1805017899393109
50, 13, -0.1510628453378188
27, 23, -0.3359178287739162
15, 26, 0.208091705596028
-14, 29, 0.2669770089819118
53, 11, -0.6154976410342085
-13, 29, 0.5475428299928587
-12, 29, -0.3018846723017368
-11, 29, 0.1759617242834608
3, 28, 0.0123544926722515
59, 6, -0.05630575476626264
58, 7, 0.01584354357112319
10, 27, -0.01132924523795467
-10, 29, 0.02501221400930215
36, 20, 0.2175793205062559
60, 5, 0.07360445975705622
57, 8, 0.05912682841888373
45, 16, -0.3696198090964868
43, 17, -0.06427328625521891
20, 25, -0.2043684248640777
-9, 29, 0.3839093437948559
24, 24, -0.3265394431844721
63, 1, 0.1627031565472967
-8, 29, -0.111045464103779
47, 15, -0.1400106891930162
41, 18, 0.3528987762155533
61, 4, 0.6502801316479682
56, 9, -0.6234309335406163
52, 12, 0.04311350655485888
4, 28, -0.06958714577741199
-7, 29, -0.6047710989789792
16, 26, 0.7059514286196942
31, 22, 0.2554740288413088
11, 27, -0.2332790413623082
49, 14, -0.07010494319204412
39, 19, -0.2009378718570692
-6, 29, -0.7294990665973571
28, 23, -0.3067205744130941
62, 3, 0.132754141844433
55, 10, -0.009257036838855202
34, 21, -0.1321068855513758
5, 28, 0.1343448996312608
-5, 29, 0.2288854507802467
21, 25, -1.024131144711682
64, 0, 0.7347196112078929
25, 24, 0.02724134530504253
-4, 29, 0.229426751380017
51, 13, -0.4087232225049952
37, 20, 0.1211876851520504
17, 26, -0.4942267052226905
12, 27, -0.431407453249682
63, 2, 0.6804184254014988
54, 11, 0.4757329726915433
6, 28, -0.5586195428100738
-3, 29, -0.746795607569149
44, 17, 1.171899350325265
46, 16, 0.7429743991479834
59, 7, -0.3671909801949043
60, 6, -0.1686006200468702
42, 18, 0.3543514686260926
58, 8, 0.2156245740189785
32, 22, -0.04311156479514133
48, 15, -0.2928914330967597
61, 5, 0.6705519630542502
-2, 29, -0.185159600825071
29, 23, 0.1237437292419935
22, 25, -0.0588463162260048
64, 1, -0.6333457019761209
53, 12, 0.2259255766672467
40, 19, -0.2145099199642227
35, 21, 0.05284475041571325
13, 27, 0.4754330658396911
7, 28, -0.06388274987229407
57, 9, -0.6388140874981455
62, 4, -0.5021983900016007
18, 26, 0.496781581642341
-1, 29, -0.2612888355316594
50, 14, -0.1354329840738338
26, 24, 0.08180996769949747
56, 10, -0.8449412729202253
63, 3, 0.42193315078684
38, 20, -0.1490409501701934
0, 29, -0.2621202058531095
8, 28, 0.317344348105761
14, 27, -0.4675385973498362
65, 0, 0.7097144398495633
52, 13, -0.02481178078497038
23, 25, -0.1555013885939637
55, 11, -0.005051282680304022
45, 17, 0.6126439588597755
33, 22, 0.01492670678154404
30, 23, 0.640040476230619
19, 26, -0.2100460464346974
1, 29, -0.2138695086557494
47, 16, -0.1709790806521488
43, 18, -0.3162126950163024
64, 2, 0.2073959441158223
9, 28, 1.154195826750872
36, 21, 0.02169022041458923
27, 24, 0.009438866811519751
49, 15, -0.4910453988301478
60, 7, -0.7569828218603059
41, 19, 0.8862526518054756
61, 6, 0.3021340461259494
2, 29, -0.393729890971887
59, 8, 0.2950602397897927
15, 27, -0.01464736532712786
-15, 30, 0.4189722119734173
-14, 30, 0.6043378286470421
62, 5, -0.03114606589733672
-13, 30, 0.01571129552268194
54, 12, -0.1743239848392237
-12, 30, 0.2242389580840509
58, 9, -0.6968337552358815
-11, 30, 0.01298256245027278
65, 1, -0.2776029360353537
51, 14, -0.5286171928049471
-10, 30, -0.09059865470169851
20, 26, -0.02491756690851762
10, 28, 0.03125226670811292
63, 4, 0.004517186019905954
39, 20, 0.09016107732952504
24, 25, -0.02266697179909606
3, 29, -0.06086650377779767
-9, 30, 0.9757549832519619
57, 10, -0.1352978374114608
31, 23, 0.0218478277237327
34, 22, 0.2196648067916867
-8, 30, -0.2410942787906914
64, 3, 0.8019648360239975
16, 27, -0.3371628192005953
28, 24, 0.08727827012321022
4, 29, -0.479668319193529
-7, 30, 0.1607132842311175
53, 13, 0.437724111686477
46, 17, 0.4024645497818214
44, 18, 0.9575479152644206
11, 28, 0.1717355860985896
37, 21, 0.1374970552980919
48, 16, -0.0125798188004392
66, 0, 0.01177831291822024
-6, 30, 0.4942318985733251
56, 11, 0.05459889520685299
42, 19, 0.053495122090153
21, 26, 0.01651026210272174
65, 2, 0.5212031735629914
50, 15, 0.0252626528610393
25, 25, 0.3328904762237734
5, 29, -0.3596025629224843
-5, 30, -0.3969574612808212
61, 7, -0.4137797202719629
17, 27, 0.6546736119972558
62, 6, 0.2203888060297566
-4, 30, -0.5944939688675964
60, 8, 0.08621210053581191
40, 20, -0.01773875237683105
12, 28, -0.0849717987730729
55, 12, 0.09265948909027752
32, 23, -0.1800813870865921
63, 5, -0.253979450390336
52, 14, 0.66905261768353
35, 22, -0.2615277263029738
6, 29, -0.3183170862097983
59, 9, -0.7941513351918246
29, 24, 0.8879408935183492
-3, 30, 0.6759559000822556
66, 1, 1.116755492126706
64, 4, -0.145744030223783
22, 26, 0.2716728043292898
58, 10, -0.02150659770872812
-2, 30, -0.102528880880592
38, 21, -0.6536157229762734
26, 25, -0.1297200034274147
47, 17, -0.2476583041668464
13, 28, -0.1686997447307198
45, 18, -0.04233032627461124
18, 27, 0.07007608688039624
7, 29, -0.0162810686667782
54, 13, -0.00460566819781657
65, 3, 0.6177570133002178
49, 16, -0.5601889954232577
43, 19, -0.540926399946296
-1, 30, 0.4073317936013974
57, 11, 0.505994710061914
67, 0, -0.0450987792445901
51, 15, -0.3351361401890927
33, 23, 0.5226443830064444
0, 30, 0.3928113871865017
30, 24, -0.1331655002916209
41, 20, 0.07961891818778213
8, 29, 0.7748404339467736
23, 26, 0.8350156780699132
66, 2, 0.02827332653326031
36, 22, -0.2918196313818256
14, 28, -0.01985722832610646
19, 27, 0.7407265424270749
62, 7, -0.349691553740861
63, 6, -0.6204067981182426
56, 12, 0.04446231416667994
61, 8, -0.8964466828633255
27, 25, 0.3557804466903404
53, 14, -0.7837156873361326
1, 30, 0.1078660470881684
64, 5, -0.1072637488675589
60, 9, -0.3278074920727304
39, 21, -0.8264303244113222
9, 29, -1.166035204952401
67, 1, 0.07744689122349648
46, 18, -0.0430093592509071
2, 30, 0.05366907632110869
65, 4, 0.06713468923229317
48, 17, -0.2360977317920069
15, 28, 0.1052266543540113
-15, 31, -0.04923927245490576
-14, 31, -0.2680635217557619
59, 10, 0.220767482974808
-13, 31, 0.508338396964968
44, 19, -0.3362316337207124
-12, 31, -0.3265922900951032
50, 16, 0.6415518161827924
24, 26, -0.5598600275803921
34, 23, -0.4013362894310725
55, 13, -0.9406023130486085
31, 24, 0.1430867777864352
20, 27, 0.8217545635307506
-11, 31, -0.1028680217320751
10, 29, -1.534433062895784
-10, 31, 1.274169664163093
66, 3, 0.0005801763415647692
3, 30, -0.1210493569818444
37, 22, -0.3501992124137427
42, 20, 0.3349974933641247
58, 11, -0.6662665336997033
-9, 31, 0.6295244073339334
52, 15, -0.04338315732488129
28, 25, -0.1185630891485788
-8, 31, -0.472277608732238
68, 0, 0.3344980578033038
16, 28, 0.2192082816180727
4, 30, -0.8337194204448786
-7, 31, -1.129529538018791
67, 2, 0.5740064650200627
11, 29, -0.8735031545437354
40, 21, 0.1188475801572727
54, 14, -0.4388953980211516
57, 12, -0.07385722808463253
21, 27, 0.0787908462363125
63, 7, 0.05334435096314047
25, 26, 0.7631588601508196
-6, 31, -0.0551694897286329
64, 6, 0.4754243198264861
62, 8, 0.1880790067445614
32, 24, 0.1954878840732404
65, 5, -0.05597189060263527
61, 9, 0.03096791261416993
47, 18, -0.02705433216050996
35, 23, -0.06726120632503918
5, 30, 0.06343949371280552
-5, 31, 0.06282548761128441
49, 17, 0.2353181679836093
45, 19, 0.3567402272220045
17, 28, -0.2801590470534999
29, 25, 0.562256095366275
68, 1, 0.07029029112987983
51, 16, 0.05305727007423944
12, 29, -0.09577617154912456
-4, 31, -0.1473851883495532
66, 4, 0.3504313618009486
60, 10, -0.01435889090073036
38, 22, -0.3494273815138899
56, 13, 0.48549899917171
43, 20, -0.4241441445442198
6, 30, -0.04688998062084589
-3, 31, -0.6177750332584641
22, 27, -0.2340213669506139
53, 15, 1.170005812771889
26, 26, -0.4086272562810323
67, 3, 0.75366789189122
59, 11, -0.9240859872147837
-2, 31, 0.2862419482712329
41, 21, -0.1530812808637281
18, 28, 0.04325942507687004
13, 29, 1.668352474105589
7, 30, -0.8665314233993845
69, 0, -0.1826878047485551
33, 24, -0.4095207827109998
36, 23, 0.442663628809893
55, 14, -0.8170935207884037
-1, 31, 0.8058075349056653
30, 25, 0.1614117748770224
68, 2, -0.2096403174846137
58, 12, 0.1459111890443145
48, 18, -0.2412286629998618
64, 7, 0.2754078640002929
63, 8, -0.6947676306359346
65, 6, -0.2435758131085071
50, 17, -0.06215779187372639
46, 19, 1.101689964548805
23, 27, -0.1982370866194975
39, 22, -0.7748624672092753
8, 30, -0.3686850906166391
0, 31, 0.1744217945916401
62, 9, -0.1415745687446558
14, 29, 0.08771413210546618
66, 5, -0.4919380102044014
27, 26, 0.4732204077204991
19, 28, -0.9169681652129597
52, 16, -0.0827789029915964
44, 20, -0.05558654280544784
61, 10, -0.09531573083071566
69, 1, 0.1544115249601418
57, 13, 0.3453052650713049
67, 4, -0.1264057462688495
1, 31, -0.04002521527777397
54, 15, -0.02268532399682986
9, 30, 0.08336049291367813
42, 21, 0.004571647034190246
34, 24, -0.3169367472481346
31, 25, 0.09619755341540602
-16, 32, 0.1215912850501989
60, 11, 0.4829309795553289
37, 23, -0.1508265063682595
15, 29, 0.3561985400815893
-15, 32, -0.1331397074243429
-14, 32, 0.7984595948427631
24, 27, 0.05939992992404365
2, 31, -0.8937316803073444
68, 3, 0.06628845786846073
-13, 32, 0.04024531938008193
20, 28, 0.4532952418724306
-12, 32, 0.2036620502114531
-11, 32, -0.0849461559299575
28, 26, -0.08991798238853738
70, 0, -0.02661080731687398
56, 14, 0.0009303199716635044
40, 22, 0.2492723153795507
10, 30, -0.176590101655249
-10, 32, -0.2369250538751846
49, 18, 0.3323094260010783
47, 19, -0.4099603153106077
3, 31, 0.2742669968389709
59, 12, 0.0533590083725636
51, 17, -0.190413170066077
-9, 32, -0.02187363964122752
69, 2, 0.9357102633047737
65, 7, -0.6612912061304594
45, 20, -0.4528553596822494
16, 29, 0.6929550621289124
64, 8, -0.0579139848725937
-8, 32, 0.114168802214331
66, 6, 0.3564466984842221
53, 16, 0.2115362645894037
63, 9, 0.431385271029345
35, 24, 0.1778307932478776
25, 27, 0.2356822355850844
4, 31, -0.0990913172716808
-7, 32, -0.09765840505628841
67, 5, 0.6662249806284251
32, 25, 0.9714262806027371
21, 28, 0.1233908972143012
11, 30, -1.18193084919241
43, 21, 0.02392166000369844
58, 13, -0.5747420722622102
38, 23, -0.4094144863588772
62, 10, 0.06391484726988421
-6, 32, -0.09379721739953234
70, 1, 0.008206075082005056
55, 15, -0.4441274339002351
29, 26, 0.02284752031282761
68, 4, -0.08855403373949094
5, 31, -0.1073395699638259
-5, 32, 0.3967105374464769
17, 29, 1.10745199596297
61, 11, 0.6456348902462929
41, 22, -0.451756188560496
12, 30, 0.3310686746171058
-4, 32, -0.03423699264080887
69, 3, -0.1646586991423703
50, 18, -0.1216079281184601
22, 28, 0.3846098048387824
48, 19, -0.1371827106398387
26, 27, -0.4837670218014219
57, 14, 0.01831754293845672
6, 31, 0.0560034862326012
52, 17, 0.6674907339384945
-3, 32, -0.05653547347102757
46, 20, 0.7521991158684274
33, 25, -0.5386910340569372
60, 12, -0.09722815554514169
36, 24, 0.2873124037125084
71, 0, 0.07594846957692851
18, 29, 0.777039481430262
13, 30, -0.2098156244462183
70, 2, -0.09699094685498783
54, 16, 0.01287656552242337
30, 26, 0.01616922751234484
-2, 32, 0.03594479283469995
66, 7, -1.042280731563071
39, 23, -0.7142411632984554
65, 8, -0.858763696682553
44, 21, -0.2729804703098409
67, 6, 0.208809620938517
7, 31, -0.1583515387260261
64, 9, -0.7694758472456195
68, 5, -0.7318841029819264
-1, 32, 0.7221309862032151
59, 13, 0.1926311459058258
23, 28, -0.08257898970345307
63, 10, -0.9389290477201178
56, 15, 0.5152100067149259
27, 27, 0.4420154843941862
42, 22, -0.09951496648364398
14, 30, 0.2308256606723773
71, 1, 0.1486604906076356
69, 4, 0.1130167957856911
8, 31, -0.08961615119081133
19, 29, -0.1138124933936134
0, 32, -0.5049051193655448
62, 11, -0.5203705594068734
34, 25, 0.101562613056995
49, 19, -0.0714936139347055
37, 24, -0.001195222967957869
51, 18, 0.06496672727513872
31, 26, 0.7456220942210318
47, 20, 0.1775670393633385
1, 32, 0.7368516369856525
70, 3, 0.1758609938182165
53, 17, 0.7196884498303935
58, 14, 0.8380731569786591
40, 23, -0.5819714597601447
9, 31, -0.6091259845851587
24, 28, 0.07935973445323705
61, 12, -0.3351760333006182
-16, 33, -0.1256910914513466
15, 30, 0.1250140604964683
45, 21, -0.4235551498455683
-15, 33, 0.4148141089709766
-14, 33, -0.1292410028263087
72, 0, -0.405086891329047
55, 16, 0.73945423933712
28, 27, -0.6703400481778299
20, 29, 0.5846030511657923
-13, 33, -0.9302810171179507
2, 32, 0.1694782500148179
-12, 33, -0.2035270509596847
71, 2, 0.2873184526300537
67, 7, 0.2894290633801956
-11, 33, 0.006872394050044715
66, 8, -0.1244859671263917
68, 6, 0.1737535419339204
65, 9, -0.9240728251221808
43, 22, 0.1276587454841481
10, 31, 0.9371986063223759
-10, 33, -0.1321005846796816
60, 13, -0.1728745392898227
35, 25, -0.03608936951980885
3, 32, 0.1753979246822872
57, 15, -0.001456574802194206
-9, 33, -0.5067760725809216
69, 5, 0.5022604298359326
64, 10, -0.01278426458949794
16, 30, 0.04281605440859022
38, 24, 0.02163702362266425
32, 26, -0.06026795134450413
25, 28, 0.383955682795577
-8, 33, 0.9706096857433059
21, 29, -0.4265164912774563
50, 19, 0.665451096634175
70, 4, 0.5367101407250406
52, 18, -0.153115969530436
72, 1, 0.6834911381006297
-7, 33, -0.2965152255562524