d = 19, symClass = D, D = 16.000000, Y = 0.1390667355228099
[22.0171902755019, 22.01719027550191], 22.01719027550191
1, 0, 1
2, 0, -0.06787841052717004
0, 1, 0.7414323307845759
1, 1, 0.9333075801361209
3, 0, 0.161476554376913
2, 1, 0.4323474922598478
4, 0, -0.9953925213836207
3, 1, 0.3733962841923268
-1, 2, 0.8984964392280553
0, 2, -0.05032724812668923
1, 2, 0.05726190383214592
5, 0, -0.01732485986053368
4, 1, 0.1167686621270079
2, 2, -0.06335143507239942
5, 1, 1.132032543035614
3, 2, 0.251936285923845
6, 0, -0.01096077184842318
-1, 3, -0.2100104913444573
4, 2, -0.02934706056997835
0, 3, 0.1197239380789642
6, 1, 0.6838607810324228
7, 0, 0.5295702932751397
1, 3, 0.2125557850053794
5, 2, -0.5193791466505867
2, 3, 1.160491964441241
7, 1, 1.417396782617469
3, 3, 0.1507072922147516
8, 0, 0.1354440727288302
6, 2, -0.02534554626745005
4, 3, 0.1661359919824927
-2, 4, -0.06098851015829519
8, 1, 1.05533257379594
-1, 4, -0.2483061902369395
0, 4, -0.7380161971754201
9, 0, -0.97392532238587
7, 2, 0.7121557886008094
5, 3, -0.04908737685215642
1, 4, 0.6027835314424244
2, 4, -0.003886847015611433
9, 1, 0.6661743091387586
6, 3, 0.06981398334352719
10, 0, 0.001175983949716469
8, 2, -0.007926071184256984
3, 4, 1.299435414669129
4, 4, -0.9290073854187652
10, 1, 1.439526323666941
7, 3, -1.354614670019597
9, 2, 0.6014308999396751
-2, 5, 0.09555626492354144
11, 0, -1.057226544944963
-1, 5, 0.4310752530720899
5, 4, 0.1859973338741454
0, 5, -0.7542775420116969
1, 5, 0.5518435408751801
8, 3, 0.8385735374571541
11, 1, -0.2672244240477034
2, 5, 0.1355957032838492
10, 2, -0.07684056968587984
6, 4, -0.01710103464273116
12, 0, -0.1607325546058869
3, 5, -1.079600044421059
9, 3, 0.06029474538887158
7, 4, 1.397840735802452
12, 1, -1.030732622755119
4, 5, 1.137618560554777
11, 2, 0.5860778290482072
13, 0, -0.0108495216449172
-3, 6, 0.1450861091271111
-2, 6, 0.01425517834655727
10, 3, -0.54355074173983
5, 5, -0.01616942303272537
-1, 6, 0.7615128967112095
8, 4, -0.4303554604348026
0, 6, -0.008126670618859032
13, 1, -0.321353530844293
1, 6, 0.6442274250237545
12, 2, -0.04641938283808233
6, 5, -0.9850803557958516
14, 0, -0.03594638976927338
2, 6, -0.01442794883429377
9, 4, -0.6354931393631983
11, 3, 0.316324798905616
3, 6, 0.009246454928093626
7, 5, 0.388462682304861
14, 1, -0.9648571350690148
13, 2, 0.6534399988959493
10, 4, 0.03525463093542813
4, 6, -0.07877234997564214
15, 0, -0.00279755867529603
12, 3, 0.0188554012198076
8, 5, 0.2791897133446098
-3, 7, -0.007696942049846361
5, 6, -0.05214482162420585
-2, 7, 1.066217807250359
-1, 7, -0.5138464238866639
14, 2, -0.09621064068998689
15, 1, -0.6638047769137712
11, 4, 0.9789962391103201
0, 7, 0.3926405368574912
9, 5, 0.3805124211733495
6, 6, -0.01022977145042897
13, 3, 2.094161655138634
1, 7, -2.044647574090714
16, 0, 0.9861987930120291
2, 7, 0.9329669210973907
7, 6, -0.7428883841812582
12, 4, -0.3716758687978191
15, 2, 1.295995391560109
10, 5, -0.007490359714619982
3, 7, -1.195026115069849
16, 1, -0.4925819154640423
14, 3, -1.129230614714452
17, 0, -0.04792117577451258
4, 7, -0.6732292541274048
8, 6, -0.01127704706703072
13, 4, 0.4319232181175284
11, 5, -0.823931985077043
-4, 8, -0.8943566360979988
5, 7, 1.014659735665072
-3, 8, 1.087147864701068
16, 2, -0.07163429768682031
-2, 8, 0.01685462951748208
17, 1, -1.273878130444877
-1, 8, -0.7719797564300557
15, 3, 0.1827967144920873
9, 6, 0.04068180337352323
0, 8, 0.1004226145347782
6, 7, 0.3354952317679923
18, 0, 0.06610850285548542
12, 5, 1.072196717497026
1, 8, 0.2043081838941671
14, 4, -0.04834000297809658
10, 6, 0.003331973117298579
2, 8, -0.04091598800639817
17, 2, -0.0974921182338252
7, 7, -0.4390556112075161
18, 1, 0.03026069518734171
16, 3, 0.01892518998164873
3, 8, 0.5909227267275943
13, 5, -0.4342461076296708
19, 0, -0.1927041486941024
15, 4, -0.3896067764487923
8, 7, 0.6359639679742085
11, 6, 1.946675294549469
4, 8, -0.05699807083508377
18, 2, -0.04521885323822891
19, 1, 0.4095622785862239
17, 3, -0.7777667533382983
5, 8, 1.756629615614621
-4, 9, -0.19171423572945
-3, 9, -0.03391177052550465
9, 7, 0.1406891308690424
14, 5, 0.8244100530970248
-2, 9, -0.7816472888632429
12, 6, -0.004738862221670441
-1, 9, 0.4323530698836556
20, 0, 0.0172450359395686
16, 4, -0.1162306530133525
6, 8, -0.08820361052991998
0, 9, -0.7220997217869394
10, 7, 0.8729614590685302
1, 9, 0.1830691933801734
19, 2, 0.24133979628945
18, 3, 0.1104274825951332
20, 1, 0.5269191514560528
15, 5, -0.00646903829629144
7, 8, -0.439717182358918
13, 6, 1.350993823591567
2, 9, 1.294740498964516
17, 4, 0.05144961669700772
21, 0, 0.08551318625833469
3, 9, 0.03432277577529128
11, 7, -0.04144477638846295
8, 8, 0.1264109797628015
4, 9, -0.2964718652284338
20, 2, -0.09771275876267856
14, 6, 0.09194909067739845
16, 5, 0.6111872810320299
19, 3, -0.1745820001743505
21, 1, 0.7365021795664338
12, 7, -1.28934531499777
9, 8, 1.107750296435305
5, 9, 0.1049162271347907
-5, 10, -0.01556632489522681
18, 4, -0.04082417352942033
-4, 10, -0.006486207379189622
-3, 10, -0.1514875692371438
22, 0, 0.07176285743805058
-2, 10, -0.02926070299615009
-1, 10, 1.316454041214137
15, 6, -0.08386755501652432
6, 9, 0.1873922438006302
17, 5, -0.6061512105681929
10, 8, -0.01262520338575096
0, 10, 0.05119916064785163
21, 2, 0.8606345080750448
20, 3, 0.6646007894789091
13, 7, 1.262286066926668
22, 1, 0.5529953728045002
1, 10, -0.2428834115029423
19, 4, -0.5326194032108255
7, 9, 1.123950390679267
2, 10, -0.03745826241403465
23, 0, -3.43877578204384
11, 8, 2.445333633305433
16, 6, -0.05692103883261338
18, 5, -1.124797979619787
14, 7, 0.228958388272832
3, 10, 1.308593900844505
8, 9, 0.2205719461013841
22, 2, 0.01813876915806513
21, 3, 0.2288763486429738
4, 10, -0.009204020813345959
23, 1, 0.3070848411554244
20, 4, -1.126816727301222
12, 8, -0.2507754948738958
9, 9, -0.9089718858698548
17, 6, -0.430813136913383
5, 10, -0.0009920544594295968
-5, 11, 2.078352865392323
15, 7, -2.064980073589481
24, 0, 0.02187104217452377
-4, 11, 0.04671961200625377
19, 5, 0.3969701263425194
-3, 11, 0.9323506651357037
-2, 11, 0.06674048416604669
13, 8, -1.390332417450037
23, 2, -0.06903718969896701
22, 3, 0.2107341981456759
10, 9, 0.9144306800080522
-1, 11, -0.02259005211069005
6, 10, 0.07328153502007302
24, 1, -0.4066749325714967
21, 4, 1.045901191829512
0, 11, -0.7838619413856986
18, 6, -0.004092711480237966
16, 7, -0.04553782164236399
1, 11, 0.9606827032013173
7, 10, 0.6279919563631644
25, 0, -1.233237173482795
20, 5, 0.0153018591513973
11, 9, 0.1437383522678519
14, 8, -0.0948832073156976
2, 11, -0.6536101858209067
23, 3, -0.1732748705672324
24, 2, 0.06996449211074809
8, 10, -0.07721973967593314
3, 11, -0.3983225755548894
22, 4, -0.03978203148071027
17, 7, -0.2668665842609889
25, 1, 0.6153690627360341
19, 6, 0.2029402227432527
12, 9, 0.02682706754340847
15, 8, 0.226363855814809
4, 11, 1.017127209007913
21, 5, 0.5591215811184103
9, 10, 0.6664943078856447
26, 0, 0.0007364482838160853
-6, 12, -0.00984821447706417
5, 11, -0.8193330138692773
-5, 12, 0.4230753587400997
-4, 12, 0.2090428724959586
13, 9, 0.7692523348481303
24, 3, 0.1704114677388533
-3, 12, -0.04009562803017543
25, 2, -1.143557526966154
18, 7, 1.344627603626123
20, 6, 0.03689536039010825
10, 10, 0.001097554734712237
-2, 12, -0.05169028502461161
23, 4, -0.3400994836268468
16, 8, 0.05855890518602359
26, 1, 1.444685267120071
6, 11, 0.9808605776972822
-1, 12, -1.301383089963256
22, 5, -0.9628812558259798
0, 12, -0.1191723125948397
14, 9, -0.8281687165927064
27, 0, -0.3187426596574142
11, 10, -0.54351141820536
7, 11, 0.3866771439865961
1, 12, 0.8635745042982396
19, 7, -1.506545455972914
25, 3, -1.246208497979734
17, 8, -0.3546922565213209
21, 6, 0.114996462923026
26, 2, 0.02181296689079095
2, 12, -0.04372913362828861
24, 4, -0.6807099071074679
8, 11, 0.4436230726737396
27, 1, -0.5847370539232239
12, 10, 0.06686568879280214
15, 9, -0.007926460477423812
3, 12, 0.09733540769284003
23, 5, 0.5171107214033691
28, 0, -0.5271303094735712
4, 12, -0.2115764387711944
20, 7, 0.821038326686525
9, 11, 1.251770302938123
18, 8, 0.04313626420070116
22, 6, -0.02147162455951062
26, 3, -0.06606336287068078
13, 10, 0.5767655119555598
27, 2, -0.6877326292263417
-6, 13, 0.8313895882417059
25, 4, -0.4856272974115014
16, 9, 2.172561659204643
5, 12, 0.5144800001644776
-5, 13, -2.042916981975675
-4, 13, 0.7642776998679782
10, 11, 0.6315302547971982
-3, 13, 0.237543846827638
28, 1, -0.188693678673414
24, 5, 0.9562815440098038
-2, 13, 0.8990900226317692
6, 12, -0.0006276346639335721
21, 7, 0.1977395797281232
19, 8, -0.3927690911549777
-1, 13, 0.5515041717643077
14, 10, -0.02636822942354166
29, 0, 1.329220263873707
0, 13, -0.008044186121097252
23, 6, 0.9659507517440856
11, 11, -0.9867175483178872
17, 9, -0.1612991491411631
7, 12, 0.5433389617294133
27, 3, 0.1075715320544227
1, 13, 0.0136125662636112
28, 2, 0.06549296871307757
26, 4, -0.04435446849996198
29, 1, 0.268736611916543
25, 5, -0.2715485910904336
15, 10, -1.136397303882863
2, 13, 0.07844883126320402
20, 8, 0.5169861183394145
8, 12, -1.155145022531342
12, 11, 0.5675693802609972
22, 7, -0.4685441277685398
18, 9, -0.4210741707820308
3, 13, 0.6144464766852756
30, 0, 0.0001898938362221876
24, 6, -0.001279874664869323
9, 12, 0.2098283533967623
28, 3, 0.8188487326084725
4, 13, -0.2030511940084208
16, 10, -0.01895095397726079
27, 4, 0.3550101540035592
13, 11, 0.6750693654930013
29, 2, 0.07602013775634085
21, 8, 0.3131893002232332
26, 5, 0.1909806159646754
-7, 14, 0.4758170228287806
-6, 14, 0.0005224561923266833
30, 1, 0.02310484965001279
23, 7, 0.9321972329324003
5, 13, -0.4109733365429225
-5, 14, -0.06555045821707599
19, 9, 0.1750870152611997
10, 12, 0.003539507608991015
-4, 14, -0.07237317003159485
-3, 14, 0.06154785581714307
25, 6, -0.2361772995171567
14, 11, -1.224563548899075
-2, 14, 0.03487907850841517
17, 10, 0.2326736051054797
6, 13, -0.7314787662280439
31, 0, -0.2044073092524968
-1, 14, 0.9750378168923184
29, 3, 1.092011861499589
11, 12, -0.8389068660823488
28, 4, -1.41086615725136
30, 2, 0.04505801315721508
22, 8, -0.06645270862272429
0, 14, -0.02665181555035272
20, 9, -0.1934855927363094
7, 13, -0.7488647262958529
27, 5, 1.98152708019943
24, 7, -2.005578281317534
15, 11, -0.01632691274310211
1, 14, 0.4853937786189347
31, 1, -0.5097773329498206
18, 10, -0.02582857833542203
12, 12, -0.1500129115888206
26, 6, -0.1421483645369866
2, 14, 0.1387874274168127
8, 13, -0.04928625848734831
32, 0, -0.2023856792618704
3, 14, 0.1471046179871739
23, 8, -0.6828119621055232
30, 3, 0.2324497506814938
21, 9, -0.2187385094238533
29, 4, 0.5084177968613346
16, 11, 0.5500835868504486
31, 2, -0.6616750053789592
9, 13, -1.353522804568543
25, 7, 1.042697897803445
13, 12, -0.4666603138751241
28, 5, 0.2314087646878414
19, 10, -0.2269506427589326
4, 14, -0.06332831167831139
32, 1, 0.1122468794644136
-7, 15, -0.3797564267717748
27, 6, 0.09711698941858928
-6, 15, 0.01543009640898217
-5, 15, 0.003638402331851415
10, 13, 1.175335171831409
5, 14, -1.224380460045403
17, 11, 1.416851047783171
-4, 15, -1.338532707226789
14, 12, 0.05042608271680409
22, 9, 0.110941648440983
24, 8, 0.05057431347286876
33, 0, -0.1707172996741735
-3, 15, 0.06960854654370541
31, 3, 1.471746897392034
-2, 15, 1.137483811704485
30, 4, -0.08797010722928626
20, 10, 0.0005084337117556533
6, 14, 0.08111647322914042
26, 7, 0.6942076728387727
32, 2, 0.03343567747611562
11, 13, 0.0369530341490325
29, 5, 0.1191482803011523
-1, 15, 1.004467005470976
0, 15, -0.1217981385282074
15, 12, 0.03003420859768691
33, 1, 2.035909944701879
18, 11, -2.011567246861397
7, 14, 0.03032420320629051
28, 6, 0.07665037924513235
23, 9, 0.3941172609482929
1, 15, 0.6998644998528183
25, 8, 1.158589221297527
12, 13, -0.7445886615048187
21, 10, -0.1327247742854814
34, 0, 0.003252813242222422
8, 14, 0.04569773169067862
2, 15, 1.273525962155633
27, 7, -1.394483158305494
32, 3, 0.2134099927163189
31, 4, -0.2248235160837964
16, 12, -0.1653705239521841
33, 2, 0.9090437190721891
30, 5, -0.01184779219554346
19, 11, -0.7493367021070413
3, 15, 0.08910979353640272
13, 13, -0.01012594079229734
9, 14, -0.08782099756983681
34, 1, -0.01516341994987215
29, 6, -0.7468012835054897
24, 9, 0.1354099654207346
4, 15, 0.7313070693803341
26, 8, -0.02931826151549315
22, 10, 0.05592719352957758
17, 12, 0.03184967219634145
-8, 16, 0.1216960170619566
-7, 16, -0.8150851203757915
10, 14, -0.06887349008217411
-6, 16, -0.07379386906411493
14, 13, 1.228286728611486
35, 0, -0.009174731123017045
28, 7, 0.06183721464782656
20, 11, 1.242845640969334
5, 15, -0.003682499188721628
-5, 16, -1.193205931684612
32, 4, -1.050470151529206
-4, 16, 0.2471621247736416
33, 3, -0.04315047924203005
31, 5, -0.2327117351761471
-3, 16, 0.3567808593290788
34, 2, 0.08646882269980417
6, 15, 0.02189552695481486
-2, 16, 0.05240075882567451
25, 9, -0.1888924725618698
11, 14, 0.7531408952072609
23, 10, -0.211854130363789
30, 6, -0.01240795042951849
18, 12, -0.002761416150634369
35, 1, -2.071891433305636
27, 8, -0.9600441996785982
15, 13, 2.204795391838006
-1, 16, 0.9005629221824457
21, 11, -1.173651705286938
7, 15, -0.2289091243180979
0, 16, 0.7311996697202294
29, 7, 1.248907108749721
12, 14, -0.02277288307171894
36, 0, 0.969437982289152
1, 16, 0.02850264497339065
33, 4, -1.265927525609222
34, 3, -0.2976324127817834
32, 5, 0.9540060892399155
8, 15, -0.4339518065267827
19, 12, -0.1658915659546658
16, 13, 0.2485185889734773
35, 2, 0.8495560367987572
26, 9, 0.5339076409095082
24, 10, -0.07277900895600935
2, 16, -0.01386811478048231
31, 6, -0.3750719487634513
28, 8, -0.7088745460338463
22, 11, -0.8894367377174368
13, 14, 0.8298378547396269
36, 1, -1.302894120608488
3, 16, -0.5358718056076264
9, 15, -0.174330095278596
30, 7, -0.2811555823634122
17, 13, -0.8204473500302741
20, 12, 0.04886120781296429
4, 16, -0.6000062192111868
37, 0, 0.09704410015754238
34, 4, 0.006617610024731172
14, 14, 0.02980239702187308
-8, 17, -0.8262921459386907
35, 3, -0.1011890555288946
25, 10, -1.151493793510814
10, 15, 0.4992737859970982
-7, 17, 0.262020017264116
27, 9, -0.3636600964599944
33, 5, -0.8086073847897185
-6, 17, -0.3776137433950175
5, 16, -0.6298998805560126
-5, 17, -0.1005324348137783
23, 11, 0.1492725972238234
36, 2, -0.002054047890717831
29, 8, 0.4899047389244061
-4, 17, 0.1005519262838675
32, 6, -0.00128461181497658
18, 13, 0.1704597299912652
-3, 17, -0.008134053473856274
37, 1, 0.4641895227835771
11, 15, 0.0676431276761323
6, 16, -0.04011089543447428
21, 12, 0.2257185055857121
15, 14, -0.7860430484082663
-2, 17, -0.8884531249146066
31, 7, 0.1855917298536789
-1, 17, -0.5153449651324774
26, 10, 0.02947593556318134
28, 9, 0.5440423863230095
7, 16, -0.06686604428869466
38, 0, 0.01308045131560608
35, 4, -0.7425601099707588
24, 11, -0.255747760109907
0, 17, -0.03553030904860585
36, 3, -0.1664391524069737
12, 15, 0.1836987253544157
34, 5, -0.1268921298504609
19, 13, -0.05203557869085983
30, 8, 0.02644588871568698
16, 14, -0.04316822329841641
37, 2, -0.2231022277667921
1, 17, 0.9482125597572546
33, 6, 0.09463782843184029
22, 12, -0.1321372248057132
8, 16, 0.007755785467317355
2, 17, -0.4777584340054686
38, 1, 0.143079104755859
13, 15, -0.8823356317108798
32, 7, -1.018792764431403
27, 10, 0.3591084117113549
25, 11, 0.236709402610655
20, 13, -0.3425279289993831
9, 16, -1.458489026818495
3, 17, 0.9830116056569599
29, 9, -1.035689816524569
17, 14, 0.8046221973092738
36, 4, -0.663104925255273
39, 0, -0.001751943372164412
37, 3, 0.2192525684751772
35, 5, -0.02455620062597915
23, 12, 0.1117624835444581
31, 8, -1.784182254671342
4, 17, 1.901431179222978
14, 15, 1.528871178179193
-9, 18, -0.8750684342382922
38, 2, -0.02780043648257539
34, 6, 0.05279357097688375
10, 16, -0.1192372261923443
-8, 18, 0.01301325759687509
-7, 18, 0.8687869403651729
-6, 18, 0.002301877081658378
5, 17, -1.312782197169974
-5, 18, -0.5762066656134648
18, 14, -0.009549754581817694
21, 13, -0.05096966176015683
28, 10, -0.05595964402690301
-4, 18, 0.05305697556066165
39, 1, -1.118375706979915
33, 7, -0.02636579327758795
26, 11, 0.1506065389929863
30, 9, -0.087770700905366
15, 15, -0.002610982717714536
-3, 18, 0.1229664786748378
11, 16, 0.6398694402337085
6, 17, -1.184261353282075
24, 12, -0.06949231690831335
-2, 18, -0.02934743917009335
37, 4, -1.049236395301279
40, 0, -0.002346549579199544
32, 8, 0.01581562316552548
36, 5, 1.282452543033506
38, 3, -0.4778964406403011
-1, 18, 0.9990361921614314
19, 14, 0.9621897165493285
7, 17, 1.16913427348399
35, 6, 0.5415988566264976
22, 13, -0.04410483331258832
12, 16, -1.293448293784
39, 2, -0.9215683388207658
0, 18, 0.04901498135663587
16, 15, 0.1632845803289762
29, 10, -0.1772258830777856
27, 11, 0.1628586543598642
34, 7, -1.127039655009313
1, 18, 0.1935149113110058
40, 1, -0.06947580956608182
31, 9, 0.3724371955320153
25, 12, 1.617781127635175
8, 17, -0.02785850500750605
13, 16, 0.3139288541792625
20, 14, -0.05925523629286287
2, 18, -0.01242644586330661
17, 15, 0.6705169262279425
33, 8, -0.7634650541862191
23, 13, -0.1956884706923761
38, 4, -0.01638176176913226
37, 5, 1.272896398432226
9, 17, -1.253869872040199
41, 0, 0.2050813388341563
39, 3, -0.0518910608975181
3, 18, 0.1040276248283312
36, 6, -0.007495641996987331
28, 11, -0.07867148846549449
40, 2, -0.03576643447707809
30, 10, 0.0004391080375244156
14, 16, 0.02984730341969025
26, 12, -0.09170331337686226
4, 18, -0.08788492711444341
35, 7, 0.3475545198888523
21, 14, -0.9986145702123669
10, 17, -0.4923897757608923
-9, 19, 0.3478221588497535
32, 9, 0.31343120038095
-8, 19, 0.6569775103909623
18, 15, -0.1590673816387978
-7, 19, -0.6137078680122221
41, 1, 0.285343000793989
-6, 19, 0.9233628726122035
24, 13, 0.04924213654056126
5, 18, 0.533184993569178
-5, 19, -0.4883124780413209
15, 16, 0.6165911158212136
-4, 19, -0.5885276203844537
34, 8, -0.003492318203432373
11, 17, -1.08865640762537
39, 4, 0.720660555464278
-3, 19, -0.01039030143088041
38, 5, -0.3188276597240775
42, 0, -0.005804499162114578
6, 18, -0.002329775464441533
40, 3, -0.1580005204110995
29, 11, 1.034258949593783
37, 6, -1.476868900154649
31, 10, 1.448431929781405
19, 15, -2.33970125905969
-2, 19, 2.460561963762898
22, 14, 0.002813205545540261
27, 12, -0.1026172424744606
41, 2, 1.413609413560438
-1, 19, 0.2412140159034186
33, 9, 0.05107903859215678
16, 16, 0.9204268090393383
36, 7, 0.5451846087377278
12, 17, -0.03840604942193118
25, 13, 0.1025028857325529
7, 18, -0.7464310931614991
0, 19, -0.1428770861171448
42, 1, -0.9068208998226501
35, 8, 0.7797907849373147
20, 15, -0.002878282778613742
1, 19, -0.7409918299094335
8, 18, 0.020124038977064
23, 14, -0.1981119627466892
30, 11, 1.430867789819167
13, 17, 1.455788212014423
40, 4, -1.432893736911249
28, 12, 1.348373311896386
39, 5, 0.7482679992998174
17, 16, 0.9932221996392229
32, 10, -0.04148642117122647
2, 19, -0.8207343401355675
43, 0, -1.110511841224851
41, 3, 0.1987206541775301
38, 6, 0.0118503486780637
26, 13, -0.004690763475475932
9, 18, -0.05576881815040449
34, 9, -0.8911584105954479
42, 2, -0.04999259729944579
3, 19, -1.038689022926343
37, 7, 0.744755142816824
14, 17, 0.1991433622119494
21, 15, 0.06272761544266257
24, 14, 0.08751871060214134
18, 16, -0.07519232938286598
43, 1, -0.9025980014197194
4, 19, -0.4840887188843521
10, 18, -0.00712154673656591
-10, 20, 0.001056617391475783
-9, 20, -0.3143260996353169
36, 8, -0.598659819929244
-8, 20, -0.09511599147589873
31, 11, 0.2931864741672851
29, 12, -0.8090871373932641
-7, 20, 0.8906459299543732
-6, 20, 0.01028273541456358
33, 10, 1.16753809308762
41, 4, -1.321335350131355
40, 5, -0.01828348894719406
27, 13, 1.567794895613845
15, 17, -0.9093185131805375
5, 19, 0.8513297499167104
-5, 20, 0.004301869948255883
42, 3, -0.1558018056374946
39, 6, 0.1055152395140295
44, 0, 1.052355396246734
-4, 20, -0.4290890830615998
22, 15, -0.2543266048145637
11, 18, -0.6651342662663805
35, 9, 0.1697342163622716
19, 16, 0.03888872407000489
-3, 20, -0.1409254243055307
43, 2, -1.082535818878991
38, 7, -0.07654132358809791
25, 14, 1.151568884097512
6, 19, 0.07091965028261467
-2, 20, -0.08935880784886883
16, 17, -0.4512790263482669
30, 12, 0.005692796329505746
12, 18, -0.0127198876540734
32, 11, -1.093656393879674
-1, 20, -1.014182590991137
44, 1, 0.314882834942681
37, 8, 0.3262382537093102
7, 19, -0.1840279321196289
28, 13, 0.2620276875413014
34, 10, 0.04114458071265952
23, 15, -0.175358770728167
20, 16, -0.1851403551356081
0, 20, 0.7508022243668196
41, 5, 1.305444804035615
42, 4, -0.05841850245266138
40, 6, -0.04511204522511431
26, 14, -0.08568197185337284
1, 20, 0.6543070128576243
8, 19, -0.9415428901291051
43, 3, -0.4394382570641954
17, 17, -0.0447251965995781
13, 18, -0.8172216750294994
45, 0, 0.01687311972507589
36, 9, -0.1137239569069985
39, 7, -0.350109694637542
44, 2, -0.03753644693486228
2, 20, 0.01648653991635057
31, 12, -0.8074325053727116
33, 11, -0.3947644634319815
21, 16, -0.2565046071390377
9, 19, 0.578428402548351
24, 15, 0.04508259292807106
29, 13, -0.6534521360767447
38, 8, 0.03615335850580501
14, 18, -0.0762919660302986
3, 20, 1.248253197303696
45, 1, -0.4283509518788447
35, 10, -0.0123379992365964
18, 17, 0.5946659092009844
27, 14, -0.6358570392298144
10, 19, 0.6696410603197931
-10, 21, -0.3117668049715335
4, 20, -0.5493009335611985
-9, 21, -0.001242875681643726
42, 5, -0.2918985683381844
43, 4, 0.306124401222184
-8, 21, -1.157918444228087
41, 6, -1.216738125542544
37, 9, 1.127460235848449
-7, 21, -0.1112153174921365
44, 3, -0.3783082680400505
15, 18, -0.008420166124564022
-6, 21, 0.1721691777307958
46, 0, 0.2334186342435644
22, 16, -0.1659853602366052
40, 7, -0.001020594436178349
25, 15, -0.6019330995174859
5, 20, 0.03864423664332642
-5, 21, 0.1399220211128884
32, 12, -0.834709827815731
19, 17, 1.424723921862394
45, 2, 1.549858407371639
34, 11, 0.3700665244465223
30, 13, 1.65922016126346
11, 19, 0.3441208377397177
-4, 21, -1.092040415892848
-3, 21, -0.08297415000826222
39, 8, 1.627096927292959
36, 10, 0.0763494990204074
28, 14, -0.01554133147284198
6, 20, -0.08882527401446483
16, 18, -0.01497207310796533
46, 1, 0.1365726013524622
-2, 21, -0.6860803316568301
23, 16, -0.9031159219938818
12, 19, -1.474724308634612
20, 17, -1.217116457539294
-1, 21, 1.293409275990298
43, 5, -0.2348235655589123
7, 20, 0.5083480326518751
38, 9, -0.2967756061387932
26, 15, -1.14421351063759
44, 4, 0.2659931932285471
42, 6, -0.01553576275324644
45, 3, -0.1071889081551476
33, 12, 0.1580849394401664
0, 21, 0.06340224100079576
47, 0, -0.08375940083641056
31, 13, 0.01909053650569705
41, 7, 0.2761514179759619
35, 11, -0.4182076548953568
17, 18, 0.3567506605822208
13, 19, 0.4627002410837197
8, 20, -0.1349709489800102
29, 14, 0.3245872764868163
1, 21, 0.08752537875039697
46, 2, -0.02084443091441485
37, 10, 0.674389894547876
40, 8, 0.1533270980905532
24, 16, 0.03412327663359961
21, 17, -0.4404824572437341
2, 21, 0.9639774037480558
27, 15, 0.06144383466839672
47, 1, 0.08585696377967007
9, 20, 0.5403835220379557
14, 19, 0.8866051330687312
18, 18, 0.06169956682630252
39, 9, 0.3381580083813023
3, 21, -0.3301626451802112
44, 5, 0.4306692525384502
34, 12, 0.02924291096787362
45, 4, 0.6439012759579067
32, 13, -1.083528928056608
43, 6, 0.4124782589171234
36, 11, -0.6016693926255536
46, 3, 0.387319579924801
-11, 22, -0.9499142860905991
10, 20, 6.73390800915612e-05
-10, 22, -0.1410752890169518
30, 14, 0.1401675651647711
42, 7, 0.3621523543707132
-9, 22, 0.9553655122720099
22, 17, -0.6646483819786316
48, 0, 0.1592479830266491
25, 16, 0.9938969052939939
4, 21, -0.08758888465121832
-8, 22, -0.003171253003658565
-7, 22, -1.367052562947451
15, 19, 1.108171084342517
47, 2, 0.8106864608386751
19, 18, -0.6618701693362121
38, 10, -0.02694570120244833
-6, 22, -0.06328648120341587
41, 8, -0.4568454603779453
28, 15, 0.2572842464081108
-5, 22, 0.2629625643451058
5, 21, 0.8291704909031876
11, 20, 0.2853251408758776
-4, 22, -0.004530237982823712
48, 1, -0.3872183488153411
-3, 22, 0.765728703519872
33, 13, -0.6644668400026909
40, 9, 0.9947599592965752
35, 12, -1.482190934603472
23, 17, 0.6478838091307932
16, 19, -0.4297336695666194
6, 21, 0.150652283767362
26, 16, 0.09437355460040292
45, 5, -0.6777156856874574
31, 14, 0.1671179421919966
46, 4, 0.004686134704138482
44, 6, -0.01430430241366197
20, 18, -0.06207010109601967
-2, 22, 0.001533376831027822
37, 11, 1.351611123079474
12, 20, 1.074625810302787
47, 3, -0.8465530593829711
43, 7, 0.6219174962940668
-1, 22, -0.3503563111629078
49, 0, -1.144666874490446
29, 15, 0.0224710129638479
7, 21, -0.4170070638722535
39, 10, 0.01939869960143183
17, 19, 0.7256196697192351
48, 2, 0.02760444802419868
42, 8, -0.0709941104693679
0, 22, 0.05320730265350951
24, 17, -0.3681163548379798
13, 20, 0.4246014272352544
8, 21, 1.276163641067873
21, 18, -0.1199590565649064
27, 16, -1.259856304620241
34, 13, -0.449944131059748
1, 22, 0.4852701775900845
36, 12, -0.06001693863885404
32, 14, 0.003091034951830145
49, 1, 0.8215608685378437
41, 9, 1.130562307760014
38, 11, 0.9701940497115908
2, 22, -0.06520961491392425
46, 5, 1.014130194184094
18, 19, 0.08889512607538223
45, 6, 0.2092728703183176
30, 15, -0.001209517477797892
9, 21, -0.1929686994524105
14, 20, -0.04262709582145373
47, 4, 0.4646080312257238
44, 7, 0.4958294564876652
48, 3, -0.07954043045736676
3, 22, -0.6024331284203713
25, 17, -0.2964070812988261
50, 0, 0.08371017913887828
40, 10, -0.001038665877248005
22, 18, -0.009756730883651813
28, 16, -1.39140021450448
43, 8, -0.7346864205987933
-11, 23, -0.07588394719294304
10, 21, -0.03131135289958562
-10, 23, 1.307515851452066
49, 2, 1.530243965016192
-9, 23, -1.288830020157416
4, 22, 0.04436602051786238
35, 13, 0.5948765232258879
15, 20, -0.02251253645726425
-8, 23, -0.2914098534422898
19, 19, -0.1798522426995776
33, 14, -0.4290375717604158
37, 12, -0.6593380355586055
-7, 23, -0.1468992544432572
-6, 23, 0.4089435722324589
42, 9, -0.1823442687616562
31, 15, 0.208854096819752
50, 1, 0.2253970286112837
39, 11, -0.5855602564100634
5, 22, 0.961702955397433
-5, 23, -0.1416856590545498
11, 21, -0.325879590564956
23, 18, -0.3278934957797106
26, 17, 0.3212379885931654
47, 5, 1.826516368286154
-4, 23, 1.80717724864996
46, 6, 0.0117616227986659
48, 4, 1.025983544237802
16, 20, -1.132377007364351
45, 7, 0.0171735338001054
29, 16, 1.649492781896657
20, 19, -0.7275395915608788
-3, 23, -0.06226289952708203
6, 22, 0.02703750330558018
41, 10, -0.3675582998996817
49, 3, 0.2233644438962444
51, 0, -0.007738146345436497
12, 21, -0.1087107402625493
-2, 23, -0.2401001934816666
44, 8, -0.5833774879832833
36, 13, 0.812045386511011
34, 14, 0.01811447956217517
50, 2, -0.04177027386568249
38, 12, -0.01377525975147778
7, 22, -0.3493867387613352
-1, 23, -0.2459496507337777
24, 18, -0.001820978703761609
32, 15, 0.319707493433378
17, 20, -0.7640279189817908
27, 17, 0.4728751445366797
43, 9, 0.1218322565750491
40, 11, 1.653051582413849
21, 19, 1.97304724816353
0, 23, -2.54961954312786
13, 21, -1.227503330440604
51, 1, 1.292826045533079
30, 16, -0.01536521873342502
8, 22, -0.0690409782511628
48, 5, 0.3981573152184698
1, 23, 0.6457397580651744
47, 6, -0.6038924578814446
49, 4, 0.419158375330537
46, 7, 0.06399606660752519
42, 10, -0.03795228421754532
18, 20, -0.04524057424457358
50, 3, 1.50389743709738
37, 13, 0.4365702148109222
35, 14, -0.2750477670130924
25, 18, -1.010558876109036
14, 21, 0.6145620699527966
2, 23, -0.6573642992745784
9, 22, -0.896421713964173
52, 0, 0.01079953270640438
45, 8, 1.138173657053898
28, 17, -0.8110953128459081
22, 19, -0.05173813256393695
39, 12, 0.06974547301747909
33, 15, -0.1330456979919658
51, 2, 0.08053589200963156
3, 23, 0.182076572556354
-12, 24, -0.1444176279814087
44, 9, 0.3501173420089397
41, 11, -0.3391738747037522
31, 16, -1.119860804674703
-11, 24, 1.188738961383538
10, 22, 0.0556150226738915
-10, 24, -0.02871768288423535
19, 20, 0.5278862761729923
15, 21, 0.1638437579809561
-9, 24, 0.1755488912909194
-8, 24, -0.02844467626317054
4, 23, -1.377289927071552
52, 1, -0.5331778292247343
-7, 24, 0.8622050113608823
26, 18, -0.05221562578348212
49, 5, 0.3320699266958196
23, 19, 0.1056086405327049
48, 6, -0.01156725956559247
-6, 24, 0.002721627499844445
43, 10, 0.4079244985730426
29, 17, 0.3991122962631168
50, 4, 0.07762286727673152
36, 14, -0.09127118448448431
47, 7, 1.814087980885972
38, 13, -1.764719601514037
11, 22, -0.06053880474572489
5, 23, 0.2229630958211707
-5, 24, 0.2324021632323781
34, 15, 0.2408416564327885
16, 21, 0.7206378716931027
51, 3, -0.2057014512006894
40, 12, 0.5410463433205864
20, 20, 0.01609492276212104
-4, 24, -0.7580042423240074
46, 8, 0.02308541236993433
53, 0, -0.5273632580295553
32, 16, 0.4263805750283041
-3, 24, -0.1246566311176994
6, 23, -0.7846445639731709
52, 2, -0.09806293964351115
12, 22, -0.06657925696286129
42, 11, -0.9700167957030115
45, 9, -1.102515159427591
27, 18, -0.2453671284890961
-2, 24, 0.08833581563347495
24, 19, -0.5026467995204942
17, 21, 0.7286503491524107
30, 17, -1.066136868447495
7, 23, 0.4272992919789255
-1, 24, 0.2884567637456227
21, 20, 0.2901268324182522
53, 1, 0.9335607439195999
37, 14, 1.005043397668262
39, 13, -0.004051171067754618
50, 5, 1.329675078196329
49, 6, 0.3127146164997466
35, 15, -1.416057814343407
13, 22, -0.291413493608946
44, 10, 0.06535884917135729
0, 24, 0.01621589777644197
51, 4, -0.3110230672928458
48, 7, 0.3803019289391805
41, 12, 0.6371423174490941
8, 23, 0.1695894999463273
33, 16, -0.2287633199723823
52, 3, 1.326598589296859
47, 8, 0.05595126422405166
25, 19, 0.2857684675184238
1, 24, 0.3028845045347347
18, 21, 0.05417461403593368
28, 18, 0.05621477613041448
54, 0, 0.02163574510480876
22, 20, 0.03689269117099327
14, 22, -0.02624702992091914
43, 11, -0.1043958565164921
2, 24, -0.05861806472339005
31, 17, -0.1555591611137973
9, 23, 0.6060476836450883
53, 2, 0.7631307971711766
46, 9, -0.6641636917042589
38, 14, 0.1022619109378206
36, 15, 0.1731346315561625
3, 24, 0.03299098156633906
40, 13, -0.6852553260555408
19, 21, -1.376419483616431
-12, 25, -0.7600131950601436
-11, 25, -0.4893612111890772
54, 1, -0.6245091838607468
45, 10, -0.01041970605744508
26, 19, 0.7649657469571074
15, 22, 0.2185895293894717
10, 23, -0.1962735749635361
-10, 25, -0.001655498898604742
50, 6, 0.08459065202813186
34, 16, 0.02407594659876817
51, 5, 0.07822586609442958
-9, 25, -0.72059772595428
29, 18, 1.255954923726939
42, 12, -0.007805777119400097
49, 7, 0.7506112298586121
23, 20, 0.2487742315113715
-8, 25, 0.3537775400757341
52, 4, 0.3198729013233174
4, 24, -0.6412591609397801
-7, 25, 0.4445304908103913
48, 8, 0.09262488936229364
-6, 25, -0.2147777450037695
53, 3, -0.4764644528171929
32, 17, 0.5396636763540111
11, 23, -0.8285046440457562
55, 0, 0.01831630173217679
44, 11, -0.1234509292186978
20, 21, 1.127322982134741
5, 24, -1.026650820979875
-5, 25, -0.007468318348928496
16, 22, -0.03011242904628082
47, 9, 0.892771467417019
-4, 25, 1.032094445217602
54, 2, 0.03969102179680233
39, 14, -0.6050281725025591
27, 19, 0.1790950607355367
37, 15, -0.384680078726632
24, 20, 0.9805416191217677
41, 13, 1.02214622585878
-3, 25, -0.9261095913422021
30, 18, 0.0005380355382409677
6, 24, -0.006606972762337941
35, 16, 0.0776564946683086
12, 23, -0.1451829211467504
46, 10, -0.03510065383521142
-2, 25, 1.247373187152123
17, 22, -0.9262260874636136
55, 1, 1.370967851303307
43, 12, 0.05359458025629646
51, 6, -0.01574269133154564
21, 21, -0.07089718727765729
52, 5, -0.5700210879683528
50, 7, 0.4623431209073611
33, 17, 0.4688839589353606
7, 24, 0.5265888425102597
53, 4, 0.2620166610640685
-1, 25, -0.3393781089848485
49, 8, -0.4123727836093343
13, 23, -0.5640672653007894
28, 19, 1.165976200055794
54, 3, 0.00488639279234398
45, 11, -0.7239079750514863
25, 20, 0.7510551642679612
0, 25, -0.160084369935617
56, 0, 0.07172715731765296
8, 24, 0.02878942120331258
38, 15, -0.7666104655616748
31, 18, 0.6968298629494317
40, 14, -0.05573077659724431
18, 22, -0.08496817850847029
48, 9, 0.003055974469041064
22, 21, 1.515199937519425
1, 25, -1.545803496062585
36, 16, 0.6325651183132279
55, 2, -0.001872212108030649
42, 13, -0.9673432348886751
14, 23, 0.5217658079983455
9, 24, 0.09542016581514227
47, 10, -0.6516133207468238
34, 17, -0.02071860017242025
2, 25, 0.06947536127044006
44, 12, -0.3148673391596953
52, 6, 0.004484276065820643
26, 20, -0.03914992619825237
56, 1, 3.072917358284366
29, 19, -3.057388422041185
53, 5, -0.9469725812775029
19, 22, 0.3935737030455374
51, 7, 0.006847718184789682
3, 25, 0.1332247339021741
-13, 26, -0.009748256565665987
54, 4, 0.04668219773967696
-12, 26, -0.05643340377872253
15, 23, -1.212998076236702
-11, 26, 0.9560548939345216
23, 21, 0.3376072494951215
50, 8, 0.03296360905680021
32, 18, -0.147470032198619
10, 24, -0.03492208465887062
-10, 26, 0.1386699575749639
46, 11, 0.1507903141679127
-9, 26, 0.9900611303718292
39, 15, -0.07012056521231387
55, 3, -0.3523334626782628
41, 14, -0.2383250085181102
-8, 26, -0.05187795546791755
37, 16, -1.123368785614783
4, 25, 0.7974913773780947
49, 9, -0.08376577195527389
-7, 26, -0.6518849170153032
57, 0, -0.03111720194495303
43, 13, -0.63816337754374
20, 22, -0.04286726989503895
-6, 26, -0.01612409875267931
35, 17, 1.063540778149799
11, 24, -1.459267805304901
56, 2, 0.01280822698496081
27, 20, 0.467684485135918
16, 23, 0.9070816488173621
30, 19, -0.2413500441471461
5, 25, -0.009560612010695881
-5, 26, 0.3702261080905977
48, 10, -0.0649108712238356
45, 12, -0.06291235982312839
24, 21, 0.1026932702567776
-4, 26, -0.06102880165685803
33, 18, 0.3143424190558105
53, 6, 0.8075668262950406
57, 1, 0.8992777333756121
54, 5, -0.7949839233439044
6, 25, 1.168465763747759
-3, 26, -1.611727588457018
12, 24, -0.009203852084634905
52, 7, 0.423132188922104
21, 22, 0.2976127914714112
55, 4, 0.6842166261214896
40, 15, -0.01452816901942084
17, 23, -0.4883784059931018
51, 8, -1.088792408756817
47, 11, -0.1283072374100591
42, 14, -0.0134222483702643
38, 16, 0.02666054161161786
-2, 26, -0.03743522657846363
28, 20, -0.3866728488030653
56, 3, -0.0776762948068576
7, 25, -0.3969052589287769
44, 13, 0.4284077711998559
36, 17, -0.7111767645308973
50, 9, -0.7120315562903877
31, 19, 1.700352412591403
25, 21, -0.7603011065525064
-1, 26, 1.589402740714429
13, 24, 0.04105505643433273
58, 0, -0.09022535875137333
0, 26, 0.0005460265680654781
57, 2, -0.02607868434438989
18, 23, 0.2623076933638338
46, 12, -0.06556720167555827
22, 22, 0.06697681881885488
34, 18, 0.01094872986292942
8, 25, 0.3142304120092461
49, 10, -0.5511353158861981
1, 26, 1.173794792651623
14, 24, -0.03688098509982896
54, 6, -0.007301784613621068
41, 15, -1.096282671006557
29, 20, -0.005233359278939473
55, 5, 0.004629625698120546
53, 7, 0.8899582970068213
39, 16, -0.9523651739745259
58, 1, 1.036423721975583
26, 21, -1.160063629817667
43, 14, -0.3920586904924999
9, 25, 0.6192864689617862
2, 26, -0.0009239993609504864
48, 11, 1.348554500253378
32, 19, 1.108758570879777
56, 4, 0.9604115764523152
52, 8, -0.6504292880744
37, 17, -1.14253098618212
19, 23, 0.4750039626460465
45, 13, 0.1422403581581673
23, 22, 0.9984567450181349
-13, 27, 0.9653376661829923
57, 3, 0.06613470554927703
51, 9, -0.1255910954383789
15, 24, 0.2836544976467726
-12, 27, -0.03095735421091907
3, 26, 0.1927651542706302
-11, 27, 0.4383083950220311
35, 18, 1.860654229662047
10, 25, -0.002349176557104592
-10, 27, -1.828987571936757
59, 0, -0.1555618623804207
-9, 27, 0.204534535487061
47, 12, -0.6844689800268927
-8, 27, -0.4469820590376685
58, 2, -0.0182414140671576
50, 10, 0.01843228674400394
30, 20, 0.07713684271468374
4, 26, -0.005324981973765249
27, 21, 0.02271799609086176
20, 23, -0.5780491464057279
-7, 27, 0.07372764071722936
42, 15, 0.1331228947680544
-6, 27, -0.1262177109441838
40, 16, -0.07034682691269369
16, 24, 0.1571817580329525
33, 19, 1.32272508943363
11, 25, 0.2837483307936151
24, 22, -0.03852570739595482
44, 14, 0.03180403065441861
55, 6, 0.4343397218816841
38, 17, 1.020143766712726
5, 26, 0.2204101424577166
-5, 27, 1.921862587245421
54, 7, 0.01963734742990206
56, 5, 0.4631357024800284
59, 1, -1.195478301334687
49, 11, -0.7342966939360017
53, 8, 0.5788360474373643
-4, 27, -0.2887350031972529
57, 4, 0.6046071334844706
46, 13, -0.9978060465091811
36, 18, 0.02858184542664064
21, 23, 0.3426614219261632
12, 25, -0.6417817960817553
6, 26, -0.04170765019091943
-3, 27, 0.06981488399967997
52, 9, -0.7074865360703496
28, 21, 0.08798068599768048
17, 24, 0.7781128684571423
31, 20, -0.2423322973530422
58, 3, -0.136986848854926
25, 22, -1.183323343907434
-2, 27, -0.244499243644751
60, 0, 0.00278466898369068
48, 12, -0.01876852536173886
34, 19, 0.7228629982742084
51, 10, 0.6106544082382545
7, 26, -0.4505683646650323
41, 16, -0.6799527238651184
59, 2, 1.682359846529296
43, 15, -0.2389587301987732
13, 25, 0.4156229921083688
-1, 27, -0.7552367224904107
39, 17, -0.8850911920364555
45, 14, -1.030246736924332
22, 23, -0.1978153867286965
18, 24, -0.01424281511185793
0, 27, -0.2363261130700755
56, 6, -0.05558215043183898
8, 26, 0.0137827923050918
55, 7, 0.5203781395262184
50, 11, -0.7735598707516298
37, 18, 0.05301173272794108
29, 21, -0.03239400446499438
57, 5, -0.3228636616742011
32, 20, -0.2779033527104084
60, 1, 0.7449033126563889
47, 13, 0.5356608024003667
54, 8, -0.02409752497487786
26, 22, -0.04582263552491096
14, 25, 0.2119755582904961
1, 27, -0.1425070881055122
58, 4, -0.005160126118557198
53, 9, -0.6759987727933279
35, 19, -0.9496300232702873
9, 26, -1.284372994440955
19, 24, -0.6121484420430061
59, 3, 2.406412332861109
23, 23, -3.209435503771938
2, 27, 2.158084498993215
49, 12, -0.5080710901780214
42, 16, -0.02125879189339592
61, 0, 2.006697018766356
44, 15, 1.011330259984654
52, 10, -0.01296346065323462
-14, 28, -0.03229770321131204
40, 17, 0.5349355120175605
15, 25, 0.01870391947522871
-13, 28, -0.7870624176566753
-12, 28, 0.00766147855348863
-11, 28, 0.1207425895346738
30, 21, 0.1409628085146602
3, 27, 0.02956138255971547
60, 2, -0.001568320469627138
46, 14, -0.06327606646927905
10, 26, 0.02789621685369081
-10, 28, 0.004449460913112483
27, 22, -0.5709883228715997
38, 18, -0.01188462829938461
33, 20, -0.4517852143537477
-9, 28, 0.5189050789243511
20, 24, 0.05190456547336073
-8, 28, -1.061305231504321
51, 11, 0.6797906667128781
4, 27, 0.1277013709312611
57, 6, 0.03897071873903368
56, 7, 0.8071789708455148
48, 13, -0.664430614983364
24, 23, 0.5801296693158571
-7, 28, -1.186828155782048
58, 5, 0.2854960422089421
16, 25, 0.2842167054567506
55, 8, 0.5796239283428064
36, 19, 0.07820904918245365
61, 1, -0.5504889953388692
11, 26, 0.9622119338633974
-6, 28, -0.004177770624728806
59, 4, 0.3534612689473531
5, 27, -0.3930086599395939
-5, 28, -0.4740772536332016
54, 9, -0.6660293316345793
43, 16, 0.7696274855679422
31, 21, -0.7434612142112773
50, 12, 0.01603133969362765
28, 22, 0.08312142728819727
41, 17, 0.08615998807105769
-4, 28, 0.5114788874766312
60, 3, 0.08508508901264203
45, 15, -0.001044598014180119
21, 24, -0.0710040155083146
34, 20, -0.01579351448641963
12, 26, 0.04965161598603398
53, 10, 0.9007207092438286
17, 25, -0.8843561923855152
39, 18, 0.2181538276186269
6, 27, 0.209070234585877
62, 0, 0.013874843252503
25, 23, 0.6914251794154637
-3, 28, 0.07538003547275432
47, 14, 0.7530424884479132
61, 2, 0.3038795109848986
-2, 28, -0.06618401721445326
37, 19, -0.2103041517345533
52, 11, -1.073645769611912
49, 13, -0.6275306256486932
7, 27, 1.138498543689072
13, 26, -0.0006212642651057662
58, 6, -0.07412402943505444
22, 24, 0.05694366464955534
57, 7, 0.6512166502218267
-1, 28, -0.4427198471266462
29, 22, 0.2902671332963739
18, 25, 0.2829420866948094
59, 5, 0.8271768347758074
32, 21, 0.1468539928431291
56, 8, 0.1919779929105746
62, 1, 0.3482999736699363
26, 23, -1.748664810571869
60, 4, 0.6607463105996612
44, 16, -0.9744855348739422
0, 28, -0.3908314539796423
42, 17, 0.4970184347927942
55, 9, 0.482582605682196
35, 20, -0.0242173948555195
8, 27, -0.1561346205091375
46, 15, 0.1770248506223646
51, 12, 0.008307906828317032
40, 18, 0.01313349449511969
14, 26, 0.05083174732045415
61, 3, 0.4409946716263332
1, 28, -0.8164851029412584
54, 10, -0.134502908620094
48, 14, 0.136135465923185
23, 24, 0.1230731323137872
19, 25, -0.1288211514360561
63, 0, -0.5157619186039037
9, 27, -0.2070134614365469
38, 19, -0.08331515543597076
30, 22, 0.001108244885558074
2, 28, -0.03294775817219601
33, 21, -0.006692359688670315
62, 2, 0.03460287508337723
50, 13, -0.004058101394576279
27, 23, 0.8593232970860455
15, 26, -0.06307976235154018
-14, 29, -0.03488326387397959
53, 11, 0.1773981930013613
-13, 29, -0.9815605256086173
-12, 29, 0.5023770242981873
-11, 29, 0.5736372317389742
3, 28, -1.160722820619662
59, 6, 0.9776641166655304
58, 7, 0.2551741237348104
10, 27, -0.5920651492650763
-10, 29, -0.427749263222358
36, 20, -0.3787592183289564
60, 5, 0.01785729824322235
57, 8, -2.01649407458057
45, 16, 2.103705431097973
43, 17, 1.775779535840845
20, 25, -0.01970908213658856
-9, 29, -1.838029036443388
24, 24, 0.02041240944756222
63, 1, 0.8231835481918256
-8, 29, 0.8600968154947224
47, 15, 0.311849961940537
41, 18, -0.2246424258875842
61, 4, 1.043920052024854
56, 9, 0.08940034073523545
52, 12, -2.084512850094982
4, 28, 2.03522690411681
-7, 29, -0.2748022292815961
16, 26, 0.003345472886651381
31, 22, 0.01840242574177047
11, 27, -0.4021391163908902
49, 14, 0.3771365498272986
39, 19, 0.651047547804779
-6, 29, -0.3483018824204859
28, 23, -0.6525296866765516
62, 3, -0.2236787367581044
55, 10, -0.01015371625549434
34, 21, 0.3605497847587001
5, 28, 0.5871135122573078
-5, 29, -0.8669207002237806
21, 25, 0.3816371837415493
64, 0, -0.9724611747898647
25, 24, 0.1851720696332094
-4, 29, 1.232864038490459
51, 13, -0.4915258337584393
37, 20, 0.616104633307661
17, 26, 0.4181220156091964
12, 27, -0.04787325526721404
63, 2, 0.5689318975998607
54, 11, 0.7642969245309172
6, 28, -0.009985227649704238
-3, 29, 0.906063277668235
44, 17, -0.4314140685551461
46, 16, 0.04634819067616208
59, 7, -0.08287728153758743
60, 6, -0.01577831960354175
42, 18, 0.01484762234070963
58, 8, -0.03451059193441561
32, 22, -0.037338799532285
48, 15, 0.09869241622064959
61, 5, -1.565791569811351
-2, 29, -1.029423998420348
29, 23, -0.9077683320256279
22, 25, -0.847067277037909
64, 1, 0.7848903873519448
53, 12, 0.03291565966578672
40, 19, -0.5286401339236076
35, 21, -0.02599521655565125
13, 27, -0.05378327150699572
7, 28, 0.3192162515273312
57, 9, -0.02819089984488375
62, 4, 0.04491344765051115
18, 26, 0.09187497658623274
-1, 29, 0.01315796815265904
50, 14, -0.07077667596261124
26, 24, 0.03167616036170193
56, 10, -0.01570765912943643
63, 3, 0.1189278342477472
38, 20, 0.01540504889914804
0, 29, 0.9855268783709309
8, 28, -0.9286682959590065
14, 27, 0.1053393912632847
65, 0, 0.0001879664418785974
52, 13, -0.001266884127438235
23, 25, -0.5520261116414281
55, 11, -1.196814854239317
45, 17, 0.3685638913316935
33, 22, -0.2663537291136989
30, 23, -0.1513568949063157
19, 26, -0.6077486995349466
1, 29, 1.583731129485127
47, 16, 0.7445258697872197
43, 18, -0.5962004676948577
64, 2, -0.007619139764878237
9, 28, 0.7717423017016718
36, 21, -0.2081990388684911
27, 24, 0.1788757009789515
49, 15, 0.4041981383377943
60, 7, 0.2882234275696187
41, 19, 0.5174747180336203
61, 6, -0.1286559538006604
2, 29, 0.4128198021104389
59, 8, -0.4104056125891301
15, 27, 0.01694151085584737
-15, 30, -0.002513596508359156
-14, 30, 0.02577726263656389
62, 5, 0.157733751922176
-13, 30, -0.03608056608361402
54, 12, -0.006592146876904254
-12, 30, -0.001047370418141818
58, 9, -0.1289663862412566
-11, 30, 0.04396479799805885
65, 1, 1.217367460596934
51, 14, -1.197181867131913
-10, 30, -0.0002469689670442031
20, 26, -0.07977988330014707
10, 28, 0.08310899950826314
63, 4, 1.156785114557269
39, 20, -1.083005736841208
24, 25, 0.4071192464977225
3, 29, -0.4439218764567724
-9, 30, -0.02446169071157803
57, 10, 0.3854485711633831
31, 23, 1.407776326845711
34, 22, -0.09617359707707497
-8, 30, 0.09085747260496899
64, 3, 0.5886476127324097
16, 27, 0.5835716935467196
28, 24, 0.7394655418377589
4, 29, -0.2095284801205844
-7, 30, 0.5033400471769586
53, 13, -0.6993292011097838
46, 17, 0.1535390612999007
44, 18, -0.007530542757251661
11, 28, -0.6302702900206726
37, 21, 0.2508509633091572
48, 16, 0.3682429647855366
66, 0, 0.01158801895147848
-6, 30, -0.004724917499019304
56, 11, 0.005184931927601419
42, 19, 0.1785166831345408
21, 26, 0.1953368479357212
65, 2, 0.6342933779010735
50, 15, 0.02558636346030068
25, 25, -1.150989602119538
5, 29, -0.3659891904443189
-5, 30, 0.002976318815235219
61, 7, -1.273983765623203
17, 27, 1.161168612422084
62, 6, -0.09989984009277367
-4, 30, -0.07721059313855262
60, 8, -1.290024120507498
40, 20, 0.007455848041904889
12, 28, 1.189520057799092
55, 12, -0.2431539780346069
32, 23, 1.0847825550122
63, 5, -0.05073088284133563
52, 14, -0.04712171340822765
35, 22, -0.2577595628665426
6, 29, -0.4370279665876994
59, 9, -0.9846389895372497
29, 24, -0.2353996922257056
-3, 30, 0.2125764625716575
66, 1, -0.006915675024734187
64, 4, 0.4903123548219483
22, 26, -0.002508313222090949
58, 10, -0.008087595883941192
-2, 30, -0.06818162375786885
38, 21, 0.0007411798631224517
26, 25, 0.1866507997726486
47, 17, 0.202704794262312
13, 28, 0.268256446763654
45, 18, 0.5058365028425998
18, 27, -1.130232510594548
7, 29, -0.5961230196555093
54, 13, 0.1334742409137895
65, 3, 0.9579929032567708
49, 16, -0.04685193655303334
43, 19, 0.4390828889114775
-1, 30, 0.2576498743131736
57, 11, 0.4352508822958375
67, 0, 0.4805329129532766
51, 15, -0.09787920891438261
33, 23, -0.8236735296073446
0, 30, 0.008267464048046411
30, 24, -0.002038674341171039
41, 20, 0.679911751884734
8, 29, -1.003349252180609
23, 26, -0.6892175352277609
66, 2, -0.1381943310220869
36, 22, 0.1365419873851485
14, 28, -0.002058358714337898
19, 27, -0.9084894113763559
62, 7, -0.6055978057288683
63, 6, 0.1389722949421033
56, 12, 1.124027708804575
61, 8, -0.3275202042075692
27, 25, -0.4159947540034333
53, 14, -0.7205516439101288
1, 30, 0.6477725498456663
64, 5, -0.4616891821724863
60, 9, 0.1073174455209331
39, 21, 0.2038296047261417
9, 29, -0.572707107487115
67, 1, -0.1826939744112387
46, 18, -0.02675205323432969
2, 30, -0.04750568983395985
65, 4, -0.5995770924764706
48, 17, 0.2984796523918289
15, 28, -0.140180639056044
-15, 31, 1.354422487811994
-14, 31, 1.117731096187262
59, 10, -1.227962475247394
-13, 31, 0.729825263294843
44, 19, 0.6361745359191361
-12, 31, -0.5999478154888362
50, 16, -0.07864319479481764
24, 26, 0.05054149483921264
34, 23, -0.1758919300632641
55, 13, 0.06521905436517254
31, 24, 0.9358174518332006
20, 27, 0.2128397698330905
-11, 31, 0.3135922420368069
10, 29, 0.03308788248132765
-10, 31, 0.07963969336568713
66, 3, 0.08929578738810581
3, 30, -0.03921997640535225
37, 22, -0.5288935648481944
42, 20, 0.00900914671647849
58, 11, -0.122400746222462
-9, 31, -0.4323827782231014
52, 15, 0.8311957278473687
28, 25, -0.6225104164313857
-8, 31, -0.938754150504816
68, 0, 0.04770037998158508
16, 28, 0.6701273647355002
4, 30, -0.08644491807587153
-7, 31, -1.098092837739951
67, 2, 0.03489326224535102
11, 29, 0.7411560109177994
40, 21, -0.2767386652356537
54, 14, 0.09465530029275128
57, 12, -0.08600554602534398
21, 27, 0.1814916363780023
63, 7, 0.35278612426365
25, 26, 0.8796246348589717
-6, 31, -0.5964262283996667
64, 6, -0.01448593109644209
62, 8, 0.01526066292098674
32, 24, 0.02250213538088212
65, 5, 0.005567404887076431
61, 9, 0.2185836679168444
47, 18, -0.2936317116501434
35, 23, 0.7492560591614029
5, 30, -0.01116114985744679
-5, 31, -0.5988049101101423
49, 17, 0.2469981519218347
45, 19, -0.6136294151817246
17, 28, 0.8732597628130052
29, 25, -0.00404655036089587
68, 1, 1.558091376503163
51, 16, 1.43355861287713
12, 29, -0.3140029971678409
-4, 31, -0.3898937931256862
66, 4, -0.06170444274978899
60, 10, 0.0008042093018334092
38, 22, 0.05086378428916222
56, 13, -0.3360670492366271
43, 20, -0.03178946455208372
6, 30, -0.006048631148590999
-3, 31, 0.7918222396194428
22, 27, 0.1901913144411827
53, 15, -0.4135674687970246
26, 26, 0.000687332766456157
67, 3, -0.6882321391333678
59, 11, 0.7794992795198921
-2, 31, 1.183330341187654
41, 21, 0.5939354939663972
18, 28, 0.005961149726036698
13, 29, -0.01541879984093917
7, 30, -0.08636882216803378
69, 0, -0.5552816645606427
33, 24, 0.3948640494096532
36, 23, 0.3418890555064319
55, 14, -0.8478480358293108
-1, 31, 0.6177950053604087
30, 25, 0.01706637911610341
68, 2, 0.001029268844120718
58, 12, 0.05069168410377372
48, 18, -0.009191413222557374
64, 7, 0.2161978660591184
63, 8, 0.1626978298206316
65, 6, -1.239708190161654
50, 17, 0.634694701529685
46, 19, 0.1550241770332801
23, 27, -0.2896712348378362
39, 22, 0.9171211612887747
8, 30, -0.04963996147645022
0, 31, -0.151554187728545
62, 9, -1.837108564797241
14, 29, 1.881596790310832
66, 5, -0.3922181326198808
27, 26, -0.4510828984411798
19, 28, 0.7896196739932233
52, 16, -0.4299331411266921
44, 20, 0.8201357360748966
61, 10, 0.03155318168556293
69, 1, 0.9606327258287355
57, 13, 0.4852163965341725
67, 4, 1.050175973558326
1, 31, 0.3857220967447558
54, 15, -0.1816285021189998
9, 30, 0.2113072341889845
42, 21, 0.03697141163423262
34, 24, -0.002161905124943992
31, 25, -0.2658962267577643
-16, 32, 0.8860961038935196
60, 11, 0.4794597130809021
37, 23, -1.7234450591427
15, 29, -0.4111367573355873
-15, 32, 2.030442556769604
-14, 32, 0.05532668241495505
24, 27, 0.03561719784849697
2, 31, -0.3979120950156027
68, 3, -0.5918703671148444
-13, 32, 0.5560332768370236
20, 28, -1.009984712630883
-12, 32, -1.08213885416266
-11, 32, -0.03826196691068107
28, 26, -0.08337415081051316
70, 0, 0.0006227661664981315
56, 14, -0.004197411841573143
40, 22, -0.08436238663922591
10, 30, 0.0002499621914279695
-10, 32, 0.08099292207438019
49, 18, -0.7500083814267277
47, 19, -0.06451662922285918
3, 31, -0.5703182229159351
59, 12, -0.1730985097049184
51, 17, -0.3912898731610457
-9, 32, -0.4848690148332939
69, 2, 0.5635898657888834
65, 7, -0.4859817291392284
45, 20, 0.01100982958261479
16, 29, 0.3375703617908388
64, 8, 0.1429385418790057
-8, 32, -0.03363160168949152
66, 6, 0.002928985943136661
53, 16, -0.6833641023908199
63, 9, -1.380438618459837
35, 24, -1.147267730776266
25, 27, 1.71623431564152
4, 31, -1.82673342860205
-7, 32, 1.222102167530201
67, 5, -0.1566885838641462
32, 25, 0.709093613121728
21, 28, 0.6881423936388145
11, 30, 0.1743862408437999
43, 21, 0.6869505168895237
58, 13, -1.035644170050642
38, 23, -1.3935372349972
62, 10, 0.01579610269419585
-6, 32, -0.0242177176381318
70, 1, 0.4089287651664344
55, 15, -0.00548028281197233
29, 26, -0.3350551180336493
68, 4, 1.268008764200918
5, 31, -0.8702410844621884
-5, 32, 0.1143102921623294
17, 29, 0.2913762858243237
61, 11, 0.8382674565235285
41, 22, -0.530994725271796
12, 30, -0.001486233568311383
-4, 32, 0.7684228762109329
69, 3, 0.04958700205078899
50, 18, 0.01282172079861293
22, 28, -0.05112200686887033
48, 19, 0.3546528743220845
26, 27, 1.156510933139752
57, 14, 1.151195381618133
6, 31, -1.407553116534656
52, 17, -0.5343841983282449
-3, 32, -1.26294455133906
46, 20, 0.01438032163153705
33, 25, -0.5749855902553751
60, 12, -0.1819544825395027
36, 24, -0.04049436283475264
71, 0, 1.340458006968527
18, 29, -1.257606642041833
13, 30, -0.4051335588771525
70, 2, 0.1406366972771723
54, 16, 0.0651662743099951
30, 26, -0.1496580067351795
-2, 32, -0.06112877973694423
66, 7, 1.031455328614179
39, 23, 0.9873593183570993
65, 8, -0.7604319802691356
44, 21, 0.6873471292578924
67, 6, 1.065218356332546
7, 31, -0.5367277798221958
64, 9, -0.05453814312604371
68, 5, -0.4499382127878979
-1, 32, -1.095934068867798
59, 13, 1.757727056512046
23, 28, -1.908687236451167
63, 10, -1.099930365953291
56, 15, 0.5265306325622437
27, 27, -0.297484940369855
42, 22, 0.079665612265786
14, 30, 0.01553798751415692
71, 1, -0.2196780029945254
69, 4, 0.1795423666981956
8, 31, -0.7948486500098639
19, 29, 0.5422350523976366
0, 32, -0.1500552858918704
62, 11, 0.7247908760015416
34, 25, 0.8871703857468809
49, 19, 0.7377713882179965
37, 24, -0.1009216474582323
51, 18, -0.06956622092985157
31, 26, -0.9122367780729667
47, 20, -0.6674825679314726
1, 32, -0.7032608390615253
70, 3, 0.2863108023715034
53, 17, -0.06817456280545796
58, 14, -0.08477382943822871
40, 23, 0.08655478946175039
9, 31, -1.099072518564981
24, 28, -0.3339494446621757
61, 12, -1.535956423334622
-16, 33, -1.276184164424801
15, 30, -0.000160193534968217
45, 21, -0.3334458671411022
-15, 33, 0.3356052594833996
-14, 33, -0.7391375410142967
72, 0, -0.1319124121970808
55, 16, -0.06766350713938522
28, 27, 0.8833630189894598
20, 29, -0.07148907289575701
-13, 33, 0.8254038571742108
2, 32, -0.001934714236524292
-12, 33, 0.007544121967146658
71, 2, -1.126908602015376
67, 7, 0.9458479506049857
-11, 33, 0.2220286661661668
66, 8, 0.08592914828065994
68, 6, 0.02020281510104853
65, 9, -0.1124401556408245
43, 22, -1.894650979882441
10, 31, -0.4315406953077308
-10, 33, -0.54963378761269
60, 13, -1.073726709174278
35, 25, -0.006730061532638019
3, 32, 1.164447244573878
57, 15, 0.06410136819281674
-9, 33, 0.1505527728777856
69, 5, -0.4544325779409544
64, 10, -0.06475641696952857
16, 30, 0.02945595887326742
38, 24, 0.01126045581656363
32, 26, -0.01686904680677545
25, 28, 1.215743820864615
-8, 33, -0.8725959413328649
21, 29, 0.2089870232460197
50, 19, -0.5455241113132169
70, 4, -0.05766651343139153
52, 18, -0.03624080203245649
72, 1, -0.9515940743766798
-7, 33, -0.4425830970736353
48, 20, -1.06725659404934
4, 32, -0.2033668383053755
63, 11, -2.328505489396111
11, 31, 2.360479358428167
41, 23, -1.153078091724827
29, 27, 1.022087550387573
54, 17, 0.0913444044009052
-6, 33, 0.01077702342168242
59, 14, -0.6873512041055566
46, 21, -0.2639715167391266
71, 3, 0.2194790306155031
17, 30, 0.6085945222851554
5, 32, 0.3888973352322615
-5, 33, -0.2224504043043926
62, 12, 0.02545928771580723
56, 16, 0.09645728042664274
36, 25, -0.6020951098649435
12, 31, 0.02558636481949801
44, 22, 0.06037355202119189
26, 28, -0.05632807457441727
33, 26, -0.577195557536858
22, 29, -0.5142834920875299
73, 0, -0.4361151533648904
-4, 33, -0.5086825109704115
39, 24, -0.2245060882100471
68, 7, 0.1071502480228352
67, 8, -0.6702776332899008
72, 2, 0.08843838199413931
6, 32, 0.03637412640952672
69, 6, -0.01114788751596097
66, 9, 0.03402863220575181
30, 27, 0.1476591154246955
-3, 33, -0.003647763778969244