d = 19, symClass = D, D = 16.000000, Y = 0.1383666491341772
[23.8269445803544, 23.82694458035445], 23.82694458035443
1, 0, 1
2, 0, -1.424462480427465
0, 1, 0.1222431325920614
1, 1, 1.211502249156294
3, 0, -0.2040504673518434
2, 1, 0.5245482278029326
4, 0, 1.029093358146411
3, 1, -0.8074450138834185
-1, 2, 0.9286397248283594
0, 2, -0.1741307558675298
1, 2, -1.702424728452138
5, 0, -1.827377929181611
4, 1, 0.8572646961136554
2, 2, -1.72573949887678
5, 1, -0.6115558565265783
3, 2, 0.9077515166849898
6, 0, 0.2906622348567715
-1, 3, -0.185979828594583
4, 2, -0.747199269680655
0, 3, -0.02494376833571523
6, 1, -0.53366047759075
7, 0, 1.154505844000046
1, 3, 0.7809695554201528
5, 2, -0.5408415003294444
2, 3, 0.6690863374546236
7, 1, -0.5529937727454215
3, 3, -0.2472076001386792
8, 0, -0.04144239710965108
6, 2, 1.150175127286004
4, 3, -0.3794628230463561
-2, 4, -1.32281244585347
8, 1, 0.3860435181961939
-1, 4, 0.8849391973529366
0, 4, 0.1257995958301501
9, 0, -0.9583634067738318
7, 2, -0.6301822858212691
5, 3, -0.9748426819011656
1, 4, 0.77743346611458
2, 4, 2.425040151432235
9, 1, 0.1135198290130773
6, 3, -0.1070343110322305
10, 0, 2.603031297681173
8, 2, -1.221141395408765
3, 4, -0.3047967673841772
4, 4, 1.246748917984874
10, 1, -0.2391724844183603
7, 3, -0.1770469791994124
9, 2, -1.339483904081022
-2, 5, -0.6169589966974357
11, 0, 0.07649855574091133
-1, 5, -0.5261968691573167
5, 4, 0.4329738463194297
0, 5, -0.3456275350848433
1, 5, -1.055098672444179
8, 3, 1.125049115285057
11, 1, 0.1067000683510339
2, 5, -0.1073747539570961
10, 2, 0.8711383723086417
6, 4, -1.29305797706948
12, 0, -0.2099869806790114
3, 5, -0.1325677142425919
9, 3, 0.1647595324444673
7, 4, -1.249408855648229
12, 1, -2.075299649796457
4, 5, -2.049683125280402
11, 2, -1.311157813757787
13, 0, 0.7074921046551202
-3, 6, -0.1894893698533429
-2, 6, 0.2649212879494816
10, 3, 1.224303000135307
5, 5, -2.213872471261486
-1, 6, 0.8528532147911349
8, 4, 0.5398090972598161
0, 6, 0.03553146211527889
13, 1, -0.7112417239236463
1, 6, -0.1358459782375406
12, 2, 0.7601793276158706
6, 5, 0.3483607248505339
14, 0, -1.64455025821256
2, 6, -1.1124618300518
9, 4, 0.0761052051571289
11, 3, 1.062160342013567
3, 6, 0.3473805614724466
7, 5, 0.4871163219260907
14, 1, -0.1192844967844983
13, 2, 0.07381498309193324
10, 4, 0.7704084250772005
4, 6, -0.9530883838697136
15, 0, 0.3728773204784995
12, 3, -0.1749252618869708
8, 5, -0.4904908113998401
-3, 7, -0.8175436820973078
5, 6, -1.951640275922865
-2, 7, 1.821167618880362
-1, 7, -0.327066652496936
14, 2, 0.7877188811858846
15, 1, 1.936112464719818
11, 4, -1.745176134891945
0, 7, 0.1411304109661424
9, 5, 0.8125114251024885
6, 6, 0.3521379512728841
13, 3, -0.9032039650111533
1, 7, -0.882803783543759
16, 0, -0.9700602183660694
2, 7, 0.300858954091958
7, 6, -0.158093881607777
12, 4, -0.8309363008552298
15, 2, 0.597582046205101
10, 5, -0.9585478542789997
3, 7, 0.3017713080037684
16, 1, -0.2818814626429275
14, 3, -0.001027583779977413
17, 0, 0.2353094443440898
4, 7, 0.06862545654524485
8, 6, 0.5405305541464039
13, 4, -0.2651258243739344
11, 5, -0.1855041369067272
-4, 8, 0.9556569729319845
5, 7, -1.289736062850444
-3, 8, 1.154536680682158
16, 2, -0.5499045074821568
-2, 8, -1.260562684089564
17, 1, 0.2622477351208054
-1, 8, 0.3570400047166853
15, 3, 0.1247882583367407
9, 6, -0.1852271212187374
0, 8, -0.005066048444338725
6, 7, -0.7498255155067277
18, 0, 1.36515271556342
12, 5, -1.424361371761865
1, 8, 0.1312996339863961
14, 4, 0.8976710219811789
10, 6, 1.388626824688215
2, 8, -1.107424803510824
17, 2, 0.4936063191553246
7, 7, 0.1871841775161157
18, 1, -1.248179022871058
16, 3, 0.3296794529422078
3, 8, 0.6555183359962363
13, 5, -0.3030941237146724
19, 0, -0.1376282614702497
15, 4, -1.373114157526246
8, 7, 1.280340709142541
11, 6, 0.1925845389285627
4, 8, -1.751953980794353
18, 2, -0.1617047372125561
19, 1, 1.239567883087365
17, 3, -1.02321240381073
5, 8, 0.3816313223235088
-4, 9, -0.2872489843608604
-3, 9, 0.03794927094268485
9, 7, -0.4305143983744587
14, 5, 1.359842092631206
-2, 9, 1.389386624369018
12, 6, 0.1524663601833695
-1, 9, -0.3393772449863159
20, 0, -1.88054248974416
16, 4, 0.8822054049434113
6, 8, 0.4341715592958078
0, 9, -0.1171533450055761
10, 7, 0.5311264826932175
1, 9, -0.6851973961374999
19, 2, 0.9205787811565217
18, 3, 0.1088936698600455
20, 1, -0.47799037895477
15, 5, 1.475507197397753
7, 8, -0.9063978299547821
13, 6, -1.173882885316718
2, 9, -0.1660235135841515
17, 4, -1.580939231369915
21, 0, -0.2355774570290002
3, 9, -0.1593572027707687
11, 7, 0.9843940478944581
8, 8, -0.05020755730997767
4, 9, 0.2396561785496873
20, 2, 0.3406922304046124
14, 6, 0.2521967791403215
16, 5, 0.9306179527935198
19, 3, -0.4389899263140528
21, 1, 0.4327867768154797
12, 7, -0.1292594731647371
9, 8, -0.06585130582780861
5, 9, 0.7960900515044076
-5, 10, -1.696975737311574
18, 4, 1.908044564500858
-4, 10, 0.8788349427575268
-3, 10, 0.343943798953478
22, 0, -0.1089693224598794
-2, 10, 0.7495476974339315
-1, 10, 0.006826750293957422
15, 6, 0.1103589609055432
6, 9, -0.1365273798568578
17, 5, 0.9199937473082404
10, 8, -0.6167549990892338
0, 10, 0.4923334559311501
21, 2, -0.3898478809640028
20, 3, -1.788447515348343
13, 7, 1.713928892050156
22, 1, -1.006776312105473
1, 10, 0.08733618492187088
19, 4, -0.8993700122391236
7, 9, 0.3395086967010943
2, 10, 1.502948472044261
23, 0, 2.897726217545511
11, 8, 1.898773694544404
16, 6, -1.602590253362303
18, 5, 1.014069433656819
14, 7, 0.6055939944591109
3, 10, -0.1947570411291238
8, 9, -1.00310966385109
22, 2, -0.1519902440239791
21, 3, 0.1128386377716022
4, 10, 0.152951308358318
23, 1, 1.024312633490757
20, 4, -0.6293480700868772
12, 8, 0.9341610566680659
9, 9, -1.161059422815011
17, 6, -0.6677679122350545
5, 10, 3.110973374865753
-5, 11, -1.467023033864253
15, 7, -1.451834201119502
24, 0, 0.008456340498790767
-4, 11, 0.1972226672280668
19, 5, -0.5127007610569724
-3, 11, -1.014233752243537
-2, 11, 0.1085404147049366
13, 8, -0.2553236775856366
23, 2, -0.52348366614214
22, 3, 0.372645665264291
10, 9, 1.511079120268315
-1, 11, -1.838564537251403
6, 10, 0.1888377350536153
24, 1, -0.6989894567266208
21, 4, 0.5703415494301702
0, 11, 0.009351423084649669
18, 6, -0.2346937722587597
16, 7, 0.6342607533798879
1, 11, 1.55039626310227
7, 10, -0.3730386989039511
25, 0, 0.6247807038327809
20, 5, 0.2608313440389241
11, 9, -1.012239881541231
14, 8, 1.779736037584046
2, 11, -0.663143709827569
23, 3, 0.7132762973180912
24, 2, 2.956186486779902
8, 10, 2.919696708727405
3, 11, 0.2031870924706012
22, 4, 1.867695111618586
17, 7, 0.4681229307370246
25, 1, 0.7875761785482853
19, 6, -1.045533312374889
12, 9, 0.07742956638500489
15, 8, 0.8429741186674409
4, 11, -0.5679150623225195
21, 5, -0.6913854006466237
9, 10, 0.1112415936873941
26, 0, -1.007795958280104
-6, 12, 0.2699204977954437
5, 11, -2.11279462046722
-5, 12, 2.138881321673288
-4, 12, -0.1913906063555288
13, 9, 1.077009424182418
24, 3, -0.07877236030606788
-3, 12, -0.1805722567989207
25, 2, -1.213932547842026
18, 7, 1.187680895271869
20, 6, -1.743973688367554
10, 10, 3.153578271763807
-2, 12, -1.214857405782736
23, 4, -0.2176659058950385
16, 8, -0.02173853595944006
26, 1, -1.091338279010641
6, 11, 0.3528143405662583
-1, 12, -0.01155442999749898
22, 5, 0.457795571493882
0, 12, -0.02566946632220028
14, 9, -0.8383516435671194
27, 0, 0.3996049683981064
11, 10, 0.1042530944033561
7, 11, 0.1960838761597088
1, 12, 0.9126323701916977
19, 7, -0.7707837927104987
25, 3, -0.5767764826463453
17, 8, 0.5443654973066807
21, 6, 0.128588989938127
26, 2, 1.013137150244683
2, 12, 0.1935074991173647
24, 4, -0.5491864529945789
8, 11, -0.5692243236856811
27, 1, -0.290999981125892
12, 10, -0.4962267822033397
15, 9, 0.198917104837287
3, 12, -0.1586356620949795
23, 5, 1.219558155664973
28, 0, 1.188094296001913
4, 12, 0.8036905823961178
20, 7, -0.9517263714483182
9, 11, 0.6462630666448328
18, 8, -0.108409009310604
22, 6, -1.513007555394677
26, 3, -0.4662006097967263
13, 10, 1.328003593271114
27, 2, -0.6347046647617628
-6, 13, 0.236611562067902
25, 4, -1.506180312538936
16, 9, 1.005060940423975
5, 12, -1.584576946059115
-5, 13, 1.077194685541191
-4, 13, 0.4198862205624223
10, 11, -0.8592481680293269
-3, 13, 0.5386880910780594
28, 1, -0.1727082568470025
24, 5, 0.7659720198045805
-2, 13, -0.4960506668430759
6, 12, -0.4948305762491838
21, 7, -0.9321999872377201
19, 8, 0.2447505768485434
-1, 13, -1.505930523884837
14, 10, -0.6938789241887925
29, 0, -1.815818759669445
0, 13, 0.08648605115694941
23, 6, -0.8991835348440683
11, 11, 0.09267817233720523
17, 9, -0.3757938461226203
7, 12, 1.238445820718372
27, 3, -0.02316377416346201
1, 13, -0.3736277321416093
28, 2, 0.1699162901650285
26, 4, -0.1051466739067514
29, 1, 0.6102745957685053
25, 5, 0.2097921579934698
15, 10, -1.047249230244728
2, 13, 0.4388229815164981
20, 8, -0.5565763957988744
8, 12, 0.6885523059005459
12, 11, -0.7018563139295059
22, 7, 0.7124333884682915
18, 9, -0.5027078266143614
3, 13, -0.4955783190633515
30, 0, -0.5311497528240808
24, 6, 0.24917447243701
9, 12, 0.06219392283256324
28, 3, -0.1308585781607098
4, 13, -0.530263424279045
16, 10, 0.6986857578332454
27, 4, -0.9003267500200648
13, 11, -1.656182079473103
29, 2, -0.2472091294641764
21, 8, -0.6128413464296939
26, 5, 0.7252393530440343
-7, 14, 1.072119989286196
-6, 14, 1.164560301257879
30, 1, 0.01229218792679462
23, 7, -0.04550466378654639
5, 13, 0.8611073575573158
-5, 14, -1.034996190282908
19, 9, 0.5211245264062127
10, 12, 2.780038348344193
-4, 14, -2.59418494366469
-3, 14, 0.2670787545744061
25, 6, -1.383130747635708
14, 11, 1.46830016019128
-2, 14, 0.4658941750811269
17, 10, -0.7472901748870014
6, 13, 1.00582492047109
31, 0, -0.9173221738665449
-1, 14, 1.159793962478118
29, 3, -0.6252194789859051
11, 12, 0.3650499671413307
28, 4, -0.5690822186290971
30, 2, -2.757919563880769
22, 8, 2.485937925891991
0, 14, -0.2010349752691546
20, 9, -0.1393064223596135
7, 13, 0.1579130997295111
27, 5, 0.3149887668886706
24, 7, 0.3182445514966625
15, 11, 0.7324211751658493
1, 14, -0.4727375601199094
31, 1, -0.7540280629829846
18, 10, -1.15739203997628
12, 12, -0.2543996993863014
26, 6, 1.286580160334045
2, 14, 1.257520867237552
8, 13, -0.4170782745149917
32, 0, 1.423256781925788
3, 14, 0.2503697794021447
23, 8, 0.629781152023465
30, 3, 0.04880325722390645
21, 9, 0.03612651884799351
29, 4, -0.1346895964486817
16, 11, 1.027713725472866
31, 2, -0.3917491621166162
9, 13, 0.07053699417597599
25, 7, 0.621340152298699
13, 12, -0.5022469020411517
28, 5, -0.9679440959210669
19, 10, 0.2250418811917299
4, 14, -0.4285622920069763
32, 1, -0.891341808062341
-7, 15, -0.5599808338048901
27, 6, 0.2733223166385055
-6, 15, 0.1258907716125757
-5, 15, 0.3398554340469194
10, 13, -0.1358288559235589
5, 14, -0.1830390265646287
17, 11, 0.8767107787384968
-4, 15, 0.940322808559316
14, 12, 0.2251988027330037
22, 9, 0.1057784255211367
24, 8, 0.03346245691339311
33, 0, -0.01560956605006264
-3, 15, 0.1073707170722614
31, 3, -1.843115181777509
-2, 15, -1.184208095671057
30, 4, -0.8512332038101064
20, 10, 1.365415454115733
6, 14, -0.4298619059315489
26, 7, -0.5222168694226517
32, 2, 0.4015295674594569
11, 13, 0.4234274968304643
29, 5, -0.7349191010688716
-1, 15, 0.4151578927257551
0, 15, 0.07052546006439092
15, 12, -0.08834851569288898
33, 1, -1.298507406246058
18, 11, -1.360576360382034
7, 14, -1.965459297967596
28, 6, 0.001463754540995975
23, 9, -1.876679712688266
1, 15, -1.300261568045437
25, 8, -1.275938465430553
12, 13, 1.156020198843808
21, 10, -1.164653451371185
34, 0, -0.335189474757015
8, 14, -0.09775438805276432
2, 15, -0.5135319849544103
27, 7, 1.176774535126199
32, 3, -1.430477526645592
31, 4, 1.230599325185919
16, 12, -0.3905026708614548
33, 2, 0.003711568578660805
30, 5, 0.9751993784266137
19, 11, -0.9186881428793944
3, 15, 0.2152933772146348
13, 13, 0.8571282760501803
9, 14, 0.06493368791209714
34, 1, -0.7357212074961517
29, 6, 0.6557579031608447
24, 9, -0.2295667977683142
4, 15, 0.4434483195413776
26, 8, 0.3776617894125919
22, 10, 0.2642436829874671
17, 12, 0.8393512533849378
-8, 16, -0.03848505624689622
-7, 16, -0.1310362407033862
10, 14, 1.837180631185849
-6, 16, -1.64459418390979
14, 13, 0.9703051587025395
35, 0, -2.109718498437216
28, 7, 0.9897171015182283
20, 11, 0.2194853782082191
5, 15, -1.427126528936706
-5, 16, 1.119509878991863
32, 4, 0.3972748205305084
-4, 16, 0.9106850503593833
33, 3, -0.02177219881352673
31, 5, -0.3245458347017646
-3, 16, 0.9373365635479094
34, 2, -0.3735620592560575
6, 15, 0.02190986872705368
-2, 16, -0.5085900907313207
25, 9, 0.2030467784966284
11, 14, -0.004398894755083618
23, 10, -0.4083306641819339
30, 6, -0.1777561919978314
18, 12, 0.2638490845349624
35, 1, -1.121528323474341
27, 8, 0.9056949235459442
15, 13, -1.156609929227935
-1, 16, 0.9357889651217567
21, 11, -0.3010296345416039
7, 15, -0.2727104762016068
0, 16, -0.1185831998959445
29, 7, -0.6664814680531262
12, 14, 1.068098313706489
36, 0, -0.9862454166009782
1, 16, -0.1866105564954146
33, 4, 1.340683448252441
34, 3, -0.292496346803082
32, 5, -0.1526618737379897
8, 15, -1.252585942375234
19, 12, -0.4707559540798911
16, 13, -0.1764935426096463
35, 2, -0.1852994148637845
26, 9, 0.2588552968976946
24, 10, 2.028949332644119
2, 16, -0.1870314023073688
31, 6, -0.5073470386858583
28, 8, -0.6485164047594458
22, 11, -0.4844210459597875
13, 14, -0.5921584522279633
36, 1, -0.16583267919054
3, 16, 1.00991228253883
9, 15, 0.02705050404735374
30, 7, -0.3574839106698627
17, 13, 0.3188321280076318
20, 12, -1.003204129180684
4, 16, 0.8000516163789888
37, 0, -0.9491506877309974
34, 4, -0.7031236817408699
14, 14, -0.2666368377985873
-8, 17, -1.170405006805998
35, 3, 0.2953849569298252
25, 10, 0.319235483433396
10, 15, -0.6818321054505703
-7, 17, 0.1588463706148372
27, 9, 0.773825754287263
33, 5, 0.03092461106136361
-6, 17, 0.1534786433774548
5, 16, -0.06359252950667835
-5, 17, -0.005323616518810775
23, 11, -0.3523842515764452
36, 2, 1.777984186935808
29, 8, 1.535274248787063
-4, 17, 1.038345037841401
32, 6, -0.4696160112833773
18, 13, 0.9208242479965566
-3, 17, 0.9620362988077741
37, 1, 0.7980562745160042
11, 15, 0.2196188145308776
6, 16, -0.9337612748596248
21, 12, 0.2549424609082196
15, 14, 1.053325153100795
-2, 17, -1.053576383220725
31, 7, 0.958372485430415
-1, 17, 1.090721966485545
26, 10, 0.4317462072707436
28, 9, -0.2524806244654574
7, 16, -0.8544196531111617
38, 0, 0.1960462947131364
35, 4, 1.42325562944535
24, 11, -1.406477647877669
0, 17, 0.02876496360535493
36, 3, 0.4234658634369609
12, 15, 0.4182387996374007
34, 5, 0.1424260469956197
19, 13, 0.02260246799122868
30, 8, 1.955949598740682
16, 14, -1.823797302338737
37, 2, 0.8217896927197142
1, 17, 0.3584953465080538
33, 6, 0.2675423646705734
22, 12, -0.2743294500151747
8, 16, 0.07055256164525163
2, 17, 0.4248519039734314
38, 1, -0.4024903790471724
13, 15, -0.6574071993357096
32, 7, -0.3140061987887743
27, 10, 0.1826222467764873
25, 11, -0.04698664214128557
20, 13, -0.2906603008172866
9, 16, 0.00163342853247476
3, 17, 0.2258406782128012
29, 9, -0.6420930860586948
17, 14, 0.7540317495788303
36, 4, 0.1168225020419388
39, 0, -0.1443640946008244
37, 3, -0.1752664814568671
35, 5, 1.010528615270572
23, 12, -0.7728575956251497
31, 8, -0.4506327067712042
4, 17, 0.3379862329461783
14, 15, -0.8525044160624844
-9, 18, -0.8899743303484841
38, 2, -1.765717941402489
34, 6, 1.457527678737155
10, 16, -0.5436195000036794
-8, 18, 0.4091754007607018
-7, 18, 0.2609619266685391
-6, 18, -0.05405731261771496
5, 17, -0.4558943378872041
-5, 18, 0.5200103072002534
18, 14, 0.6132516077690225
21, 13, -0.06550264886022482
28, 10, -1.937044040259143
-4, 18, -1.9791291172207
39, 1, -0.7980100373710655
33, 7, 0.8853014146439554
26, 11, 0.7686241776424698
30, 9, -0.249819599357458
15, 15, 0.4517417124177942
-3, 18, -0.1740250970609231
11, 16, -0.5852123044972979
6, 17, 0.9020645111558273
24, 12, -0.1101482985761375
-2, 18, 0.4834301521936759
37, 4, 1.493406321127823
40, 0, 0.07573092180940436
32, 8, -0.0355271039645937
36, 5, 1.395207829615688
38, 3, -1.09562164370431
-1, 18, -0.09283979869855954
19, 14, 0.5443359928619957
7, 17, -0.6873006189388787
35, 6, 0.721955600045315
22, 13, -0.9052776398702369
12, 16, -0.3136643289003436
39, 2, 0.4225596581302269
0, 18, 0.1668805444172455
16, 15, 0.5254400515807737
29, 10, -1.539083664049021
27, 11, -0.4418283552385012
34, 7, -0.2536131201019453
1, 18, 0.1145368009621474
40, 1, -1.86393499732877
31, 9, 1.896035954462122
25, 12, 2.516661378264695
8, 17, -2.864898170319706
13, 16, 0.1650198787151751
20, 14, -0.7565697469566152
2, 18, 0.976037982485061
17, 15, -0.313864597756095
33, 8, -0.6831198030671839
23, 13, -0.1093641671804208
38, 4, -1.311329934035752
37, 5, 0.6236373937870828
9, 17, 0.6683763931784942
41, 0, 0.2670666714846839
39, 3, 0.1451292061668819
3, 18, 0.0277194353473549
36, 6, -0.1551149470718974
28, 11, 0.3476121558244836
40, 2, 0.6808793608271373
30, 10, -2.101804642294128
14, 16, 1.291129701111138
26, 12, 1.672152126550189
4, 18, 0.2364942659692999
35, 7, -1.61379632697759
21, 14, 1.659560287440206
10, 17, 2.12389740712748
-9, 19, -2.003217441685401
32, 9, -0.586691997115884
-8, 19, 1.078905257261328
18, 15, -0.07108316871316624
-7, 19, 0.0679702331567629
41, 1, -0.9177414739988614
-6, 19, -0.3930089280640923
24, 13, -0.02399534548422324
5, 18, 0.2074066167281009
-5, 19, -0.5125692443108598
15, 16, 0.2467406143594637
-4, 19, -0.1661385162022244
34, 8, 2.251988618923257
11, 17, 0.7052708442952927
39, 4, 1.027127982030608
-3, 19, 0.9415908559205739
38, 5, 0.1307409703430588
42, 0, 0.3355712487727535
6, 18, 0.2269983563335038
40, 3, -0.0163942633696371
29, 11, 0.1766594930968315
37, 6, -1.487466388615549
31, 10, -1.52561835688507
19, 15, -0.6515711500371117
-2, 19, -0.6628489132322546
22, 14, -1.402232387181149
27, 12, -0.01552930267967475
41, 2, -0.3925948163106665
-1, 19, 0.8308135540244964
33, 9, -0.2167343141909054
16, 16, -1.175230136366555
36, 7, -0.9172860021474547
12, 17, -0.4582450130071812
25, 13, -0.2859934458697637
7, 18, 0.2118910955634429
0, 19, -0.01682410981603722
42, 1, 0.75535325546581
35, 8, -0.0009334465922044242
20, 15, 0.6934219877806636
1, 19, -0.6496667167793111
8, 18, -0.341381234547234
23, 14, -0.4911956455998742
30, 11, -0.6853447828317407
13, 17, 0.7324290574867596
40, 4, -0.246130815165917
28, 12, -0.1821978703725518
39, 5, 0.2729210175778505
17, 16, 0.4560615815475998
32, 10, -1.32563035736583
2, 19, -0.8579024844130313
43, 0, 0.02952865598713515
41, 3, -0.9603516626984787
38, 6, 0.6253246793199572
26, 13, 0.3711137296815076
9, 18, 1.631541562534418
34, 9, 0.497127151557338
42, 2, -0.6164885255981352
3, 19, -0.1255403220691799
37, 7, -1.389638388199197
14, 17, 0.5573692339750833
21, 15, -0.09939631314390486
24, 14, 0.1841252697634041
18, 16, 0.0938027144393858
43, 1, -0.3309655035718828
4, 19, -0.05209668271811622
10, 18, -1.134000409409289
-10, 20, 2.417278267998333
-9, 20, 0.3237658538679755
36, 8, -1.378453989033891
-8, 20, -0.6349084057494507
31, 11, 0.2187488649524159
29, 12, 1.083091918283125
-7, 20, 1.062583895343419
-6, 20, -0.4899350369851571
33, 10, -0.2830463861940337
41, 4, 0.2491754552940033
40, 5, -0.7054474048548673
27, 13, 0.4127075033303525
15, 17, 0.4820177814597639
5, 19, 1.035236482735557
-5, 20, -1.617118357910571
42, 3, 0.02434005731670979
39, 6, -0.0150619817972293
44, 0, 0.07872415562066158
-4, 20, -0.5415057031280622
22, 15, -0.3535131841314217
11, 18, -0.3294868678420723
35, 9, -1.527921595874392
19, 16, 1.422666738508629
-3, 20, -0.164328069527813
43, 2, -1.346797614096862
38, 7, 1.686483560785565
25, 14, -1.300246300782107
6, 19, 1.632709015250054
-2, 20, -0.009724449657058851
16, 17, -0.8001654371841282
30, 12, -0.1572021991897625
12, 18, 0.19447813015639
32, 11, 0.4331297757087936
-1, 20, -0.4356196158295335
44, 1, 1.025710353545535
37, 8, -1.108683428659996
7, 19, 0.2812974866863435
28, 13, 0.04814787040878509
34, 10, -1.310496575268865
23, 15, 0.3728295842403699
20, 16, 0.4455705094986508
0, 20, -0.3556830007482787
41, 5, -0.8711054044602177
42, 4, 0.5553236795067065
40, 6, 2.547576383827073
26, 14, -2.441427400846649
1, 20, 0.1981100437508866
8, 19, 0.0003901245496802472
43, 3, 0.6665390288280786
17, 17, 0.2850779210690061
13, 18, -0.5002592389178205
45, 0, 1.751292137673531
36, 9, -0.8215711146733484
39, 7, -0.6139568797198539
44, 2, 1.434115082777925
2, 20, -0.1244071186046609
31, 12, -0.7719349785876668
33, 11, -0.06176837740224958
21, 16, 0.12305221963755
9, 19, 0.7266978570076293
24, 15, 0.1000848792977094
29, 13, -0.5723825333318341
38, 8, 1.281118838457356
14, 18, -0.4836174002294367
3, 20, -0.6610566418858129
45, 1, -0.688920266945367
35, 10, 1.151581200470108
18, 17, -0.3915457845560332
27, 14, -0.7999243844880901
10, 19, -0.82368826772524
-10, 21, 1.048757135737005
4, 20, -1.085795036000889
-9, 21, 0.1668201704129805
42, 5, 0.9858426696130497
43, 4, -0.2854308555913669
-8, 21, 0.6508948573048493
41, 6, -0.0487827306073051
37, 9, -0.2417064375040568
-7, 21, -0.214714798979455
44, 3, -0.16782871055101
15, 18, 0.3982331104063671
-6, 21, -0.3716101037594717
46, 0, -4.12770227544661
22, 16, -2.70473188670237
40, 7, -0.2507316735295448
25, 15, 1.003972535215675
5, 20, -0.4458220754831912
-5, 21, -0.4484734731744128
32, 12, 1.157780572128789
19, 17, 0.4325831019460576
45, 2, -1.080832439419128
34, 11, 1.040241970649519
30, 13, 1.757205600110538
11, 19, -2.044203842503184
-4, 21, 1.485261816426053
-3, 21, 0.06673810329781839
39, 8, -0.0779356561962448
36, 10, -1.44450386079194
28, 14, -0.8626459234785205
6, 20, 0.2774240978889308
16, 18, 1.428892079911492
46, 1, -0.00887820687596449
-2, 21, 0.08871990786108983
23, 16, 0.1165138660762615
12, 19, 0.5189135757918537
20, 17, -0.1644128580425969
-1, 21, -0.2221050701174628
43, 5, 0.7550235963809137
7, 20, 0.3592850537126551
38, 9, 0.08551059642289269
26, 15, 0.779598941086484
44, 4, 0.1098043316545054
42, 6, -0.1607344058495237
45, 3, -0.3950646532740999
33, 12, 0.3561040059391322
0, 21, -0.02879772631625805
47, 0, -1.646747875815635
31, 13, 1.216334886499474
41, 7, 0.2187039545466233
35, 11, 0.3504844983608504
17, 18, -0.1098136741245539
13, 19, 0.03365574358910148
8, 20, -0.1104986461418896
29, 14, 1.287812802884427
1, 21, 0.4160555215688214
46, 2, -1.459094914641171
37, 10, -0.1587296248949936
40, 8, 0.02534434066525243
24, 16, -0.03761939883218732
21, 17, -1.209069937368309
2, 21, 0.3149223750727805
27, 15, -0.1657933360232457
47, 1, -0.5729326329242882
9, 20, -1.243897964097514
14, 19, 0.9868223792058458
18, 18, 1.653885585349702
39, 9, 0.1842991911748163
3, 21, 0.1801365246134387
44, 5, 0.754827170142842
34, 12, 0.9512103366121657
45, 4, -0.6365732481201704
32, 13, 0.6951658921459526
43, 6, 0.3140243186246101
36, 11, -0.6745763131064468
46, 3, -0.4886473157819545
-11, 22, 0.07103959775414488
10, 20, -4.431464850107431
-10, 22, 2.089719269664135
30, 14, 2.068083347299361
42, 7, -0.6161141400899756
-9, 22, -2.301459393318363
22, 17, 1.46791422145723
48, 0, 0.197941240917988
25, 16, -0.4760306910866006
4, 21, 0.7035539986789503
-8, 22, -0.2809362897558537
-7, 22, -0.5810869540195474
15, 19, 0.4737599464814086
47, 2, 0.4893673656709568
19, 18, 0.5484197422245679
38, 10, 0.7303229978122885
-6, 22, 1.444737926454219
41, 8, -1.097122271435801
28, 15, 0.9248133950939961
-5, 22, -0.64245984404566
5, 21, 0.7482702667291162
11, 20, 0.4592484382798597
-4, 22, -0.1546117483584828
48, 1, -0.2403311426175162
-3, 22, 0.6577572987841842
33, 13, -0.4843588793837771
40, 9, -0.06991596087125261
35, 12, -0.1789571638369353
23, 17, 0.05381622105263366
16, 19, 0.147354998003771
6, 21, -0.06139041018955146
26, 16, 0.3636989990857077
45, 5, -0.3209634590757302
31, 14, 0.4020767135045566
46, 4, 0.7456828415346285
44, 6, -0.5308197686650734
20, 18, -2.152475511779199
-2, 22, 2.618966201158168
37, 11, -0.7834737919729672
12, 20, -0.1364245542314816
47, 3, 1.392017099852612
43, 7, -1.307927565012306
-1, 22, -0.6889529731868665
49, 0, -1.229055367009135
29, 15, 0.6679127045743288
7, 21, -0.252871928282038
39, 10, 0.3304081145957382
17, 19, -0.6447917255681462
48, 2, 0.995684255318472
42, 8, -0.8124301381967207
0, 22, -0.0133207513338615
24, 17, -1.363736045184402
13, 20, -1.660607341928767
8, 21, -0.6988996914337392
21, 18, 0.03225913042705784
27, 16, 0.3085507589564283
34, 13, 0.4845296712491046
1, 22, 0.3142851262295885
36, 12, 0.1695529405294309
32, 14, -0.903480645997032
49, 1, -1.544876878351745
41, 9, 1.546545925034842
38, 11, -0.2861310879105451
2, 22, -2.208481306585509
46, 5, 0.7543605213725516
18, 19, 0.8339633554751844
45, 6, -0.12193689581
30, 15, 0.1955921376457296
9, 21, -0.06157657643151687
14, 20, 0.5313796303364642
47, 4, -0.7152644442034899
44, 7, -0.9798065408439924
48, 3, 0.05751804418970811
3, 22, -0.3588985231104288
25, 17, 0.5838243583839913
50, 0, -0.8899766711060226
40, 10, -0.3715444633011686
22, 18, 1.44189773244888
28, 16, -1.285758354955418
43, 8, -0.4698468410994955
-11, 23, -0.2645515840737028
10, 21, 0.2723828251500552
-10, 23, -0.3676952775568354
49, 2, -0.656577793031646
-9, 23, 0.1420056212852059
4, 22, 0.9446233337817512
35, 13, 0.1668499553877486
15, 20, 0.5569788856058011
-8, 23, -0.6894329717257388
19, 19, -0.1667369483196984
33, 14, -0.7338698200229669
37, 12, -0.1595451413264519
-7, 23, 0.3736274210607755
-6, 23, 0.2296993864488878
42, 9, 0.000209678950058586
31, 15, 0.5344972666558153
50, 1, 1.329749185878566
39, 11, -1.308396688210895
5, 22, 1.772522111747587
-5, 23, -2.018665092169907
11, 21, -0.8542143698514186
23, 18, 0.008068441251065582
26, 17, -0.8657506204425316
47, 5, -0.05898233547038574
-4, 23, 0.5256155396005592
46, 6, -1.016035323708481
48, 4, -2.135677085768781
16, 20, -2.109315290530413
45, 7, -0.6251619070223847
29, 16, 0.7081671202765655
20, 19, 1.202413373755525
-3, 23, -1.422296989067114
6, 22, -0.2894323897315988
41, 10, 0.04106531665230654
49, 3, 1.03210716069055
51, 0, -0.04801500209038299
12, 21, -0.01400305648069717
-2, 23, 0.09908592211228888
44, 8, -1.349303797620814
36, 13, -0.9323632911546453
34, 14, -0.666823551063599
50, 2, -1.121872716819475
38, 12, 1.489322975515262
7, 22, 0.03879771234670741
-1, 23, 0.1668936617907634
24, 18, -0.1102955121919096
32, 15, -0.4000225590684429
17, 20, 0.05689809318666324
27, 17, -0.2944986279399886
43, 9, -0.09971246196904279
40, 11, 0.1263480481502044
21, 19, 0.3378760408592832
0, 23, 0.3542271302273488
13, 21, 0.5105284269241823
51, 1, -1.0750779984736
30, 16, -1.200785004013135
8, 22, 0.8089736983472302
48, 5, 0.6288573956258671
1, 23, 1.388800505962319
47, 6, 0.2117492086797198
49, 4, -0.4972951740921575
46, 7, 0.5412446837555935
42, 10, 0.9848525627377213
18, 20, -0.1584594764709243
50, 3, -0.5168560134999812
37, 13, 0.4692405918952122
35, 14, -0.6244046728082123
25, 18, 1.561928132496432
14, 21, 0.7724640867313464
2, 23, -1.314002084025043
9, 22, -0.7766502242875816
52, 0, 0.7280754258409783
45, 8, -0.8342213653361829
28, 17, 0.5889748300507353
22, 19, 1.335951115438107
39, 12, 0.05409904837044566
33, 15, 0.03785220583187492
51, 2, -1.129884684977874
3, 23, 0.08674636112925461
-12, 24, -0.1950022519544674
44, 9, 1.042771586591438
41, 11, 1.057880918246207
31, 16, 2.308609122492552
-11, 24, 2.252131920849703
10, 22, 3.009596665705459
-10, 24, -3.04675619281194
19, 20, -0.7341566088837093
15, 21, 0.2631712463862565
-9, 24, -0.2355837492685488
-8, 24, 0.00770744991099612
4, 23, 0.2521011783856261
52, 1, 0.4602609449202545
-7, 24, 0.3921419112938342
26, 18, -1.534159515815385
49, 5, 0.7262851324960784
23, 19, 1.391090545771
48, 6, 0.1122082717509224
-6, 24, 0.2572184048153506
43, 10, 0.0288864087175067
29, 17, -0.8511989999416856
50, 4, 1.729201368169712
36, 14, -1.691806874034668
47, 7, 0.8851096830522868
38, 13, 0.9065114411245652
11, 22, -0.1302330329840906
5, 23, -0.04012360580156127
-5, 24, 0.2905539759444207
34, 15, 0.009338814527447555
16, 21, 0.695915125265266
51, 3, -0.05351177291359543
40, 12, 1.25992208579743
20, 20, -2.278281455958334
-4, 24, 0.8776655788158227
46, 8, 0.3100569162162067
53, 0, -0.9717922607356975
32, 16, -0.5088433684059547
-3, 24, -0.07285417982623117
6, 23, 0.5139001255855322
52, 2, 1.554570431905265
12, 22, -0.5025707906928338
42, 11, -0.1231076456754893
45, 9, 0.586092754093311
27, 18, -0.8699558360339431
-2, 24, 0.01645885201419382
24, 19, -0.3355328295951785
17, 21, 1.2664944061683
30, 17, -1.165761297054276
7, 23, 1.002501214182593
-1, 24, -0.04919749756243354
21, 20, -0.285716967029981
53, 1, -0.9562684450093086
37, 14, 1.546490286745859
39, 13, -0.5712609722659406
50, 5, 0.6141054984916647
49, 6, -0.7335999965620312
35, 15, 0.5627042266333645
13, 22, -0.7406107689334931
44, 10, -0.6521126152996456
0, 24, 0.001033729553077389
51, 4, -0.4367286703587396
48, 7, 0.4849469036786256
41, 12, 0.08489138503150076
8, 23, 0.2307386773452607
33, 16, -0.06350147398976495
52, 3, 1.091526743054792
47, 8, -1.339492965164328
25, 19, -0.3207434079087104
1, 24, 0.1953951136812525
18, 21, 0.153002246872111
28, 18, 1.194200461665286
54, 0, -0.5692222844758716
22, 20, -0.1485046214450131
14, 22, -0.2793141246082238
43, 11, -0.1643482835134241
2, 24, -1.300010569761412
31, 17, 0.729245811053019
9, 23, 1.50132071674038
53, 2, -0.2651368279263747
46, 9, 0.2916734685394212
38, 14, 1.097952593238055
36, 15, 0.2906416035868418
3, 24, -0.02679175167847143
40, 13, 1.572125498122108
19, 21, -1.634548630467819
-12, 25, 0.2291843558834793
-11, 25, 1.078986544030523
54, 1, -1.557763195743362
45, 10, 2.447743322811297
26, 19, -0.7388213282187773
15, 22, -0.4193515101392923
10, 23, -0.6384428234969226
-10, 25, 1.127417253774971
50, 6, 0.8215964591229797
34, 16, -0.7754282265535627
51, 5, -0.1939689738226365
-9, 25, 0.02811324297489489
29, 18, -1.160250695906475
42, 12, -0.1831701915640098
49, 7, -0.6384345423307171
23, 20, 0.7891525948363152
-8, 25, -1.652895196537929
52, 4, -0.7319341341264292
4, 24, -0.1397981939360455
-7, 25, 0.02182060958757592
48, 8, 0.02211616943333227
-6, 25, 0.6364761804605612
53, 3, 1.811679788534321
32, 17, 1.780772353314716
11, 23, -0.1289998545258661
55, 0, -0.1397917723741017
44, 11, 0.06557951114096494
20, 21, -0.2959230006453395
5, 24, -0.6062569976233789
-5, 25, 0.961560545104007
16, 22, 0.8108386920384345
47, 9, 0.1637632426614211
-4, 25, -1.011057166244268
54, 2, 0.4145185549206624
39, 14, -0.1574273169085298
27, 19, -0.1382935264513036
37, 15, -1.184826202767839
24, 20, 0.3584957081827734
41, 13, -1.903417173445991
-3, 25, -1.927205695723254
30, 18, -0.2833499525552415
6, 24, 0.2259705487136753
35, 16, -1.124190848162284
12, 23, 1.279258890909133
46, 10, -1.737214835444587
-2, 25, -0.429887671413219
17, 22, -0.03545594663521377
55, 1, -0.06622829164220136
43, 12, 0.4452788835635021
51, 6, -0.1007206001118843
21, 21, -0.03819501890348564
52, 5, 0.4355455969456429
50, 7, 1.495230754681826
33, 17, -1.586433592946422
7, 24, -1.217593231375451
53, 4, 1.287494142563415
-1, 25, 1.097697063594392
49, 8, 0.3453831086516424
13, 23, -0.3464611431536254
28, 19, -1.185298997044746
54, 3, 0.2546915129561216
45, 11, -0.2348732788354859
25, 20, -0.4455793155931415
0, 25, 0.4220026855041037
56, 0, -0.04784548965138495
8, 24, -0.03236525044554432
38, 15, 0.001043197327612204
31, 18, 0.1401016642485025
40, 14, 1.355698507762843
18, 22, -0.9205774909203538
48, 9, -0.06727124644897205
22, 21, -0.2174918653793716
1, 25, -0.1458058043959531
36, 16, 0.07831936114654574
55, 2, -0.9645338444521241
42, 13, 0.8024043155555411
14, 23, -0.8751715488399735
9, 24, -0.1337588228184209
47, 10, 0.5005977874764522
34, 17, 0.1234311520165033
2, 25, -0.4286030642509177
44, 12, 1.093062153253392
52, 6, 0.6640852770069848
26, 20, -1.89169129248834
56, 1, 0.1625510429171112
29, 19, 0.2030438297801041
53, 5, 0.01578262381737441
19, 22, 0.5649053748573235
51, 7, -0.2527377311949384
3, 25, -0.3871885728750386
-13, 26, 0.6570052733858542
54, 4, 0.904112981104502
-12, 26, -0.3370442926017054
15, 23, 0.6842551658388459
-11, 26, -0.5098689078634174
23, 21, -0.8764468230237844
50, 8, 2.145497343974033
32, 18, -1.431671600186567
10, 24, 2.257170406996283
-10, 26, -1.534423413655512
46, 11, 0.8842536753587359
-9, 26, 1.370637810468118
39, 15, 0.06184649759615601
55, 3, 0.9466504943772818
41, 14, -0.8969740410053281
-8, 26, -0.5981121672216899
37, 16, -0.3143620980380561
4, 25, -0.7493124681337193
49, 9, -0.9592982740223102
-7, 26, 0.3967340133957228
57, 0, 0.02808311107398054
43, 13, 0.6479919327548694
20, 22, 1.22396677673573
-6, 26, -0.7673409743930159
35, 17, 1.308121800246582
11, 24, -1.193672173263461
56, 2, 0.2460164319418204
27, 20, 0.8110455520006912
16, 23, 0.2375987550320261
30, 19, -1.128583889356632
5, 25, 1.928064027132376
-5, 26, -0.6804137962472568
48, 10, -1.091098403270962
45, 12, 0.2801845855710972
24, 21, -0.2612541200706057
-4, 26, 0.7066055633077497
33, 18, -0.0392969651734697
53, 6, 0.6107156208430103
57, 1, -0.1052885640406886
54, 5, -0.2238731164394092
6, 25, -0.05426944620022258
-3, 26, -0.08932316848908856
12, 24, 0.3574870285608801
52, 7, -0.7657605678920886
21, 22, -0.2746519683846121
55, 4, 0.7919933747036241
40, 15, -2.055889922516794
17, 23, 1.13693640115174
51, 8, 0.008238862369147979
47, 11, -0.3541424220105792
42, 14, 1.327883906074431
38, 16, -0.3486380137831495
-2, 26, 2.145141529404064
28, 20, 0.5012881715396733
56, 3, -0.132123928935215
7, 25, 0.009222392066241489
44, 13, 0.9733296216159256
36, 17, -0.1399522495848728
50, 9, -0.2929296671737643
31, 19, 0.3201267089479615
25, 21, 0.891093630623399
-1, 26, -1.060127865030725
13, 24, -0.4709738516150484
58, 0, 2.586565694404655
0, 26, -0.1231961349531643
57, 2, -0.5710722013074458
18, 23, -1.144199942900469
46, 12, 1.280853208403641
22, 22, -0.1320165792488628
34, 18, 0.5353042341778081
8, 25, 0.4850719345334282
49, 10, 0.3156479619482839
1, 26, -0.2528571891607999
14, 24, -1.76411960565504
54, 6, 0.03299592720125338
41, 15, -0.02266754973398842
29, 20, 0.2977907191391614
55, 5, -0.1949813499461656
53, 7, 0.6112083876039017
39, 16, -0.4282679842641777
58, 1, 0.21623495825203
26, 21, 0.2351381515899595
43, 14, -1.15596874660206
9, 25, 1.560977369352709
2, 26, 0.5322186860841315
48, 11, -0.6290803950040347
32, 19, 0.6456216416752834
56, 4, -0.122754883370167
52, 8, 0.07596250883067722
37, 17, -0.08909018622742254
19, 23, 0.4636595896857668
45, 13, 0.764263447562793
23, 22, -0.5009494358763411
-13, 27, -0.7055809153276992
57, 3, -0.2529344058590524
51, 9, 0.2087869691984628
15, 24, -0.0778720496764298
-12, 27, 0.05861328950511488
3, 26, -1.335703474440109
-11, 27, -0.4239935077353704
35, 18, 0.2015321647390992
10, 25, 0.196214255533172
-10, 27, -0.385629336382814
59, 0, 1.162396672528988
-9, 27, 0.1782362621229956
47, 12, 1.308933346532586
-8, 27, 0.9202156416134053
58, 2, -0.8693132644297058
50, 10, -0.2988410577500389
30, 20, 1.491767236140407
4, 26, -0.6250868727199737
27, 21, 0.08784666419047978
20, 23, 0.08407525441551511
-7, 27, -0.1372915788058811
42, 15, -0.2774764145271688
-6, 27, -0.2835049900354563
40, 16, 0.02241376822996995
16, 24, -0.02772854169712766
33, 19, -0.3403382601136337
11, 25, -0.6042649091178433
24, 22, 0.9997679858435575
44, 14, -1.014834631676859
55, 6, 1.933157589680766
38, 17, -1.846899329252908
5, 26, -2.486517045430186
-5, 27, 2.219699825542838
54, 7, -0.4975300813613145
56, 5, 0.4465455203178743
59, 1, 1.370897862154132
49, 11, -1.373722761590014
53, 8, -0.1261519718502329
-4, 27, -0.6604873187915166
57, 4, -0.8077512437858455
46, 13, -1.118946472150038
36, 18, 0.7160884376301259
21, 23, 0.1490728744541808
12, 25, 0.08532951254700831
6, 26, 0.7059327216169469
-3, 27, 0.06925008544730854
52, 9, 1.029170838765427
28, 21, -0.438092046788627
17, 24, -1.621868663191169
31, 20, -1.1562275715241
58, 3, 0.2228847114860769
25, 22, 0.04936577460197245
-2, 27, 0.06255895489027451
60, 0, 0.3837255739076805
48, 12, -0.1800144251793705
34, 19, 0.8841956253698282
51, 10, 2.113552953784367
7, 26, 2.140496109817958
41, 16, -0.1862997270628797
59, 2, 0.1364263910516205
43, 15, -0.5484587276332811
13, 25, 0.6862047082713548
-1, 27, -1.630718857669204
39, 17, 0.3235016076660891
45, 14, -0.3561319476030563
22, 23, 0.1511664853569104
18, 24, -0.08859290958495276
0, 27, 0.04884896313660492
56, 6, 0.1864031348335105
8, 26, 0.755340352629285
55, 7, -0.2169327076610577
50, 11, -0.07224117788235185
37, 18, 0.2648725222063108
29, 21, 0.09772962756733043
57, 5, -0.2039646731015323
32, 20, -0.504760836243844
60, 1, -0.2082350487442421
47, 13, 0.4313611284195013
54, 8, 1.282481675528695
26, 22, 2.359169232966775
14, 25, 1.354417323639448
1, 27, -0.9087718537982551
58, 4, 0.3521401297404633
53, 9, -0.6913182213100472
35, 19, 1.171042856714078
9, 26, -1.359488907457602
19, 24, -0.4039084297787923
59, 3, 2.256758396784684
23, 23, 3.510601829994425
2, 27, 2.343978806372873
49, 12, -0.217612011112208
42, 16, 0.8729695044437473
61, 0, -0.5049236282172913
44, 15, 0.116527853607681
52, 10, -1.033076247740432
-14, 28, -1.527194699252667
40, 17, 0.02340628644582728
15, 25, 0.2422513151294615
-13, 28, -0.2506975289744263
-12, 28, -0.8413287732406048
-11, 28, -0.296835324745289
30, 21, -0.1083766070161144
3, 27, 0.1398148489105617
60, 2, -0.0175097605047719
46, 14, 0.06481968624915645
10, 26, -1.22661512246092
-10, 28, 1.474313240442508
27, 22, 0.07067431677486491
38, 18, -0.7423223354984051
33, 20, 2.220362421310711
-9, 28, 2.243932548780793
20, 24, -2.0084200454436
-8, 28, 1.874151500661014
51, 11, -0.4319876105192913
4, 27, -0.399523449205455
57, 6, -0.1878445305299657
56, 7, -0.4392496995574514
48, 13, 0.9365316452647336
24, 23, -0.4186910053730694
-7, 28, 0.6356239567329801
58, 5, 0.417303548184953
16, 25, 0.9863642877315778
55, 8, -0.2468555071496835
36, 19, 0.1076879781999426
61, 1, -1.508686465018319
11, 26, -0.9218527627933331
-6, 28, -0.3804436652105896
59, 4, -1.225597217477058
5, 27, -1.137448579478769
-5, 28, 1.066303080924329
54, 9, 0.5114406733641237
43, 16, -0.5365206877921979
31, 21, -0.7729395010639447
50, 12, 1.970217855531447
28, 22, -2.091538488197469
41, 17, 0.06250166528400185
-4, 28, -0.3365821197551668
60, 3, 0.0975341602150278
45, 15, -0.3010779332108585
21, 24, 0.1849509008090592
34, 20, 1.064486816118398
12, 26, -1.432759861089355
53, 10, 0.2407214302614409
17, 25, 0.1051441153057484
39, 18, 0.2395313513661347
6, 27, 0.03387717553814592
62, 0, 1.306691019137609
25, 23, -0.7691454233049265
-3, 28, 1.067310641957982
47, 14, 0.09181077121298477
61, 2, 0.3426023810941197
-2, 28, -1.652082984577798
37, 19, -0.7421672002001424
52, 11, 0.3499116174385655
49, 13, 0.3121544048796335
7, 27, 0.3755475579994444
13, 26, -1.204452054149871
58, 6, 0.8906016898479465
22, 24, -0.5199999816743555
57, 7, -0.182229246640197
-1, 28, 0.9743179666806455
29, 22, 1.17278207747613
18, 25, 1.309132041147651
59, 5, 0.9590172761019931
32, 21, -0.2864105168626495
56, 8, 0.02291738752894558
62, 1, 1.572925396833784
26, 23, 1.116353373033322
60, 4, 1.992440478066617
44, 16, -1.795949169213286
0, 28, 0.1452363685583118
42, 17, 0.876148089593356
55, 9, -0.8757308681959831
35, 20, 2.283142167333403
8, 27, -1.266417337719347
46, 15, 0.5617401877798605
51, 12, 0.3225913890174553
40, 18, 0.198436771935359
14, 26, -0.224941285733652
61, 3, -0.2407327763716139
1, 28, -0.07724219453207615
54, 10, -0.4486896801894893
48, 14, -0.4533274232073929
23, 24, 0.02736800722580184
19, 25, 1.292875132255801
63, 0, -1.106436153796322
9, 27, -0.7484526437181547
38, 19, -0.07219266065082225
30, 22, -1.043306483893763
2, 28, 0.673396917478905
33, 21, -0.2008660655316749
62, 2, 1.074084684910004
50, 13, 2.153067043844835
27, 23, -1.82838840517513
15, 26, -1.112597021445641
-14, 29, 0.9986173755304449
53, 11, -1.256027664288164
-13, 29, -0.3619769908877306
-12, 29, -0.2957136902568979
-11, 29, 0.07118845619572386
3, 28, -0.4227480322519573
59, 6, 0.4952953459840129
58, 7, -0.4374470688743544
10, 27, -1.003082126928789
-10, 29, 0.8479055539459004
36, 20, 0.8361501109907931
60, 5, 3.792356776477134
57, 8, -1.453697821137923
45, 16, -1.450138984063803
43, 17, -2.104464426116249
20, 25, 3.74554570495307
-9, 29, -2.064102978979607
24, 24, 0.01024487553335333
63, 1, -0.1317576539246321
-8, 29, 0.3337974111189448
47, 15, 0.048916123964041
41, 18, 0.4289552858979134
61, 4, 0.9599618440454428
56, 9, -0.8573054301816146
52, 12, -0.9294812014452654
4, 28, -0.9084875101908566
-7, 29, -1.497780665993407
16, 26, 0.5941123534461858
31, 22, -0.06677898154089439
11, 27, 0.5949556570732911
49, 14, -0.7275491317654262
39, 19, -1.099761526440346
-6, 29, 0.1154551672586891
28, 23, 0.0481528595542499
62, 3, -0.9531211972916181
55, 10, 2.395980850535915
34, 21, -1.294897412244836
5, 28, 0.06854752558596555
-5, 29, -0.1107723222701367
21, 25, 0.02453183342757598
64, 0, -1.057315667502835
25, 24, 0.598599585457093
-4, 29, -0.4113299470987188
51, 13, 0.01670075037864643
37, 20, 0.2462931627041549
17, 26, -0.659916136891179
12, 27, -0.04890195523723971
63, 2, 0.8245564496559643
54, 11, -0.9458340245343543
6, 28, -0.3566423569898534
-3, 29, -0.2146031021727095
44, 17, -1.086161934720253
46, 16, -0.8970996219392535
59, 7, -0.5550175578477179
60, 6, -0.06951840883776826
42, 18, -0.05146087064852806
58, 8, 0.1918602766448541
32, 22, -1.463939642556343
48, 15, -0.1898930281932667
61, 5, 0.3517868902799594
-2, 29, -0.9704373095950005
29, 23, -0.8439515650384658
22, 25, -1.39449620583461
64, 1, 1.986366559648579
53, 12, -2.354545889060303
40, 19, -0.7720628228491466
35, 21, -1.125461573235297
13, 27, 0.8319009772844608
7, 28, 0.8975514799498643
57, 9, 0.08957609962716646
62, 4, 0.5580319831743694
18, 26, -0.1004773016855821
-1, 29, -0.7804447767849364
50, 14, -0.8850757345345395
26, 24, 0.7154318678700305
56, 10, 1.378800047792584
63, 3, -0.08831034407362924
38, 20, -0.3205637162836725
0, 29, -0.2219713734023487
8, 28, 0.3096119513963598
14, 27, -0.1729412579255548
65, 0, -1.292855457116309
52, 13, 0.6065080041001474
23, 25, 0.3510877018323351
55, 11, -0.04678313977929023
45, 17, 0.3232330759465585
33, 22, 0.0694416799978511
30, 23, -1.278545088052996
19, 26, -0.4151095098643031
1, 29, 1.058707063904052
47, 16, -0.9786324018820091
43, 18, 0.006409748404899659
64, 2, 1.269682962823548
9, 28, -0.4138757627712281
36, 21, 0.0263754559089381
27, 24, 0.01343698972963706
49, 15, -0.09487767220348553
60, 7, -0.5903123438908764
41, 19, 0.8930953372298921
61, 6, -0.6067316555802456
2, 29, -0.7053849422635837
59, 8, 1.009992818024358
15, 27, -0.1624425470642906
-15, 30, 0.3462686922836999
-14, 30, 0.79767168751447
62, 5, -0.7102686066353481
-13, 30, 0.2586174772139602
54, 12, -0.3893373851155475
-12, 30, -0.1793266807950461
58, 9, 0.2728950215964606
-11, 30, 1.263921636944626
65, 1, 0.02877077317128155
51, 14, -0.1201176219720399
-10, 30, -0.4841113145693639
20, 26, 0.1934831090193604
10, 28, 0.2607322257957933
63, 4, 0.2317547991357441
39, 20, 0.2307803060907838
24, 25, 1.226820277001283
3, 29, 1.194850720428004
-9, 30, -0.07018189291887778
57, 10, 1.772852386496086
31, 23, 1.983764733166525
34, 22, -1.248841610498534
-8, 30, -1.339454560284496
64, 3, 0.1834019188286312
16, 27, -1.087276364317292
28, 24, -0.1626933635264561
4, 29, 0.2004466421779128
-7, 30, -0.6582374136818669
53, 13, -0.03508771577489305
46, 17, 0.1484598168827566
44, 18, -0.1506773983965598
11, 28, -0.5060136793736846
37, 21, -0.4554892521281629
48, 16, 0.7832702864860587
66, 0, 0.02223524117511643
-6, 30, -0.152945557963732
56, 11, 0.5976498602568542
42, 19, 0.1724162143662963
21, 26, -0.5284556791940384
65, 2, -1.093624998491256
50, 15, -0.02339180981631371
25, 25, 0.7569232279226643
5, 29, -1.35903678785505
-5, 30, 0.6553873297199526
61, 7, -0.6170964154255338
17, 27, -0.5690194093883665
62, 6, 2.625448423565918
-4, 30, 1.686860001305754
60, 8, 0.614967714698383
40, 20, -0.9864352303036245
12, 28, 0.3105508487465189
55, 12, -0.2452131146350082
32, 23, 0.07361888574649607
63, 5, 0.2365477770111435
52, 14, 0.7438783371361962
35, 22, 0.3346735934355272
6, 29, -0.16049341509718
59, 9, -1.167685380529587
29, 24, -0.4391148114101848
-3, 30, -0.001393001587698338
66, 1, -0.759203539977244
64, 4, -0.2900823409905781
22, 26, -0.6031565824228095
58, 10, 1.04686468562259
-2, 30, -0.5913768416404958
38, 21, 0.5934975719363317
26, 25, 1.079551020805329
47, 17, -0.6702674901869559
13, 28, 1.089948646453459
45, 18, 0.51832270277931
18, 27, -0.6412278617892609
7, 29, 1.297803352578996
54, 13, 0.1618439325222716
65, 3, 1.691208596463656
49, 16, -1.812370688796885
43, 19, -0.3485386218281829
-1, 30, -0.1373155029018358
57, 11, 0.1334702745920861
67, 0, -1.74216202705758
51, 15, -0.1877251540992865
33, 23, 0.06608807941568885
0, 30, -0.100460871775038
30, 24, 0.1258491458063121
41, 20, 1.11032545496824
8, 29, 0.6179462219734034
23, 26, 0.06432834675897187
66, 2, 1.849675080756684
36, 22, 1.938089977120712
14, 28, 2.799723026763625
19, 27, 0.4066362380948019
62, 7, -0.02285958898432974
63, 6, 0.07954864230658934
56, 12, -0.001057479643827079
61, 8, 0.6262571450498877
27, 25, -0.1339339059937812
53, 14, -0.1320690418235541
1, 30, -0.1270577246212007
64, 5, -0.3037270861754975
60, 9, 0.364933551341913
39, 21, -0.3497279914313508
9, 29, -0.03280167561880037
67, 1, 1.054810597175679
46, 18, 2.67325983850414
2, 30, 1.852173818422303
65, 4, 0.6354267507014298
48, 17, -0.765068874866809
15, 28, 0.04623071518804671
-15, 31, -0.07822384023018587
-14, 31, 0.003413995061635804
59, 10, 1.082920679519021
-13, 31, 0.05134328742207182
44, 19, -1.798088146199449
-12, 31, -1.818407917453186
50, 16, 1.817526471339835
24, 26, -1.646707399870516
34, 23, 0.9278655671508663
55, 13, -2.114374617392644
31, 24, 1.709460846317367
20, 27, 0.1988397770678572
-11, 31, -0.4189573016249186
10, 29, 2.046630493933741
-10, 31, -2.107069730715466
66, 3, 0.2054331770035334
3, 30, -0.01782098935018759
37, 22, 0.1369926801212724
42, 20, 1.659005144179646
58, 11, -0.03316299966241763
-9, 31, 0.2884672325224178
52, 15, 0.1754600778052436
28, 25, 0.7903158586133892
-8, 31, -0.6955729293521123
68, 0, 0.2421553862831052
16, 28, 0.07062200153208016
4, 30, 0.7315070450662248
-7, 31, 0.5192405393565026
67, 2, -0.7284850868754682
11, 29, -0.4246510608805147
40, 21, 0.2748197689417454
54, 14, -1.676271173209184
57, 12, 0.1835168713208503
21, 27, -0.06927690823160919
63, 7, 0.1310593060049757
25, 26, -1.62063988568304
-6, 31, 1.797950946473542
64, 6, 2.037661565803834
62, 8, -1.752942567167289
32, 24, 0.01572584900138592
65, 5, 1.299707428611337
61, 9, -0.8415080577299102
47, 18, -0.3779367829149166
35, 23, -0.1235212294606769
5, 30, 0.2482419424013801
-5, 31, -0.1093906930453265
49, 17, -1.574126734226575
45, 19, 1.345580984565698
17, 28, -1.21817319540708
29, 25, 0.8935445031842282
68, 1, 0.008377119205058561
51, 16, -0.4353364423464982
12, 29, 0.2611617626978109
-4, 31, -1.239893493487993
66, 4, -0.005286990184261789
60, 10, -1.389134925505378
38, 22, 1.308636790745383
56, 13, 0.2137485400745583
43, 20, 0.2414590229576068
6, 30, -0.3066773381274331
-3, 31, -0.3538039495040869
22, 27, 0.6219163916080955
53, 15, -0.4909880288187382
26, 26, -1.220947070146554
67, 3, 1.435536573984622
59, 11, -1.370239486768625
-2, 31, 1.955748215124879
41, 21, -1.630432238222897
18, 28, -0.09249560214596624
13, 29, -1.16819263697313
7, 30, 0.5416458389282681
69, 0, -0.5912823889493093
33, 24, -0.38744565976755
36, 23, 0.754530386226218
55, 14, 0.6472051974684216
-1, 31, -0.04993049561548318
30, 25, -0.6365866999868121
68, 2, 1.048007256133201
58, 12, -0.9341025292975204
48, 18, 0.3270092901730665
64, 7, -0.01817992204265466
63, 8, -1.016339116047257
65, 6, -2.533557394459016
50, 17, 2.403051291076446
46, 19, 2.77946777269286
23, 27, -2.585753474942108
39, 22, 0.6025149514625062
8, 30, -0.6316754931954921
0, 31, -0.112136336129351
62, 9, -0.8198066626277214
14, 29, -0.8387510815336314
66, 5, 0.5018109093014861
27, 26, -0.5001514745021749
19, 28, -0.03675609641623626
52, 16, -0.2728392249359352
44, 20, -0.1909010751994334
61, 10, -0.6422705356888238
69, 1, -0.7183224769339359
57, 13, 1.001876171204518
67, 4, 1.565645160911908
1, 31, 1.043953518607072
54, 15, -0.206921341865851
9, 30, 0.0397402652623542
42, 21, -0.1235717375954084
34, 24, -1.195624368347366
31, 25, 0.4460506038181642
-16, 32, -0.9008364542493109
60, 11, 1.417837267810644
37, 23, -1.328587564739049
15, 29, -1.612776459327598
-15, 32, 1.459918883990677
-14, 32, 0.1866562084595681
24, 27, 0.2046849957143509
2, 31, 0.903277657448505
68, 3, 0.5919363173489046
-13, 32, 0.440787989217081
20, 28, -1.327258816040957
-12, 32, 1.188126029826441
-11, 32, -0.6109226468408503
28, 26, -1.382163293136234
70, 0, 3.005214845287256
56, 14, -1.409814877351037
40, 22, -0.3126486862609459
10, 30, 2.032888195292828
-10, 32, -1.594699819094013
49, 18, -0.01176394652349055
47, 19, -0.2180640802697965
3, 31, -0.3093413888446192
59, 12, -0.7773295378844444
51, 17, 0.6174455763284229
-9, 32, 0.07917687212813557
69, 2, 0.9082312694170915
65, 7, 0.1015753510195036
45, 20, -0.1390729721990497
16, 29, 0.02890926012343928
64, 8, -0.0159985687826918
-8, 32, -0.03667400163444684
66, 6, 0.03101368032632323
53, 16, -1.480173510284463
63, 9, 0.5299689959724915
35, 24, -0.1312424992960664
25, 27, 0.1970968329852106
4, 31, 0.2090489211067509
-7, 32, -0.1200864057941137
67, 5, 1.511557150823244
32, 25, -1.987631142659626
21, 28, -0.3518896491793048
11, 30, -0.3404123014803769
43, 21, 0.322213698973226
58, 13, 0.5518534499771655
38, 23, -0.5798498858357191
62, 10, 0.4623033647118472
-6, 32, -1.335200766305293
70, 1, 0.7632301837494569
55, 15, -1.940968366248886
29, 26, 1.057874941892118
68, 4, 0.269877402401822
5, 31, -0.4242738106128648
-5, 32, 0.2399243056500375
17, 29, 0.4034076425146036
61, 11, 0.2793895763427389
41, 22, -0.7868696131895316
12, 30, -0.03120978595306221
-4, 32, 0.36742749744554
69, 3, -0.2090114715794415
50, 18, -0.2892325177398377
22, 28, 0.006266060531756595
48, 19, 0.1669083311318422
26, 27, 1.514141232801461
57, 14, -0.09294068125042863
6, 31, 0.3443631287325976
52, 17, 0.5519003590624064
-3, 32, 0.5573403699741361
46, 20, 0.5816517107377767
33, 25, 0.1903719126994702
60, 12, 0.1284187678293556
36, 24, -0.1906160001947829
71, 0, 1.594588748968284
18, 29, 0.5872008196207241
13, 30, 0.12993743466151
70, 2, 1.597575017527783
54, 16, -1.290128437303111
30, 26, 1.647547448675176
-2, 32, -1.332996270414745
66, 7, 0.7519218402987451
39, 23, -0.05494808079297017
65, 8, -0.5189621654807314
44, 21, 0.4169922558547456
67, 6, 0.2944836072665044
7, 31, 0.681824388531129
64, 9, -1.070742475480185
68, 5, -1.120253369086351
-1, 32, -0.9110764344426274
59, 13, -0.05708110060472108
23, 28, -0.4034616751395357
63, 10, 0.8292600367381208
56, 15, -0.01413970729868093
27, 27, 0.4841223179879869
42, 22, 0.4288054199009416
14, 30, 0.3884658413683653
71, 1, 0.09126039640665778
69, 4, 0.1382234605053075
8, 31, 0.1613453202951901
19, 29, 0.3368886534787003
0, 32, 0.1739833675059069
62, 11, 0.9737922020370241
34, 25, 1.237520136239816
49, 19, 0.4553548881999592
37, 24, -0.001319814610815808
51, 18, 0.1362583545752825
31, 26, 0.136776971866166
47, 20, -0.1468122587114679
1, 32, -1.408060801798621
70, 3, -0.7203522904956691
53, 17, 0.7815642627777435
58, 14, 0.9493778451404986
40, 23, 1.53291418904095
9, 31, -1.378941347297603
24, 28, -0.7716404577764691
61, 12, -0.4120928029779476
-16, 33, -1.455519793985987
15, 30, -0.6347955710635829
45, 21, 0.2962474472564036
-15, 33, 0.2993467356765567
-14, 33, 0.7269878978487689
72, 0, 0.03971687687704017
55, 16, 1.59693776386873
28, 27, -1.345675873450472
20, 29, -0.5187738988747639
-13, 33, 0.4858441424790499
2, 32, 0.2658197361806487
-12, 33, -0.04024337742114909
71, 2, 0.06460136172836721
67, 7, 0.1311226453380692
-11, 33, -0.01422718828368351
66, 8, -1.909753270164821
68, 6, 0.4166500716822794
65, 9, 0.5870501254508239
43, 22, -0.5698047991869789
10, 31, -0.8277272127853024
-10, 33, 0.7319499232517602
60, 13, 0.2802368244238344
35, 25, -0.8901456156318412
3, 32, 0.554938426950922
57, 15, 0.1046168299059687
-9, 33, 0.2069548711491162
69, 5, 0.519750566672214
64, 10, 0.2174611113320677
16, 30, 1.784261678424116
38, 24, 0.6705741940241884
32, 26, 0.2514084294866763
25, 28, -0.7385405201329376
-8, 33, 0.5018914832146688
21, 29, -0.6737040066617326
50, 19, 0.7287236557043065
70, 4, 0.2639520641174657
52, 18, -0.3687296582903681
72, 1, 0.4144911958417574
-7, 33, -0.2617663239027108
48, 20, -1.465800827280302
4, 32, 0.1351195812631543
63, 11, 0.8145214727509885
11, 31, 0.8555259000608846
41, 23, 0.62370616210623
29, 27, -0.2628759416954079
54, 17, -0.5497398491290937
-6, 33, -0.02214772234851201
59, 14, -0.4438022259968869
46, 21, 0.02030097374766098
71, 3, -0.7627119047678509
17, 30, -0.616521192073083
5, 32, 0.2132441289146162
-5, 33, -0.4311649585714644
62, 12, 0.7226968211622998
56, 16, 0.02611626453892149
36, 25, -0.6885496820542669
12, 31, 0.1119693389214822
44, 22, 0.6900396047008429
26, 28, 0.8435074976676784
33, 26, -0.8068891787329182
22, 29, 0.1017949154547847
73, 0, -0.811436137048799
-4, 33, 0.09942020519792173
39, 24, 0.05209891573744262
68, 7, -0.9205423693889194
67, 8, 0.7836347467577872
72, 2, 0.2362224295348945
6, 32, -1.438582154997665
69, 6, 0.1068170867284369
66, 9, -0.076038522153028
30, 27, -0.308336400696495
-3, 33, 0.3751599530829478
61, 13, 1.369372825447614
58, 15, 1.414240336536134
18, 30, -0.03853242809262689
70, 5, 0.1441628736239211
65, 10, -0.0156033741615138
51, 19, -0.06962890482891064
42, 23, -0.09141989861906087
13, 31, -0.0009542551189730181
49, 20, -0.5026205487247121
53, 18, 1.098879828855306
-2, 33, 1.856115068274259
7, 32, -0.05429261255620777
47, 21, -0.5039850226826171
23, 29, 0.5111469422183756
71, 4, 3.342985697065337
64, 11, -3.11308968553264
55, 17, -3.087711892543021
27, 28, 3.302055636484026
73, 1, -0.9951849141383098
-1, 33, 0.4635287543075811
37, 25, -0.5245918183802557
60, 14, 0.5092224181058176
34, 26, -0.4541644039016882
19, 30, 0.6481335279175202
45, 22, -1.267314410502921
14, 31, 1.293175782698031
40, 24, 0.04039981754066129
8, 32, -0.0322187064298506
57, 16, 0.6331772412827178
31, 27, 0.57906650424732
72, 3, 0.142629125317696
63, 12, -0.1163784597127713
0, 33, -0.001908162253408179
74, 0, 1.352029542947378
24, 29, 0.09520882418107487
1, 33, -0.4099153602543291
43, 23, 0.4241511830871628
68, 8, 0.5079669845813056
28, 28, 0.192629993827123
69, 7, 0.637362268491268
9, 32, 0.3277999109894278
59, 15, 0.06372832508294768
-17, 34, 0.2185176976469809
-16, 34, 1.667198019097041
73, 2, -0.1258954513373751
62, 13, -0.163627163172172
15, 31, 1.691793768909665
-15, 34, -2.142410116008929
67, 9, 0.5450757292173288
52, 19, 0.5685369849047747
70, 6, -0.420764788429379
50, 20, -0.4547389685729943
20, 30, 0.9712442521674645
-14, 34, -0.2262706950927476
-13, 34, -1.106968324142586
54, 18, -1.102285753372175
35, 26, 1.175215546192357
2, 33, -1.302890398214256
66, 10, -0.04405094817861449
-12, 34, -0.2186245690365166
48, 21, -0.1294212031490292
38, 25, 0.2104782283751826
71, 5, 0.633374968815222
-11, 34, 0.7728962468086396
56, 17, -0.09940264074235509
32, 27, -0.3095853894038988
10, 32, 0.09058517231705616
-10, 34, 0.007583291990765659
65, 11, -0.06498806361471479
41, 24, 0.1685102708944209
46, 22, 0.5019581450649646
72, 4, -1.284492742210786
3, 33, -0.3163590820695332
74, 1, 0.7849418232645912
61, 14, -0.6834414206108912
25, 29, -1.192812528779781
-9, 34, 1.013134902545936
16, 31, 0.5696314041622461
21, 30, 0.07611872085421603
58, 16, -2.1869405645637
-8, 34, -1.47908354814216
29, 28, 0.006762650680114423
64, 12, 0.3392709353402369
-7, 34, -0.5866043110267466
73, 3, 2.42972619489992
44, 23, -1.000066954945785
11, 32, -0.1295392197064698
4, 33, 0.788032485371698
36, 26, -1.311679592339141
-6, 34, -1.370384612459153
53, 19, 0.4789566438790402
51, 20, 0.09435423536629545
39, 25, -1.150559695982208
17, 31, -0.387332561830151
75, 0, -0.1274867946098364
60, 15, -0.05322275765196743
33, 27, 0.2065480209019676
69, 8, 0.244260560231769
63, 13, 0.1481935802708916
70, 7, -0.2761260309838258
55, 18, 2.99149631994757
26, 29, -3.324138552792127
49, 21, -0.2044017721467573
5, 33, -3.268032921209324
-5, 34, 2.950565695144185
68, 9, -0.9225034604742843
74, 2, -1.136801220322749
22, 30, -0.3128387612948069
71, 6, 0.6750754515997083
12, 32, 0.6745895657187441
42, 24, -0.3631559702315125
67, 10, -0.8380576661793439
30, 28, -1.500422160280633
-4, 34, 1.500780028162775
47, 22, 0.1340315866200675
57, 17, 0.883354614551593
72, 5, 1.03876236698208
6, 33, 0.1353147839107103
66, 11, -0.04082425579355813
18, 31, -0.3690411587329099
-3, 34, 0.9306621037378522
62, 14, -1.365165647770714
73, 4, -1.209143958791941
75, 1, -0.009723641364968554
59, 16, -0.3081724531696918
45, 23, 1.613416121036864
13, 32, -2.07223853493884
37, 26, 0.1891256369201308
-2, 34, -1.553692517837871
27, 29, 1.248673668847523
34, 27, -0.1722665106495695
23, 30, -0.2462063725917693
65, 12, -0.1231902109264236
40, 25, 0.8963120832193175
7, 33, -0.7177707018370846