d = 19, symClass = D, D = 16.000000, Y = 0.1415238139423195
[24.84239289684078, 24.84241173127964], 24.842408369441
1, 0, 1
2, 0, -1.468641291191113
0, 1, -0.08595353529973052
1, 1, -0.9313125337281869
3, 0, 0.8839687205994468
2, 1, 0.1983427549478652
4, 0, 1.573682338843197
3, 1, 0.462211584826958
-1, 2, -0.4462368671372908
0, 2, 0.1188928330609814
1, 2, 0.718079084976288
5, 0, -0.7389913331467224
4, 1, -0.1529785434510282
2, 2, 1.571832262229103
5, 1, 0.1893528691970613
3, 2, -0.07634602072703719
6, 0, -1.416864079078086
-1, 3, -0.01869028246399554
4, 2, -0.2583214226249337
0, 3, -0.1068514739401745
6, 1, -0.3724467352060217
7, 0, 0.8740631377637371
1, 3, 0.1440641722710003
5, 2, 1.047683745287136
2, 3, -1.102934573375248
7, 1, -0.3672591417872496
3, 3, -0.9194585709906787
8, 0, -1.166320290630726
6, 2, -0.6784124258339561
4, 3, -0.1121220831319063
-2, 4, 0.7639288825472023
8, 1, -0.4081057454233574
-1, 4, 0.02165460333721512
0, 4, -0.1030574374779023
9, 0, -0.1114647328967684
7, 2, 0.2653645956812473
5, 3, 0.3431462991934051
1, 4, -0.4431310747513598
2, 4, -1.209922591388281
9, 1, 0.03044771596692786
6, 3, 0.1554921681359021
10, 0, 1.150547431889426
8, 2, 0.2800175997753447
3, 4, -0.6322181416766787
4, 4, -1.727894685014062
10, 1, -0.09387491011371184
7, 3, -0.03007950842130434
9, 2, -0.5606519895558081
-2, 5, -0.3032518416785886
11, 0, -1.507288430959756
-1, 5, 0.6485379787153002
5, 4, 0.02288532714488345
0, 5, 0.134116350381006
1, 5, -0.3349465367839513
8, 3, 0.4593890552769811
11, 1, -0.7277999623539617
2, 5, 0.6726622092549168
10, 2, -0.4937303880868649
6, 4, 0.2023985353115637
12, 0, 1.485539125030562
3, 5, 0.8074307213105351
9, 3, 0.4175354681283077
7, 4, 1.048302698818617
12, 1, -0.7903443973206922
4, 5, -0.8438722634938071
11, 2, -0.5097203424626939
13, 0, -1.179608953084391
-3, 6, -0.4127913480488238
-2, 6, 0.175038252993308
10, 3, 0.2276666964558318
5, 5, 0.7311881651475163
-1, 6, 0.1714587466940325
8, 4, 0.3548302378393096
0, 6, 0.1692593707503579
13, 1, -0.3955600117998001
1, 6, 0.5586779056671817
12, 2, 0.6891427983051385
6, 5, 1.014458470657334
14, 0, -1.673997802731293
2, 6, -0.243918052600009
9, 4, 0.04177628835104541
11, 3, 0.1323487237416594
3, 6, 0.7153436311318003
7, 5, -0.07755363387079398
14, 1, 0.2396807075936812
13, 2, -0.4080897230758933
10, 4, -1.732701740851506
4, 6, 1.77205384467139
15, 0, -0.7414761257043097
12, 3, -0.1418584249595126
8, 5, 0.2135106222119778
-3, 7, 0.1916546804482909
5, 6, 0.1519407669981052
-2, 7, -0.04342457640853632
-1, 7, -1.440584224081088
14, 2, 0.6930747364077611
15, 1, 0.4306829826410211
11, 4, -0.3839825709896678
0, 7, -0.1001211155970584
9, 5, -0.3271462430394539
6, 6, 1.502421322786299
13, 3, 0.1890656142175166
1, 7, 0.1032601000763853
16, 0, 0.3724098344490482
2, 7, -0.1013318100926137
7, 6, 0.4959732826800982
12, 4, 0.7685855664229325
15, 2, 0.1613546533219876
10, 5, -0.1622492137105367
3, 7, -0.2414858651640466
16, 1, -0.4298649666804268
14, 3, 0.9206904714462986
17, 0, -0.2480413882402358
4, 7, -0.3544605724848427
8, 6, 0.2825981712190297
13, 4, 0.1778605147877033
11, 5, 0.2751585337836683
-4, 8, -0.6122051137497062
5, 7, -0.617464718633279
-3, 8, 0.6936086040437509
16, 2, 0.7387887299039182
-2, 8, -0.06826463201513622
17, 1, 0.9844379052894326
-1, 8, 0.2710934389242184
15, 3, 0.2285408650302937
9, 6, -0.08802598867438546
0, 8, 0.1389180129960111
6, 7, -0.2213839487813164
18, 0, 0.06420311875057375
12, 5, 0.4140459120488933
1, 8, 0.478038775091884
14, 4, -0.2689875266913903
10, 6, -0.6048210468348891
2, 8, 0.7217216971167815
17, 2, 0.6633165549228599
7, 7, -0.1467670738027809
18, 1, 0.4885773311046783
16, 3, -0.4968457359951944
3, 8, -0.5365937329710289
13, 5, 1.41203574722285
19, 0, -0.75406446922823
15, 4, -0.3626579173368233
8, 7, 0.4878358542746115
11, 6, -0.4494232072560348
4, 8, 1.34001084266599
18, 2, -0.159971252639304
19, 1, 0.9205580289736511
17, 3, -1.060370549866289
5, 8, 0.8926478909794283
-4, 9, -1.019906066272279
-3, 9, -0.04160528987752721
9, 7, -0.4653601604359516
14, 5, 0.2792233720763895
-2, 9, 0.14712302714878
12, 6, -0.2664013166899511
-1, 9, -0.1147756782167055
20, 0, -1.387138115265234
16, 4, -0.1994253899612863
6, 8, 1.057029592602975
0, 9, 0.06615554540295328
10, 7, 0.6455285865800277
1, 9, -0.7462654433881353
19, 2, -0.5760032598931857
18, 3, -0.426174354410741
20, 1, -0.03087993157659577
15, 5, -0.3250211195260147
7, 8, -0.1293219387400343
13, 6, 0.7059728513013492
2, 9, 0.2033683877005915
17, 4, -0.3123257706785416
21, 0, 0.9858300792103208
3, 9, 0.1289756102960859
11, 7, 0.05876525649426833
8, 8, 1.210727508333268
4, 9, -0.7001081141318438
20, 2, 0.1568004822207156
14, 6, 0.0778067473765446
16, 5, 0.6702357134732847
19, 3, -0.4119648107158058
21, 1, 1.019192425219549
12, 7, -0.5407897774398307
9, 8, 0.5405010199635615
5, 9, 0.1082089728898679
-5, 10, 0.2934388779799293
18, 4, 0.9271746770272168
-4, 10, 0.6005562530242379
-3, 10, -0.7996733931923549
22, 0, 2.362078032151949
-2, 10, -0.9948537785948786
-1, 10, 0.8813855802627788
15, 6, 0.9964792595380169
6, 9, -1.084029792809568
17, 5, 0.9738254656841178
10, 8, 0.3968252804926803
0, 10, -0.8441573761160144
21, 2, -0.7273301972305036
20, 3, 0.2264668102392527
13, 7, 0.5996623974991356
22, 1, 0.09634378473556281
1, 10, -0.05360235697895993
19, 4, -0.2289963748953851
7, 9, 0.02456544087800016
2, 10, 0.3738544895359764
23, 0, 0.6545768438239669
11, 8, -0.3386886408077597
16, 6, -0.7536326570855597
18, 5, -0.5014852248857504
14, 7, 0.1145343812485312
3, 10, 0.5982698419168182
8, 9, -0.9822776473296588
22, 2, 1.227764954390116
21, 3, -0.4267748491795292
4, 10, -1.196340510940725
23, 1, 0.03380970155621282
20, 4, 0.4254316638150473
12, 8, -0.09132372883875228
9, 9, 0.08773412039746334
17, 6, -0.05267137524307025
5, 10, -0.6066720547985057
-5, 11, -0.1178720748331453
15, 7, -0.10686379897693
24, 0, -1.110009548180089
-4, 11, 0.4908154242782138
19, 5, -0.3332332639324497
-3, 11, 0.05809902202241294
-2, 11, 0.8220681819300476
13, 8, -0.2998977975408971
23, 2, -0.3618810442168195
22, 3, 0.3671255141927939
10, 9, 0.561226368049464
-1, 11, -0.4854936652057222
6, 10, -1.38481543360477
24, 1, 0.3087794184254442
21, 4, -0.5535452485301603
0, 11, 0.1991059392350505
18, 6, -0.7163357539867824
16, 7, 0.2005007363937147
1, 11, 0.1488300285612884
7, 10, -0.02239464665544483
25, 0, 0.05470699463406932
20, 5, 0.8642655878633309
11, 9, -0.801560404362502
14, 8, -1.794333078130165
2, 11, -0.5087779367228334
23, 3, -0.4969564949069313
24, 2, 1.338378219215215
8, 10, 1.544745770184818
3, 11, 0.7361986773604351
22, 4, 0.7964857792498725
17, 7, -0.6396629877230596
25, 1, 0.8537126375604164
19, 6, -0.9446515306245572
12, 9, 0.05736750739194942
15, 8, 0.1482128362330493
4, 11, -0.3407162865641557
21, 5, 0.9979434601674672
9, 10, -1.006392325162283
26, 0, 1.899064389319485
-6, 12, 0.5605100489990105
5, 11, 0.3027120160333699
-5, 12, -0.1177743884155079
-4, 12, -0.2468051360441078
13, 9, -0.1259759960724549
24, 3, -0.3772022001803755
-3, 12, 0.02777274785486516
25, 2, -0.3318100789633749
18, 7, 0.3505110651351068
20, 6, -0.2993472633775585
10, 10, -1.272232083229985
-2, 12, -0.1924366586471831
23, 4, -0.02333928362376044
16, 8, -0.2039490261366367
26, 1, 0.6290504139426991
6, 11, 0.6468983128663499
-1, 12, 0.1175302340386578
22, 5, 0.823502669532936
0, 12, -0.08575518278153403
14, 9, -0.09481897558580242
27, 0, -0.9559195523952899
11, 10, -0.1749904932128298
7, 11, 0.1254710968284561
1, 12, -0.3167186827709924
19, 7, 0.8078462004293092
25, 3, -0.5600397063837135
17, 8, 0.4226868542113187
21, 6, 0.1744253415987201
26, 2, 0.8269118075428923
2, 12, -1.094002327133618
24, 4, -0.7341541102875914
8, 11, -0.2260555174996464
27, 1, 0.870553385516594
12, 10, -1.762879788209203
15, 9, 0.3649366711464107
3, 12, -0.3945818396214944
23, 5, 0.2794976835394927
28, 0, 1.689830321152334
4, 12, 0.3470055471629315
20, 7, -0.2832622361071403
9, 11, 0.2366596353989264
18, 8, 0.06114929113915807
22, 6, -0.3236239088915984
26, 3, -0.201247408870953
13, 10, -0.1529585307612366
27, 2, 0.5697648722702764
-6, 13, -0.5996709113032741
25, 4, -0.02463854121660725
16, 9, 0.2350846267858075
5, 12, -0.05882166063681401
-5, 13, 0.1961267479251686
-4, 13, 0.02914780224337373
10, 11, -0.202934068053068
-3, 13, 0.2627520558105488
28, 1, 0.002194705575507391
24, 5, -1.177621631322479
-2, 13, 0.2029562737889324
6, 12, -1.195403144792909
21, 7, 0.5022271609929363
19, 8, -0.1394493929112763
-1, 13, 0.2660264272929366
14, 10, 0.1669561151081981
29, 0, 1.272696088168744
0, 13, 0.08059515673621329
23, 6, -0.6352921632659624
11, 11, 1.357987331204313
17, 9, -0.5516216916324573
7, 12, -0.5208642062062676
27, 3, -0.0692212736743985
1, 13, -1.158894389184405
28, 2, -0.6295385698223147
26, 4, 0.6045902242725478
29, 1, -0.5730733945819418
25, 5, -0.3304126743089462
15, 10, -0.8909408371435323
2, 13, 0.4054899001767638
20, 8, 2.33806455009227
8, 12, -1.40451054664727
12, 11, -0.2141176515562012
22, 7, 0.2293440128789506
18, 9, -0.1816102544990005
3, 13, 0.2264254984759123
30, 0, 1.200940066366176
24, 6, 0.1581798561494142
9, 12, -0.6420517952429966
28, 3, -0.8974422958955313
4, 13, 1.040348653729932
16, 10, -0.4773632497656037
27, 4, 0.08930624030401418
13, 11, 0.3847782377647555
29, 2, -0.4696881026941576
21, 8, -0.2122412528612899
26, 5, -0.0212480580847857
-7, 14, -0.4528743223339926
-6, 14, -0.1802864582663153
30, 1, 0.5744227098031299
23, 7, -0.5573276340951072
5, 13, 0.4350007702178018
-5, 14, -0.4632644101097415
19, 9, -0.5434723932850162
10, 12, -0.206093229025835
-4, 14, 0.1196187660207542
-3, 14, -0.03667678609176497
25, 6, -0.6056280378562597
14, 11, 0.4428583569499863
-2, 14, 2.390752721685762
17, 10, 0.6896403894768146
6, 13, 0.8061863660740025
31, 0, -0.8701738423929662
-1, 14, -0.3166731463051536
29, 3, -0.7408087900430723
11, 12, -0.8811850919079521
28, 4, -0.7672385734351067
30, 2, -0.5910686618338279
22, 8, 0.6021734540607702
0, 14, 0.1582875454875431
20, 9, 0.07875050833285199
7, 13, -0.1173225430307158
27, 5, -0.1626081625380044
24, 7, -0.1672767436563984
15, 11, -1.107321032079896
1, 14, 1.058922901128754
31, 1, 0.1023989507215693
18, 10, 0.6400925173807116
12, 12, -1.643746487440309
26, 6, -0.2622236564456339
2, 14, -0.1779428109511706
8, 13, -1.271726165569423
32, 0, 0.6092406955516465
3, 14, -0.08011624488308798
23, 8, -0.1720075035427351
30, 3, -0.05591659539408756
21, 9, -0.03261829820608364
29, 4, 0.283408144674104
16, 11, -0.6447404146980562
31, 2, -0.809442547912422
9, 13, -0.955990066680707
25, 7, 0.5246924327192689
13, 12, -0.4715034875630529
28, 5, 0.3716925265208908
19, 10, -0.1517736202242446
4, 14, 0.1783196955965147
32, 1, -0.3979674597094125
-7, 15, -0.5002762142064986
27, 6, -0.5397312744126725
-6, 15, -0.3332914492457102
-5, 15, 0.1319020333811335
10, 13, 0.04208656776346334
5, 14, -0.1125149433799682
17, 11, -0.3466775705940413
-4, 15, -0.3480458714564475
14, 12, -0.8631608872342278
22, 9, -0.4281143442383966
24, 8, -0.5302813305698901
33, 0, -1.385166443433912
-3, 15, 0.5803482089644145
31, 3, -1.074815799087814
-2, 15, -1.225884305095235
30, 4, -0.1757232794576907
20, 10, 0.1813308083001229
6, 14, 0.3599644506724493
26, 7, 0.5070935410137734
32, 2, 0.5780624003745137
11, 13, -0.9487996962154607
29, 5, 0.2252221515590655
-1, 15, -0.4695163157232233
0, 15, 0.1143214821675479
15, 12, -0.0457781680919244
33, 1, 0.1592814739960798
18, 11, 0.1617553528916985
7, 14, 0.7571932725059197
28, 6, -1.529090297498295
23, 9, 0.5888174187244525
1, 15, 0.4331565978522733
25, 8, 0.9067712090528468
12, 13, -0.970846358430653
21, 10, 0.3915562747847431
34, 0, 0.03376981329287534
8, 14, 0.6414207256633256
2, 15, 0.3062151109085731
27, 7, -1.069552093754832
32, 3, -1.244866010685534
31, 4, 0.8946053262751399
16, 12, -0.07440870964971653
33, 2, 0.6239541203106762
30, 5, 0.2842729386179064
19, 11, -0.3005489110038219
3, 15, 0.6575473605577544
13, 13, -1.703355350935024
9, 14, 0.1763410291252537
34, 1, -0.1662867858921089
29, 6, 0.05597215606036875
24, 9, 0.4688656244806158
4, 15, 0.199811188154386
26, 8, -0.2160224317152393
22, 10, -0.1630251986316485
17, 12, 0.34772576876315
-8, 16, 0.5213788287417291
-7, 16, 0.7052913395366961
10, 14, 1.17921003072807
-6, 16, -1.274176696218519
14, 13, 0.1545833281127455
35, 0, -0.7918078358720475
28, 7, -0.2517982589241262
20, 11, 0.02089954222118095
5, 15, -0.1592687165666939
-5, 16, -0.1253568294206552
32, 4, -0.8637492186776033
-4, 16, 0.1131312308166462
33, 3, -0.7136920059429962
31, 5, 0.0907655744420339
-3, 16, -0.3061758280884006
34, 2, -1.649356300906594
6, 15, 0.6448693564815806
-2, 16, -0.5419791225190295
25, 9, 0.08817550528264742
11, 14, -0.05652497379040889
23, 10, 1.067218524730109
30, 6, -0.3660820588979458
18, 12, 0.1767335464543468
35, 1, -0.8239604972314946
27, 8, 0.8503265325479247
15, 13, -0.8328765339015758
-1, 16, 0.8078088427780076
21, 11, 0.0260680081464545
7, 15, -0.5219337086714463
0, 16, -0.01931715034607724
29, 7, -0.455504508079293
12, 14, 0.3726328830415721
36, 0, -0.1188702738695852
1, 16, -0.3014841058692354
33, 4, -0.3719358266659888
34, 3, -1.109869471410401
32, 5, -0.8742202668462211
8, 15, 0.6437988721118501
19, 12, 0.4910355625562469
16, 13, -0.6185778480108086
35, 2, -1.185047654392741
26, 9, 1.125303164138321
24, 10, -0.7662847823921378
2, 16, -0.7437489523942402
31, 6, 0.5912090330256475
28, 8, 0.2592250340810328
22, 11, -0.4639366767940473
13, 14, 0.5706528501519832
36, 1, -0.9657221981899808
3, 16, -1.254656410142825
9, 15, 0.7754335327066674
30, 7, 0.07514689265123894
17, 13, -0.1569495765278337
20, 12, 0.697429906273267
4, 16, -0.7906836718665536
37, 0, -1.600421645873429
34, 4, -1.12114389083076
14, 14, 0.1204073209991938
-8, 17, -0.2313058910022466
35, 3, -1.148173762027238
25, 10, 0.2757624221705912
10, 15, -0.1954742598552708
-7, 17, 1.218536752150539
27, 9, -0.0614903141503495
33, 5, 0.01791016362669194
-6, 17, 0.08457152563037466
5, 16, -0.3055255513166373
-5, 17, 0.4297017927112584
23, 11, 0.08347919412105838
36, 2, -0.9145898547980593
29, 8, 0.1022217440489251
-4, 17, -0.5546602039456163
32, 6, 0.7542826360719553
18, 13, -0.3844771972444981
-3, 17, -0.3342859005746299
37, 1, -0.3580475816806206
11, 15, 0.5462643804276035
6, 16, 0.934686024349659
21, 12, 1.03199966249477
15, 14, 0.572555187988146
-2, 17, -0.6757668973618774
31, 7, 0.8757025976255222
-1, 17, 0.4559883033620371
26, 10, -2.48742083027562
28, 9, -1.208860746585166
7, 16, 1.09158712099684
38, 0, 1.08958001245526
35, 4, 0.4120768935338424
24, 11, -0.3723841917641176
0, 17, 0.02887057292805242
36, 3, -0.8126412392898716
12, 15, -0.8069594888041429
34, 5, 1.092529134292392
19, 13, -0.8939898006538455
30, 8, 0.6404373338988166
16, 14, -0.6888685359062892
37, 2, -0.02590350885223625
1, 17, 0.2031239324575183
33, 6, -0.4411103114904595
22, 12, 0.6709159107146553
8, 16, -0.9735659347882114
2, 17, 0.0780127041908627
38, 1, 0.1071316465344567
13, 15, -0.3033140902115321
32, 7, -0.914046335879921
27, 10, -0.6216407384452363
25, 11, 0.3996011771515073
20, 13, -0.3462255415689514
9, 16, -0.4564947436424545
3, 17, 0.3492456661107902
29, 9, -0.4108073142662075
17, 14, 0.1253878218483821
36, 4, 0.01417460837475081
39, 0, -0.9237160620857084
37, 3, -0.04748464974680656
35, 5, 0.300158796377315
23, 12, 0.1089567359094678
31, 8, 0.7011014367681105
4, 17, -0.4405009463894459
14, 15, -0.05546492177506679
-9, 18, -0.01014771628616099
38, 2, -1.727462707105682
34, 6, 1.754683695011054
10, 16, -2.00771884808786
-8, 18, 1.861268766122547
-7, 18, -0.790860190638754
-6, 18, 0.1692079295089761
5, 17, 0.3496062183814091
-5, 18, -0.4076114589762645
18, 14, 0.8125479062963235
21, 13, 0.2430107744124442
28, 10, -0.5651502478971591
-4, 18, -0.5651478884407813
39, 1, -0.5665151896261396
33, 7, 0.5605147827630775
26, 11, -0.2194475340400421
30, 9, 0.06139804864322618
15, 15, 0.6888896374397852
-3, 18, 0.06678564468576209
11, 16, -0.1492274091826125
6, 17, 0.01450563857926542
24, 12, 0.3326191965969381
-2, 18, 0.04120808911619731
37, 4, 1.312998165860466
40, 0, 0.8787882718659217
32, 8, 0.2431986749725363
36, 5, 0.2580343717280492
38, 3, -0.5187805031900335
-1, 18, 0.1308983193805474
19, 14, -0.4432754387182953
7, 17, 0.5460582127162921
35, 6, 0.2333961766452495
22, 13, -0.09947581462271014
12, 16, -1.316984650495993
39, 2, 1.121707917792812
0, 18, -0.5727594401771832
16, 15, -0.1397476832787172
29, 10, 1.292748910992813
27, 11, 0.2071640710679733
34, 7, 0.9789539410994238
1, 18, -0.1767798686305171
40, 1, -0.1623222421538522
31, 9, -0.01834107067382334
25, 12, -0.1071400826113506
8, 17, 0.237521994134524
13, 16, -0.4132205086961921
20, 14, -1.285290371831643
2, 18, 0.9876076676726084
17, 15, -0.6595801152177593
33, 8, 1.62283187422255
23, 13, 1.518845322493353
38, 4, 1.07428091645811
37, 5, 0.06167397375028465
9, 17, -0.0001973707176657939
41, 0, 0.2477114174461233
39, 3, -0.4043023735440346
3, 18, 0.5726445598438101
36, 6, 0.5942770032532239
28, 11, 1.529420518680207
40, 2, -0.03096751568206063
30, 10, 0.5702673854810356
14, 16, 0.1756728989993737
26, 12, -0.9734266472358895
4, 18, -0.4248515442052827
35, 7, 0.4130615915666945
21, 14, -0.4045851541152938
10, 17, -0.3935076293427708
-9, 19, 0.2041431544993451
32, 9, -0.227845653504846
-8, 19, -0.385278335234168
18, 15, 1.023514186469025
-7, 19, -0.2160386028681494
41, 1, 0.5114982372126011
-6, 19, -0.09248941877046578
24, 13, 0.6971369683599532
5, 18, 0.7102267039930805
-5, 19, -0.7151309337911235
15, 16, -0.8435089226356643
-4, 19, 1.013298877793895
34, 8, 0.5804795804479042
11, 17, 0.6926296467008034
39, 4, 0.3684957378108474
-3, 19, 0.4043236355952237
38, 5, -0.03276283727067544
42, 0, -1.520516027167677
6, 18, -0.2857859812028768
40, 3, -0.8812719382312463
29, 11, 1.063165080884084
37, 6, 0.1299719191091951
31, 10, 0.05316444680514064
19, 15, -0.344953728393234
-2, 19, -0.4150318900768885
22, 14, 0.0859054906269818
27, 12, -0.03864014908888927
41, 2, 0.4504452098517974
-1, 19, -0.4563954268193678
33, 9, 0.1812949330176182
16, 16, -0.3101019548547458
36, 7, 0.2399785585624235
12, 17, -0.485547471620638
25, 13, -0.3504747570047317
7, 18, 0.1350199230906185
0, 19, 0.09822156580992038
42, 1, -0.3815120370762438
35, 8, -0.004709024073976463
20, 15, 0.03258316952160274
1, 19, 0.1457861818324588
8, 18, 1.267881173067029
23, 14, 0.2908788837184301
30, 11, 0.7840317091845365
13, 17, -0.6855889388951437
40, 4, -0.1752027720443857
28, 12, -0.07757856086326465
39, 5, 0.3806638303737528
17, 16, -0.1505445849463146
32, 10, -0.928939218199124
2, 19, -0.5253344536536795
43, 0, -0.05530129890981944
41, 3, -0.6654958609651817
38, 6, 0.8079461790723593
26, 13, -0.2245061393351885
9, 18, -0.05430671905006233
34, 9, -0.3799145987748587
42, 2, -1.447325520050582
3, 19, -0.247255179697785
37, 7, 0.04918608616207176
14, 17, -0.5161485010704752
21, 15, -0.06507201994432518
24, 14, 0.8448612707393446
18, 16, -0.7642975246141108
43, 1, -0.5207769322466084
4, 19, -0.5437280950616928
10, 18, -0.08139779092154234
-10, 20, -0.652640682688541
-9, 20, 0.5318063490204471
36, 8, -0.9517628478876967
-8, 20, -0.7057982312110883
31, 11, -0.4629985859551121
29, 12, 0.1293330727908757
-7, 20, 0.08223881384445347
-6, 20, 1.291532593854211
33, 10, 0.3199366227920223
41, 4, 0.2031668245162228
40, 5, 0.3812545113791651
27, 13, -0.1365435505279533
15, 17, 0.1270944821142405
5, 19, -0.1670034531065016
-5, 20, -0.04491082907407958
42, 3, 0.3077002326528375
39, 6, -0.383560325204002
44, 0, -2.350473768071241
-4, 20, 0.9824587548578716
22, 15, 0.4357480882202119
11, 18, 0.2876916892013331
35, 9, -0.8356728929439914
19, 16, 0.8480703633121555
-3, 20, -0.5475939531169284
43, 2, -0.3169232009472692
38, 7, 0.3715692627094656
25, 14, -0.384802628475898
6, 19, 0.3640794482461782
-2, 20, -1.203634289944189
16, 17, -0.6642318763949879
30, 12, -1.624018014682532
12, 18, 1.659865989706317
32, 11, -1.150793854757041
-1, 20, -0.8064918725517308
44, 1, 0.2390738888903669
37, 8, -0.252354820072255
7, 19, 0.5373941641376836
28, 13, 0.4588997574910977
34, 10, -1.5594655148205
23, 15, 0.6944400643176299
20, 16, -0.1246584221474973
0, 20, 0.2130309554141061
41, 5, 1.023292697810596
42, 4, 0.7131454914504365
40, 6, 0.1652392061859598
26, 14, -0.3709893004362621
1, 20, 0.08614642171942256
8, 19, -0.01366379297272343
43, 3, 0.3971154373082356
17, 17, 0.05893561456648128
13, 18, 0.6490686659316731
45, 0, 0.06306716698804035
36, 9, 0.02924018759324013
39, 7, -0.05246790068683193
44, 2, -0.2958999592994186
2, 20, -0.02749893945339678
31, 12, -0.1862878629163519
33, 11, -0.7056674744377788
21, 16, 0.1798604674067692
9, 19, 0.4594436324909553
24, 15, 0.2165655323148867
29, 13, 0.1673978516433108
38, 8, 0.2468573450408897
14, 18, 0.002232606634205013
3, 20, 0.5149355067197657
45, 1, 0.04843272137671696
35, 10, -0.1360985247808249
18, 17, -0.1307253758252588
27, 14, 1.008952981792336
10, 19, 0.8498815138065859
-10, 21, -0.7774898671808887
4, 20, -0.4233190541668577
-9, 21, 0.1300143746247243
42, 5, 0.8306000514823236
43, 4, 0.9224476124267645
-8, 21, -0.4473258961340168
41, 6, -0.1916369627443222
37, 9, 0.1259325917288566
-7, 21, -0.09628831696762886
44, 3, -0.1342456414878605
15, 18, 0.09061767260977913
-6, 21, -0.04947151828959583
46, 0, -1.064788449435631
22, 16, 0.3996283029919572
40, 7, -0.4775832433755042
25, 15, 0.119621063456871
5, 20, 0.01332496183931941
-5, 21, 0.4075822102464781
32, 12, 0.7892259330485999
19, 17, -1.389676688558824
45, 2, 0.6278360512676568
34, 11, -0.7356424873183144
30, 13, -0.9696888734174375
11, 19, 0.799464352067135
-4, 21, 1.354732868769399
-3, 21, -1.353498531887218
39, 8, -0.6769570502206728
36, 10, 0.8062282963641736
28, 14, -0.3692388979073514
6, 20, -0.8337615358362389
16, 18, 1.581843709931824
46, 1, -0.0554306509636453
-2, 21, 0.04992248141215686
23, 16, -1.170795341234625
12, 19, -0.9258576984132506
20, 17, 0.03206885598912936
-1, 21, 0.07075566935770626
43, 5, 1.447324254833409
7, 20, -1.416379831561249
38, 9, -0.2581575782037618
26, 15, -0.5411187927755898
44, 4, -1.321077640457138
42, 6, 0.6953616394798101
45, 3, 0.315247934856391
33, 12, -0.3684483191580438
0, 21, -0.01967521611267097
47, 0, 0.1825772214621314
31, 13, -0.7180775751999954
41, 7, -0.7854150003543884
35, 11, -0.3480057598427602
17, 18, 0.2995897634607624
13, 19, -0.6917003755047312
8, 20, 1.285493001760517
29, 14, -0.6330644609625616
1, 21, 0.292418822879243
46, 2, 0.1450000147504072
37, 10, 0.152129263019561
40, 8, -0.3055907803757928
24, 16, 0.2204190850419198
21, 17, -0.6134351656604242
2, 21, -0.4320502854251013
27, 15, -0.4031349608229355
47, 1, 0.159367320821732
9, 20, 0.1890557168924128
14, 19, 0.8425048342646209
18, 18, -0.1311406729582432
39, 9, 0.09425878753967833
3, 21, 0.2486454260867988
44, 5, 0.5079176459012033
34, 12, 0.03000655329125769
45, 4, 0.631616484258819
32, 13, -0.4347509583596422
43, 6, -0.2013579785599738
36, 11, -0.07702605120739119
46, 3, -0.1354353452479868
-11, 22, 0.8797047343766492
10, 20, 0.9785367882701848
-10, 22, 0.2929472878285755
30, 14, 0.1648790287301886
42, 7, -0.4455874578554745
-9, 22, -0.2114910354254565
22, 17, -0.2081819045045192
48, 0, 0.3036365792697635
25, 16, 0.02953900536644864
4, 21, -0.1440408759191379
-8, 22, -0.9911537974774385
-7, 22, 0.2917820118527858
15, 19, -0.5307894811284781
47, 2, -0.4896410809284312
19, 18, -0.5637006858271556
38, 10, 0.4516215348698472
-6, 22, 0.4758680848162334
41, 8, -0.1343595187659395
28, 15, 0.07573085097136724
-5, 22, 0.7118137653561578
5, 21, -0.6250761353883465
11, 20, 1.420019242878787
-4, 22, -2.321610157851048
48, 1, 1.43848318576879
-3, 22, 0.5280980684576704
33, 13, 1.044588758339041
40, 9, 0.5701954080534415
35, 12, 0.1631088757570749
23, 17, -0.5717952846412319
16, 19, 0.2637029636591775
6, 21, -0.01714690344017488
26, 16, 0.6455432245137579
45, 5, 0.007154552543085335
31, 14, 0.06884190057331485
46, 4, 0.2860679199220456
44, 6, -0.6483840107840376
20, 18, -0.8716473344555342
-2, 22, 0.574055883572824
37, 11, 0.3825264371079002
12, 20, 1.437697437072728
47, 3, -0.6206609254305056
43, 7, 0.7537242080961666
-1, 22, -0.07509215155631825
49, 0, -0.07139983219589842
29, 15, -0.8549885747070644
7, 21, -0.7356585472512981
39, 10, -0.6618732530750301
17, 19, -0.5159580033087029
48, 2, -0.5557767254001375
42, 8, 0.8104047336341815
0, 22, -0.07149834143420818
24, 17, -0.7831599066393905
13, 20, -0.3620268694067778
8, 21, -0.1290676769989045
21, 18, 0.4556304438399949
27, 16, 1.106840722348571
34, 13, 0.7699782515678111
1, 22, 0.2176140980848647
36, 12, 0.647847779285755
32, 14, -0.2546369610592414
49, 1, -0.1206325746781082
41, 9, 0.01996685468791499
38, 11, -0.7242375228935398
2, 22, -0.2285829458914917
46, 5, 0.7857721215868793
18, 19, 0.3417698328231775
45, 6, 0.1252395021823749
30, 15, -0.03943259801285966
9, 21, -0.2431566253274335
14, 20, -0.2705386042946132
47, 4, -0.1016741551298934
44, 7, 0.1218010385889508
48, 3, -0.329281028781343
3, 22, -0.4485746426308106
25, 17, 0.3046462869254039
50, 0, -0.08702608942165597
40, 10, -1.42788203380784
22, 18, 1.09458167352855
28, 16, 1.975522109974525
43, 8, -1.628922754853854
-11, 23, -1.596622925062164
10, 21, 0.05192049199825392
-10, 23, -0.07094199788047387
49, 2, -1.347333637094496
-9, 23, 1.362572011829702
4, 22, 0.820157687285415
35, 13, 0.03865774096685455
15, 20, 0.4625100422006539
-8, 23, 0.2062147987249525
19, 19, 0.6731150512995341
33, 14, 1.447483468213749
37, 12, 0.6393553749158069
-7, 23, 0.2772520386054677
-6, 23, 0.2599420574032721
42, 9, 0.8601787401025149
31, 15, -0.3761970765948708
50, 1, -0.398538653564183
39, 11, 0.3821021157882201
5, 22, -0.5309916326636085
-5, 23, 0.4759265660369938
11, 21, 0.2832506409288377
23, 18, -1.234717964519562
26, 17, 1.404573239169209
47, 5, 0.191663030789495
-4, 23, 0.5617484372086285
46, 6, 0.9099269829510329
48, 4, -1.354294353471898
16, 20, -1.402095383066781
45, 7, -0.4937384111962579
29, 16, 0.4723412333972647
20, 19, -0.454838674975738
-3, 23, 0.540503888090719
6, 22, -1.209575373622049
41, 10, -1.170982463418747
49, 3, -0.6040670438787284
51, 0, -0.07936388273487212
12, 21, -0.4745182460713538
-2, 23, 0.3356853566000393
44, 8, -0.8391276496236162
36, 13, -0.5513063503969202
34, 14, 0.8327584395742854
50, 2, -1.430777954879267
38, 12, 1.399739667176754
7, 22, 0.4198323387982746
-1, 23, -0.2352396132834977
24, 18, 0.1616005644834146
32, 15, 0.1041603916863291
17, 20, -0.7048220378644443
27, 17, -0.4300905794492922
43, 9, -0.3887462373326485
40, 11, 0.05801463114838387
21, 19, 0.01302300527985181
0, 23, -0.0639905961307277
13, 21, 0.3711001175813481
51, 1, -0.5185346326353594
30, 16, -0.03172152604445427
8, 22, 0.1103886299043884
48, 5, 0.6296280760126289
1, 23, 0.2744575561468124
47, 6, -0.6216616776216308
49, 4, 0.9774232484043912
46, 7, -1.471801222677863
42, 10, -1.615538779089652
18, 20, 1.88155534768746
50, 3, -0.3233922255105931
37, 13, 0.2011899846185357
35, 14, 1.072912028484017
25, 18, 0.01489393149568066
14, 21, -1.146114891778653
2, 23, 0.148031255658663
9, 22, -0.5154388501630679
52, 0, -1.946106171834029
45, 8, -0.2942889096861802
28, 17, 0.4631775838476196
22, 19, 0.6132131459640436
39, 12, 0.04073598216148221
33, 15, 0.1642167906585485
51, 2, 0.6527582732109013
3, 23, 0.3282504507623453
-12, 24, -0.7338311560761698
44, 9, -0.3189332429808281
41, 11, -0.3612051067260524
31, 16, -0.4341880721596416
-11, 24, -0.4684167266046034
10, 22, -0.4592447279444719
-10, 24, 0.2803492813147161
19, 20, -0.5392915846962067
15, 21, -0.6801145679402031
-9, 24, 0.7540654808272104
-8, 24, 0.09524042246014976
4, 23, -0.4538106608346409
52, 1, -0.1956018753220733
-7, 24, 0.07698648263660723
26, 18, 0.2773168016877312
49, 5, -0.1545639926158277
23, 19, -0.3390481932248915
48, 6, 0.6937149451117989
-6, 24, -0.0687956197482545
43, 10, 0.07776702705582408
29, 17, 0.1352591266814583
50, 4, 0.6302627017793181
36, 14, -0.4575296324956902
47, 7, 0.4489248400302603
38, 13, 0.4236180285798628
11, 22, -1.071991674476607
5, 23, -0.8717821260243316
-5, 24, 0.7950272863878475
34, 15, -0.06114258745555257
16, 21, -0.7251746710257037
51, 3, 0.9386380864869004
40, 12, 0.376610255535394
20, 20, 1.371553503391562
-4, 24, 0.2501964073048189
46, 8, -0.06021383073745056
53, 0, -0.7590134571066356
32, 16, 0.07487957635245203
-3, 24, 0.3061884095078733
6, 23, 0.284214373489737
52, 2, -1.279591932515216
12, 22, -1.00739469383251
42, 11, -0.4113520799954092
45, 9, 0.04192081573149647
27, 18, -0.01758758173408487
-2, 24, -0.3122528970209436
24, 19, -0.250561850087612
17, 21, -0.1234888159007478
30, 17, -0.8929424360556383
7, 23, 0.9191897606957117
-1, 24, -0.3925605631534358
21, 20, 0.702331138456504
53, 1, 0.2190799509891977
37, 14, 0.1536736145781908
39, 13, -0.4715451703199498
50, 5, 0.09057452309490925
49, 6, -0.03011389936143869
35, 15, 0.07744703477187541
13, 22, -0.06058725294979157
44, 10, -1.229751337183378
0, 24, 0.1077413161052677
51, 4, 0.5025312168900239
48, 7, -0.5903934760797153
41, 12, 1.544573051342876
8, 23, -1.64937128000593
33, 16, -0.6299707435213585
52, 3, -0.8314312860304666
47, 8, 0.743514923547234
25, 19, 0.8303021780012261
1, 24, -0.7618700370569182
18, 21, -0.1886977790168903
28, 18, 0.2525178576527355
54, 0, 1.525657006544077
22, 20, 0.4054231679042929
14, 22, -0.2506993334972266
43, 11, -0.877081606943343
2, 24, 0.3366392383586629
31, 17, 0.5368968815277102
9, 23, 0.7132943925600278
53, 2, -0.2639803647285536
46, 9, 0.1045169192220097
38, 14, -1.446093555332959
36, 15, 0.4314095013742362
3, 24, 0.4317472959965178
40, 13, 0.4677646097360021
19, 21, -0.3623726893001407
-12, 25, -0.2445056266219686
-11, 25, 0.8187628647207749
54, 1, 0.2028841312693637
45, 10, 0.4291929797056123
26, 19, 0.0008534850747625652
15, 22, -0.0340756515764994
10, 23, 0.1265542472192349
-10, 25, 0.3192838566140947
50, 6, 0.7110091101430775
34, 16, -0.5302262011964474
51, 5, -0.1195483102646243
-9, 25, 0.3122644768235755
29, 18, -0.4739696321748851
42, 12, -0.266321606652431
49, 7, -0.4682720948410584
23, 20, 0.2536114904042873
-8, 25, -0.4054829731703007
52, 4, -0.9348990020495168
4, 24, 1.266667630113504
-7, 25, -1.038820544197948
48, 8, 0.5126399782855227
-6, 25, -1.051320195519381
53, 3, -0.2050208388378942
32, 17, -0.2178297142567178
11, 23, -0.279601372852212
55, 0, 1.003078985555483
44, 11, 0.3239005012584513
20, 21, -0.03655179173448907
5, 24, -0.2559846190489866
-5, 25, -0.5104021522068758
16, 22, 0.2736146278418333
47, 9, -0.496885403408507
-4, 25, -0.537075037114192
54, 2, -1.242293428533565
39, 14, 0.5184371170096598
27, 19, -0.6548769789276494
37, 15, -0.846296703215924
24, 20, 1.870555048387503
41, 13, 0.4114509736832588
-3, 25, 0.3999945617536795
30, 18, -0.6032567775659359
6, 24, 0.7404050326209951
35, 16, -1.267372855508001
12, 23, 1.23392283938067
46, 10, -0.5414191146905903
-2, 25, -0.3212694008855653
17, 22, -0.4984228381420059
55, 1, -0.5821637408551248
43, 12, 0.583327695293516
51, 6, 0.6466730405513604
21, 21, -0.0828162595595593
52, 5, 0.2281558330082503
50, 7, -0.3326019758278897
33, 17, 0.3862206193025285
7, 24, 0.216440976352786
53, 4, 0.06044057974348541
-1, 25, 0.01778774122395392
49, 8, -0.8185194579774508
13, 23, 1.13577377945531
28, 19, -0.8522699095628971
54, 3, 0.4711272045778431
45, 11, 0.216904768912986
25, 20, -0.1572501500753116
0, 25, -0.1377684087671254
56, 0, -1.277831220479042
8, 24, -0.1542958731952398
38, 15, 0.1107804570014848
31, 18, -0.258181179814653
40, 14, 0.603800249742484
18, 22, -0.27841901322316
48, 9, -0.4529701013143606
22, 21, -0.6314532132056782
1, 25, -0.6556903826474073
36, 16, -0.03662341821572566
55, 2, -0.9772924943328167
42, 13, 1.010596903363325
14, 23, -0.3683695838216453
9, 24, -0.5126858898638413
47, 10, -0.6325981934003712
34, 17, 0.01775028313522463
2, 25, 0.3758597997433992
44, 12, 0.3400120931895643
52, 6, 0.3757608136348347
26, 20, 0.2547608424650138
56, 1, 0.5887126940931351
29, 19, 0.6284007020281993
53, 5, 0.7076865835872663
19, 22, 0.9058810435606054
51, 7, -0.6105980993595468
3, 25, -0.08163682145121119
-13, 26, 0.4675666182240649
54, 4, -0.8152120043160599
-12, 26, 1.005854278871794
15, 23, 0.8194150258073215
-11, 26, -0.8981229539094112
23, 21, -0.9859856881102135
50, 8, 0.1868459659729421
32, 18, -0.4108122676550548
10, 24, 0.1213475345094815
-10, 26, -0.3877478518918217
46, 11, -0.5341849216240873
-9, 26, -0.6013271469329948
39, 15, 1.383742831617982
55, 3, -0.997530386786478
41, 14, 0.8404674132187648
-8, 26, 0.009234615771969188
37, 16, 0.5766791705149324
4, 25, 0.4950938137318748
49, 9, 0.7897559655597634
-7, 26, 0.2052418386300276
57, 0, -0.690619058972905
43, 13, 0.882756599446614
20, 22, 0.3152093173418627
-6, 26, -0.4350597932338244
35, 17, -0.9851475216628641
11, 24, 0.979855112777436
56, 2, -0.1029190694588266
27, 20, -0.8129706883017604
16, 23, -1.019009384318672
30, 19, 0.1781734916570774
5, 25, 0.1982448213564059
-5, 26, -0.0724956677409745
48, 10, 1.828267992458837
45, 12, -0.3788332636221897
24, 21, 0.369537558774474
-4, 26, -0.5771556300917277
33, 18, -0.3847706489314773
53, 6, -0.5003985777729011
57, 1, -0.513297167327221
54, 5, 0.369598841323151
6, 25, -0.3874682473099783
-3, 26, 0.6583085853159201
12, 24, 1.252249227929515
52, 7, -0.3308756269075074
21, 22, -0.1357399984060723
55, 4, -0.09300914277907796
40, 15, -0.3806562913368319
17, 23, -0.06043696825248843
51, 8, -0.7936071417271207
47, 11, 0.8923461352977181
42, 14, -0.7588412934442271
38, 16, 0.2081045637058934
-2, 26, -0.4938593921019104
28, 20, -0.1233842175002997
56, 3, -0.1254162044266926
7, 25, 0.09893024580144
44, 13, 0.968527971218819
36, 17, 0.6370427221936669
50, 9, -0.534210204544476
31, 19, 0.596516138274429
25, 21, -0.3730650138305628
-1, 26, 0.3444292293064983
13, 24, 1.202221871344239
58, 0, -2.115681371210063
0, 26, -0.139342996777691
57, 2, 0.7467812242107286
18, 23, -0.5980978560520753
46, 12, 1.218596800518451
22, 22, -2.556030195348274
34, 18, 0.8816288936955526
8, 25, 0.5458438945862193
49, 10, 0.8383915646611622
1, 26, -0.1693765483721617
14, 24, 0.884398847379169
54, 6, -0.04161060940299271
41, 15, -0.3233850204052048
29, 20, 0.6880362149376499
55, 5, 0.6376937122889269
53, 7, 0.08715156033419642
39, 16, 0.05503200429405902
58, 1, 0.6946037073207628
26, 21, 0.7137550572315217
43, 14, 0.0948577149896451
9, 25, 0.01774548296286974
2, 26, 1.983320456629293
48, 11, -0.6705869182809713
32, 19, -0.7682362638218077
56, 4, 0.6173498263304517
52, 8, -0.5052369000884244
37, 17, 0.9026505860975145
19, 23, -0.7828664701218934
45, 13, 0.9051180663097044
23, 22, -0.9340020075481288
-13, 27, 0.5858417950660274
57, 3, 1.029128062613689
51, 9, -1.018667249592386
15, 24, 1.116750192358215
-12, 27, -1.086942606366717
3, 26, -0.06194000350963954
-11, 27, 0.3738717059634103
35, 18, -0.1900952700479585
10, 25, -0.5725634231335848
-10, 27, -0.0141922467906544
59, 0, -0.8998037050938539
-9, 27, -0.06870671578600032
47, 12, -1.069149881364358
-8, 27, -0.9647155991504692
58, 2, 0.2882635484591648
50, 10, 0.2207386064724523
30, 20, 0.2329521445507788
4, 26, -0.4263121638830007
27, 21, -0.4069639233291262
20, 23, -0.7702653473129891
-7, 27, 0.8501062011928326
42, 15, 0.3683118053029599
-6, 27, 0.346138609203386
40, 16, -1.320179998179245
16, 24, 1.403683157487072
33, 19, 0.3493736094041951
11, 25, 0.5379021187555235
24, 22, -0.2955416815965256
44, 14, -0.3672205638341509
55, 6, -0.1065441018241292
38, 17, 0.005874460337660333
5, 26, 0.3069050120554601
-5, 27, -0.3733770689627313
54, 7, -0.07671632359750413
56, 5, 0.2564724549125961
59, 1, -0.08115019429618334
49, 11, 0.1221131524758242
53, 8, -0.292422522390373
-4, 27, 0.1895764818131048
57, 4, 0.3123054201055961
46, 13, -0.3089872968569226
36, 18, -0.04308354965103846
21, 23, -0.24524496619185
12, 25, 0.3793278663661281
6, 26, -0.3270092308493004
-3, 27, -0.07847067082084817
52, 9, 0.2651133960341264
28, 21, -0.1584218995690825
17, 24, -0.1930765911860895
31, 20, 0.6178852644646073
58, 3, 0.4806483376028693
25, 22, -0.9398233576526898
-2, 27, 0.7647958476130372
60, 0, -1.221250453651107
48, 12, -0.2231900497696577
34, 19, -0.5919242484822254
51, 10, 0.9277081144114628
7, 26, 0.9401729151708652
41, 16, -0.09854230908396573
59, 2, 0.1009592191868102
43, 15, 0.2413062198034967
13, 25, -0.07095598815216901
-1, 27, 0.02321109613939394
39, 17, -0.4845250434713049
45, 14, -0.2010345592367223
22, 23, 0.1956717881053979
18, 24, 1.037773955784719
0, 27, 0.09919663313476515
56, 6, 1.631715872196738
8, 26, -1.714113051119554
55, 7, -0.1172270840230377
50, 11, 0.2554554689431073
37, 18, 0.04083107258001659
29, 21, -0.2570319074602152
57, 5, 0.9879575799287109
32, 20, 0.3876005434717693
60, 1, -0.08080847473792024
47, 13, 0.2972013134018171
54, 8, -0.1016884724812128
26, 22, -0.8132597096266263
14, 25, -0.4392894922389251
1, 27, -0.325090097977929
58, 4, 0.7356121632585904
53, 9, 0.542463482384972
35, 19, -0.4506676286766692
9, 26, 0.2739097472505501
19, 24, 0.2342467182177851
59, 3, 0.3046626546335917
23, 23, -0.7213951888575437
2, 27, 0.261730396877927
49, 12, 0.7437090914900637
42, 16, 0.435343881254344
61, 0, -0.621279429744397
44, 15, 0.09635895405517877
52, 10, 0.1889308666723781
-14, 28, 0.7206677207456076
40, 17, -0.1722647509232051
15, 25, -0.6776141778258983
-13, 28, -0.04350739878742993
-12, 28, 0.1594532322740123
-11, 28, -0.04254018486135251
30, 21, 0.6479003655696354
3, 27, -0.6974112366377655
60, 2, -0.8418294739176999
46, 14, 1.029043294568531
10, 26, -0.7759797064524652
-10, 28, 0.6061020728192175
27, 22, 0.03006926792787151
38, 18, 0.9186851994341954
33, 20, -0.3835990513092457
-9, 28, -0.3596933041406594
20, 24, 0.1397080010969381
-8, 28, -0.01226422323039399
51, 11, -0.2348853147613188
4, 27, 0.6377075227532476
57, 6, -0.5792548289899878
56, 7, -0.4650897308021157
48, 13, 0.4923757430410873
24, 23, -0.2724701239093893
-7, 28, 0.4075656037183945
58, 5, 1.462241942794778
16, 25, -0.09941237753486813
55, 8, 0.2748507931021151
36, 19, -0.1523650585625277
61, 1, 1.123258023800179
11, 26, 0.8836559248267409
-6, 28, 0.1110377819483778
59, 4, -0.9465280956608259
5, 27, -0.4663196596804546
-5, 28, 0.1595939543626089
54, 9, 0.0283874558860113
43, 16, -0.9137635307929691
31, 21, 1.140076075112836
50, 12, 1.048591495398243
28, 22, -0.7407310281051597
41, 17, -1.11225166525738
-4, 28, -2.422902158793564
60, 3, -0.04745592727222243
45, 15, -0.3471117797554568
21, 24, -0.1167091328660455
34, 20, -1.198562971700996
12, 26, -1.30600130937093
53, 10, 1.214955991521849
17, 25, -1.498591017951576
39, 18, 0.598855627141582
6, 27, 0.2439995127567745
62, 0, 1.459524736647774
25, 23, -0.2193608472138495
-3, 28, 0.2255264285846775
47, 14, -0.3668136108407523
61, 2, -0.2440994051088622
-2, 28, 0.5456696434049277
37, 19, -0.5678511426537052
52, 11, 0.6889018878429094
49, 13, 1.284779099784047
7, 27, -1.482840857159641
13, 26, -0.9594609016011637
58, 6, 1.07970908153352
22, 24, 1.438082101444401
57, 7, -0.3100810781622653
-1, 28, 0.525825204390047
29, 22, 0.295734272753589
18, 25, -0.138085644218679
59, 5, -0.1570771965983566
32, 21, -0.07223638127900606
56, 8, 0.5201160558525877
62, 1, -0.05403808342275677
26, 23, -0.8612818523004224
60, 4, 0.6484198487101718
44, 16, -0.6515282078961083
0, 28, -0.1701188929989225
42, 17, -1.236394001187364
55, 9, -0.1415921328944455
35, 20, -0.9282856884378853
8, 27, -0.09948971340415005
46, 15, -0.06473559668197303
51, 12, -0.3448191326372896
40, 18, -0.1721506858693386
14, 26, 0.1267930128890235
61, 3, 0.6463570483403127
1, 28, -0.02914939565599142
54, 10, 0.08163310690513011
48, 14, 0.1115571518296114
23, 24, 0.6260424659021171
19, 25, -0.4173932974980222
63, 0, -0.01076558767080801
9, 27, -0.03245675208430972
38, 19, -0.1801094832117945
30, 22, 1.952731047210594
2, 28, -1.877118898774229
33, 21, -0.02337123742808311
62, 2, -0.04023362299671104
50, 13, -0.1330351192464765
27, 23, 0.2163872353383423
15, 26, -0.2070894875095752
-14, 29, 0.2530251367808901
53, 11, 0.2472157662153222
-13, 29, -0.1030385783951424
-12, 29, 0.3148906359407626
-11, 29, -0.9282489878024567
3, 28, 1.039549648459682
59, 6, 0.3036427202238586
58, 7, -0.1481761589030613
10, 27, -0.01693488948363449
-10, 29, -0.08077620416012811
36, 20, -0.6148674265304369
60, 5, 0.6533385360732795
57, 8, 0.1057136826409825
45, 16, 0.07184894766832448
43, 17, 0.1637919987396289
20, 25, 0.6611597086224558
-9, 29, 0.1755830309995898
24, 24, 1.189526579733549
63, 1, -1.15958870301095
-8, 29, 0.9707167687757257
47, 15, -0.6238498065811312
41, 18, -0.4352963479715766
61, 4, -0.03894767871909614
56, 9, 0.02206607071597348
52, 12, 0.3660445669765069
4, 28, 0.2803257670010935
-7, 29, 0.02953995037613425
16, 26, 2.156389431622769
31, 22, -0.6367037483814162
11, 27, -0.7822086826553968
49, 14, 0.1439620045281498
39, 19, -0.3644018228546236
-6, 29, 0.3231501280178102
28, 23, 0.9030203567779853
62, 3, 0.03245589106094776
55, 10, 0.389320072654213
34, 21, 0.1261757809321673
5, 28, 0.13874792295259
-5, 29, -0.162999671558073
21, 25, 0.6946065610385088
64, 0, -1.333249856157712
25, 24, 0.5647766986230816
-4, 29, -0.3428531064050739
51, 13, -0.7682613335461628
37, 20, -0.9363858201626327
17, 26, 0.3290448683937279
12, 27, -0.7423606022809076
63, 2, 0.2155300404569978
54, 11, -0.06903852003839073
6, 28, 0.06122035828909283
-3, 29, -0.04365273289870276
44, 17, 0.642722686588314
46, 16, 0.1146139621469421
59, 7, 0.1044417433476351
60, 6, 0.2012851321610032
42, 18, 0.06315794448184242
58, 8, -0.3255038637342829
32, 22, 1.02790737811259
48, 15, 0.5722433302713738
61, 5, 0.1661578991772177
-2, 29, 0.3278108755667501
29, 23, -0.4304540324553353
22, 25, 0.01811724302429208
64, 1, -0.2559255923218379
53, 12, 0.2721449155157601
40, 19, 0.09620551453443947
35, 21, 0.4273673048096139
13, 27, -0.06946154838992155
7, 28, -0.4627960063675102
57, 9, -0.4496360151698061
62, 4, 1.257698981201157
18, 26, 1.652228893717984
-1, 29, 1.498888832992846
50, 14, -0.8303793019794264
26, 24, 0.784290497207447
56, 10, -0.5748854438884531
63, 3, 0.8884511851097407
38, 20, 0.3311615858261546
0, 29, -0.05895338228907444
8, 28, -0.229725061775371
14, 27, 0.1276113381865884
65, 0, 0.888438522413968
52, 13, 0.09285830870225778
23, 25, -1.074358950011029
55, 11, -0.3894172988939433
45, 17, 0.4062590652775263
33, 22, 0.2079172421530993
30, 23, -0.4779866181594926
19, 26, -0.2827933132642992
1, 29, 0.5181067143247639
47, 16, 0.02833189830755697
43, 18, 0.7455116565528971
64, 2, 0.712870537007637
9, 28, -0.5874622661745663
36, 21, -0.4619216151520516
27, 24, 0.4582269939124222
49, 15, -0.7222096741079506
60, 7, -0.5669357852051785
41, 19, 0.6075809114788859
61, 6, -0.1262627946431357
2, 29, -0.1364156890538294
59, 8, 0.8440255277511238
15, 27, 0.08550638557569994
-15, 30, 0.4107286929411861
-14, 30, 0.8211029949547294
62, 5, 1.125201717455344
-13, 30, -1.294553204678174
54, 12, 0.8930497366111851
-12, 30, 0.5747532959265065
58, 9, 0.1038344417103964
-11, 30, -0.4127185428257522
65, 1, 0.1718786754658182
51, 14, 0.004051813962360276
-10, 30, -0.09158334518431534
20, 26, -0.1257293811593157
10, 28, 0.07872131059928388
63, 4, 0.5694651799286109
39, 20, 0.5843963262699139
24, 25, -0.4376428684714865
3, 29, -0.4644647619291145
-9, 30, -0.756347233569271
57, 10, -0.04466751907601566
31, 23, -0.21399192133037
34, 22, 0.5471923836080529
-8, 30, 0.590234393022438
64, 3, -0.06526795004799579
16, 27, -0.2320948649719791
28, 24, 0.8150650549278275
4, 29, -0.7420769242498315
-7, 30, -0.2952320867929732
53, 13, 0.1286101190461688
46, 17, -0.04083241378047884
44, 18, 0.5518783519193752
11, 28, -0.8834628825422548
37, 21, -0.1139851608196619
48, 16, 0.2145399530062401
66, 0, 2.250308822277241
-6, 30, -0.9462268312816611
56, 11, -0.8724653090722716
42, 19, -0.3620675960129697
21, 26, 0.3921576570166009
65, 2, 0.7497845304451791
50, 15, -0.9110994252373451
25, 25, -0.01443076666424075
5, 29, 0.7535537857043948
-5, 30, -0.8561840304811354
61, 7, 0.8541724659400831
17, 27, 0.8871556300803967
62, 6, 1.850748867579282
-4, 30, 1.961137172592343
60, 8, 0.2624636396576029
40, 20, -0.3567415559414521
12, 28, -0.2776598485181945
55, 12, 0.1085485752024007
32, 23, -0.13249939081731
63, 5, 0.4424626305589845
52, 14, -0.8203101374095467
35, 22, 0.5295362105418486
6, 29, -0.4752240065623151
59, 9, 0.717526705126068
29, 24, 0.2750997718094502
-3, 30, 0.6613527584698283
66, 1, -0.03618401977641125
64, 4, -0.5323644968234955
22, 26, 1.624866236038106
58, 10, -0.1697092173849186
-2, 30, 0.6643150283928557
38, 21, 0.5165919215189233
26, 25, -1.20268415315424
47, 17, -0.3636472173073089
13, 28, 0.4129463989398555
45, 18, -0.09426883197855095
18, 27, 0.1298038299150926
7, 29, -0.4745683011957135
54, 13, 0.5937445399290253
65, 3, 0.04422214136071161
49, 16, -0.09694660632025749
43, 19, 0.5562079893347716
-1, 30, -0.6637047083552569
57, 11, 0.0168435418402419
67, 0, 0.3287329080736663
51, 15, 0.8369670268991256
33, 23, -0.3794377519453172
0, 30, -0.1947470956810463
30, 24, 0.04998986071293349
41, 20, 0.4693206606076106
8, 29, 0.7653353436479606
23, 26, 0.4855256395537385
66, 2, -0.2332138756409132
36, 22, -0.1917897001171578
14, 28, -1.43366334566909
19, 27, -0.3226486670551938
62, 7, -0.7462986783774067
63, 6, -0.4280265033829571
56, 12, 1.619229209901093
61, 8, -0.5022412582417333
27, 25, -0.9982371383223743
53, 14, 0.003746254646378945
1, 30, -0.057759088446181
64, 5, 0.7198022953992292
60, 9, -0.1244487945540059
39, 21, 0.2316252301626511
9, 29, -0.08578146167664669
67, 1, 0.1152166124765463
46, 18, -0.9607815111151126
2, 30, -0.6702107503351273
65, 4, 0.2850641733343608
48, 17, -0.4266245352605615
15, 28, 0.08873203941977939
-15, 31, -0.09598656537218654
-14, 31, 0.6454249840514408
59, 10, 0.7131979991916964
-13, 31, 0.3408869572048873
44, 19, 0.1360101148385454
-12, 31, 0.2637878800784519
50, 16, -1.543729266429169
24, 26, 1.586009204506038
34, 23, 0.5862095157927242
55, 13, 0.887259269871239
31, 24, -0.9714189365329242
20, 27, -0.9005340821498451
-11, 31, 0.8708381179181606
10, 29, 0.2722524989390435
-10, 31, -0.1909214227759922
66, 3, 0.1057963486259864
3, 30, -0.05394551505576447
37, 22, -0.1644544564259434
42, 20, -0.7705026006146483
58, 11, 0.3005494940541197
-9, 31, 0.2872653217093573
52, 15, -1.269354374415812
28, 25, 1.10790013263888
-8, 31, 0.7596153359215435
68, 0, 0.04978192125441524
16, 28, -0.8437226536254406
4, 30, -0.3572681274279477
-7, 31, -0.2475114052467494
67, 2, -0.7727398678703158
11, 29, 0.2611479754480663
40, 21, -0.3549031454702745
54, 14, 1.47832009541672
57, 12, -0.1305439085624739
21, 27, 0.01293603549605072
63, 7, 0.1036242883664789
25, 26, 0.2047134530436625
-6, 31, -0.2044092539664908
64, 6, 1.550697567234999
62, 8, -1.576648601452292
32, 24, 0.1654883193827638
65, 5, 0.442016152319563
61, 9, 0.1574411199325249
47, 18, 0.003142075593404242
35, 23, 0.002623489864188222
5, 30, -0.5483679107306741
-5, 31, -0.2157023186568623
49, 17, -0.2360736011479353
45, 19, -0.9573385424342518
17, 28, 1.040924392466112
29, 25, 0.05340130705006389
68, 1, 1.42193449614223
51, 16, -1.004088536802211
12, 29, 1.017375084062733
-4, 31, -1.087785200214295
66, 4, -0.1388527344804606
60, 10, -0.5859232405983589
38, 22, -0.1128965744047752
56, 13, -0.001940947562713903
43, 20, -0.385649424963022
6, 30, 0.3693826293894417
-3, 31, -0.8338938742230986
22, 27, 0.3468238254917007
53, 15, 0.171581369181671
26, 26, -1.908019779469539
67, 3, -0.7477495865083607
59, 11, 0.7806292292261242
-2, 31, 0.2728175248726034
41, 21, 0.3838733992526876
18, 28, -0.8440093636802114
13, 29, -0.2506437645557166
7, 30, 0.4682668063545909
69, 0, 0.6652739356072171
33, 24, -0.2953680750527636
36, 23, 0.1339149178631442
55, 14, -0.2568357022483487
-1, 31, -0.1297275911259858
30, 25, -0.9191480122144696
68, 2, 0.2032475179967002
58, 12, -0.7350816076932042
48, 18, -0.7080617517105301
64, 7, -0.3696754087286321
63, 8, 0.6310464742325276
65, 6, -0.4616234952467254
50, 17, 0.07743800779555909
46, 19, 0.2222544089722082
23, 27, -0.1886400709260535
39, 22, 0.2925399393421159
8, 30, -0.3462986518812765
0, 31, 0.1020168973611216
62, 9, -0.00328735857626828
14, 29, -0.00642439238349048
66, 5, 0.1553134022733921
27, 26, 0.7014847688130497
19, 28, -0.3000820137886259
52, 16, -0.01650188826285169
44, 20, 0.3824201269586916
61, 10, -0.6786693735611674
69, 1, -0.2624268429109946
57, 13, 0.3461361934627054
67, 4, -0.08088655190556131
1, 31, 0.4412683204909645
54, 15, -0.4753396160268064
9, 30, 0.5791952592979582
42, 21, 0.2206189878251379
34, 24, -0.7617868092973435
31, 25, -0.2361930679338077
-16, 32, -0.09680961460508593
60, 11, -0.4218667377792394
37, 23, 0.5699624321706078
15, 29, 0.3350099396438389
-15, 32, -0.1780192701611479
-14, 32, -1.231482611470746
24, 27, -0.9346044776866015
2, 31, -0.5228020677974229
68, 3, 0.4307927208617042
-13, 32, -0.4855547832464852
20, 28, -1.17510829743383
-12, 32, 1.350770976413534
-11, 32, 0.9519486080892591
28, 26, -0.04524263142699238
70, 0, 1.554932048270157
56, 14, 0.2712962423063726
40, 22, -0.04267856121281983
10, 30, 0.1546821184143122
-10, 32, 0.1420970729814638
49, 18, 0.4064331269253283
47, 19, 0.07591398543687942
3, 31, -0.2283972085718292
59, 12, -0.136955649167032
51, 17, -0.4258526435981755
-9, 32, -0.5088908377054996
69, 2, 1.002328733207424
65, 7, 0.005600570912694118
45, 20, -0.02224771461115625
16, 29, -0.03033833604497431
64, 8, 0.5048320997918494
-8, 32, -0.09028561153516813
66, 6, 1.224415057637951
53, 16, 0.1782972131755193
63, 9, 0.003120736947910536
35, 24, -0.1818122360733574
25, 27, 0.3473216580916347
4, 31, 0.3521329434110708
-7, 32, -0.1533401154554478
67, 5, 0.0522171099236803
32, 25, -0.2501182016708505
21, 28, -0.6861255214663142
11, 30, 0.6821440083849909
43, 21, 0.5109635303885783
58, 13, -0.2449394918159006
38, 23, -0.2310120876066825
62, 10, -0.2761075807402905
-6, 32, 0.4759253148614937
70, 1, -0.1622783118036771
55, 15, -0.1508438275762558
29, 26, 0.1480506562366298
68, 4, 1.813889820081762
5, 31, 0.6660004438468332
-5, 32, -0.7437310775473722
17, 29, 0.4332667684755742
61, 11, 0.04507960082782992
41, 22, 0.07099296508149625
12, 30, -1.098314040052255
-4, 32, 0.5369043013928777
69, 3, 0.02970704077793515
50, 18, -0.221816945503013
22, 28, 0.1449747458760846
48, 19, 0.06409053795215026
26, 27, 0.6591405177222307
57, 14, -0.8758402093320085
6, 31, 0.6439569532401552
52, 17, -0.6934002664656406
-3, 32, -0.9870110773452891
46, 20, -1.769583420266479
33, 25, 0.9878877859506807
60, 12, 0.4966890421284361
36, 24, -0.2143417489502681
71, 0, -0.9977809480507372
18, 29, -0.02313214184115481
13, 30, 1.217907529804994
70, 2, 1.425189444385422
54, 16, -1.466034470570903
30, 26, 1.496215288909985
-2, 32, -1.371107655250451
66, 7, 0.7124215010154999
39, 23, -0.787538144689681
65, 8, 0.03217595599206601
44, 21, 0.2474539519546003
67, 6, 0.3021415957643832
7, 31, 0.1255619324887109
64, 9, -1.162064263609512
68, 5, 0.2807170682412602
-1, 32, 0.1437558203161907
59, 13, 0.5085426343242613
23, 28, -0.5748372368010169
63, 10, 0.1316121017782673
56, 15, -0.3033506827265428
27, 27, 0.9253839291658781
42, 22, -0.1261384196253354
14, 30, 0.9072171641392688
71, 1, 0.306735161603344
69, 4, -0.005476192781886498
8, 31, 0.2549723461882356
19, 29, -0.1814097394891778
0, 32, -0.09881895958521889
62, 11, 0.2038544430432368
34, 25, 0.1162317804530209
49, 19, 0.980146636923418
37, 24, -0.5223482701519745
51, 18, -0.1634066563533774
31, 26, 1.023536341811415
47, 20, -0.2818805849892922
1, 32, 0.3217579246875145
70, 3, -0.5144697772048146
53, 17, 0.5154528535114369
58, 14, 0.7398213282700751
40, 23, 0.2856137456993499
9, 31, -0.2187211214361731
24, 28, -0.505380259083953
61, 12, -0.7870952326837517
-16, 33, -1.186495409843279
15, 30, -0.5685626598768221
45, 21, -0.124847149762963
-15, 33, -0.04676596489178774
-14, 33, -0.1819451754527393
72, 0, 0.03464795591256219
55, 16, -0.4350400978655129
28, 27, 0.6391131238549025
20, 29, 0.07779367486787483
-13, 33, -0.166805817184834
2, 32, 0.4726191357210474
-12, 33, 0.4534752449804984
71, 2, -0.1382180862096764
67, 7, 0.2467641778014434
-11, 33, -0.006751879898663868
66, 8, 0.487949151089512
68, 6, 1.830194371107009
65, 9, -0.4722746739359908
43, 22, 0.704206267382547
10, 31, 0.3100675403427645
-10, 33, -0.1760640356120271
60, 13, 0.1593664209556786
35, 25, -0.04353096257163109
3, 32, -0.0926059171532737
57, 15, -0.4525667167605721
-9, 33, 0.0252964001431185
69, 5, 0.6901827037748621
64, 10, 1.465045313134722
16, 30, -0.9461807230130355
38, 24, -0.6881802258857486
32, 26, 0.9218241638726835
25, 28, -0.7011695110638902
-8, 33, 0.4495900556298463
21, 29, -0.3781367248881634
50, 19, 0.3109732107169507
70, 4, 1.96871361704379
52, 18, -1.827097701604794
72, 1, 0.02972790339691498
-7, 33, 0.1795495050584622
48, 20, 0.7364722508004546
4, 32, 0.9138299746149493
63, 11, 0.248868870735817
11, 31, 0.2581397880681479
41, 23, 0.8282106212410322
29, 27, -1.242195980452201
54, 17, -0.5249571669346628
-6, 33, 0.851512464220289
59, 14, 0.1028682579999708
46, 21, 0.746843480925656
71, 3, 0.1232930653788355
17, 30, 0.2310077291063324
5, 32, 0.1447963968741845
-5, 33, 0.004310152257995934
62, 12, -1.195406355079599
56, 16, -0.3303246923045174
36, 25, 0.4673250994221889
12, 31, -0.1316660425468962
44, 22, 0.7443273389635338
26, 28, -0.8017959598768505
33, 26, -0.7670799007880614
22, 29, -0.8432153144059443
73, 0, -0.1739443237589005
-4, 33, -0.6760892624232705
39, 24, -0.3056887929485227
68, 7, 0.7121111236055808
67, 8, -0.5810373182759064
72, 2, 1.649430438730072
6, 32, 2.014788100923735
69, 6, -0.360092974713158
66, 9, 0.3880827239849663
30, 27, 0.5763968278945484
-3, 33, -0.4550869500793113
61, 13, -0.006553989242736488
58, 15, 0.1380178137383364
18, 30, -1.393780137896723
70, 5, 0.05019909197940663
65, 10, -0.142988613353933
51, 19, -0.2647757265866064
42, 23, 0.5162220137618379
13, 31, -0.4468530313628999
49, 20, 1.142115705935905
53, 18, -0.1674961047532297
-2, 33, -0.5417772252849545
7, 32, -0.4945742157022686
47, 21, 0.2759885201430827
23, 29, 0.165090591599615
71, 4, 0.04263447959087453
64, 11, 0.06654429651983974
55, 17, 0.0747960029708394
27, 28, -0.02972939817863813
73, 1, -0.1463711525686689
-1, 33, 0.9955427401976923
37, 25, 0.827130240564662
60, 14, -0.1028879079151748
34, 26, 0.2453535881709686
19, 30, 0.7528170216033965
45, 22, 0.7115428148764619
14, 31, -0.6576457638316634
40, 24, -0.311458051007798
8, 32, 0.6336955227203755
57, 16, -0.4255594484882416
31, 27, -0.6594250361569964
72, 3, 0.4326976498304234
63, 12, -0.2514667878031768
0, 33, 0.2778165949566281
74, 0, 2.618109922655658
24, 29, -0.01077862665149767
1, 33, -0.4141063742421606
43, 23, 1.475142282816998
68, 8, 1.378240056053132
28, 28, -0.04003693301366315
69, 7, -0.2958727381038421
9, 32, 0.6563778059140769
59, 15, 0.3383383969122955
-17, 34, 0.1669935648829873
-16, 34, 0.2483699138105683
73, 2, -0.237780363097322
62, 13, 0.5511915480256485
15, 31, -0.008924741933248846
-15, 34, 0.05266110975912904
67, 9, -1.320995950670117
52, 19, -1.181166594353873
70, 6, 2.01460195063707
50, 20, -0.422958443342788
20, 30, 0.2397384416068799
-14, 34, -1.97375368738552
-13, 34, 0.1602919002935811
54, 18, -0.01856933194909354
35, 26, -0.3990386180670943
2, 33, 0.1997162419346287
66, 10, 0.09194380865379474
-12, 34, -0.1573113968206738
48, 21, 0.1933759502590173
38, 25, -0.794949997791467
71, 5, 0.6693018806112807
-11, 34, 0.4069009237482198
56, 17, -0.01677506894625719
32, 27, -0.06993296388486399
10, 32, 0.5767271959735115
-10, 34, -0.5981015898297435
65, 11, 0.4330742221668891
41, 24, -0.5092699510205693
46, 22, -0.05142808277969711
72, 4, 0.8719875263496806
3, 33, 0.222867307605274
74, 1, 0.8973044793609761
61, 14, -0.7775326813176159
25, 29, 0.5077732450545063
-9, 34, -0.7215376519159021
16, 31, -0.628915587922894
21, 30, -0.01801462113694667
58, 16, -0.04529505218094488
-8, 34, 0.6540291252823049
29, 28, -0.6340674188571395
64, 12, -0.8164408553857089
-7, 34, 0.6706754912566207
73, 3, 0.3018564674117294
44, 23, 0.2685335463509043
11, 32, 0.1421647606583044
4, 33, 0.1333301037637561
36, 26, 0.7221525302157601
-6, 34, 0.4340774727348644
53, 19, 0.6779162913017557
51, 20, 0.5408672282651709
39, 25, -0.2982482710920093
17, 31, -0.5519199646743502
75, 0, 0.072983683171224
60, 15, 0.7213389227568865
33, 27, -0.5475472062579215
69, 8, -0.404122137163651
63, 13, 0.2623807239494685
70, 7, -0.2399267945672561
55, 18, -0.4159702440743567
26, 29, 0.002803567723570207
49, 21, -0.1254447929447753
5, 33, 0.214006914474664
-5, 34, -0.494931187554269
68, 9, -0.5001124597065539
74, 2, 0.4626918932660439
22, 30, -0.7947361495822592
71, 6, -0.07610644118044732
12, 32, -0.9640045736640109
42, 24, -1.892902792273269
67, 10, 1.171100733391455
30, 28, -1.061724295061726
-4, 34, 1.372571248355227
47, 22, 0.1460321680749952
57, 17, 0.09642780857250498
72, 5, 0.6480119660092052
6, 33, -0.2774185983490861
66, 11, 0.5193165629282556
18, 31, -0.4362157147103891
-3, 34, -0.1880250999887637
62, 14, -1.037765936075215
73, 4, -1.133824921349744
75, 1, 0.2241975342007899
59, 16, -0.2677521341867818
45, 23, -0.282279898490085
13, 32, 0.4076745393691149
37, 26, 0.5274141093762412
-2, 34, -0.7513164083262502
27, 29, -0.1598779034393175
34, 27, -0.1238580738208879
23, 30, -0.06134940344738852
65, 12, 0.1218769544884561
40, 25, -0.1698505705951379
7, 33, -0.2709691955449174
74, 3, 0.3699682854826946
52, 20, 2.669295222389334
54, 19, 1.031516399366674
-1, 34, 1.322238986495968
31, 28, 0.1950163124459069
19, 31, 0.8483948107856294
50, 21, -0.9180665374253064
61, 15, -0.624277184735888
43, 24, -0.2869390168145102
56, 18, 2.155513372721806
14, 32, -1.984283091113119
64, 13, -0.3587537616969203
8, 33, -0.4028318010533523
76, 0, -1.247227982633265
70, 8, -0.768821090369563
48, 22, 0.5521668869919355
0, 34, 0.1434605816273678
71, 7, -0.8472489868085228
69, 9, -0.3665971347828213
75, 2, -0.6126353777366528
58, 17, 0.05788847281581654
72, 6, 1.333062701673
24, 30, 1.144498844185628
28, 29, -0.3762392145305839
68, 10, -1.772283236404713
38, 26, 1.489487814860865
35, 27, 0.2055980273615069
1, 34, -0.2704211232076204
73, 5, -0.1306878146046287
-17, 35, 0.08355099570943245
46, 23, 0.009978994104844293
-16, 35, 0.5953037610530072
9, 33, 0.6369338888523672
20, 31, -0.1005135154332659
-15, 35, -0.2365874221861946
15, 32, -0.1200650782988044
67, 11, 0.6066257873965646
63, 14, -0.4454701343666303
41, 25, -0.06243569047281484
-14, 35, 0.3044877047401851
-13, 35, -0.9511128459101327
60, 16, -0.8374218394779825
32, 28, 0.7764003945596241
-12, 35, -0.005761319112274314
74, 4, 0.05015578315392086
2, 34, -0.493322355574887
76, 1, 0.7499954422445483
-11, 35, -0.397568521582086
66, 12, 0.6497387083311957
53, 20, -0.5277866107974721
44, 24, -0.5168614281416331
55, 19, -0.07930687004216443
25, 30, 0.1558792974845918
-10, 35, -0.08295403501148087
10, 33, 0.4171782452400313
51, 21, -0.2173317404811795
29, 29, -1.458591577516993
16, 32, 0.404016553171276
-9, 35, 0.02560448190561935
3, 34, 0.2371324192229139
75, 3, 0.7558011129331441
57, 18, -0.8338093470538971
21, 31, 0.1829807683026286
62, 15, -0.2988417811320892
49, 22, 0.5901196846183686
-8, 35, -0.4534437477982035
36, 27, 0.2728935787629642
65, 13, -0.4123936788459904
39, 26, 0.1091531909071146
77, 0, -1.661232366048161
71, 8, -0.1473811943281459
59, 17, 0.4418509015088842
-7, 35, 0.5866748737116622
11, 33, -0.1912909432202072
4, 34, -0.2420049699304918
72, 7, 0.5168808065293836
33, 28, -0.9139751449874123
70, 9, 0.3777045517314679
47, 23, -0.2810591182470814
42, 25, 0.3108028604830647
73, 6, -0.299708368536753
76, 2, 0.4541862154906264
69, 10, 0.1900372024451774
-6, 35, -0.6683191499793105