d = 67, symClass = C, D = 10.414062
[2.918812944297521, 2.918812944735949], 2.918812944520778
1, 0, 1
2, 0, 1.297872173774919
3, 0, 1.527621464208283
4, 0, 0.6844721890499152
0, 1, 0.5769369966991906
1, 1, 1.194502251524593
2, 1, -1.298484202240061
5, 0, 1.952838943577496
3, 1, -0.4686452241248381
6, 0, 1.982657391714725
4, 1, 0.6835208272701494
5, 1, -1.13430232472306
7, 0, -1.258572960075413
6, 1, 0.749559386759051
8, 0, -0.4095147689822743
-1, 2, 6.591135395321995e-12
0, 2, 0.7487904740761451
1, 2, -0.1766360266167046
7, 1, -0.5437523986679882
2, 2, 1.550311234312496
9, 0, 1.333627337995495
3, 2, -1.716458311144594
8, 1, -1.408973034739943
4, 2, -1.685266523067884
10, 0, 2.534535328686339
5, 2, 0.1537384211066953
9, 1, 0.5085040355739499
6, 2, -0.608241598295728
11, 0, 1.008195679425559
10, 1, -1.769888620625214
7, 2, 0.8977788557877464
12, 0, 1.045614408172719
8, 2, 0.8871226653715609
11, 1, -0.4097698280274227
-1, 3, -0.190156746163179
0, 3, 0.8813413399094475
1, 3, -1.823075942392185
2, 3, -1.233012808055536
9, 2, -0.8268285376053565
13, 0, 1.998985577021906
3, 3, 1.824747278171599
12, 1, 0.6447391091380507
4, 3, 0.3115659251204428
10, 2, -1.4721794297469
5, 3, 1.229043869445286
14, 0, -1.633466833632328
13, 1, -1.094542765112529
6, 3, -1.983592337017739
11, 2, 0.975412121478737
7, 3, 0.7314237858170625
15, 0, 2.983198685117749
14, 1, 0.510829050586784
12, 2, 0.9728322735049714
8, 3, 1.482194361376365
16, 0, -1.215970011129515
15, 1, -0.2262514846659168
9, 3, -0.7159125030689222
13, 2, 1.312417561129195
-2, 4, -2.427861322097323e-12
-1, 4, -0.8912036648570066
0, 4, 0.3948973289121711
1, 4, 1.027009165692418
10, 3, -0.3540878413098086
2, 4, -0.2292509824199662
17, 0, 0.3328562986469827
16, 1, 0.667143701035647
14, 2, -0.7057211117964076
3, 4, 0.1743025952569981
4, 4, 0.8176035714431079
11, 3, 0.1305014176981019
5, 4, 1.681776305661015
17, 1, 0.6891525420699716
15, 2, -0.6891525409345813
18, 0, 1.730877809525446
6, 4, -2.227743480940234
12, 3, 1.044161087476999
7, 4, 0.5757953934760421
16, 2, -1.828666902956287
18, 1, -0.8843095501044544
19, 0, 1.426835614477188
13, 3, -0.4268356219078374
8, 4, -0.88877632696637
9, 4, 0.2999636653459342
17, 2, -0.7491435677642206
14, 3, 0.7491435696261154
19, 1, -0.3251238676941858
20, 0, 1.336663947783041
10, 4, 0.1995328184757253
-2, 5, -0.5635716708669266
-1, 5, -1.336813260305965
15, 3, -1.732784579898802
0, 5, 1.12666503785032
18, 2, 0.6599732450658032
1, 5, -0.5281185086414157
20, 1, -1.551042304819617
11, 4, 1.551042304151729
2, 5, 0.6808820048644645
21, 0, -1.92262306758054
3, 5, -0.7626518410775615
16, 3, -1.362630550716464
4, 5, 0.5643898943431334
12, 4, -0.3207746213393571
19, 2, 0.906885910551082
5, 5, 2.332670516543931
21, 1, -0.767274253378523
22, 0, 1.308509111943845
6, 5, 1.489737318706248
17, 3, -0.2703787664039904
13, 4, 0.2703787671177544
20, 2, -2.297089201480113
7, 5, 0.5632581339206228
22, 1, -0.9071051850846424
14, 4, 1.165202202945992
23, 0, 1.686061229418949
8, 5, -0.6860612292431447
18, 3, 1.145043006878528
21, 2, -0.5597977773727295
9, 5, 0.5597977766376987
15, 4, -0.4838155283764681
23, 1, -0.5827961842762561
19, 3, 0.2513056812552339
10, 5, -2.535730519427258
24, 0, -0.625583551371246
16, 4, 0.4678509946033305
22, 2, -0.5318288637223983
11, 5, 1.306599762673235
-3, 6, 8.693396499472847e-12
-2, 6, -0.2467991545935456
-1, 6, 1.332999859649955
0, 6, 1.14386839868882
20, 3, 0.1270919594405689
24, 1, -0.6292218673874166
1, 6, -0.276126317115354
25, 0, 2.813579941998474
2, 6, -2.366119540206678
17, 4, 0.3943484515758183
12, 5, -0.3943484517021102
3, 6, -0.2698329868668533
23, 2, -0.2820818029872309
4, 6, -1.600293018503121
21, 3, -0.8306478350988563
13, 5, -1.089878788339371
25, 1, 0.6085284207879492
5, 6, -0.6085284207429033
18, 4, -1.07311776178394
26, 0, 2.594427763581515
6, 6, 2.368288715706935
14, 5, -0.6128890316093817
24, 2, 0.8367889551529694
22, 3, 0.8164671663984977
7, 6, -0.8164671661457181
19, 4, -1.181341581181495
26, 1, -1.443126397796677
8, 6, 0.4043727469879515
15, 5, -0.9151886452655182
27, 0, 0.5096562826000924
25, 2, 1.214596652905443
9, 6, -2.622098558565884
23, 3, 1.019490637392772
20, 4, -0.7763983948383114
16, 5, -0.5931757873012838
10, 6, 1.595141846466478
27, 1, -0.536550622191417
28, 0, -0.861458188977603
26, 2, -1.420576599429185
21, 4, -1.328785949967166
17, 5, -0.6544209773642307
11, 6, 0.6544209774006663
24, 3, -2.152377448870137
-3, 7, 0.7693468682564852
-2, 7, 0.07415054692023323
-1, 7, 0.3442335901247653
12, 6, -2.574449312868436
28, 1, 0.9665634573779314
0, 7, -0.7261173034555648
18, 5, 0.6530710904047371
29, 0, 0.2196283466322305
1, 7, 0.7803716533338083
22, 4, 1.265960254777643
27, 2, -0.8875409990166443
2, 7, 0.8875409989543011
25, 3, 1.482576180424334
13, 6, 1.157607926379739
3, 7, -0.9665097550950738
4, 7, -0.6538744244436819
19, 5, 0.1514593490110011
29, 1, 1.013471964337754
14, 6, 0.949294580961592
23, 4, -1.354926682394381
5, 7, 1.354926682291121
30, 0, 3.871810567589765
26, 3, 1.850836321923815
28, 2, 0.6629908115696256
6, 7, -0.4903629429027427
20, 5, 1.334806089674677
15, 6, 0.2348541112504358
7, 7, -1.503368237535054
24, 4, 0.5130525536254765
30, 1, 0.631763895203303
8, 7, -1.142539025305537
31, 0, 1.9943504718533
27, 3, 0.7768016791757232
16, 6, 1.923698826361296
29, 2, -1.23638461762048
21, 5, 0.8716295697032188
9, 7, 0.6577745193845828
25, 4, 0.4903448672468304
17, 6, 0.4324485414110036
10, 7, -0.4324485413251091
31, 1, 0.4503865035220536
22, 5, 1.698760703264256
28, 3, 0.636273448709934
32, 0, -1.168658876845209
30, 2, -0.2936455029464651
11, 7, -1.584340956076115
18, 6, -0.9291629192459837
26, 4, 1.703350235176355
12, 7, 0.7001055020871488
23, 5, 1.629659584349165
-4, 8, 9.665938455437655e-12
32, 1, -0.3203287720634341
-3, 8, 0.3203287721303504
-2, 8, -1.156668440087725
29, 3, 1.472873655397079
-1, 8, -1.472873655321963
19, 6, -0.4713016907833881
0, 8, -0.2362642204017858
33, 0, 1.540141359626226
31, 2, -0.4603866816890752
13, 7, 0.4143493300662125
1, 8, -0.9204902874139378
2, 8, 1.332926627114362
27, 4, 0.5340658647506463
24, 5, 0.8953503760442719
3, 8, -0.8953503760580588
14, 7, 1.634237115862204
20, 6, -0.4595607516295287
4, 8, -0.1209024489202277
33, 1, -3.910011336546954e-11
30, 3, -2.703719844203319
5, 8, -0.6045633919922507
34, 0, 0.432004924916865
32, 2, 0.8658672490124084
15, 7, 0.4842266009405707
28, 4, -0.3721833933631778
6, 8, 0.2262224902587347
25, 5, -2.215109758312681
21, 6, 1.371466249652341
7, 8, -1.664009106893835
16, 7, -0.9646060789622027
34, 1, -0.1019078588099498
31, 3, 0.1019078588467494
8, 8, -0.4891663126665554
33, 2, -1.413281610914711
35, 0, -2.457790296597323
22, 6, 0.1693741656184432
29, 4, -1.631398415379581
26, 5, 0.5586864986496519
17, 7, -0.3137108754542847
9, 8, 0.3137108754122945
10, 8, 2.18273067059773
32, 3, 1.604899890526041e-11
35, 1, -1.365771474504145
23, 6, -0.2936646332471701
18, 7, 0.8244599199591521
27, 5, 0.7643239891118508
34, 2, 0.8944319057693223
30, 4, -0.8944319060153466
36, 0, 0.9128308253952876
11, 8, -1.071190560181505
19, 7, 0.4952749740518532
12, 8, -1.174867977445402
24, 6, 1.355187625600335
33, 3, -0.6259731842934506
36, 1, -0.2109921320959313
28, 5, 0.2109921321372547
31, 4, -0.9732910251384327
-4, 9, 0.9732910250661531
-3, 9, -0.2904875264064776
13, 8, -0.393324872279696
35, 2, 0.5315853691223855
-2, 9, 0.5315853689505339
37, 0, 0.4672007227991313
-1, 9, -0.532799277114798
20, 7, 0.7169604386809014
0, 9, 0.7694189513135924
25, 6, -0.6495134645762261
1, 9, 0.6495134647674974
14, 8, 0.7473088245608716
2, 9, 0.2238765914194015
34, 3, -0.9902883023397281
29, 5, 0.9902883023257701
3, 9, -2.784969939321818
21, 7, 0.5898242101605512
37, 1, -1.491671217688907
32, 4, -0.9644028561003268
4, 9, -0.6255045390221338
15, 8, -0.8823833862468422
36, 2, -1.147720757662313
38, 0, 1.851850260615824
26, 6, -0.5539780862128012
5, 9, 0.6666280186568272
6, 9, -1.883576830794535
22, 7, -0.347746076370108
16, 8, 0.5317484556121695
30, 5, 1.463768762396848
35, 3, -0.9871659729853397
7, 9, 0.4292071282350925
33, 4, 1.217129592534206
38, 1, 0.5495832427979386
27, 6, -1.263081020549595
37, 2, 1.377631193489828
17, 8, -0.8128886709145469
8, 9, 0.812888670701428
39, 0, 3.053693272637806
23, 7, 0.4492986771570598
9, 9, 1.593020857406667
31, 5, -5.356617222068301e-11
18, 8, 0.3893144739910847
36, 3, 0.9849173000491033
34, 4, -0.9722926060304061
28, 6, 0.9722926060752517
10, 9, -1.092330584303292
39, 1, -2.050313318385018
24, 7, 2.050313318357871
38, 2, -0.421969225322082
11, 9, -1.074715516451375
40, 0, -0.7997163870628597
19, 8, -0.3452004109229143
32, 5, -0.4414039302988451
29, 6, -1.411980885401212
12, 9, 0.4759547947335226
37, 3, 0.2293590889969018
25, 7, -0.2293590890113004
35, 4, 0.4702491716926079
20, 8, 0.1052296721906838
40, 1, 0.5538383748738764
13, 9, 0.7035429478537053
39, 2, -1.127236430160162
-5, 10, -1.313692419897771e-11
-4, 10, -0.7314439850263078
33, 5, 0.7060539015221786
-3, 10, 0.7060539015545443
41, 0, 1.506447068212724
-2, 10, -1.735012736537073
26, 7, -1.683021461731792
-1, 10, 1.683021462137149
30, 6, -2.248932896845527
21, 8, -0.8535301101334669
14, 9, 1.2484292166892
0, 10, 1.46226719755623
38, 3, -0.3512774280246609
1, 10, -0.3512774280793093
36, 4, 0.348056870267515
2, 10, -0.6854303175304547
15, 9, 1.87751379468107
41, 1, -0.7753192654730464
3, 10, -0.775319265354537
40, 2, -2.013054655285422
22, 8, 2.013054655122072
34, 5, 0.08869738202527246
27, 7, -0.08869738202910904
4, 10, 0.8836978181637659
31, 6, -0.1742293979804947
42, 0, -2.495318998283194
5, 10, -0.3449417116332247
16, 9, 0.9623326208005014
37, 4, 0.1798516157683978
39, 3, -1.672047022104221
6, 10, -0.9898245971207632
23, 8, -1.828429308888556
28, 7, -0.860260835600097
17, 9, 0.2933747906675576
7, 10, -0.2933747905368322
42, 1, 0.7344032550802907
35, 5, -1.061860860591717
32, 6, -1.768520283482118
41, 2, -0.03043350781527532
8, 10, 0.7325059400272295
43, 0, 1.080134761506
24, 8, 0.1919171402921423
18, 9, -1.731694026521094
38, 4, 1.177021993318929
9, 10, 1.555704517029566
40, 3, 0.5203572997665807
29, 7, 1.679854072549472
33, 6, 1.490060493106445
10, 10, 3.027508156144995
36, 5, -1.053248965865601
43, 1, 2.228794006503291
19, 9, -2.228794006384902
25, 8, 0.2033967412029253
42, 2, -0.9958239027949255
11, 10, -0.3734801294894941
44, 0, 0.6900819041122723
30, 7, 6.000227999454145e-11
39, 4, -0.1565182817284924
41, 3, 0.1836408904146109
20, 9, -0.1836408903462605
12, 10, 1.933488621802945
34, 6, -0.3509170795305758
26, 8, 0.3509170797490814
37, 5, 0.06752338167113475
44, 1, 1.456865727496756
13, 10, 0.4116850953833171
43, 2, -1.028409886356509
21, 9, 1.117338673005208
31, 7, -1.345636292779864
45, 0, 2.604359401495596
-5, 11, 0.1708260193126439
-4, 11, -1.064459624045769
40, 4, -1.211439535816522
27, 8, 0.6074092160535663
-3, 11, -0.6074092162217092
14, 10, 0.7310370649055296
-2, 11, 1.907008662345776
42, 3, 0.7803534223545275
35, 6, 1.829529229358034
-1, 11, 1.829529229595282
0, 11, 0.5816653875054056
38, 5, 0.08277963024190027
22, 9, -0.0827796302441169
1, 11, 1.474131185183297
15, 10, -3.351966638210509
32, 7, -0.8924005085973038
2, 11, 1.037471880028976
45, 1, -0.0388813013188534
44, 2, -1.177306578878993
28, 8, 0.6145046578350968
3, 11, -0.3643651608284442
23, 9, -1.58967616742489
46, 0, 2.18829195508884
16, 10, -0.8904197811562489
41, 4, 0.2548269649619723
4, 11, 0.2548269651732865
36, 6, 1.486119461327965
43, 3, -0.3558049235865176
5, 11, -0.2270471383102979
39, 5, 1.657925770467818
33, 7, -1.644796993067235
6, 11, 1.021114223892084
17, 10, -1.021114223881289
29, 8, 0.02596918149008706
24, 9, 2.264231919257643
46, 1, -1.096465263158011
45, 2, 0.5123394532026012
7, 11, 0.5123394532680202
37, 6, -0.6625679324561417
42, 4, -0.7265459586887589
18, 10, 0.7265459580611269
47, 0, 1.286641768827193
8, 11, 0.2866417690505125
44, 3, 0.05581271793873435
40, 5, -2.7514974130702
34, 7, 0.5179618361393004
25, 9, -0.5179618360101013
30, 8, -0.6279307169559796
9, 11, -1.402452223598298
19, 10, -0.02680804844425535
10, 11, 0.61632114539125
47, 1, -0.8783662568223095
46, 2, -0.7563949552270525
38, 6, 0.3261626574280265
26, 9, -1.130492377071848
43, 4, 1.981471244698354
31, 8, 1.332665180793351
11, 11, 1.20429200825746
20, 10, -3.291054094803734
35, 7, 1.427602242845451
48, 0, -1.857541887470019
41, 5, -1.053311103737658
45, 3, -0.345626624713139
12, 11, -0.351095502570977
27, 9, -0.624998083082692
21, 10, -0.7242369580004648
39, 6, 2.004877236929048
32, 8, -0.2799118716462191
48, 1, -0.1996269139377653
13, 11, 0.1996269137797978
47, 2, 0.8900173282628249
36, 7, 0.7014709231217658
44, 4, -0.2804760501323397
42, 5, -0.9633037516586509
49, 0, 0.5840059082083048
22, 10, 1.695799474182828
46, 3, 0.8044099917125948
14, 11, -0.8044099917751744
-6, 12, 7.50860559186868e-12
28, 9, -2.114135942179777
-5, 12, 2.114135942225853
-4, 12, -0.1301570028665413
-3, 12, -1.361421846782852
-2, 12, 1.730063433977017
-1, 12, 0.04767156166875768
33, 8, 0.1892620580249485
15, 11, -1.464302284253921
0, 12, 0.6032536375919494
40, 6, 0.164949113661833
23, 10, 1.87279040323721
37, 7, -0.6602844602108957
1, 12, -0.6602844603117063
49, 1, -0.1357302112070501
48, 2, -0.8166495520911601
2, 12, -0.3583766634741273
45, 4, -0.2714904489766727
29, 9, 2.92423406396771e-11
43, 5, 1.072398864597037
16, 11, -1.072398864917031
3, 12, 1.568881246491884
50, 0, 3.651667123082844
47, 3, -0.9966344957413213
4, 12, -1.247844780986417
34, 8, 0.5118138864521979
24, 10, -0.511813886858141
17, 11, -0.2364113729408216
5, 12, 0.2364113731550414
41, 6, 0.4876840873426114
38, 7, 1.699061164344855
30, 9, -0.5409121861220252
6, 12, -0.350208720502734
50, 1, -0.109708461322555
49, 2, 0.1097084614567051
46, 4, -0.3661061248460036
25, 10, 0.3002263767390042
18, 11, -1.204106961675881
44, 5, 0.6603084848047233
7, 12, 0.660308485076742
35, 8, -0.4216206994699689
51, 0, 0.5084784264876623
48, 3, 1.019143037890891
8, 12, -0.8439629752416401
31, 9, 1.219531217053958
39, 7, -0.1207344020983636
19, 11, 0.1207344020653467
42, 6, -1.078074715199415
26, 10, -1.414523357916383
9, 12, 0.2662683894296108
50, 2, 0.789792108105224
10, 12, -0.7897921077832484
51, 1, -1.051799958188158
47, 4, 1.051799958058667
36, 8, -0.5659411373253573
45, 5, 0.9930264846741437
20, 11, 0.7928632158745212
32, 9, 1.511707627385371
27, 10, 0.2067317932602231
49, 3, -0.3716660899869054
11, 12, -0.3716660901528327
52, 0, 1.368250032162625
40, 7, -0.3648474671542506
43, 6, -1.778975379575439
21, 11, -0.5114381654553801
12, 12, 1.248988764816407
37, 8, -0.01501758101769886
33, 9, 0.1993567688802157
28, 10, -0.7954516199900974
48, 4, 0.441305987466354
51, 2, -0.7113707056451116
46, 5, 0.7113707056808429
52, 1, -0.8502269576771593
13, 12, -0.850226957675798
22, 11, -1.309126159311672
41, 7, -0.01147801449601009
50, 3, 1.538582181752445
53, 0, -0.97845683861266
44, 6, 1.059670021932571
14, 12, -1.059670021141325
29, 10, -0.4894709817902838
-6, 13, -0.4894709812606016
-5, 13, -0.01214881128315369
38, 8, -1.533230371938137
-4, 13, -1.341877403563307
34, 9, -0.4770279719832747
23, 11, 0.4770279718859421
-3, 13, 1.945949206395596
-2, 13, -0.7003317635607355
15, 12, 2.56911758224356
-1, 13, 1.751417984356347
49, 4, -0.2271426622198016
47, 5, 0.2271426620976952
0, 13, 1.153288734036433
52, 2, -1.872993601285903
53, 1, 0.7379231315165883
1, 13, -1.407893089082277
42, 7, -0.9433751808155484
16, 12, 0.2132582104619709
24, 11, 0.5567652731675254
30, 10, -1.187797879370945
2, 13, 1.617002966280092
51, 3, 1.052764214456544
45, 6, -1.052764214792423
54, 0, 0.6614687003173435
35, 9, 0.385266271610695
39, 8, 2.29817242086161
3, 13, 2.298172420971036
17, 12, 0.3719738437675508
4, 13, -0.3719738436158703
25, 11, -0.7368208013412811
5, 13, -1.382657665101942
48, 5, 0.8367703908998003
31, 10, -0.3888185619147229
50, 4, 1.576391206612985
53, 2, -2.177668317214072
43, 7, 2.177668317695718
54, 1, -0.07204877662048563
6, 13, 0.0720487764832235
18, 12, -3.403148766002217
36, 9, 0.9115620576547545
46, 6, 1.323168530118217
40, 8, 0.4645135534678959
52, 3, -1.165751665483585
7, 13, 1.165751665625167
26, 11, -0.2638103453016836
55, 0, 1.968843783511504
19, 12, 0.2145916582569021
8, 13, -1.772599113237969
32, 10, -0.7698663534801329
49, 5, -1.173235006802255
9, 13, 1.173235006637213
51, 4, 0.1797539088429498
44, 7, -0.1797539086065925
37, 9, 1.12306708598702
27, 11, 1.189781374036315
20, 12, 0.8412463465301222
54, 2, -0.696374121559399
55, 1, -1.472836576233719
41, 8, 1.472836575989774
47, 6, -0.2383079889715313
10, 13, -0.2383079892952764
33, 10, -1.249940942076779
53, 3, -0.1823514698280774
56, 0, 0.5154042126376773
11, 13, -0.4736036378269742
21, 12, 0.8795974025648314
28, 11, -1.06688153761917e-10
38, 9, -0.9953203982610946
45, 7, -0.9876485503098846
12, 13, 0.9876485505489412
50, 5, -3.456307426208914
52, 4, -0.7491840827361507
42, 8, -1.7245943083905
34, 10, -0.849354780250441
22, 12, 0.8493547801375375
55, 2, -0.4698643418720888
48, 6, -2.793510803715214
56, 1, -0.05766999353192517
13, 13, 2.387792772324541
29, 11, 1.826997935290951
54, 3, -1.350890245756929
57, 0, 2.179664733357078
39, 9, -0.6520432683871661
14, 13, 1.475451612991745
23, 12, -1.032471009888926
46, 7, 0.7016215385591453
35, 10, 1.753217513771852
51, 5, 0.7090808779326447
43, 8, -0.7090808780110528
-7, 14, -8.838911159010692e-12
-6, 14, 0.9985138917656774
30, 11, 0.7701423165673509
-5, 14, 0.7701423167207583
-4, 14, 0.09623792922262567
53, 4, -0.9630624138998586
15, 13, -0.9630624142557086
-3, 14, -1.731729336198449
49, 6, -1.000881933279278
-2, 14, 0.4467712032407881
24, 12, -1.357713786531826
56, 2, 1.254475817451572
-1, 14, -0.7073095313894829
57, 1, 1.236320610598637
0, 14, -0.9424074492296753
40, 9, 0.2003586554929248
16, 13, -0.2003586554139439
55, 3, -0.2967901415230791
1, 14, -0.6843425438135983
36, 10, 0.847602792890349
31, 11, 0.01680901699788214
58, 0, 0.2850495200234044
2, 14, 1.012822654247282
47, 7, -0.6297774578607386
25, 12, 0.8629851554972865
44, 8, 0.6676424696008881
17, 13, -0.6314822161306848
3, 14, 0.6314822159514455
52, 5, -1.7718962816369
54, 4, -1.151914765994384
4, 14, 1.151914765816791
50, 6, 1.924194370995502
41, 9, 0.5320796523584693
5, 14, 0.5320796518034306
57, 2, 0.6167796118431803
18, 13, 0.6167796116391135
32, 11, 0.393358066341751
26, 12, 1.502427117887095
58, 1, 0.3721661994397631
37, 10, -0.3721661998634274
6, 14, -1.254406118582349
56, 3, -0.1260360815667846
48, 7, 0.2469155350151613
45, 8, -0.2469155349039476
7, 14, 0.2223093267248944
59, 0, 0.5618392757606674
19, 13, -0.4381607243800483
53, 5, 0.8355459619039389
27, 12, 0.4582309137694207
8, 14, -0.8486454194853654
33, 11, -0.4724860898964082
55, 4, -1.692435065212285
51, 6, -1.144407804336012
42, 9, 1.144407804512553
38, 10, 0.1965748736518056
20, 13, 1.019830151940991
9, 14, -0.1115178724527374
58, 2, 1.315357067533404
59, 1, 0.3544908313744787
28, 12, 0.5006392384977381
46, 8, -1.758521644256566
10, 14, 1.758521644309788
57, 3, -0.4966662036765515
49, 7, 0.6843520690826548
34, 11, 0.5627513400902193
21, 13, -0.5627513400567176
60, 0, 2.041916535912264
11, 14, 0.07488599263238713
54, 5, 2.367235312895792
39, 10, -2.367235313088609
43, 9, 0.06956318870263688
52, 6, 2.402148964106715
56, 4, 0.3496482789364703
29, 12, -1.142042348329315
22, 13, 1.112226038924436
12, 14, -0.6364284222699895
59, 2, 1.468095669243726
35, 11, -1.468095669203411
47, 8, -0.02519475005454035
60, 1, -1.534594177417237
50, 7, 0.829449851328233
13, 14, 0.8294498510250371
58, 3, -0.2368663512511465
40, 10, 1.732407689704286
23, 13, -0.04922133276751605
30, 12, 0.3048106224995256
44, 9, 1.097512377578185
61, 0, 0.4364512532128877
14, 14, -1.951179812872705
55, 5, -0.8002144794300203
53, 6, -0.5339256258219113
57, 4, 1.601047656173241
36, 11, -1.601047656113095
24, 13, -0.3528756428701968
15, 14, -0.3777825766589146
-7, 15, -1.719613453723077
-6, 15, -0.8609241712292475
-5, 15, -0.3713455007373005
48, 8, -0.3069556388472666
31, 12, -1.307433797921301
-4, 15, -1.307433798541845
60, 2, 0.8199487826431674
-3, 15, -2.042144622896468
51, 7, 0.4219854413696663
41, 10, -0.4219854415226904
61, 1, -0.4207397735502172
-2, 15, 0.4207397735996078
45, 9, -1.512736589241128
59, 3, 0.1050834148436127
-1, 15, -0.1050834146523505
16, 14, -1.48286960870279
25, 13, -1.475489113526143
0, 15, 1.721117690137064
37, 11, -0.5518099694229432
56, 5, 1.07362380101264
1, 15, -1.073623801012803
62, 0, 2.588411990931903
54, 6, 1.008189289884147
32, 12, 1.014520817010466
17, 14, 0.2947161787488046
2, 15, -0.2947161788060145
58, 4, -1.604669191321777
3, 15, -0.8067651695344893
49, 8, -1.580740016643039
42, 10, 1.131263765435159
26, 13, -2.595651197763546
52, 7, 1.946982658432504
4, 15, -1.946982658667283
46, 9, -0.6878847576892201
18, 14, 0.8537072487265418
61, 2, -0.2219107758056567
38, 11, 1.070380046382555
62, 1, 0.00383063141724918
5, 15, -3.56017369810702
60, 3, -2.369405513469028
33, 12, 2.369405513079393
6, 15, 1.040129970689631
27, 13, 1.450056497780051e-11
57, 5, 0.3475731002169196
19, 14, 0.347573100462953
55, 6, -0.4212810005080234
63, 0, -1.678467304578986
43, 10, -0.8371835516743735
7, 15, -0.8371835519886042
50, 8, 0.6364049661976207
59, 4, 0.3466501630454237
39, 11, -1.560033406623893
47, 9, 1.16513197563374
8, 15, -1.165131975874688
34, 12, 0.561262930386666
20, 14, -0.5612629302814435
53, 7, 0.5793912728345265
28, 13, 0.3490156519869896
62, 2, 0.5845441068202315
9, 15, -1.165043316286898
63, 1, 0.6588763386613307
61, 3, 1.933055048088758
21, 14, 2.160288027036676
10, 15, -2.40787543213935
44, 10, 2.204774250942422
58, 5, -0.1775894314868625
56, 6, 0.825801607806958
29, 13, -0.2267840611122267
35, 12, 0.2237486687571696
64, 0, -0.3007998345591682
51, 8, 0.8551327626911723
40, 11, -0.855132762524943
11, 15, 1.337447518690376
60, 4, -0.1548628498658316
48, 9, -2.081583678400575
22, 14, -2.056272046093987
54, 7, 0.363313883486953
12, 15, 0.8621741153889305
63, 2, -0.4045634330283552
30, 13, 0.4045634332738284
45, 10, -1.614662971130953
36, 12, -0.4900221987241364
64, 1, -0.4723585836625785
62, 3, 1.598201391870596
23, 14, 1.598201391790955
41, 11, -0.1323991920688165
13, 15, 0.1323991920273324
59, 5, 1.074901461157283
57, 6, 1.385378383284859
52, 8, 0.8983133215483196
49, 9, 0.4422062778914309
65, 0, 3.903696883484473
14, 15, -1.1574241060686
61, 4, 0.8736873573839552
31, 13, -0.8736873569444989
55, 7, -0.8216094902934217
24, 14, 0.9086474564708097
37, 12, -1.603222853186085
15, 15, 3.563437548548786
46, 10, 2.115089833586244
42, 11, -0.4012106586706556
-8, 16, 8.112546954573057e-12
-7, 16, 0.253010435975781
64, 2, -0.415745801499982
-6, 16, 0.4157458009046045
-5, 16, -1.635876066091598
-4, 16, -0.6100041223391981
65, 1, -0.4075747151119329
25, 14, -0.4075747151744775
63, 3, -1.172104616992899
32, 13, 0.6101864510121866
-3, 16, 0.610186451277787
53, 8, 0.1920366738553062
16, 15, 0.1920366735088606
58, 6, 1.911601736006429
-2, 16, -1.91160173605339
60, 5, 1.259071640156842
50, 9, 0.1778609458457524
-1, 16, -0.8560543040814614
38, 12, -0.6116893531815473
0, 16, -0.7015380844146809
66, 0, 1.998906608358201
56, 7, 1.7732953689875
62, 4, -0.5975230664514615
1, 16, 0.1305328528494914
17, 15, -0.1305328529147969
26, 14, 0.5377724659181371
47, 10, 0.08911605191601309
43, 11, -0.08911605186810459
2, 16, -1.194678738116137
33, 13, -0.2672896816091317
3, 16, 1.851513434782767
18, 15, 2.275754702713736
65, 2, 0.5895753315775678
4, 16, 0.7029592117116062
54, 8, 0.6931492306252425
51, 9, -0.4130364099173381
39, 12, 0.4130364102621083
66, 1, -1.595894054158765
27, 14, 1.595894054184706
64, 3, -0.9968787074583317
59, 6, -1.401033683189175
61, 5, 1.782691753363872
5, 16, 0.5722423949853639
34, 13, 0.7571822467246832
19, 15, -0.7571822469115003
44, 11, 0.6891227413301483
57, 7, 0.55405260214236
48, 10, 1.16205034196841
6, 16, -1.162050342035108
67, 0, 0.9999999999303343
63, 4, -0.3075891173104757
28, 14, 2.121030879891076
7, 16, 1.282311977661851
20, 15, 0.6084380740094534
40, 12, -0.2423632812691724
8, 16, 0.0723350622380507
52, 9, 0.6949795731782353
55, 8, 0.854375834936531
35, 13, -0.8543758350677305
66, 2, 2.325654221878622e-10
60, 6, -3.509082768277133
67, 1, -0.5141683657653117
65, 3, 0.5141683660847546
45, 11, 1.421246490251742
9, 16, 1.421246490325014
62, 5, 1.770484502776903
29, 14, -1.770484502845512
21, 15, 0.8604452125436751
49, 10, 0.1518991555473497
58, 7, -0.8823508357624883
10, 16, -0.7846460046147479
41, 12, -1.289339692771494
68, 0, 0.2278308791740506
64, 4, 0.4566413098075193
36, 13, -0.8618633279368103
22, 15, -0.3096922426892344
11, 16, 1.090548268251677
30, 14, 0.6284642343389345
53, 9, -0.8587254848527172
56, 8, 0.2226746369994812
46, 11, 0.4721418009026281
12, 16, 0.1193052813288144
67, 2, -0.1680609753436243
61, 6, -1.209755737017538
23, 15, -1.209755737196537
50, 10, -2.874929325403087
66, 3, -1.385713350249304
68, 1, 0.5925195834661452
63, 5, -0.5925195837962011
42, 12, 1.779987891364117
37, 13, -1.527382534762844
59, 7, 0.5778455648350941
31, 14, -0.5778455646113311
13, 16, 1.224124272802132
65, 4, 6.877778808640152e-11
69, 0, 2.575663323430741
24, 15, -1.048041859353274
14, 16, -2.159671118381279
54, 9, 0.9996328888363077
47, 11, 0.8202789920898033
57, 8, 1.623950383056162
32, 14, -1.251935388628088
51, 10, -0.2042863751641638
38, 13, 0.2042863753362346
43, 12, -0.4571739643886463
15, 16, -0.549258973884647
25, 15, 2.400124733717548
68, 2, -0.1322633726816044
62, 6, 0.1322633726068307
64, 5, -0.1743858497991364
-8, 17, 0.1743858502017964
67, 3, 0.3874892463540776
-7, 17, 0.3874892467300346
69, 1, 0.6136505474582382
-6, 17, 0.6136505475373911
60, 7, -1.266557233273932
-5, 17, 1.266557233107605
-4, 17, -1.667329615983351
16, 16, -1.452478915705172
-3, 17, -1.239657039583237
33, 14, -0.2702579072160192
-2, 17, -0.2702579076338321
48, 11, -1.040537066330075
26, 15, 4.977483607019049e-11
66, 4, -1.83425888328307
55, 9, -1.286587441544703
-1, 17, 1.286587441411115
70, 0, -3.189897648367198
39, 13, -0.9368150453758142
44, 12, 0.08932459035275735
17, 16, 0.9618368795416568
0, 17, -0.384899883019833
58, 8, -2.117346609590135
52, 10, 0.7251036606629369
1, 17, -1.735893889208901
2, 17, -0.2188404684366417
63, 6, -0.8551590984934065
27, 15, 0.8551590978344887
34, 14, -0.4071566173528081
18, 16, 0.4071566175096757
69, 2, -0.5965535361995655
3, 17, -1.604535826886092
65, 5, -2.137465738869266
68, 3, 0.1005616168289651
61, 7, -0.1005616168645355
70, 1, -1.42503654541039
40, 13, 0.3500459594945493
49, 11, 1.56768573175666
4, 17, -1.567685731426418
45, 12, -0.7390869854690978
56, 9, -0.3021539052285245
19, 16, -0.3021539050146628
5, 17, -1.345201541566206
67, 4, -0.5767973130847551
28, 15, -0.576797312673318
53, 10, 1.456757410394072
71, 0, 0.03120028647439234
59, 8, 0.9687997133280163
35, 14, -0.1934910227492978
6, 17, 0.7366862806019452
20, 16, 1.151129110115936
7, 17, 0.6267341128543955
41, 13, 1.49413778271595
64, 6, -2.886279404867341e-10
29, 15, 0.09617761788677311
50, 11, 1.388114355249533
70, 2, -1.772596799986802
66, 5, -1.06454478436093
62, 7, 1.064544783799231
8, 17, 1.176146048062277
46, 12, -0.3811391526682925
69, 3, -0.8902919613339033
71, 1, -0.9497422321113674
21, 16, 0.9497422319383045
36, 14, 1.07004358807823
57, 9, 0.3838999521506869
9, 17, 0.7212321957426948
54, 10, 0.9919948414784405
68, 4, 0.4717057494802852
60, 8, -0.4717057489685451
30, 15, -3.873636367999221
42, 13, 0.09604626324102145
10, 17, -0.0960462633296813
72, 0, -0.5461400914703167
22, 16, -1.390268422584195
51, 11, 0.07529109613013392
37, 14, -0.07529109617474491
47, 12, -0.6633034528906014
11, 17, -0.6633034530694618
65, 6, 0.5609168321305525
63, 7, -0.6399894337751489
67, 5, -0.1460138824184109
23, 16, 0.1460138826210683
71, 2, -1.056108964514418
31, 15, -1.056108964621277
12, 17, -0.9588298936710539
70, 3, 1.226764763017584
58, 9, -1.226764762621494
72, 1, 0.05472382333510978
55, 10, 1.904822779650303
43, 13, -1.207958680713511
61, 8, -0.747297505286055
13, 17, -0.3507056342788665
38, 14, 0.6428036127716028
69, 4, -1.283956354780386
24, 16, 0.7029150268721981
48, 12, 0.7146992218524703
73, 0, 0.2956666713467355
32, 15, -0.7043333279838696
52, 11, -0.1162592429686462
14, 17, -0.4692677551372187
66, 6, -0.812433185548505
64, 7, -0.4229587228768631
25, 16, 0.4229587231673778
44, 13, -1.068922047774147
68, 5, 0.9702789704614388
59, 9, -0.9702789707508361
15, 17, -1.718862293105226
72, 2, -0.2738408141662829
56, 10, 0.2738408141510902
39, 14, 1.105492609607274
71, 3, -0.9464858874843662
33, 15, 1.995989841671923
73, 1, -1.042721212377642
-9, 18, -1.061379214258283e-10
62, 8, -1.263207341642929
-8, 18, 1.263207341405404
-7, 18, 0.8651139880644387
-6, 18, -0.3770156860947174
49, 12, -0.2591161459865444
16, 17, 0.8939735587959312
-5, 18, 1.433629519154058
26, 16, -0.5104854059040353
53, 11, -0.2649162492534009
70, 4, 0.6899298606099513
-4, 18, 0.6899298605907819
-3, 18, 2.036319196786638
74, 0, 0.6063668173935202
-2, 18, -0.691505357249813
45, 13, 0.047774533159301
34, 15, 0.7969046531411577
17, 17, 0.3975975984990535
-1, 18, 0.7969046525210267
40, 14, 0.9305230061142314
67, 6, -1.121006093447836
0, 18, 0.9986074420094467
65, 7, -0.2800862143882157
27, 16, -0.2800862135643397
60, 9, 0.1941484056682843
57, 10, -0.6016166942798148
1, 18, 0.4429016692027135
69, 5, 1.129654009659148
73, 2, -1.924605969859836
18, 17, 1.924605969695653
50, 12, -0.8429854555054765
2, 18, 0.8429854550085831
72, 3, -0.9612128309358152
63, 8, -9.732692529768231e-11
74, 1, 0.2082048451354364
54, 11, -0.2082048452145648
3, 18, -0.4218164895017569
35, 15, 1.428352851830127
28, 16, 0.3941159330251173
46, 13, -0.129976098318607
41, 14, 0.1299760979575668
4, 18, 0.290563200041476
71, 4, -0.5759855410744608
19, 17, 0.5759855412992627
5, 18, 1.279788829508158
75, 0, 4.298085109285657
68, 6, -1.285267636548278
58, 10, 1.285267636144701
61, 9, -1.676709150044125
66, 7, -1.534159236089117
6, 18, -3.614534995135105
20, 17, 0.1921355321130707
29, 16, 1.389453459901164
51, 12, 0.6024151588485873
36, 15, -0.6024151593225212
70, 5, 0.9975668641576135
7, 18, 1.801085088172477
42, 14, 0.765516431425908
55, 11, -1.143598701862336
74, 2, -1.935998568494071
47, 13, 1.700423062282456
64, 8, 0.5769952659496942
73, 3, 1.104039187544194
21, 17, 0.4537148152976617
8, 18, -0.8118249409461633
75, 1, 1.52551408635792
30, 16, -1.14522084161707
72, 4, -0.6052852916256519
37, 15, 1.521204550709551
9, 18, -0.2355666342971436
59, 10, 0.5129522402361578
22, 17, 0.5129522409062883
76, 0, 0.9766293067657689
52, 12, -0.2921571190694463
62, 9, -1.021394197802308
43, 14, 0.5476031038434247
69, 6, -0.4309142170827582
10, 18, 0.8651979567945833
67, 7, 1.545566568601031
48, 13, 1.394003173841272
56, 11, -1.24611037558615
31, 16, 1.246110376305173
71, 5, -1.910116883365972
11, 18, -0.2532591170112057
65, 8, 0.1558842388488168
23, 17, -0.1558842389737591
38, 15, 0.8269889688305934
75, 2, 0.7209690100404401
74, 3, -0.5876748450196868
12, 18, -2.444641962581803
76, 1, 0.3354952527322706
44, 14, -0.4513299615045683
32, 16, 1.578917850965002
73, 4, 0.3031883755552464
53, 12, -0.3031883754832354
24, 17, -1.289998566301148
60, 10, 1.899784751254984
49, 13, 0.293783975948443
13, 18, 0.2937839763960894
63, 9, -0.725163063617866
77, 0, -1.268887818568892
39, 15, -1.664922229281486
70, 6, -1.281215251784768
68, 7, 0.3321976647652166
57, 11, -0.3321976645857186
14, 18, 0.557055986669366
25, 17, -7.961443052805703e-12
72, 5, 2.007588783541489
33, 16, 2.007588783601722
66, 8, 1.579678632135935
45, 14, 0.8864535761051815
76, 2, 0.7132888019048652
75, 3, 0.9296010777191157
15, 18, -0.9296010775412576
54, 12, -1.639317724799081
77, 1, 2.008885583323863
50, 13, -2.008885582290765
40, 15, 2.894486873329249
61, 10, -0.8427899354556739
26, 17, 0.8427899356103195
74, 4, 1.787989197595568
-9, 19, -0.5120111717783388
64, 9, -1.704153471054862
-8, 19, -1.704153471063433
34, 16, -1.05502558767592
16, 18, 1.055025588502499
-7, 19, 0.2959659553399512
58, 11, 0.9333283251045662
-6, 19, -0.9333283249465187
-5, 19, 0.2868903100328825
69, 7, 0.1152360785351687
-4, 19, 0.1152360783887113
71, 6, -0.1855099668105995
78, 0, 3.963303538353333
-3, 19, 0.1085474989631983
46, 14, 0.5831322582723739
27, 17, -0.5710477987414547
17, 18, -0.510190894865768
-2, 19, 0.5101908950288201
67, 8, -0.07800300798741606
73, 5, -0.457122232051258
-1, 19, -0.457122232866165
41, 15, -0.366378072433693
55, 12, -0.2145544919253456
51, 13, -0.2462572656430541
35, 16, 0.2462572660816354
0, 19, 0.8231942621755669
77, 2, -0.07393794967058617
18, 18, 2.067537439650825
76, 3, -1.018352646367262
1, 19, -1.018352645931659
62, 10, -8.85304380476565e-11
28, 17, 0.2273148264853035
78, 1, -0.5651545302037934
2, 19, -0.565154530317325
65, 9, 1.157213881826878
59, 11, -1.157213881539308
75, 4, 0.19950988619568
47, 14, -1.604162464196208
3, 19, 0.7135096867163682
19, 18, -1.782091251071109
42, 15, -0.93626243858784
70, 7, 2.227533972930346
36, 16, 0.2053167784208049
72, 6, 1.278296768749447
4, 19, 1.363921968927746
79, 0, 1.885693310080988
29, 17, -0.9375087977774905
52, 13, 1.366348276310028
68, 8, -0.512767940526263
56, 12, 0.5127679403045381
5, 19, 1.370949468207275
20, 18, -1.417705474322208
74, 5, -0.9427934546096859
6, 19, -1.576153900822889
63, 10, -1.319036236952154
78, 2, -2.661044610374112
48, 14, 2.661044611188838
77, 3, 0.3811539740264431
37, 16, 0.3811539739049071
60, 11, 0.2499252199669668
43, 15, 0.248875397775608
7, 19, -0.2488753976087381
30, 17, 1.090109435611036
66, 9, 1.247252766751241
21, 18, -1.247252766139959
79, 1, 1.668400035831251
76, 4, -0.2225382477448993
8, 19, 0.526014868409582
71, 7, -1.333555183954393
53, 13, 1.333555184206356
73, 6, -0.3112485482644073
57, 12, -1.804642756313456
22, 18, -1.394843372265397
9, 19, 1.377921935278613
80, 0, -2.374593592852233
69, 8, 0.4406926117735556
31, 17, 0.4406926120618047
38, 16, -0.4480260130148383
49, 14, -1.129920198576565
44, 15, -0.545824320123518
75, 5, -0.441832709415693
10, 19, -0.9626441920082596
64, 10, -0.5728858764780997
61, 11, 1.361649176128099
23, 18, -0.2010717525927272
79, 2, -0.3427782652923089
11, 19, 0.3427782647765653
67, 9, -0.4868536632639321
78, 3, -2.204550860681708
32, 17, 0.7028856599785249
54, 13, -1.81310465600434
80, 1, 0.766132468125321
39, 16, 0.7661324682783545
58, 12, -1.83257070898508
77, 4, 0.4597774647203874
12, 19, -0.4597774645870125
24, 18, 0.6177284882352362
72, 7, 0.6695440460055165
45, 15, -1.398061818437739
74, 6, 0.2976787821656504
50, 14, -0.2976787821730707
70, 8, 0.6103233171868769
13, 19, -1.822644837973273
81, 0, -0.5550654603897333
33, 17, -0.1052259296418559
65, 10, 2.562940125046878
76, 5, 0.7193265830629889
62, 11, -0.2393975942823042
25, 18, -0.2393975950690947
40, 16, -0.06295815243300844
14, 19, -1.578553071358301
68, 9, 0.173060129359155
55, 13, -0.1730601293621747
80, 2, 0.7188114174511784
79, 3, 0.6877888958250357
46, 15, -0.6877888956695405
59, 12, -0.5369365248369482
51, 14, -0.8662755593705013
34, 17, -0.4322086435482496
15, 19, -0.8662755590163426
26, 18, 0.9131088130936823
81, 1, 0.2831921508381721
78, 4, -1.463008800451135
73, 7, -0.9292651375077093
75, 6, 1.855443915367495
41, 16, 1.629759221796758
71, 8, 0.2129617999969466
16, 19, -0.2129618005065952
-10, 20, -5.638416337144343e-11
-9, 20, -1.330253316193387
-8, 20, -0.3857491301306322
-7, 20, -0.4645161338376529
66, 10, 0.9163677135150207
-6, 20, 0.9163677137368834
63, 11, -0.8543494091038548
27, 18, -2.289115724941106
82, 0, 1.955175729570215
-5, 20, -1.740377223430338
35, 17, -0.2913821857110703
-4, 20, -0.9150114942919488
56, 13, -0.7801747458791801
77, 5, -0.2263291690993459
47, 15, 0.2263291689002867
17, 19, -0.1875759894765119
-3, 20, 0.1875759899658075
69, 9, 1.557395779995111
52, 14, -2.184346728589816
-2, 20, 2.184346727397472
60, 12, -1.186042853584588
-1, 20, -1.171661855558895
42, 16, -1.107772981934086
81, 2, -1.018413579546954
80, 3, -1.769253419414009
28, 18, 1.620301549088847
0, 20, 0.7711708835498789
18, 19, 0.7693592187296605
36, 17, -1.056309746187473
1, 20, -1.056309745675001
82, 1, -0.9511477988133232
74, 7, -1.178997767137351
79, 4, 0.1037392292855548
76, 6, -0.4559132002656002
2, 20, -0.455913200090672
72, 8, -0.208239911159552
48, 15, -0.9061480649908282
64, 11, -0.9576029745193816
67, 10, 0.6846461306629833
19, 19, 0.5098561201650025
57, 13, -0.4877847410998349
3, 20, 0.6947478068373173
29, 18, 1.596920545129527
53, 14, 0.2907301542695965
83, 0, 2.946229139866706
43, 16, -1.946229139700785
4, 20, -0.3614824328833611
78, 5, 0.7075390387701449
61, 12, 8.248282881335676e-11
70, 9, -0.6716085918591109
37, 17, 0.7689371553951817
20, 19, -1.168473534190966
5, 20, 2.005583498450817
30, 18, 2.436772921645991
82, 2, -1.006265302723526
6, 20, -1.00626530292357
81, 3, -0.8196462464794425
49, 15, 0.01828939708077773
21, 19, -1.601206975850908
75, 7, 1.48666240657475
83, 1, -0.694623309751307
7, 20, 0.694623310002802
58, 13, -1.114175747343733
80, 4, -1.061645318245462
44, 16, 1.061645318368145
65, 11, 1.419098663500283
73, 8, -1.873346587114687
77, 6, 0.4648028738973505
38, 17, 0.4648028734362553
68, 10, 0.1151178691939237
54, 14, -0.1151178687267844
8, 20, 0.4660447971592816
31, 18, -0.9696239615170561
62, 12, -0.2261274829434424
22, 19, -0.5024910466356268
84, 0, -1.315982015845997
71, 9, 0.1742966602237156
79, 5, -0.1694540344436795
9, 20, 0.1694540347242054
50, 15, -0.691476523330119
45, 16, 0.2156952417468267
39, 17, -0.215695241277158
10, 20, -0.4476902469340683
23, 19, -0.01836250350715636
32, 18, 1.248984729328198
59, 13, -1.490182794293394
83, 2, -0.3251453444139708
82, 3, 0.3251453440714246
55, 14, -1.173805708346955
66, 11, 0.7557025336459308
76, 7, 0.840077084548974
11, 20, -0.8400770845135368
69, 10, 1.170520332950242
74, 8, 0.233424408948106
84, 1, -0.7712570236588678
81, 4, 0.7712570239693481
78, 6, -2.170103302524389
24, 19, -4.123195316165774e-10
63, 12, -2.029881936585723
12, 20, -0.5220139725979169
33, 18, 0.9997075309768565
51, 15, -0.9997075308820889
40, 17, 0.7226864283111919
46, 16, -2.373067526484398
72, 9, -1.87904495409828
85, 0, 0.650014742398433
80, 5, 1.302824200845631
13, 20, -1.558418513498253
25, 19, 0.5104517759116984
56, 14, -1.116508598846215
60, 13, 1.176160857506924
34, 18, 0.3807629798787013
14, 20, -0.3807629801246169
67, 11, 0.06304506235259517
83, 3, -2.183759964573972
41, 17, 2.183759964427091
84, 2, 0.9531615513313921
70, 10, -1.378159668673374
77, 7, 0.515725229708989
26, 19, -0.8481865578934679
52, 15, -1.146813665683671
64, 12, -0.9326827168888255
75, 8, -0.02715574325027583
47, 16, 0.02715574321459038
82, 4, -0.03949880147613057
15, 20, 0.3403848991708238
85, 1, -0.3046911059036961
79, 6, 0.3046911060539423
73, 9, -0.7481427753934453
35, 18, -0.7481427757086484
16, 20, 0.3863091846580416
57, 14, 2.067919282184895
27, 19, -2.06791928253889
61, 13, 2.418443477244455
-10, 21, 2.418443476838839
-9, 21, 1.175270788432621
81, 5, 0.3583072575177511
42, 17, -0.3583072576321993
-8, 21, -0.5265099080902227
86, 0, 1.401876855030695
-7, 21, 0.2393261438018709
-6, 21, 0.1132739658804188
-5, 21, 0.6862291705296323
48, 16, 0.5698585394160329
68, 11, 0.8948536877617489
-4, 21, 0.8948536872003892
53, 15, -0.8948536866780418
17, 20, -0.8948536864235008
-3, 21, 0.5258586188312508
71, 10, -0.7640806771082549
36, 18, -2.247517506797319
65, 12, 0.1060316777896905
28, 19, 0.1060316783165629
-2, 21, 0.8595269117091613
84, 3, 1.476543083657298
85, 2, 0.392826019895518
78, 7, -0.3928260202809068
76, 8, 0.6207381847808351
-1, 21, 0.9742943235917475
18, 20, 2.019105611044902
80, 6, 0.6753572560492801
83, 4, -1.326636632467683
43, 17, -1.326636632681928
0, 21, -1.109232379075697
86, 1, -1.220224850846981
58, 14, 2.180235863576114
74, 9, -0.0835956361154882
1, 21, -0.08359563616011756
62, 13, -0.219103345451928
29, 19, -0.8737957032197554
49, 16, -1.753821042196786
19, 20, -0.01390981299206597
37, 18, -0.3883611953505047
2, 21, -0.3883611949255895
54, 15, 0.997645414732786
82, 5, 0.8254178753576589
87, 0, 0.3355089773950987
3, 21, 1.192112487455568
69, 11, -0.7565793323540044
66, 12, 1.933908056963966
44, 17, -0.08982013193029759
4, 21, 0.08982013253032092
20, 20, 1.596648093946504
72, 10, -1.36698252322902
30, 19, 1.629804089087366
79, 7, -0.61505822381577
5, 21, -0.6150582231424583
85, 3, -0.4400020617357818
77, 8, 0.4400020619387374
86, 2, 2.892689729411972
38, 18, -2.892689728980858
59, 14, 1.524988367796365
50, 16, 0.2639829701492764
81, 6, -1.355826681514753
6, 21, 1.355826681050677
63, 13, 1.398609298247213
21, 20, -1.398609298351536
84, 4, -0.5251778880284046
87, 1, -0.0974433680431057
55, 15, 0.2548482549183611
75, 9, 2.264815194164418
31, 19, 1.710106035960875
7, 21, 2.294474090411183
45, 17, -1.225598651657898
22, 20, -0.4847294624768276
70, 11, 0.456490284410955
83, 5, 0.6729385702314
8, 21, 0.6729385706191071
39, 18, 1.768386714970938
67, 12, 1.569072874775052
88, 0, -0.4128710215043906
73, 10, -1.477787915388288
9, 21, -1.476461044778888
51, 16, -0.7861519767605692
32, 19, 0.7861519776817703
60, 14, 1.394999179981679e-10
23, 20, 0.652917905688576
80, 7, 0.1005165830778516
78, 8, -0.2031407240187424
64, 13, 0.4176583420609747
56, 15, -0.4176583416330265
86, 3, 0.6667145020836229
10, 21, 0.6667145017752157
87, 2, -0.2765002894773472
46, 17, -0.276500290230365
82, 6, 0.2383424045550402
40, 18, -0.2383424053617449
85, 4, 0.3256174093750073
76, 9, -0.3256174095045021
88, 1, 0.9378735374439028
11, 21, 0.9378735370360833
33, 19, 0.8644533992244211
24, 20, 1.019683761420833
71, 11, 0.4996504050528366
68, 12, -0.185066748111505
52, 16, 0.1850667471442106
12, 21, -0.9988726057420783
84, 5, 0.5581365294217392
61, 14, -1.010951996553241
74, 10, 0.08763672114658821
89, 0, 1.985205011158897
47, 17, 0.9852050116223796
25, 20, 3.284238263326371
41, 18, 1.28534012911172
57, 15, 0.2313725519492184
34, 19, 0.5232160327991514
13, 21, -0.5232160339681108
65, 13, -2.267453992453453
81, 7, -0.6731876218652436
79, 8, 0.6731876219663816
87, 3, 1.548201524405599
14, 21, 1.551836584555776
88, 2, 1.890825490942631
26, 20, 0.5343146305102927
83, 6, -1.596826444352209
77, 9, 1.596826443971624
53, 16, 0.04742610266405757
86, 4, -1.334744580864319
89, 1, -0.7476612266510508
35, 19, 0.7476612263710103
42, 18, 1.450162778679111
72, 11, -0.4813029431816609
48, 17, 0.4813029426317105
69, 12, -2.069815081470304
15, 21, 2.069815081708111
62, 14, -1.74646390914534
58, 15, 0.5950328190809077
27, 20, -0.02790798075786599
85, 5, 1.345803922030301
75, 10, -1.345803921612045
66, 13, -0.4987419184770426
16, 21, -0.9730952092918093
90, 0, 3.380125597574086
-11, 22, -8.019116239087635e-11
-10, 22, 0.22171033871991
-9, 22, 0.6263962351935247
-8, 22, -1.381532532853649
36, 19, -0.05170973667829721
-7, 22, 1.440741165000268
80, 8, 0.7247955256140379
82, 7, -0.7313290730909653
43, 18, -0.7313290737552099
54, 16, 0.7883395250811278
-6, 22, -0.7883395247519025
17, 21, -0.4426689031449304
-5, 22, 0.4426689038966465
28, 20, 0.3855345252668465
49, 17, -0.8984084209814753
-4, 22, 2.475053486326743
88, 3, 1.289051491367234
78, 9, 2.827377289472064
89, 2, -1.501236726651726
-3, 22, -1.767524217780775
84, 6, 1.012798993042585
63, 14, 1.0406240487657
70, 12, 2.374495085104709
-2, 22, 2.374495084783482
87, 4, -0.6308387471824454
73, 11, 0.6308387472364343
59, 15, -0.3999861476119993
18, 21, -0.7490889577681065
90, 1, 0.1659415739822299
-1, 22, -0.1659415746103788
37, 19, -1.397553637046313
29, 20, 0.4520324840783591
0, 22, 0.7549273186161899
67, 13, 1.245800074355642
76, 10, 0.1074373793872224
44, 18, -0.1074373792136658
86, 5, 0.4999433915933338
1, 22, -0.499943391227245
55, 16, 1.148261980705288
19, 21, 1.148261979996662
50, 17, 1.327809821444592
2, 22, 1.913233852646796
91, 0, -2.515869203621815
81, 8, 0.164990382440325
30, 20, -4.350424238761748
83, 7, 0.5542393203671399
38, 19, -1.852723524717644
3, 22, -0.5542393209092737
20, 21, 0.6435264514224894
64, 14, -1.158221793298286
60, 15, 2.039078431836816
79, 9, -1.846814757716243
4, 22, 1.346505893165725
89, 3, 0.8133150935953433
71, 12, -0.8133150923218684
45, 18, 0.2050297581852115
85, 6, 0.8594845732219876
74, 11, -0.8594845733088616
90, 2, -0.05046295254014119
5, 22, -0.9787545348358457
88, 4, -0.6208882699851479
21, 21, -2.296577586550004
68, 13, -0.3126537108132687
51, 17, -0.1559915135357132
31, 20, -0.3126537108060792
56, 16, -0.367653699810623
91, 1, -1.525493045079147
6, 22, -0.4728994002610618
77, 10, 0.3491622947114997
39, 19, 0.349162294578868
87, 5, 0.981794948966315
7, 22, -1.008199415923829
22, 21, -1.004373847191824
46, 18, -2.063196472015459
61, 15, -0.9048375221264937
92, 0, 1.154062020105449
32, 20, -0.4695898310626049
65, 14, -1.05233267318611
82, 8, 0.3307328280108647
8, 22, 0.3307328277718105
84, 7, -0.8114512158221937
72, 12, 0.7837500946143912
80, 9, -0.08168607923428274
40, 19, 0.08168607967907296
52, 17, 1.66797762197349
75, 11, -0.3534099550723999
9, 22, 0.3534099555003282
23, 21, 6.955808596182633e-12
57, 16, 1.780481872580364
90, 3, 0.9650960854830331
86, 6, -0.4617893125617207
91, 2, -0.9109893360126654
69, 13, 0.9109893354356654
10, 22, -0.2946781645390305
89, 4, -0.2638855938214955
33, 20, 0.2638855933015958
47, 18, 0.8138472999986678
78, 10, 2.15177573289269
92, 1, 0.2142255862428081
24, 21, -1.7453671384309
11, 22, -0.1780836790584127
41, 19, -0.2768132324513322
62, 15, -0.02455937242220315
88, 5, 0.8178445313556508
66, 14, -2.134736253244725
53, 17, 0.8424337977047949
12, 22, 1.32527574343773
34, 20, -1.32527574320921
83, 8, 0.01728163663139581
58, 16, 0.0337046775687924
25, 21, 0.3168467707632454
93, 0, 3.046612586996066
85, 7, 0.3249644542267173
73, 12, -0.324964454623859
81, 9, 0.6781548836749636
76, 11, 1.34527778084539
48, 18, 2.938683617874498
70, 13, -1.627665263227425
13, 22, 1.627665262217472
42, 19, 0.8247603619562096
87, 6, -1.888727679227074
91, 3, -1.034842008978497
92, 2, -1.423071754325779
26, 21, -0.5015697595075939
35, 20, 1.124435669934866
79, 10, 0.3400010157597609
90, 4, 0.6649511208738111
14, 22, 0.6649511211222688
63, 15, 1.331520038080388
54, 17, -1.972100915658379
93, 1, 0.6741649958520631
67, 14, -0.6741649965718717
59, 16, 2.999725752461051e-10
15, 22, 0.1969208317068441
89, 5, -0.3071468216604482
49, 18, -0.3071468208796687
27, 21, 1.004830474580827
43, 19, 1.034823422969701
74, 12, -0.8599284856533111
84, 8, -0.3831660077798371
36, 20, 0.3831660096299247
86, 7, 0.09182312329955464
77, 11, -0.5482088176930475
94, 0, 1.669896554511789
16, 22, 0.3720243802915439
71, 13, 0.1455333632065583
82, 9, 1.17443270773918
-11, 23, -0.1152519970932126
-10, 23, 1.081566913813785
-9, 23, 0.432461000200771
28, 21, -0.3921284518164578
55, 17, 1.08327726453021
-8, 23, -1.083277263689056
64, 15, -0.8728259806217973
-7, 23, -0.872825981317129
88, 6, 0.07243777317206448
17, 22, -0.5233425411025554
-6, 23, 0.5233425411689572
92, 3, -0.6507240995179931
80, 10, -3.571091937236266
93, 2, -0.06115886750919265
-5, 23, 0.06115886727359216
68, 14, 0.6722482595433454
50, 18, -0.672248259738998
44, 19, -0.1425337758758015
37, 20, 0.1425337763560789
60, 16, -0.3311582736112254
91, 4, 1.013110718500212
-4, 23, -1.013110718695427
-3, 23, -1.859846385585785
94, 1, -0.3894980589009978
29, 21, 0.3894980598306305
18, 22, -1.820203718075999
-2, 23, -1.309850205768978
-1, 23, -0.6681349746012534
75, 12, 0.7490613446538424
90, 5, -1.726914123627308
85, 8, -0.3958141051260177
72, 13, 0.3958141041790667
0, 23, 0.9727511016420598
78, 11, -0.04205786146878448
56, 17, 0.3572993026118224
38, 20, -0.03479341943879322
19, 22, 1.891914341752184
87, 7, -0.1917882428494603
83, 9, 1.360894163920932
45, 19, 0.3126260904515754
1, 23, -0.3126260912938488
95, 0, 2.786380181764739
65, 15, -0.8335412386162974
51, 18, 0.6606176733336124
30, 21, -0.6606176737897439
2, 23, -0.8670757595213754
61, 16, -0.7809462123661888
69, 14, -0.8694458337625863
89, 6, -0.904287110421173
20, 22, 0.7999060645196702
81, 10, -1.394107324560642
3, 23, 1.39410732412915
93, 3, 0.688020090876577
94, 2, -1.140007127834569
39, 20, -0.9165108229274315
4, 23, -0.9165108225030335
92, 4, -0.3989077780294644
31, 21, -0.5231709726622039
46, 19, 0.09103371243377574
21, 22, 0.4221682100246262
57, 17, 0.4221682097539521
5, 23, 0.3383904227431025
76, 12, 0.1720117496593143
95, 1, 0.1020602794011539
52, 18, -1.467234604460899
73, 13, 0.9440882616690524
91, 5, -0.8868232160976528
79, 11, -0.2166132916939871
6, 23, -0.2166132906731837
66, 15, 2.595063313014808
86, 8, 2.571696399538133
62, 16, 1.729629063199728
84, 9, 0.9719849775795001
88, 7, -0.7881564354861766
32, 21, 0.7881564341652439
22, 22, 1.56301708326286
40, 20, -1.735637018483801
7, 23, -1.488171297238015
70, 14, 1.852845229358935
96, 0, -1.785268385943971
47, 19, -1.326151227090155
8, 23, 0.3714239426566853
82, 10, -1.367063175380816
90, 6, -0.4485791722796754
58, 17, -1.366503686402204
23, 22, 1.366503686916088
94, 3, 0.9623811848164022
53, 18, 0.9623811845556297
33, 21, -2.420273251906632
9, 23, -0.1786967966494179
95, 2, 0.9554147242917079
93, 4, -0.4151228049680576
77, 12, -0.1585800897877344
41, 20, 0.1585800901787889
74, 13, 0.7168475957172344
67, 15, -1.086778889940151
10, 23, 1.69302188106049
96, 1, 1.779494582324982
63, 16, -1.779494581884314
24, 22, -0.4556770821706169
80, 11, 0.007739177805441027
92, 5, 1.546948284022853
87, 8, 1.241542404601683
48, 19, 1.241542403525133
85, 9, 0.3229680484546835
71, 14, -0.32296804904708
34, 21, -0.3229680481180644
11, 23, 0.3229680489274959
89, 7, 1.680930234960109
54, 18, -0.8111676195069134
59, 17, -1.087679659305429
25, 22, -0.6726114124307797
42, 20, -0.939966993320784
97, 0, -0.4855854620170684
12, 23, 0.9817664604398579
83, 10, -0.2374117562458338
91, 6, 0.2818505319125804
35, 21, -1.546841390375413
13, 23, 1.042208584077095
95, 3, 0.1652253227900636
78, 12, 2.602074379098172
68, 15, -0.2791310785194333
49, 19, 0.2791310789283353
64, 16, -0.8311408276998452
75, 13, 1.516959504007983
96, 2, -0.259090213364492
26, 22, 0.2590902138899759
94, 4, 1.155128727228267
81, 11, -0.1546475984591893
43, 20, -0.1546475987039317
14, 23, -0.5210777353107945
97, 1, -0.7164684758177605
55, 18, -0.7164684762892557
72, 14, 0.9104195906241705
60, 17, -0.8256778398473369
88, 8, 0.1678067949745858
93, 5, 1.030676585300096
86, 9, 0.03760108398304297
36, 21, 1.069496191749252
27, 22, -0.158450184217384
90, 7, -0.4881694083475938
15, 23, -0.4881694087692055
50, 19, -0.7734814902423248
84, 10, -1.250245135308013
98, 0, 0.757965017053029
44, 20, 0.8943312028781754
65, 16, -0.9242163274577995
16, 23, 0.9242163273590794
69, 15, 2.489502958528468
92, 6, 1.044021346735708
28, 22, -1.044021347697956
79, 12, 0.7317889079791966
76, 13, -0.7317889077732906
37, 21, 0.2392811554494489
-12, 24, 8.556622864670561e-12
-11, 24, -1.141855838744395
56, 18, -2.743878222672714
-10, 24, 2.743878222255186
96, 3, -0.4893411069312426
-9, 24, 0.4893411064196514
-8, 24, 0.07787199481400627
97, 2, 0.6728131081675844
61, 17, -0.6728131077087287
17, 23, -0.336236680045655
-7, 24, 0.3362366795037918
95, 4, -1.862427508865818
82, 11, 1.735830900715935
73, 14, -1.735830902037987
-6, 24, -1.766951534219379
-5, 24, -0.9908623524935594
51, 19, 0.1449875447611945
29, 22, -0.1449875441043023
-4, 24, 0.9124013300624239
98, 1, 1.376222994455172
89, 8, 0.2549975291858338
45, 20, 0.585780700290239
87, 9, 2.249993407329272
-3, 24, -2.249993407040102
94, 5, 0.8970647381554548
18, 23, 0.8970647377898091
38, 21, -0.6539215220565575
-2, 24, 0.06187159264075625
91, 7, 1.377561931397817
66, 16, 0.2456379587472498
-1, 24, -0.1482840005688419
85, 10, -1.462956748064227
70, 15, 1.462956748803961
57, 18, -0.7199705782862629
30, 22, -1.900477189407942
19, 23, 0.2560663230362365
0, 24, -0.3609222930251073
99, 0, 1.344557320877064
77, 13, 0.4311458376150375
80, 12, 0.08699091399221895
62, 17, 0.3470303954107348
1, 24, -0.3975448479824476
93, 6, -0.7032965774816549
52, 19, 0.9261965633890799
46, 20, 2.430642560728851
39, 21, 0.6329689285538955
74, 14, -0.8569648280082729
2, 24, -0.8569648275138001
97, 3, -0.619757095126271
20, 23, -0.6197570957328378
83, 11, 0.8895586183796612
98, 2, -0.1761604664831095
31, 22, -1.20051565960909
96, 4, -0.4306848693894407
3, 24, -1.406160718997488
4, 24, -0.1890007864676465
90, 8, -0.3523598982678124
88, 9, 0.6857535405063225
67, 16, -0.6857535422314521
58, 18, 2.598731223033385e-10
99, 1, -1.106412241172659
21, 23, -1.106412238837538
95, 5, -0.6349145554935668
71, 15, -1.272548614172365
40, 21, -1.083539184422693
5, 24, -1.083539184878648
92, 7, 1.17538325036682
47, 20, -1.16120705579534
53, 19, 0.6091562679423278
63, 17, -0.6091562674055075
86, 10, 1.391836650857147
32, 22, -1.39183665003882
78, 13, 1.498358404064249
6, 24, 2.036207323291967
81, 12, 0.8158504784858797
22, 23, -2.948970633519045e-10
100, 0, 1.925817220139476
75, 14, -1.258659547988445
7, 24, 0.7062503426401709
94, 6, -1.293504180903351
84, 11, 0.6773999210838076
41, 21, -1.204296037706461
33, 22, -1.730525850472753
8, 24, 0.7465765220693805
98, 3, -0.8195016842984582
59, 18, 0.8195016852331937
23, 23, 2.01400393592616
68, 16, 0.2699205470837233
48, 20, -0.2699205469899137
99, 2, -0.2619183172540677
97, 4, 1.274400465922377
54, 19, 0.5012772933304536
72, 15, 1.367756453322758
9, 24, -1.367756453396329
91, 8, -0.8841145352812937
64, 17, 0.8841145361009672
89, 9, 0.8046394405824165
100, 1, 7.882311988828663e-10
96, 5, -0.2698437624559369
24, 23, 0.2698437631474972
34, 22, -0.3068317471763016
10, 24, 0.3068317459131781
93, 7, -0.6249386515988231
87, 10, -0.7523710829386049
79, 13, -1.754583320088669
42, 21, 2.496495695333403
82, 12, 0.6329516097738903
76, 14, 2.205164216860476
11, 24, 0.662809187486071
49, 20, 1.29609787004172
60, 18, -0.7020348667172562
25, 23, -0.8658888639145841
101, 0, 0.5697461358973083
95, 6, 0.4832702502227129
55, 19, 0.4832702507367047
85, 11, 0.7538257418341257
69, 16, -0.7538257415810979
35, 22, 0.03246797996503265
12, 24, -0.184693177522512
65, 17, -1.34154168803656
73, 15, 0.7019821564104269
43, 21, -0.7019821553503816
99, 3, 2.751906472064206e-10
26, 23, -1.076867494076511
100, 2, -0.1423875625746445
98, 4, 0.1423875624101
13, 24, -0.6618632092093253
90, 9, -2.360371845307564
92, 8, -0.1930771472637769
50, 20, 0.3896554617811075
80, 13, 0.9003357652783084
36, 22, -1.562776927416656
101, 1, 0.7690569357702403
97, 5, -0.7690569357819977
88, 10, 0.8569960087683129
14, 24, 0.8569960078328581
94, 7, 0.9902913625200283
61, 18, -0.9902913620948677
83, 12, 0.243047791344555
56, 19, 0.9679165901131513
77, 14, -1.22762732628435
27, 23, -0.7193209885388847
44, 21, -1.641416903093302
70, 16, -0.5472097722984317
15, 24, -0.9235440123477138
66, 17, 0.1433166390031508
86, 11, 1.441361968635501
102, 0, 0.6599399972250649
96, 6, 1.322717393218955
74, 15, 0.4144274455375273
37, 22, 0.4144274466351954
51, 20, 0.07332405284830108
28, 23, -0.07332405402785251
16, 24, 0.5049369533422086
100, 3, -1.134953692116227
45, 21, 0.7397149488863993
62, 18, 1.582795642042753
99, 4, 0.2000344809266989
57, 19, -0.6686797039601536
-12, 25, 0.2000344784232347
101, 2, -0.2420264123902992
-11, 25, -0.2420264127506329
-10, 25, -1.100564695825005
91, 9, -0.651073144318231
93, 8, -0.8296557037875607
-9, 25, 0.8296557044107525
81, 13, 1.539309696903599
17, 24, -0.3630213745264539
-8, 25, 0.3630213741610526
-7, 25, -1.183654354592633
29, 23, -0.1679002521543089
78, 14, -0.1566978226529033
38, 22, 0.1566978224805373
89, 10, 1.769354250675029
-6, 25, -1.769354249472902
84, 12, -0.5685553437179436
98, 5, -4.936420357714116e-10
102, 1, -0.1593074877964342
95, 7, 0.1593074874581933
-5, 25, -2.610580990164602
71, 16, 0.1369994444726401
67, 17, 3.037940039276962
-4, 25, 3.037940039528708
52, 20, -0.7459917181181623
18, 24, 0.3455823312654379
-3, 25, -0.5065961675789584
75, 15, -3.383849207249008
46, 21, 0.07238011358142479
-2, 25, -0.07238011308593743
87, 11, -0.5779187393392052
30, 23, 0.5779187388352512
-1, 25, 1.493889159832706
97, 6, -0.7328513607742259
58, 19, 0.7328513618403935
39, 22, 0.8435728414908547
103, 0, 0.0236355018034607
19, 24, 0.9763644980214659
63, 18, 1.197302421696121
0, 25, 1.623258359553672
1, 25, 1.738419439766289
101, 3, -0.5493052479426668
82, 13, 1.226404876253713
31, 23, -0.32444606343032
92, 9, -0.5794345802672716
53, 20, -0.5794345792580679
100, 4, 0.4165207814267063
20, 24, -0.4165207804833108
102, 2, -1.365101898353065
94, 8, 1.365101898529285
79, 14, 0.2335371661724699
2, 25, -0.2335371651343072
72, 16, 0.3385984962902209
85, 12, 0.4560066156345358
47, 21, 0.4560066155353973
68, 17, 0.2275142112522892
90, 10, 1.288821447875044
40, 22, 1.029035108881064
3, 25, 0.3496718727346741
99, 5, 0.03358853162303118
96, 7, -0.03358853212445676
103, 1, -0.1315601832519566
21, 24, -2.541976028275164
59, 19, 1.161195303082724
76, 15, -1.177577032873792
4, 25, -1.177577033045952
32, 23, -0.4093055885665497
64, 18, 1.962003265198635
88, 11, -1.420520521466361