d = 67, symClass = C, D = 10.312500
[3.548842882398056, 3.548842886780336], 3.548842884600195
1, 0, 1
2, 0, -1.405720235997642
3, 0, 0.01049395072951719
4, 0, 0.9760493797970621
0, 1, -1.32293457422622
1, 1, 1.326419788579744
2, 1, -0.02451409178842551
5, 0, 0.3573549014416673
3, 1, 1.831023962511017
6, 0, -0.01475155941094012
4, 1, 0.7132195525968017
5, 1, -0.4883081574344971
7, 0, 0.9153466466910708
6, 1, -0.3120008077432596
8, 0, 0.03366787047193563
-1, 2, -1.958724831580448e-11
0, 2, 1.859675900426693
1, 2, -1.470258920694128
7, 1, -0.1797590884476713
2, 2, -1.864575136324676
9, 0, -0.9998898772704751
3, 2, -1.481599059210558
8, 1, 1.392372915688864
4, 2, 0.03445995490739923
10, 0, -0.5023410155549254
5, 2, 1.216474714550909
9, 1, -0.6656571503369931
6, 2, -2.573907434634078
11, 0, 1.668456213642613
10, 1, 0.8227548315113955
7, 2, 0.4683221224051054
12, 0, 0.01024261407121733
8, 2, -1.002587157098615
11, 1, 0.6386566533864656
-1, 3, -0.6214842324724902
0, 3, -0.01388281030282674
1, 3, 1.352610007491964
2, 3, -1.803226777817564
9, 2, -0.3335037491280771
13, 0, 1.434863212745789
3, 3, 0.01391938404910107
12, 1, 0.07981446585275664
4, 3, 0.1757788444844944
10, 2, 0.686424656775054
5, 3, 1.30871218090197
14, 0, -1.286721303478279
13, 1, 0.1371896712954311
6, 3, -0.0002572498902265882
11, 2, 1.222189874119123
7, 3, -1.735897430176428
15, 0, 0.003750064364334146
14, 1, 0.8596803663832598
12, 2, 0.4385858492733634
8, 3, 0.137461323523711
16, 0, -1.023376988603998
15, 1, 0.9240164166708907
9, 3, 0.01921467586706796
13, 2, -1.822012786740797
-2, 4, -1.016151896201959e-11
-1, 4, -0.001897373215365473
0, 4, -1.291249471710389
1, 4, -0.2832338358880053
10, 3, -1.946913007928729
2, 4, 2.066772715903308
17, 0, 1.750155886552576
16, 1, -0.7501558865047755
14, 2, 0.2526909882973541
3, 4, 0.8492006494771979
4, 4, 1.294651212711224
11, 3, 0.6415580752646876
5, 4, 1.355670771414798
17, 1, -1.754766597405563
15, 2, 1.754766597235404
18, 0, 1.40556543355624
6, 4, 2.082713777508372
12, 3, 0.007484490969743331
7, 4, 0.8761566086342173
16, 2, -1.957286782664219
18, 1, -0.7349088510219046
19, 0, 1.759389454991309
13, 3, -0.7593894545065446
8, 4, -0.02392696496589234
9, 4, -1.44408143532389
17, 2, 0.03243053909585145
14, 3, -0.03243053902496205
19, 1, 0.1618098890382643
20, 0, 0.3487960297833233
10, 4, -1.710023122637176
-2, 5, 0.4728750709531718
-1, 5, -1.069920852196324
15, 3, -0.00512428180264378
0, 5, -0.4727571539731367
18, 2, 0.9357277258682307
1, 5, -0.9573060372452183
20, 1, -0.03251597612704161
11, 4, 0.03251597583374478
2, 5, 0.7143889099665576
21, 0, 0.009605602569355921
3, 5, 0.3814661072072508
16, 3, -1.748112647191477
4, 5, -1.12130494632381
12, 4, 1.787169804405343
19, 2, 1.100730283621227
5, 5, 0.4740026121741967
21, 1, 1.245086514907962
22, 0, -2.345382660806488
6, 5, 1.074187215184139
17, 3, -2.42232490446925
13, 4, 2.42232490432317
20, 2, -1.156563114472175
7, 5, 0.1875047719471011
22, 1, -0.7651364776675483
14, 4, -0.6583298826686079
23, 0, 0.0006009384480060592
8, 5, 0.9993990618291092
18, 3, -0.003274120055252655
21, 2, 2.428706421778922
9, 5, -2.42870642017702
15, 4, -0.3031802271611098
23, 1, 1.93866532874969
19, 3, -0.9963422782320844
10, 5, -0.008760231710524462
24, 0, 0.0003533095103712105
16, 4, 0.696137503645076
22, 2, -0.8977725811870902
11, 5, 0.210316836721261
-3, 6, -2.002719414274566e-12
-2, 6, 0.8736329622243263
-1, 6, -1.173342114473307
0, 6, 0.01951534761746386
20, 3, -0.7167366992453501
24, 1, -1.265739921801565
1, 6, -0.2600644426579315
25, 0, -0.8722974747118662
2, 6, -1.901391259345893
17, 4, -0.943542804455197
12, 5, 0.943542804584378
3, 6, -0.01542882476446186
23, 2, 0.6940951746130677
4, 6, 2.534832370540141
21, 3, -0.001886383061200394
13, 5, 0.785846361455708
25, 1, -0.04488588868697299
5, 6, 0.04488588894219109
18, 4, 0.4688129687005368
26, 0, -2.017016254661173
6, 6, -0.01956675919497455
14, 5, 0.7393597761577085
24, 2, -0.1121968089042865
22, 3, 0.9460285277190579
7, 6, -0.9460285275411164
19, 4, 0.269912141738528
26, 1, 1.668951786748053
8, 6, -0.2470958789404945
15, 5, 0.6543253877566114
27, 0, -0.02098674574482446
25, 2, -0.3587818594695334
9, 6, -0.0155478277317087
23, 3, 0.02630930506574135
20, 4, -0.4766128743946541
16, 5, 0.4668982815505122
10, 6, -1.839683194403133
27, 1, -1.03792027018171
28, 0, 0.8934235264853539
26, 2, -0.1928502978774384
21, 4, -1.591911880138972
17, 5, 0.6459997430747146
11, 6, -0.645999743033875
24, 3, 0.01461149296652933
-3, 7, 0.592808375867008
-2, 7, -0.8219259431903959
-1, 7, 1.248490021191289
12, 6, 0.0003616205726987937
28, 1, 0.002600313669352668
0, 7, -1.210943725519435
18, 5, -0.5535704926990329
29, 0, 3.352648748727738
1, 7, -2.352648748682868
22, 4, -1.718057036992427
27, 2, -0.01748392942415957
2, 7, 0.01748392940587715
25, 3, 0.001579412817969688
13, 6, -0.0995411105154035
3, 7, 0.02991773708802675
4, 7, -1.491717500332342
19, 5, -1.379655013447446
29, 1, -0.01695117771677916
14, 6, 2.440186144513846
23, 4, -0.6477016018859358
5, 7, 0.6477016019538799
30, 0, -0.005271542052563
26, 3, -1.615357016634618
28, 2, -1.208470087495651
6, 7, -1.116895332391548
20, 5, 0.2548725030646419
15, 6, 0.0127656259412605
7, 7, 1.21413390467953
24, 4, -0.3045281946868816
30, 1, -1.499117868342379
8, 7, 0.9829984501767065
31, 0, 1.618865058391101
27, 3, -0.006985373241630558
16, 6, -0.1932321641956101
29, 2, -0.7984730750322606
21, 5, 1.808954158535138
9, 7, 0.867543272750679
25, 4, -0.0474353469435854
17, 6, 0.4127566559041804
10, 7, -0.4127566558651498
31, 1, 0.04354156863148127
22, 5, -0.4275610704645331
28, 3, 0.7360623919194218
32, 0, 1.404913868438734
30, 2, -1.298908574886955
11, 7, -1.822192219514994
18, 6, -0.02701045757713912
26, 4, 2.561240243080981
12, 7, -0.9406577067127326
23, 5, -0.4890670826707568
-4, 8, -6.181635175706039e-13
32, 1, 1.30592209058651
-3, 8, -1.30592209077673
-2, 8, 0.002667176463864232
29, 3, 0.01197043052016158
-1, 8, -0.01197043054793839
19, 6, 0.3655950628256658
0, 8, -0.0445403910458038
33, 0, 0.0175086975616495
31, 2, 0.8018397326184281
13, 7, 1.039364508160526
1, 8, 1.244587861504302
2, 8, 0.3981475347247607
27, 4, 0.6506503944598752
24, 5, -0.4138440455894807
3, 8, 0.4138440456471698
14, 7, -0.02243889146813598
20, 6, 2.73681501119795
4, 8, -1.435045307220024
33, 1, 1.544990704275412e-11
30, 3, 0.008633948719200596
5, 8, -0.005004162101856617
34, 0, -2.460229545665253
32, 2, 1.054509309518977
15, 7, 0.141159418862528
28, 4, -0.175453746488741
6, 8, -1.193738537524988
25, 5, -0.1744993136165775
21, 6, 0.004914549463638936
7, 8, -0.4601590799018405
16, 7, 0.3271325930885444
34, 1, 1.94505635828485
31, 3, -1.945056358280274
8, 8, 0.04465773074831762
33, 2, 1.068593632635219
35, 0, 0.3271036104458449
22, 6, -0.9018511698909054
29, 4, 0.7943513078795904
26, 5, 0.4419482129457574
17, 7, 0.237809512966786
9, 8, -0.2378095129122525
10, 8, -1.905693835503227
32, 3, 1.744596889124486e-11
35, 1, 0.8389317354833523
23, 6, 0.2911214298659142
18, 7, -1.114935959248106
27, 5, 1.263057354717994
34, 2, 2.466710914701219
30, 4, -2.466710914461407
36, 0, -0.9759418948827902
11, 8, 1.252547243482419
19, 7, -0.01304155780336131
12, 8, -1.446113842591695
24, 6, -0.01052110038011545
33, 3, 0.006702031821026542
36, 1, -1.950180525540834
28, 5, 1.950180525558325
31, 4, 0.007648416566375182
-4, 9, -0.007648416585946539
-3, 9, -0.006521824997096575
13, 8, -0.4166373106469842
35, 2, -0.8941039357324726
-2, 9, -0.8941039356865338
37, 0, 0.5086821301582545
-1, 9, -0.4913178700794613
20, 7, -1.431168561665871
0, 9, 1.322788888520965
25, 6, -0.2384360119542277
1, 9, 0.2384360118391164
14, 8, -1.231631074762783
2, 9, 0.9865535401996353
34, 3, 1.960058619147806
29, 5, -1.960058619107556
3, 9, 0.01419422279480435
21, 7, 1.676021643131396
37, 1, 1.512024139989496
32, 4, 1.359024721539314
4, 9, 0.7445678790469145
15, 8, -1.337986066242925
36, 2, 1.033076243833327
38, 0, -2.473209358580461
26, 6, 1.067489122175185
5, 9, 0.7392384107311029
6, 9, -0.01892297284923163
22, 7, -0.1558414814305915
16, 8, -0.0008253380276593741
30, 5, -0.1114950177485988
35, 3, 0.735179456404796
7, 9, -0.907985986685073
33, 4, -0.1284554932686197
38, 1, 0.6314869261406334
27, 6, -0.003499771931947825
37, 2, 0.1584086189545562
17, 8, -1.842018269640721
8, 9, 1.842018269780825
39, 0, 0.01505738383003808
23, 7, -0.4310406521004517
9, 9, -1.326273719166309
31, 5, 2.491543768631526e-11
18, 8, 2.029974493944924
36, 3, 0.0008375695403845435
34, 4, -0.04558826570189144
28, 6, 0.04558826567774508
10, 9, 1.558490281358028
39, 1, -1.96522230932156
24, 7, 1.96522230932402
38, 2, -0.2274594341704808
11, 9, 0.7138892652060744
40, 0, 0.01203137831532072
19, 8, -0.5878003400873899
32, 5, -1.105213791955174
29, 6, 0.7939185219991632
12, 9, 0.001844614462632048
37, 3, 0.03604206211032793
25, 7, -0.03604206209762253
35, 4, -1.566405483997443
20, 8, 1.18733939112393
40, 1, -0.4972771691668251
13, 9, 0.2833864192134011
39, 2, -0.3568654859638349
-5, 10, -7.058242843678403e-12
-4, 10, -0.6647300554439005
33, 5, 0.004406630861917448
-3, 10, 0.004406630791556366
41, 0, 1.983572407584813
-2, 10, 1.504009391886368
26, 7, 1.846870987640404
-1, 10, -1.846870987876922
30, 6, 0.007203306212998513
21, 8, -0.7490068743140035
14, 9, 0.3711140007784535
0, 10, 0.6645642977532211
38, 3, -0.5712809554461193
1, 10, -0.5712809554495684
36, 4, -0.6497142492355837
2, 10, 1.345704467391168
15, 9, 0.0137335614642051
41, 1, -0.3482709251275966
3, 10, -0.348270925148653
40, 2, 0.04570836622085882
22, 8, -0.04570836606167963
34, 5, -1.609316458172063
27, 7, 1.609316458170007
4, 10, -1.004230947349255
31, 6, -0.4456154511523799
42, 0, -0.01350279019387511
5, 10, -0.5254042313572341
16, 9, -0.02052490723736088
37, 4, -1.203528677260688
39, 3, 0.001439661474673847
6, 10, -0.5362346266110275
23, 8, 0.3737399909488786
28, 7, 0.6528431256575932
17, 9, 0.8806208584511321
7, 10, -0.8806208585079577
42, 1, -1.186713726236125
35, 5, -0.06423779114767422
32, 6, 2.457357321326478
41, 2, 0.4497783692408142
8, 10, 1.576241052963486
43, 0, 1.955527658747051
24, 8, 0.06164667967210427
18, 9, 0.02451139192330195
38, 4, -1.547318831873312
9, 10, 0.7422771987936404
40, 3, 0.6075008812191822
29, 7, 1.253715770170917
33, 6, 0.01282560060471524
10, 10, -0.6663150638593884
36, 5, -0.4902186033654887
43, 1, 0.03632005512524829
19, 9, -0.03632005514290449
25, 8, 0.4407250402249455
42, 2, -1.750243308752849
11, 10, -0.9542932632679231
44, 0, 1.628495653719422
30, 7, -1.474929878281915e-11
39, 4, -0.7926140835887588
41, 3, 1.613556133374018
20, 9, -1.613556133473755
12, 10, -1.510006705617807
34, 6, 3.405111135910962
26, 8, -3.405111136098432
37, 5, -0.8161593207256118
44, 1, 0.0955301409207614
13, 10, 1.363605473885627
43, 2, -0.2252487130463722
21, 9, -0.01821642197855934
31, 7, -0.1076269055823199
45, 0, -0.3573155485307059
-5, 11, -0.1490943165453981
-4, 11, 1.222616279538745
40, 4, 0.803049343655668
27, 8, -0.8829408165159272
-3, 11, 0.8829408166306119
14, 10, -0.2635792553579652
-2, 11, 1.363633023404141
42, 3, 0.009021443371025194
35, 6, -0.03413275713463534
-1, 11, -0.03413275720988608
0, 11, -2.207258409562498
38, 5, -2.692079313437489
22, 9, 2.692079313453466
1, 11, -0.5751361652479329
15, 10, -0.5294566855574039
32, 7, -1.336224052067796
2, 11, 0.4496849858319358
45, 1, -0.229084728788367
44, 2, 1.075567828096656
28, 8, 0.4571055175602386
3, 11, -0.3657532342681225
23, 9, 0.6367371783130313
46, 0, -0.0008447550398803142
16, 10, -1.40487548109526
41, 4, -0.329143198262065
4, 11, -0.3291431983741263
36, 6, 0.004602498543398185
43, 3, -1.670821863087212
5, 11, 1.650307115588942
39, 5, -0.798408397733689
33, 7, 0.5429605957502051
6, 11, 1.088450811911135
17, 10, -1.088450811863777
29, 8, -1.515493813240975
24, 9, 0.001442512405767118
46, 1, -0.5667002601842895
45, 2, -0.2225250765615165
7, 11, -0.222525076525848
37, 6, -0.5645446393325556
42, 4, -3.414081754660853
18, 10, 3.414081755016373
47, 0, 0.2384448556229281
8, 11, -0.761555144446411
44, 3, 0.01279224511594327
40, 5, 0.4975712860066977
34, 7, -0.6195595269435622
25, 9, 0.619559526885333
30, 8, 0.4261865805520047
9, 11, -1.446227200987451
19, 10, 0.5826863726881222
10, 11, 1.346738734856148
47, 1, 0.6593861481502529
46, 2, -2.725221082383836
38, 6, 1.400578501746996
26, 9, -0.2950113335982007
43, 4, 0.2149939594415833
31, 8, -1.767553544267592
11, 11, 2.213073337138931
20, 10, 0.01231443307700036
35, 7, -0.4469712337877813
48, 0, -0.0107392683373397
41, 5, 1.5267990322548
45, 3, 0.009696582702346565
12, 11, 0.1428220402999625
27, 9, -1.830822324534642
21, 10, -1.291070446461075
39, 6, -0.01912011257537508
32, 8, 0.02401258404186265
48, 1, -0.02982077261370999
13, 11, 0.02982077263098682
47, 2, -1.289897321579525
36, 7, 0.882194324060413
44, 4, 0.6233604312541203
42, 5, -0.6065520621982121
49, 0, -0.1621405170360295
22, 10, -0.2956466327634679
46, 3, -2.712843378148992
14, 11, 2.712843378102549
-6, 12, -3.248042432878154e-12
28, 9, 1.091318288791176
-5, 12, -1.091318288825329
-4, 12, -0.6065992997368317
-3, 12, -1.991070502204761e-05
-2, 12, 1.649390753507639
-1, 12, -1.203466058743821
33, 8, 0.3825062508636795
15, 11, 0.5121389901369169
0, 12, -0.01355030884649367
40, 6, 1.007531281758806
23, 10, -1.230015559734775
37, 7, 0.01631798034027986
1, 12, 0.01631798038040553
49, 1, -0.3319426610215135
48, 2, 1.779276220443176
2, 12, 0.3655778494224192
45, 4, 1.496992274563183
29, 9, -2.418425755837035e-11
43, 5, 0.6211917299946487
16, 11, -0.6211917298444839
3, 12, -0.00297224163223623
50, 0, 1.226206211395008
47, 3, 1.215990101060195
4, 12, 1.320214159260682
34, 8, 1.326357213775766
24, 10, -1.326357213610884
17, 11, -0.8449009669398075
5, 12, 0.844900966742417
41, 6, -1.919121653197407
38, 7, 0.2815661290100795
30, 9, -0.02043080933899821
6, 12, 0.02168861134454678
50, 1, 0.8221829781188358
49, 2, -0.8221829781653158
46, 4, -0.9757036316913391
25, 10, 0.434713201649624
18, 11, -0.4168357342554449
44, 5, 2.549468172175662
7, 12, 2.54946817195658
35, 8, 0.3978823018818146
51, 0, 0.01836604941619884
48, 3, -0.007872098772601586
8, 12, -1.760038378360915
31, 9, -0.6584758560796279
39, 7, -1.048617409093258
19, 11, 1.048617409128103
42, 6, 0.002651726952036496
26, 10, -1.104680132362184
9, 12, 0.008911469700171469
50, 2, 0.06309700332904174
10, 12, -0.06309700341191095
51, 1, -1.789414544022702
47, 4, 1.789414544147341
36, 8, -0.3255161279965787
45, 5, -0.2378758453116394
20, 11, -1.43369177383366
32, 9, -0.0327010519796191
27, 10, -0.9975795060107825
49, 3, -0.1282076966029008
11, 12, -0.1282076965092315
52, 0, 1.400497348796674
40, 7, -1.001194083810012
43, 6, 1.339395340971789
21, 11, -1.197417875980981
12, 12, 0.0135860067038918
37, 8, -1.343739738730604
33, 9, 0.006732478557674456
28, 10, -1.039332997727791
48, 4, 0.07790286065352117
51, 2, 2.385551048679104
46, 5, -2.385551048749283
52, 1, 0.1523525395450818
13, 12, 0.1523525395668163
22, 11, -0.04090068797825881
41, 7, -0.764795755085649
50, 3, 1.349643817542248
53, 0, 1.904962569536123
44, 6, -1.329851444919371
14, 12, 1.329851444573471
29, 10, 0.8471268223613073
-6, 13, 0.8471268220150678
-5, 13, -1.16480453426906
38, 8, -0.3794209597815083
-4, 13, 0.009988948030280798
34, 9, 0.4412036400070431
23, 11, -0.4412036399243747
-3, 13, -1.214348361374867
-2, 13, -1.007412803149496
15, 12, 0.01422634244202991
-1, 13, 0.9385165859978207
49, 4, -0.824348983866188
47, 5, 0.8243489839910726
0, 13, -1.898230153669767
52, 2, -2.346079297917631
53, 1, -1.747668918401956
1, 13, 1.70392867996965
42, 7, -0.2855888929011927
16, 12, 0.1715688320974433
24, 11, 0.9835325176010078
30, 10, -0.9197984370391963
2, 13, -0.9798006752359812
51, 3, -0.01841443414340819
45, 6, 0.01841443429858369
54, 0, 0.02950149397052206
35, 9, -0.8116990869296729
39, 8, -0.0201690870168517
3, 13, -0.0201690869437625
17, 12, -0.1055893155787229
4, 13, 0.1055893155412402
25, 11, -0.6601513353781348
5, 13, -0.2849034771646975
48, 5, -0.2086494095529584
31, 10, 0.2903907859218083
50, 4, 0.5043469199543462
53, 2, 1.794128679693798
43, 7, -1.79412867994115
54, 1, 2.227394351570203
6, 13, -2.227394351465088
18, 12, 0.0218558960466533
36, 9, -0.7131410109281312
46, 6, -0.03698352194537154
40, 8, -0.01644029676683704
52, 3, -0.01148049121405808
7, 13, 0.01148049121610963
26, 11, 0.4652562083091106
55, 0, 0.5962310062373468
19, 12, -0.7497229975048949
8, 13, 0.3820863345294931
32, 10, -0.6563283620006232
49, 5, -1.05670541751869
9, 13, 1.056705417534832
51, 4, -0.2325439111747354
44, 7, 0.2325439111870681
37, 9, 0.02446184747991114
27, 11, -1.826062883672984
20, 12, 1.277367713285388
54, 2, 1.459025526751702
55, 1, -2.391835680555796
41, 8, 2.391835680682131
47, 6, -1.218834192766752
10, 13, -1.218834192676093
33, 10, -0.4324886838946235
53, 3, 0.6892167094761176
56, 0, 0.03081777272372324
11, 13, -0.3555356000108995
21, 12, 0.009194344287941032
28, 11, -1.718202496635247e-11
38, 9, -0.55364760330927
45, 7, -0.4423659724114476
12, 13, 0.4423659722584631
50, 5, 0.2940154716227399
52, 4, 0.1339038931378502
42, 8, 2.237782742636559
34, 10, -0.9080949118074915
22, 12, 0.9080949118474109
55, 2, 1.740911780674345
48, 6, -0.020539671227894
56, 1, 0.6289458968386249
13, 13, 1.903230959292506
29, 11, -0.518456723353275
54, 3, -0.007712097098983284
57, 0, 0.01846294613024016
39, 9, -0.007968995719764352
14, 13, -0.4983512727738701
23, 12, 0.390661182397358
46, 7, 1.432965034313598
35, 10, 0.1673572060322427
51, 5, -1.73134059069029
43, 8, 1.731340590677731
-7, 14, 2.513561427904045e-12
-6, 14, -0.8333227286996844
30, 11, 0.105867486139525
-5, 14, 0.105867486015453
-4, 14, 1.155397929468916
53, 4, 0.9930675874568377
15, 13, 0.9930675875820287
-3, 14, 0.5585701003141683
49, 6, -0.5602511794033229
-2, 14, -1.755027686777737
24, 12, -0.0002510888895560235
56, 2, -0.003655313669425502
-1, 14, 1.666828898194602
57, 1, 1.628934520351549
0, 14, 1.70224809881483
40, 9, 0.7179394237283905
16, 13, -0.7179394238073827
55, 3, -1.385353693376127
1, 14, 0.1379316107001579
36, 10, 0.7781652433370403
31, 11, 0.7595580048766363
58, 0, -4.71288618994407
2, 14, 3.307165953611478
47, 7, 1.12576532732227
25, 12, 0.9853837774979745
44, 8, 1.192917669251017
17, 13, -0.1814929599249748
3, 14, 0.1814929601033261
52, 5, -0.4899849094076916
54, 4, 0.0245775138504616
4, 14, -0.02457751359087763
50, 6, -0.002220213052523473
41, 9, -0.01565608726969059
5, 14, -0.0156560871582708
57, 2, 0.08777782921939598
18, 13, 0.08777782925128833
32, 11, -1.16807163045438
26, 12, 0.1399269531713727
58, 1, 0.2331565383446625
37, 10, -0.2331565382099577
6, 14, -0.04205596752978433
56, 3, -0.4105515031813873
48, 7, 0.01523512140549751
45, 8, -0.01523512144715066
7, 14, -1.345796571938793
59, 0, 0.09734450385419431
19, 13, -0.9026554961048256
53, 5, -0.161439793382724
27, 12, -0.01515411979829704
8, 14, 2.096937476247118
33, 11, 3.054983305994235
55, 4, -0.5518285496820318
51, 6, 0.000340324342557938
42, 9, -0.0003403243625151011
38, 10, 1.939408970677176
20, 13, -0.07316689248589341
9, 14, 0.09526266854157818
58, 2, 0.02382861473768279
59, 1, 1.357654937134651
28, 12, -1.694321610419908
46, 8, 0.9104872487509393
10, 14, -0.9104872488703608
57, 3, 0.0016980253490554
49, 7, -0.1645418783701526
34, 11, -1.616877239752628
21, 13, 1.616877239692807
60, 0, 0.003660247612889762
11, 14, -1.13605970692876
54, 5, -0.03315800571290916
39, 10, 0.03315800578475407
43, 9, 0.9743336033650666
52, 6, 2.270740046021388
56, 4, 0.8390904882828429
29, 12, -0.2089377236476282
22, 13, 0.2524661570466702
12, 14, 1.570042369872306
59, 2, 1.735901733198644
35, 11, -1.735901733143908
47, 8, -0.8716397967428213
60, 1, 0.9400039478484989
50, 7, 1.506483810460785
13, 14, 1.506483810437834
58, 3, 0.8326663248288123
40, 10, -0.3582794348405188
23, 13, -1.154828778659547
30, 12, -0.0179448985237042
44, 9, 1.688334488088815
61, 0, 1.632095009670533
14, 14, -1.70673259822506
55, 5, 0.2282270858534421
53, 6, -0.1621987701316651
57, 4, 0.04420446660757944
36, 11, -0.04420446659575564
24, 13, -0.4827094996603178
15, 14, -0.6369748415804839
-7, 15, -0.7749141598934813
-6, 15, 0.004962327608700925
-5, 15, -0.2220904366518325
48, 8, -0.0105044027089347
31, 12, 0.1819710951796173
-4, 15, 0.1819710953554307
60, 2, 2.10734032305875
-3, 15, -0.01122769701132224
51, 7, 2.296478727235843
41, 10, -2.296478727154313
61, 1, 0.8575090272455315
-2, 15, -0.8575090273697948
45, 9, 0.4882543832059111
59, 3, 0.8676135513584639
-1, 15, -0.8676135514321522
16, 14, -1.381820812926182
25, 13, -1.035827805546105
0, 15, -0.004961090388489825
37, 11, -0.4139041559815267
56, 5, 0.008175541241324009
1, 15, -0.008175541231775293
62, 0, -2.275671371893967
54, 6, 0.00981948043744164
32, 12, 0.1341690393575476
17, 14, -1.137300879654055
2, 15, 1.137300879689475
58, 4, 1.122429758233638
3, 15, -0.01004592282188348
49, 8, 1.261264980643846
42, 10, -2.542883466054616
26, 13, -0.03517436862667998
52, 7, 0.7234769057735795
4, 15, -0.7234769056924313
46, 9, 0.4603202405380728
18, 14, -1.219523132879554
61, 2, -1.467011237031512
38, 11, -0.1771691002555868
62, 1, -1.216476033884831
5, 15, 0.4833618157244121
60, 3, -0.000341220954889509
33, 12, 0.0003412210489049333
6, 15, 0.00749676206990495
27, 13, 1.094732996380485e-11
57, 5, -0.4747596947279321
19, 14, -0.4747596948861517
55, 6, -0.1826640159978039
63, 0, -0.915245845985507
43, 10, -0.001956578656880419
7, 15, -0.001956578602765892
50, 8, 0.06668082725976704
59, 4, 0.1167917153221689
39, 11, 0.1072744202792972
47, 9, 1.621136833625952
8, 15, -1.621136833522125
34, 12, -0.5802203830458667
20, 14, 0.5802203830132007
53, 7, 0.5741246871714929
28, 13, -1.519228517963362
62, 2, -0.06120726420221199
9, 15, 0.00400308645688576
63, 1, -0.105454019480621
61, 3, 0.2475563360695365
21, 14, -1.356176729491772
10, 15, -0.6443919271736603
44, 10, 0.6010312481331765
58, 5, -1.714196781897921
56, 6, -1.03469779993923
29, 13, 1.073974322072051
35, 12, 1.005182081596068
64, 0, -0.9515388676295139
51, 8, -0.1818523373794021
40, 11, 0.1818523373856206
11, 15, -0.749467706690564
60, 4, 0.9018856504867626
48, 9, -0.01834460861284683
22, 14, 2.561492475028765
54, 7, 0.2029100613787391
12, 15, -0.01176691858848796
63, 2, -0.004309059042790348
30, 13, 0.004309058999587126
45, 10, -0.1191791995335002
36, 12, 0.01875447261734862
64, 1, -0.799837858706149
62, 3, -0.6799070519704417
23, 14, -0.6799070518925412
41, 11, 0.4587219706753348
13, 15, -0.4587219706713212
59, 5, -1.645899580869584
57, 6, 0.01155100958945323
52, 8, -1.778374451109935
49, 9, 1.643076159871758
65, 0, 0.5127554020063719
14, 15, -0.2368024514381467
61, 4, -2.302528701811177
31, 13, 2.302528701683821
55, 7, 0.9715811346517504
24, 14, 1.322301572944085
37, 12, -0.2531045550130632
15, 15, 0.004974160265192712
46, 10, 0.6874914944853426
42, 11, -0.6138090318246763
-8, 16, 2.566128299887995e-12
-7, 16, -1.211269236845044
64, 2, -1.835761108923236
-6, 16, 1.835761109161699
-5, 16, 0.1203655644574893
-4, 16, -0.001851929425197567
65, 1, 0.05608498074178334
25, 14, 0.05608498060031718
63, 3, 0.01306587679261152
32, 13, 1.140297049872074
-3, 16, 1.140297049717033
53, 8, 1.169395634728635
16, 15, 1.169395634929124
58, 6, -0.01682707756336384
-2, 16, 0.01682707760296896
60, 5, 0.02852209077971366
50, 9, -0.9039125127936237
-1, 16, 0.6866664373248447
38, 12, -0.5139243784623503
0, 16, 1.353860798587374
66, 0, -0.02461232963581219
56, 7, 1.274503878755
62, 4, -1.12716233747448
1, 16, 1.222413264346481
17, 15, -1.222413264288241
26, 14, -1.461055721283535
47, 10, -1.137952521516897
43, 11, 1.137952521504399
2, 16, -1.749542340469285
33, 13, -1.087356055295227
3, 16, -1.134367954020551
18, 15, 0.01127246757597995
65, 2, 1.167993747856039
4, 16, -0.2764502099237793
54, 8, -0.9146324262881856
51, 9, -0.02541975821673162
39, 12, 0.02541975809084139
66, 1, -0.03208188991872896
27, 14, 0.0320818898960186
64, 3, -0.1728286662165456
59, 6, -1.329666255719002
61, 5, 0.3073284339444248
5, 16, -1.819047607752676
34, 13, 2.410403708829227
19, 15, -2.41040370879296
44, 11, 1.189975594012585
57, 7, -1.261787521903373
48, 10, 0.5817489486293852
6, 16, -0.5817489486509549
67, 0, 1.000000000069097
63, 4, 1.743762553931366
28, 14, 0.03154280349170287
7, 16, -0.0750339793082493
20, 15, 0.06281543163806627
40, 12, -1.900283234709633
8, 16, -0.04950048728075523
52, 9, 0.03605725176271109
55, 8, 2.476661335306791
35, 13, -2.476661335031908
66, 2, -7.81382051721267e-11
60, 6, -0.01213691587686841
67, 1, 0.00251010112167076
65, 3, -0.002510101194223909
45, 11, -0.003363080493815237
9, 16, -0.003363080601726203
62, 5, 0.1823314195646621
29, 14, -0.1823314195461457
21, 15, 0.001967665796524234
49, 10, -1.623990648106604
58, 7, 0.8964368992165098
10, 16, 0.007034452483496775
41, 12, 0.5866330227420902
68, 0, 1.708238567702303
64, 4, -0.7321891877541111
36, 13, -0.904582190234684
22, 15, 1.294266037560468
11, 16, 1.533539749087523
30, 14, -0.1984306507946846
53, 9, -0.3409718280287862
56, 8, -0.006052105298321652
46, 11, 0.8306625629062379
12, 16, 0.828861767196504
67, 2, -0.1816751034705058
61, 6, 0.5868048324200199
23, 15, 0.5868048325617076
50, 10, 0.2452972149026907
66, 3, -0.008029304603574684
68, 1, 0.3746998339666789
63, 5, -0.3746998338653169
42, 12, -0.006908480579944638
37, 13, 1.548496575291128
59, 7, -3.301751439035228
31, 14, 3.301751438904556
13, 16, 0.5829475414280886
65, 4, 5.49675266223414e-11
69, 0, 6.306160647239749e-06
24, 15, 0.01048764463428191
14, 16, 0.6468549294306706
54, 9, 0.3119664494925463
47, 11, 0.4103010919792146
57, 8, -0.118550436010537
32, 14, -0.4598569055098589
51, 10, 2.575638529924605
38, 13, -2.575638529921983
43, 12, -0.3772720407377891
15, 16, 1.59966042683943
25, 15, 0.467674712404072
68, 2, -2.734205081077744
62, 6, 2.734205081090801
64, 5, -0.5940145255457728
-8, 17, 0.5940145255554408
67, 3, -0.6106533557028725
-7, 17, -0.6106533557949076
69, 1, 0.3340164942725369
-6, 17, 0.3340164942499777
60, 7, -0.02996087451277132
-5, 17, 0.02996087452344139
-4, 17, -0.8497952741269862
16, 16, -1.35742748680061
-3, 17, -1.820097611302758
33, 14, 1.225633659665642
-2, 17, 1.225633659812648
48, 11, -1.269359336448665
26, 15, -6.143680352618977e-11
66, 4, -1.502143692311362
55, 9, 0.4622601031136729
-1, 17, -0.4622601030545339
70, 0, -0.4598161641362389
39, 13, 2.627268925822777
44, 12, 0.6261923612106683
17, 16, -0.3305274163317982
0, 17, -0.9924071578096907
58, 8, -1.116635707078367
52, 10, -0.6212555459637994
1, 17, -1.326610981633874
2, 17, 1.062852985765263
63, 6, 0.02548672576680743
27, 15, -0.02548672542218063
34, 14, -0.3342936441765948
18, 16, 0.334293644240708
69, 2, 0.1364551153962394
3, 17, -1.937872630261616
65, 5, 0.04902540123876827
68, 3, -1.123436899657373
61, 7, 1.123436899638553
70, 1, 0.4871885938452782
40, 13, -1.225405649684415
49, 11, -2.416753814445063
4, 17, 2.4167538143954
45, 12, -0.003181558285072606
56, 9, 0.1461421985744661
19, 16, 0.1461421986237379
5, 17, -0.8055787819047088
67, 4, 0.3250458159868517
28, 15, 0.3250458159496209
53, 10, -1.686530183689477
71, 0, 2.161661292074094
59, 8, -1.16166129205326
35, 14, 1.113496050013213
6, 17, -0.9894507035123016
20, 16, 1.323201616218418
7, 17, 0.5432835165564169
41, 13, -0.350923141010475
64, 6, 6.939122598092643e-11
29, 15, 0.3512160392764164
50, 11, -0.02131733599146693
70, 2, -1.17930331666048
66, 5, -0.002516713949127089
62, 7, 0.002516714140349821
8, 17, -0.8233439487232246
46, 12, -0.4092352845427565
69, 3, 0.02034425861322353
71, 1, 0.04255394884554375
21, 16, -0.04255394880310014
36, 14, 1.56728803839333
57, 9, -0.01045556704047709
9, 17, 1.246314592379347
54, 10, -1.775505282866486
68, 4, -1.712738849043142
60, 8, 1.712738848748832
30, 15, -9.192975184989517e-05
42, 13, 0.2642924030658531
10, 17, -0.2642924028821707
72, 0, -0.0336641634604862
22, 16, -1.760731005773298
51, 11, -0.8487393597185073
37, 14, 0.8487393596887277
47, 12, -0.02107428377097948
11, 17, -0.02107428380037643
65, 6, 0.07439725362182155
63, 7, -0.6093070399739833
67, 5, 0.3218552768689841
23, 16, -0.3218552770635277
71, 2, -0.4344214742485017
31, 15, -0.434421474180396
12, 17, -1.082897997357547
70, 3, -0.3756869647714815
58, 9, 0.3756869646905313
72, 1, -0.6967054009454849
55, 10, 0.4367555418829152
43, 13, 1.106816993733501
61, 8, -0.2923398452136132
13, 17, -0.8776566767354804
38, 14, 0.01833278204051367
69, 4, -0.8829420399715711
24, 16, -0.0498822861527675
48, 12, 0.007305232814731472
73, 0, 0.03231332935718923
32, 15, -0.9676866703046026
52, 11, 1.655308364948274
14, 17, 0.6368225270603979
66, 6, -0.009421180744739356
64, 7, -2.582423939022062
25, 16, 2.582423938966448
44, 13, 1.589180405613341
68, 5, -1.793463733813908
59, 9, 1.793463734043157
15, 17, 0.4846967274779291
72, 2, 2.741408226979159
56, 10, -2.741408227159478
39, 14, 1.444869295476862
71, 3, 0.08367851791191208
33, 15, 0.002207054301095863
73, 1, -1.820603520602109
-9, 18, -3.719284374192604e-12
62, 8, -0.01075153342261972
-8, 18, 0.01075153357617217
-7, 18, 0.1130651848576693
-6, 18, 0.009167861650204357
49, 12, 0.3243115246992671
16, 17, -0.7909625622455485
-5, 18, -1.866095709993008
26, 16, 0.5856754995680181
53, 11, -1.166727089072418
70, 4, 1.256859996618449
-4, 18, 1.256859996506987
-3, 18, -0.01231299429443826
74, 0, -0.7150647637200124
-2, 18, 0.6906554725590563
45, 13, 1.705045504677752
34, 15, -0.9950216124392479
17, 17, 2.32144140079595
-1, 18, -0.995021612087339
40, 14, 2.011822607321159
67, 6, -1.386020830561066
0, 18, -1.859471107598928
65, 7, 0.4555024126075803
27, 16, 0.4555024121260315
60, 9, -0.007521399707598343
57, 10, -1.201699300158104
1, 18, 1.607920936125752
69, 5, 0.9878306489261296
73, 2, -0.003369739459497184
18, 17, 0.003369739689351029
50, 12, 0.3351743268460149
2, 18, -0.3351743266368264
72, 3, -0.01328261264853531
63, 8, 7.012722971760393e-12
74, 1, 1.126396545578193
54, 11, -1.126396545439579
3, 18, -0.002729103717930537
35, 15, -0.6203314549070543
28, 16, 0.8551721148508135
46, 13, -0.4432547059566518
41, 14, 0.4432547060577178
4, 18, -1.386818273694789
71, 4, 2.396283361436021
19, 17, -2.396283361238533
5, 18, 1.191435910770829
75, 0, -0.00915384684709993
68, 6, -2.755294063366569
58, 10, 2.755294063362741
61, 9, 0.8404617348210928
66, 7, -1.28437794086107
6, 18, -0.01995310640280145
20, 17, -0.7400318905442255
29, 16, 1.503162016301545
51, 12, -0.009901491623297043
36, 15, 0.009901491776792825
70, 5, 0.3072109922437422
7, 18, -1.917854039619345
42, 14, -2.356017538727142
55, 11, -0.8147207780321768
74, 2, -2.125482930916604
47, 13, -0.07354586554535131
64, 8, 0.0468782318572539
73, 3, 0.07246648413881185
21, 17, -0.7646000979435426
8, 18, -1.046654133423175
75, 1, -0.6248700552158809
30, 16, 1.880834088703663
72, 4, -0.7173073274632426
37, 15, 1.65680198379061
9, 18, 1.470097010861219
59, 10, 0.2511975762577183
22, 17, 0.2511975761114133
76, 0, 1.717250986380324
52, 12, -0.7412016059562415
62, 9, -0.485426659707224
43, 14, -0.01090543889202805
69, 6, 0.007283800487763387
10, 18, -1.039162392433755
67, 7, 0.2457505686051847
48, 13, 0.9670246147098533
56, 11, 0.9647079040509744
31, 16, -0.9647079043707949
71, 5, -1.854153341486242
11, 18, -0.02189989425220741
65, 8, 0.8509753275619448
23, 17, -0.8509753275152981
38, 15, -0.9187801351500248
75, 2, -1.674828037461247
74, 3, 0.7654534330278094
12, 18, 0.02660040601636616
76, 1, -0.6977536693067984
44, 14, 0.2190695228290139
32, 16, 0.02508715642240324
73, 4, 2.178334231834833
53, 12, -2.178334231676906
24, 17, 1.010455016157128
60, 10, 0.1567308033230912
49, 13, -0.02265142291237202
13, 18, -0.02265142310422449
63, 9, 0.1797392927608463
77, 0, 1.52721580027248
39, 15, 0.008246632705543435
70, 6, -1.033456638669833
68, 7, -1.15909787015726
57, 11, 1.159097870185651
14, 18, 1.27637427441035
25, 17, 1.846990892402255e-11
72, 5, -0.4017578949309512
33, 16, -0.40175789519476
66, 8, 0.1805724864442795
45, 14, -1.152919919073042
76, 2, -0.8876939510759569
75, 3, -0.0004710300335749853
15, 18, 0.0004710298811626635
54, 12, 0.004919700248592421
77, 1, 1.798188536914354
50, 13, -1.798188537329829
40, 15, 0.04912247818948344
61, 10, -1.286096595412081
26, 17, 1.286096595654144
74, 4, -0.2226782009622126
-9, 19, 0.3150233760319627
64, 9, 0.04466498780053019
-8, 19, 0.04466498783693994
34, 16, 2.58936235566699
16, 18, -2.589362355812458
-7, 19, 0.4346036613529511
58, 11, 0.2663308955059439
-6, 19, -0.2663308957854666
-5, 19, -1.219370209631694
69, 7, -0.3795410936837192
-4, 19, -0.3795410935443768
71, 6, -1.123423610431428
78, 0, -0.02116646944714246
-3, 19, -0.6403951523462676
46, 14, 0.6059225672957185
27, 17, -1.350075749658942
17, 18, 0.9722363285488376
-2, 19, -0.972236328458838
67, 8, -0.8591510339488694
73, 5, 2.237858944664173
-1, 19, 2.237858944705295
41, 15, -0.7023372063864909
55, 12, 1.097525242966892
51, 13, 1.004622564091491
35, 16, -1.004622564185264
0, 19, -2.327557138011426
77, 2, 0.7169542105363956
18, 18, 1.864369804694852
76, 3, -0.2286855119701671
1, 19, -0.2286855121686717
62, 10, 2.685879663273817e-11
28, 17, 1.282153828827356
78, 1, -0.2378613945657967
2, 19, -0.2378613944477289
65, 9, 4.651269926059399e-05
59, 11, -4.651265603506738e-05
75, 4, 0.941535849071654
47, 14, -1.052214518215293
3, 19, -1.291429344399042
19, 18, 0.3743439563239427
42, 15, 0.007758805572640116
70, 7, 0.7531058756280962
36, 16, -1.409494790585015
72, 6, -0.001177387085201511
4, 19, -1.1203472786533
79, 0, -0.5567210120898338
29, 17, 0.476347326096727
52, 13, 1.023372499064216
68, 8, 0.03165380685610664
56, 12, -0.03165380666504987
5, 19, -1.388565747638306
20, 18, -2.190801324673649
74, 5, 0.1350032486132438
6, 19, 0.2037243265578542
63, 10, -1.207307544456909
78, 2, 2.762552767073275
48, 14, -2.762552767315937
77, 3, 0.2076855684647627
37, 16, 0.2076855686603861
60, 11, -1.492829288550623
43, 15, -2.047148699272195
7, 19, 2.047148699330477
30, 17, -0.2424163776755256
66, 9, 0.00992757654370221
21, 18, -0.009927576787431138
79, 1, -0.2545873597825329
76, 4, 0.1579344422659765
8, 19, -1.068824602173923
71, 7, 0.006943220133246665
53, 13, -0.006943220161084438
73, 6, 1.167978358364574
57, 12, 0.002832444353430095
22, 18, -1.003528586295384
9, 19, -1.841432480566745
80, 0, -0.3657087833046879
69, 8, 0.05692523766812092
31, 17, 0.05692523739950266
38, 16, 0.8262828330450874
49, 14, 0.42867708415067
44, 15, 0.5084811618302733
75, 5, 0.3302017952147095
10, 19, 0.2553068714721518
64, 10, 1.553621392243723
61, 11, -0.2179440749577222
23, 18, -1.848890233992306
79, 2, -3.178469789939704
11, 19, 3.178469790068006
67, 9, -1.605387186223172
78, 3, 0.01751389821360921
32, 17, 1.092703210413807
54, 13, -0.08317182669421795
80, 1, -0.2502916856029435
39, 16, -0.2502916858192327
58, 12, -1.116027330744388
77, 4, 0.04772680372738859
12, 19, -0.04772680351249483
24, 18, -0.002593012177751501
72, 7, -0.6629636536296394
45, 15, 0.006866458855789285
74, 6, -0.05066505515366933
50, 14, 0.0506650549867133
70, 8, 2.201927886263162
13, 19, -0.6477340100351325
81, 0, 0.9996696437186178
33, 17, -0.6713193062428213
65, 10, -0.6511052001006734
76, 5, -0.2381585720683846
62, 11, 1.57409535059872
25, 18, 1.574095350903886
40, 16, 0.04095611370998087
14, 19, 0.5918867216811097
68, 9, 1.910425256772538
55, 13, -1.910425256877924
80, 2, 0.6990325798103572
79, 3, 1.162151463532566
46, 15, -1.162151463523464
59, 12, 0.576074283539983
51, 14, 0.01838939021208309
34, 17, -0.04290348194243547
15, 19, 0.01838939013321614
26, 18, -0.3983620244841611
81, 1, -0.3349356414751831
78, 4, 0.5016530338743468
73, 7, 0.9057639478003164
75, 6, -0.003765039037489633
41, 16, 1.390001898956786
71, 8, 0.1253689094601905
16, 19, -0.1253689090684202
-10, 20, -1.171089581386106e-11
-9, 20, 0.697749357012685
-8, 20, 0.4615494198758857
-7, 20, 0.2067939663368084
66, 10, -0.006194489521909444
-6, 20, -0.00619448962740638
63, 11, 0.5085051234049152
27, 18, 1.481435900916479
82, 0, -2.788347872100081
-5, 20, -0.0006780353928110411
35, 17, -1.976706491677554
-4, 20, -1.04429558532359
56, 13, 0.4578314446039536
77, 5, -0.02081738259785176
47, 15, 0.02081738249083228
17, 19, -0.2140638954540695
-3, 20, 0.2140638954948856
69, 9, 0.000276088370462938
52, 14, -2.59618391923165
-2, 20, 2.596183919575157
60, 12, -0.0050015523983997
-1, 20, 1.473179551329915
42, 16, 1.052894119288245
81, 2, -0.4585603976582689
80, 3, 0.1557418105519729
28, 18, -0.5216824612016401
0, 20, -0.4614343279100048
18, 19, 0.5026447565330215
36, 17, -0.9747976430223444
1, 20, -0.9747976433178587
82, 1, 1.510538485838344
74, 7, 0.05382479501008511
79, 4, -0.4441785833528548
76, 6, 0.8030611989281994
2, 20, 0.8030611986567753
72, 8, -0.02241125960663745
48, 15, 0.004899607478282873
64, 11, 0.07975992998875805
67, 10, 0.3191505894775864
19, 19, 1.007269199044835
57, 13, -1.386658142085643
3, 20, 1.750661325402495
29, 18, 1.025692609653676
53, 14, -0.5127055746930039
83, 0, 2.195135769598285
43, 16, -1.195135769760014
4, 20, -0.9343779649987384
78, 5, 1.685665328001577
61, 12, 8.898399629448262e-11
70, 9, 1.773941357144608
37, 17, -1.312933302955697
20, 19, 1.720363592082486
5, 20, -0.1012149995054399
30, 18, -0.01930554471148986
82, 2, 0.4895714869876575
6, 20, 0.4895714871842022
81, 3, -0.01089188460689468
49, 15, -0.5817494111725595
21, 19, 1.283827495096096
75, 7, -1.718819714399563
83, 1, 0.2516949772625857
7, 20, -0.2516949775439716
58, 13, -0.09696821315847887
80, 4, -0.03173719786578042
44, 16, 0.03173719792544471
65, 11, 1.498625916204397
73, 8, 0.5915686428207945
77, 6, -0.3118612527415596
38, 17, -0.3118612527058503
68, 10, 2.262248709821861
54, 14, -2.262248710073355
8, 20, 0.6972788525980667
31, 18, -1.588855926174023
62, 12, 0.6264106559742016
22, 19, 0.7130396442213547
84, 0, 0.009375541442825805
71, 9, 0.2151849595311504
79, 5, -0.01572721395808638
9, 20, 0.01572721355933311
50, 15, -0.6957389059677113
45, 16, 0.3034758200436865
39, 17, -0.3034758201453908
10, 20, 0.7385713600433371
23, 19, 0.4500986468374407
32, 18, 0.02885227778209445
59, 13, 0.7900651533978525
83, 2, -0.6255827795901006
82, 3, 0.6255827796613651
55, 14, -0.807904467539612
66, 11, -0.5205596859495017
76, 7, 0.9333991154827908
11, 20, -0.9333991157238332
69, 10, -0.7996694067698481
74, 8, 1.691824614787848
84, 1, 1.415435286605758
81, 4, -1.415435286385141
78, 6, -0.002023761991488347
24, 19, 2.147152498559503e-10
63, 12, -0.01670544480092231
12, 20, 0.3723297572986437
33, 18, -0.00677908917055682
51, 15, 0.00677908939004276
40, 17, 1.581192181866326
46, 16, -0.5253738672474366
72, 9, -1.392219583275069
85, 0, 0.6254267842800079
80, 5, -0.2680718830206814
13, 20, -0.4232193072316002
25, 19, 0.3057923623890983
56, 14, -0.9177147926890653
60, 13, -0.1431020362416313
34, 18, -1.237906560487981
14, 20, 1.237906560558011
67, 11, -0.1924795682568385
83, 3, -0.0332330371410871
41, 17, 0.03323303724820413
84, 2, 1.668187499738163
70, 10, 0.09030036362781457
77, 7, 0.5845922260722656
26, 19, -0.7309442266634332
52, 15, 1.031445113181163
64, 12, -1.706244265642632
75, 8, -1.788532800173197
47, 16, 1.788532800045799
82, 4, -0.6322625546144129
15, 20, 0.3034660143333606
85, 1, 1.266453253973365
79, 6, -1.266453253757243
73, 9, 0.09784635562486865
35, 18, 0.09784635609946035
16, 20, -1.094448996120498
57, 14, -0.6604905000272636
27, 19, 0.660490500157237
61, 13, -2.062938400581562
-10, 21, -2.062938400459205
-9, 21, 0.006220901692139686
81, 5, -1.915458190201173
42, 17, 1.91545819054923
-8, 21, -0.5592879196436868
86, 0, -2.748924802309839
-7, 21, -0.5688735080232057
-6, 21, -0.008625250779536024
-5, 21, -0.5002367451820353
48, 16, -1.873827785474565
68, 11, -0.04301650937063291
-4, 21, -0.04301650903778993
53, 15, 0.04301650912195383
17, 20, 0.04301650900682508
-3, 21, 0.01310159275172169
71, 10, -0.7579407557210673
36, 18, -0.03445615928982892
65, 12, 1.6918961999147
28, 19, 1.691896199926348
-2, 21, -1.112613654892804
84, 3, 2.728748878392678e-05
85, 2, -0.9450897885464641
78, 7, 0.9450897886049879
76, 8, 1.074367110345076
-1, 21, 0.1547285032696022
18, 20, -1.043434077653731
80, 6, -0.8539762824166776
83, 4, -0.2567001717308347
43, 17, -0.2567001725399832
0, 21, -0.01270758348174456
86, 1, -0.8030307694151597
58, 14, -1.762373626708521
74, 9, -0.218672385630866
1, 21, -0.2186723861323184
62, 13, 1.729183974378748
29, 19, 0.649765005260647
49, 16, -0.9348425720344319
19, 20, 1.312238242506087
37, 18, 0.2146278376980093
2, 21, 0.2146278375661274
54, 15, -0.005809141596734251
82, 5, -0.5753269660205387
87, 0, 0.03518253060637667
3, 21, -0.02468857975261874
69, 11, 0.06256803468119856
66, 12, -0.0180292056095203
44, 17, 0.9786883627157074
4, 21, -0.9786883628906726
20, 20, 0.462649957281705
72, 10, 0.6891102097432134
30, 19, -1.409246544586355
79, 7, -3.3361490704413
5, 21, -3.336149070331947
85, 3, -0.5046547017853797
77, 8, 0.5046547019394648
86, 2, -0.0510558360806571
38, 18, 0.05105583644980882
59, 14, -0.1198793199691602
50, 16, -0.619536106282255
81, 6, -0.0001834753463987213
6, 21, 0.00018347557143456
63, 13, 0.8805303442825336
21, 20, -0.8805303442276777
84, 4, 1.215265922203358
87, 1, -1.355652118166341
55, 15, 0.2292639224337238
75, 9, 1.657407308825389e-05
31, 19, -1.796617439144183
7, 21, 1.238107033954462
45, 17, 0.01362592846097556
22, 20, 1.341469351649902
70, 11, -0.1196857428458721
83, 5, -0.1461168803726923
8, 21, -0.1461168805000812
39, 18, -0.001044579497993846
67, 12, -1.043753003799671
88, 0, 0.05617336894657968
73, 10, 1.331298398508868
9, 21, 0.0003139557179812559
51, 16, 2.312638659161455
32, 19, -2.312638659479557
60, 14, -1.331287513286472e-10
23, 20, -0.3164724875088717
80, 7, 0.2390174820898472
78, 8, 1.114193655238378
64, 13, -0.003474136435960873
56, 15, 0.003474136171598047
86, 3, 0.8716897148899531
10, 21, 0.8716897149412935
87, 2, 0.1196579222603878
46, 17, 0.1196579218621952
82, 6, -2.268208507114442
40, 18, 2.268208507797775
85, 4, 1.483413080529421
76, 9, -1.483413080634564
88, 1, 0.1628526006221045
11, 21, 0.1628526008460923
33, 19, 0.2365448146664669
24, 20, 1.048459765371402
71, 11, -0.1818869889509859
68, 12, -2.364308720841036
52, 16, 2.364308721304259
12, 21, -0.01565400929100077
84, 5, 0.0303763096741696
61, 14, -0.5856454298038473
74, 10, 1.147291674321421
89, 0, 1.938702335941613
47, 17, 0.9387023356769522
25, 20, 0.4844555943444304
41, 18, 0.2497492576569855
57, 15, -0.01447803141158739
34, 19, -1.456194147224212
13, 21, 1.456194147361989
65, 13, -0.7006554117695554
81, 7, 0.6272308508283145
79, 8, -0.6272308507389621
87, 3, -0.0001778841837170022
14, 21, -1.650577583606373
88, 2, -0.1342886515279736
26, 20, -1.916847807269693
83, 6, -1.419164190241059
77, 9, 1.419164190529906
53, 16, 1.615914037810718
86, 4, 0.3166366730631867
89, 1, -0.02147818397842119
35, 19, 0.02147818404529003
42, 18, 0.02560719365562529
72, 11, -0.5186079408181483
48, 17, 0.5186079409029903
69, 12, -0.006796948463276673
15, 21, 0.006796948375123539
62, 14, 0.151293318304287
58, 15, 1.658227447378221
27, 20, -0.5203332883974314
85, 5, -0.6270744437564325
75, 10, 0.6270744440209115
66, 13, 0.05971381764816659
16, 21, -1.026783047397153
90, 0, 0.5022856976605599
-11, 22, 1.419234875506306e-11
-10, 22, 0.2095848980614567
-9, 22, -1.091810656828002
-8, 22, -1.718656442354613
36, 19, 0.7844198188440928
-7, 22, -0.6419398772238728
80, 8, 0.0277004043424098
82, 7, -0.03897405457461925
43, 18, -0.03897405435526166
54, 16, 1.241167773212007
-6, 22, -1.241167772925251
17, 21, -1.647167997848462
-5, 22, 1.647167997799942
28, 20, 0.1830139177008357
49, 17, 0.1091264890519902
-4, 22, -1.916886535186832
88, 3, 0.6584859083337917
78, 9, -0.01695147732257025
89, 2, 1.607515292028414
-3, 22, 1.104013654180451
84, 6, -0.01268162600508889
63, 14, -0.3052715382245391
70, 12, 0.04798110778021872
-2, 22, 0.04798110801357208
87, 4, -1.269789671108474
73, 11, 1.269789671000952
59, 15, 0.02379327459431155
18, 21, -0.01172064488760198
90, 1, -3.564844368875414
-1, 22, 3.564844368377966
37, 19, 0.848573762970236
29, 20, 1.71439241702589
0, 22, 3.102787811556561
67, 13, 0.4434304676908374
76, 10, 3.784310364456058
44, 18, -3.784310363936878
86, 5, -1.238075988106695
1, 22, 1.238075987861806
55, 16, 0.0180156231074248
19, 21, 0.01801562338675473
50, 17, 0.1025127386277065
2, 22, 0.808480545633079
91, 0, 1.313397231398876
81, 8, 0.2990444269645389
30, 20, 0.744267976042279
83, 7, 0.0186157423893918
38, 19, -0.04312983373805057
3, 22, -0.01861574283110413
20, 21, 0.8970742384591935
64, 14, 1.878357188895258
60, 15, 0.002674619589512578
79, 9, -1.057277429091571
4, 22, -0.6321312835661369
89, 3, 0.9475795871494791
71, 12, -0.9475795870162779
45, 18, -1.216340752954861
85, 6, -1.421079405995776
74, 11, 1.42107940590402
90, 2, 0.3220290387266617
5, 22, -0.7357160576335185
88, 4, -0.7468109839376809
21, 21, 0.01274106165608928
68, 13, -1.373553403247998
51, 17, 3.204577365782525
31, 20, -1.373553403761344
56, 16, 0.01576741007427081
91, 1, 0.8591750537584308
6, 22, 0.5141467234221083
77, 10, 0.6131408458469713
39, 19, 0.613140845509284
87, 5, -0.7885246786357371
7, 22, 1.29212340125288
22, 21, 0.7264771887599359
46, 18, -0.8950743348120119
61, 15, 1.741392050064445
92, 0, 0.0005865468136375631
32, 20, 0.9754628326604696
65, 14, -0.3882833915723479
82, 8, 0.4626832536637098
8, 22, 0.4626832545350318
84, 7, 0.07305790391984855
72, 12, -0.003195703369453123
80, 9, 1.554906738340566
40, 19, -1.554906738403463
52, 17, -1.3370072625514
75, 11, -0.0858342440987515
9, 22, 0.08583424390589965
23, 21, 6.350432636508189e-11
57, 16, -1.431971151505884
90, 3, -0.01573166893400183
86, 6, 2.348708103409983
91, 2, 0.5059841927680159
69, 13, -0.5059841928806428
10, 22, -2.319870108342796
89, 4, -1.802327791701372
33, 20, 1.802327792202917
47, 18, -0.8542802281049234
78, 10, 1.122338840899062
92, 1, 0.1626854466514765
24, 21, 0.01031553702517988
11, 22, -2.453062631348574
41, 19, -0.4797012016263812
62, 15, 1.507349151505334
88, 5, 1.735612267014335
66, 14, -0.7632506967426269
53, 17, -0.9374176120644627
12, 22, -1.530057332497603
34, 20, 1.530057332921427
83, 8, -0.8123300140100084
58, 16, 2.130360318794887
25, 21, 1.416929776480471
93, 0, 0.01698829008175285
85, 7, -0.2480565482488553
73, 12, 0.24805654855354
81, 9, 0.665583846634653
76, 11, -1.448567622989878
48, 18, -0.002027768213014595
70, 13, -2.318731206611304
13, 22, 2.318731206890956
42, 19, -0.4905749918654074
87, 6, -0.008379136821215988
91, 3, 0.9530178373499579
92, 2, 0.7966220234053524
26, 21, -1.191064881119861
35, 20, 0.3130988588664609
79, 10, -1.667625166211725
90, 4, 0.3128080028052163
14, 22, 0.3128080031282741
63, 15, 0.01898307534925686
54, 17, -0.6937385492633481
93, 1, -1.487321069352545
67, 14, 1.487321069440393
59, 16, -3.052360688781294e-10
15, 22, -0.3146586775853691
89, 5, -0.1992613917125842
49, 18, -0.1992613909616623
27, 21, 0.009103956612856262
43, 19, -0.02668295159297827
74, 12, 0.7935918236288552
84, 8, 2.370537391376602
36, 20, -2.370537392006102
86, 7, -0.6152060036962853
77, 11, -0.2999201677698035
94, 0, -0.3351867601701974
16, 22, 1.070533476116915
71, 13, -0.1245834368754708
82, 9, 0.2791774258644365
-11, 23, -1.395352274983339
-10, 23, -0.2892139610094278
-9, 23, -0.7262734266762206
28, 21, 0.1608985765859177
55, 17, 1.460030427835292
-8, 23, -1.460030428348697
64, 15, 0.9862370067431271
-7, 23, 0.986237006305998
88, 6, -0.01798231750442908
17, 22, 1.012225498392256
-6, 23, -1.012225497922017
92, 3, -1.708774566999848
80, 10, -0.6994460255130522
93, 2, 1.174708209911046
-5, 23, -1.174708209376944
68, 14, 0.8709273651034886
50, 18, -0.8709273648053721
44, 19, 0.1939035821273621
37, 20, -0.1939035821270773
60, 16, -0.2959188719139639
91, 4, 0.09804010408202336
-4, 23, -0.09804010382404846
-3, 23, 1.504899824434084
94, 1, 0.03540034415242769
29, 21, -0.0354003441225534
18, 22, 2.032990840438094
-2, 23, 1.92990489699119
-1, 23, 0.8614104368822991
75, 12, -0.0004977842373629238
90, 5, -0.2626232794139068
85, 8, -1.322139568416516
72, 13, 1.322139568263979
0, 23, -0.0007950056109799106
78, 11, -0.7439028225273153
56, 17, 0.5956128561500059
38, 20, -0.8190940257867707
19, 22, -0.4794773997442524
87, 7, 1.704465294118707
83, 9, -0.1677277692265313
45, 19, -1.209662630010236
1, 23, 1.209662629847969
95, 0, 0.6287264454380433
65, 15, -0.2713715441866976
51, 18, 0.00433144818583628
30, 21, -0.004331447945254419
2, 23, -0.4709879761790308
61, 16, -1.4828165068074
69, 14, -0.6076467566963406
89, 6, 0.07051230538279554
20, 22, -1.893137892658942
81, 10, -0.6390548324607114
3, 23, 0.6390548323248085
93, 3, 0.0004569227565100834
94, 2, -0.9269124516132952
39, 20, 1.651507390838609
4, 23, 1.65150739101581
92, 4, 1.892233093528215
31, 21, -1.50597222627033
46, 19, -0.9454635317164783
21, 22, -0.003966622085618828
57, 17, -0.003966622009725545
5, 23, -1.397398317736558
76, 12, -0.9724792634831324
95, 1, 0.1473189699075521
52, 18, 0.4147034004579088
73, 13, -0.9471550113715606
91, 5, -1.668164226192876
79, 11, 1.693786444528211
6, 23, 1.693786444616056
66, 15, -0.004486804851157457
86, 8, -0.302221359126478
62, 16, 2.484685783639551
84, 9, 0.007724201735293441
88, 7, 2.482265666853234
32, 21, -2.482265666284129
22, 22, -3.110961971884028
40, 20, -0.008550418316268564
7, 23, 0.06471344096562119
70, 14, 0.6283165070674307
96, 0, 0.01474309529967207
47, 19, -1.693492901558089
8, 23, 1.718133443943541
82, 10, -2.146252295607682
90, 6, -0.01363068340937088
58, 17, -0.4220154147078308
23, 22, 0.422015414714551
94, 3, -0.1478976590537088
53, 18, -0.1478976584636707
33, 21, -0.01912199578814682
9, 23, -0.01863207940087007
95, 2, -0.2824719324217992
93, 4, 1.334061238557279
77, 12, -0.6885547771317255
41, 20, 0.6885547775799047
74, 13, -0.442197447784245
67, 15, 0.3759566494507766
10, 23, 0.5099806242734714
96, 1, 1.424823178861442
63, 16, -1.42482317918119
24, 22, -0.2007678331748972
80, 11, -0.9876324373095876
92, 5, -0.8410456484319544
87, 8, -0.06699083596846174
48, 19, -0.06699083586070641
85, 9, 3.213019687324141
71, 14, -3.213019687303651
34, 21, -3.213019687349825
11, 23, 3.213019687526727
89, 7, -0.2555298332492292
54, 18, 2.57362398793704
59, 17, -0.7360005576033342
25, 22, 0.5570559526383186
42, 20, 1.814883852508913
97, 0, 1.502189818174716
12, 23, 1.321555044727908
83, 10, -1.320296999099174
91, 6, -1.383578858323842
35, 21, 1.197925305221364
13, 23, 0.4710226109765921
95, 3, -0.6220817180006689
78, 12, 0.02687752809027592
68, 15, 0.4010876048826265
49, 19, -0.4010876049801481
64, 16, -0.7298924763670472
75, 13, 0.5099327409669943
96, 2, 0.04191966354216434
26, 22, -0.04191966381960274
94, 4, 1.813234765797338
81, 11, 0.6590265753286302
43, 20, 0.6590265754766825
14, 23, -1.136375688131173
97, 1, -0.9268429874965515
55, 18, -0.9268429870532751
72, 14, -1.240118412667418
60, 17, 1.236041297454517
88, 8, 0.02150220986122779
93, 5, 0.5645793243313253
86, 9, 1.858336407095913
36, 21, -0.009871215925635016
27, 22, 0.8007736282265833
90, 7, -0.08418515830089808
15, 23, -0.08418515766023719
50, 19, -0.05047265930006935
84, 10, 0.8526425067949572
98, 0, 0.2279242069004881
44, 20, 0.205279617654075
65, 16, 0.5626082111712907
16, 23, -0.562608211594996
69, 15, -0.005132245828796116
92, 6, 3.813498831283659
28, 22, -3.813498831395087
79, 12, -0.01159210216733997
76, 13, 0.01159210207321618
37, 21, -1.35127995068424
-12, 24, 2.095626402963151e-11
-11, 24, -0.71368417572839
56, 18, -1.534088202795458
-10, 24, 1.534088202495395
96, 3, 0.01370428323555612
-9, 24, -0.01370428289359631
-8, 24, -0.02092404983816
97, 2, 0.2487100420785179
61, 17, -0.2487100425206722
17, 23, -2.564727390366216
-7, 24, 2.564727390241949
95, 4, 1.838788714116981
82, 11, 0.02622813737395652
73, 14, -0.02622813745778258
-6, 24, 2.799005060552189e-05
-5, 24, 0.01508487751191031
51, 19, 1.318095647379069
29, 22, -1.318095647066946
-4, 24, -1.145239844352885
98, 1, -0.3405246576484731
89, 8, -1.86563400446558
45, 20, -0.5160495794564304
87, 9, 0.0001256169874826124
-3, 24, -0.0001256166918113028
94, 5, -1.299495143643273
18, 23, -1.299495143397714
38, 21, 1.591537048548172
-2, 24, 1.691736591427542
91, 7, 0.1255761055482207
66, 16, -0.5376967766839635
-1, 24, 0.4952964491084549
85, 10, 0.01158921218890747
70, 15, -0.01158921197647713
57, 18, 0.003836536177134002
30, 22, -0.7199241409722391
19, 23, 1.000382313703609
0, 24, -0.0004674056209986555
99, 0, -1.66827247846496
77, 13, 0.6138266933118049
80, 12, -0.6995704108748885
62, 17, -0.6309701302537647
1, 24, 0.9416642164813545
93, 6, 0.008414467150251237
52, 19, 0.3551347629475538
46, 20, 1.729057761945216
39, 21, 0.01090703969353966
74, 14, -0.02293851479774393
2, 24, -0.02293851463723758
97, 3, 0.10405343861728
20, 23, 0.1040534388758035
83, 11, 1.618293114633992
98, 2, 0.4666185159360229
31, 22, 0.2259343433176259
96, 4, -1.235424665949379
3, 24, 0.01306064407676872
4, 24, -0.2538357382819172
90, 8, -2.104352333360848
88, 9, 0.02346748729902661
67, 16, -0.02346748736503018
58, 18, 8.19452852595981e-11
99, 1, -0.5968052843993517
21, 23, -0.5968052846074612
95, 5, 0.05782355727670771
71, 15, 0.1421253556866586
40, 21, -1.014892163664097
5, 24, -1.014892163272344
92, 7, 0.7468335343462679
47, 20, -0.8022704046944031
53, 19, 0.001353243661970208
63, 17, -0.001353243632033464
86, 10, -0.8732217852867453
32, 22, 0.8732217850618282
78, 13, -0.447678480778807
6, 24, 0.004178140417987628
81, 12, 0.006827893304231986
22, 23, 1.267041664289306e-10
100, 0, -0.8514054106493728
75, 14, 1.28815490885887
7, 24, -0.4486797356884222
94, 6, -1.709341891760888
84, 11, 1.215327326425045
41, 21, -0.1370987165213332
33, 22, -2.471983155594398
8, 24, 0.04553949929014192
98, 3, 1.325622688715048
59, 18, -1.325622688594717
23, 23, 0.0007970994455974181
68, 16, -0.9209443693878585
48, 20, 0.9209443691908966
99, 2, -1.593415322549124
97, 4, 0.2950064761614416
54, 19, 0.7565280832181526
72, 15, -0.004342858784081491
9, 24, 0.004342858950486977
91, 8, -0.01751259547620744
64, 17, 0.01751259548732953
89, 9, 0.4123309073561899
100, 1, -3.035717096916677e-10
96, 5, 1.604263744882926
24, 23, -1.604263745062698
34, 22, 1.187694386974175
10, 24, -1.18769438723949
93, 7, -0.7865565244110589
87, 10, -0.9001345551712032
79, 13, 0.3621822667957694
42, 21, -0.0002354721156006873
82, 12, 2.69774814239245
76, 14, -0.3958032058283154
11, 24, -0.4085813170282552
49, 20, 0.734708959074406
60, 18, 0.0287200022150572
25, 23, 0.4064282479785102
101, 0, 1.990007660051591
95, 6, -0.02490217772667794
55, 19, -0.02490217766254745
85, 11, -0.2782354143708379
69, 16, 0.2782354139591714
35, 22, -0.5561765426639527
12, 24, -0.01505929564279073
65, 17, 1.198494028724742
73, 15, -0.2020079097118288
43, 21, 0.2020079096959436
99, 3, -1.15196506301076e-10
26, 23, -0.4822244717380332
100, 2, -1.155759249122423
98, 4, 1.155759249568087
13, 24, -0.7518341214845539
90, 9, -0.8226642277763434
92, 8, 0.6774711655582896
50, 20, -0.6110851440739735
80, 13, -0.6220355195234585
36, 22, 0.5859544272936121
101, 1, 1.552254850089539
97, 5, -1.552254850053541
88, 10, -3.583838999712277
14, 24, -3.583838999346945
94, 7, -0.009351295565830503
61, 18, 0.009351295716987005
83, 12, 1.022879886037299
56, 19, -0.9816756065519174
77, 14, 1.118727402001683
27, 23, 1.307083082411948
44, 21, -0.0469564032713452
70, 16, -0.5593112030659597
15, 24, -5.25127247482497e-05
66, 17, -0.232409799898403
86, 11, -1.064349192332428
102, 0, -0.02581752808447392
96, 6, 0.01106596823059587
74, 15, -1.345635716921288
37, 22, -1.34563571751263
51, 20, 0.9481957600574485
28, 23, -0.9481957596172348
16, 24, -0.06071080591399825
100, 3, 0.01852447684290211
45, 21, 0.001481321379025524
62, 18, 0.9256328355637461
99, 4, -1.39046028664949
57, 19, 3.221484249396873
-12, 25, -1.390460287110933
101, 2, -1.388576424490122
-11, 25, -1.388576424639714
-10, 25, 0.168984224549023
91, 9, 1.189302331847949
93, 8, 0.8476528739665018
-9, 25, -0.8476528741009853
81, 13, -1.164421531601148
17, 24, 1.674491103697593
-8, 25, -1.674491103419884
-7, 25, -0.9023335370301802
29, 23, 1.017766327455303
78, 14, 1.474062710724422
38, 22, -1.474062710583415
89, 10, 0.04285339322410016
-6, 25, -0.04285339298766907
84, 12, -0.001841201510227585
98, 5, -2.098375412608948e-10
102, 1, 0.3440482423186146
95, 7, -0.3440482423660416
-5, 25, -0.3823414607417323
71, 16, 0.3610946709427346
67, 17, -1.218992784331409
-4, 25, -1.218992783486761
52, 20, 0.7670248524845905
18, 24, -0.01252703299266768
-3, 25, 0.09465342199376425
75, 15, -0.001831187692287344
46, 21, -0.9389906407983137
-2, 25, 0.9389906410325249
87, 11, -0.4021442526487239
30, 23, 0.4021442528056534
-1, 25, -1.544798896117304
97, 6, 0.02748777229591273
58, 19, -0.02748777227305753
39, 22, 1.116057807701279
103, 0, 1.479810731055688
19, 24, -0.4798107315897304
63, 18, -0.4682705491771575
0, 25, 1.1539924885893
1, 25, -1.274209651387728
101, 3, -1.300420433259053
82, 13, 1.496714312625159
31, 23, -1.048923941033653
92, 9, -0.4197889353788383
53, 20, -0.4197889353337719
100, 4, -0.0438108423642147
20, 24, 0.04381084318796626
102, 2, 2.515416232884261
94, 8, -2.515416233426654
79, 14, -0.05484314128197851
2, 25, 0.05484314127248563
72, 16, -0.01122836104084052
85, 12, -0.5350258451284537
47, 21, -0.5350258452173453
68, 17, 1.248245397982898
90, 10, 0.3343868882479353
40, 22, 2.015369539172243
3, 25, 1.645993918651089
99, 5, 0.9137427364066568
96, 7, -0.9137427361017524
103, 1, 1.286475359860046
21, 24, -0.004828886835146573
59, 19, -1.087455093582144
76, 15, -0.02698340245879974
4, 25, -0.02698340263808029
32, 23, 1.315659220499314
64, 18, 0.04596853068440941
88, 11, 2.323113242692159
5, 25, -0.3420980042611823
54, 20, 1.402317696940124
98, 6, 0.1802241532600811
22, 24, 0.180224152232501
48, 21, 0.003432913323556378
41, 22, 2.571484053617828
6, 25, 2.571484053968121
104, 0, 0.04830878775763941
83, 13, 0.6056665075991244
33, 23, -0.6056665080982662
69, 17, -0.008981009731631569
73, 16, -1.321568113876847
7, 25, 1.321568113454058
80, 14, 1.407398781961066
102, 3, 0.02041132610023811
93, 9, -0.02041132581289679
95, 8, -0.6938656156704959
23, 24, 0.6938656150238159
86, 12, -1.882815133498809
101, 4, -0.1148043382423355
60, 19, -0.114804338775108
103, 2, 0.2802873673999708
8, 25, -0.3169358667069312
91, 10, 0.2531250558873477
65, 18, -0.7625615497282956
77, 15, -1.014622239760473
42, 22, 1.683234537660656
97, 7, 2.562717967673738e-10
100, 5, -0.01161974394627229
55, 20, 0.01161974360637458
49, 21, -1.588947891160404
9, 25, 0.9182425038105159
34, 23, -0.9182425041192858
104, 1, 0.1321638111476493
24, 24, 0.0004686375118756855
89, 11, 0.8920261333142566
10, 25, 0.2552903782217349
70, 17, 0.6877929501435875
99, 6, 0.01121377025756539
74, 16, 1.888922142614781
61, 19, -0.03052216508722539
25, 24, -0.030522164445018
84, 13, -0.8097550924473472
11, 25, -0.8097550916767282
43, 22, 0.1117174380219066
35, 23, -0.1117174382232956
105, 0, 0.003432609724840999
81, 14, 0.8410077687473614
50, 21, -1.616485205149676
66, 18, -0.009463980610336337
56, 20, 0.7216516521001027
94, 9, -1.1106947643102
87, 12, 0.00833588305559887
12, 25, -1.15525681068547
103, 3, 0.4766529323775469
96, 8, 0.002687184468811002
78, 15, 0.004637782461452821
102, 4, -3.353417380877098
92, 10, 3.35341738123596
104, 2, -0.2141650458680417
26, 24, -0.2141650463204914
36, 23, 1.23974869889982
13, 25, 1.008734662638044
98, 7, 0.7869055397938189
101, 5, 0.5853082866714496
44, 22, 0.05749492565541408
105, 1, -1.988686928503012
90, 11, 1.988686928627792
62, 19, 0.003054027641131845
71, 17, -1.37275498606043
51, 21, 0.002495560999635581
27, 24, -0.002495561627065027
14, 25, 0.8094378369763368
75, 16, 1.135655989246302
57, 20, 4.254253122346375e-10
85, 13, -1.03962332065794
67, 18, 1.039623321352891
82, 14, 1.0750888680307
100, 6, -1.897221623444391
37, 23, -0.04463225939148393
15, 25, 0.1363187832282617
106, 0, -2.677844432855232
45, 22, -0.1745099531639778
88, 12, 0.9233705579234821
28, 24, -0.9233705572291896
79, 15, -0.4728303308335931
95, 9, 0.4103798307149155
97, 8, -1.490868251492458
93, 10, 0.9770771203773037
104, 3, -2.644147709872554
16, 25, 2.644147710042231
103, 4, -0.02633272388956806
52, 21, 0.02633272469649935
105, 2, 1.145581543251545
63, 19, 1.145581543548781
38, 23, 1.315292914827432
72, 17, -1.248794801471881
-13, 26, -2.001852226580234e-10
58, 20, -1.190823316651554
-12, 26, -1.190823317056846
99, 7, -0.06712348532401244
-11, 26, -0.06712348556652258
29, 24, 0.7098341207182165
-10, 26, 1.637389303811802
102, 5, -0.05938109494342192
91, 11, 0.05938109546030109
17, 25, 0.05938109510875657
-9, 26, -0.05938109487984099
76, 16, 0.2634475782350308
-8, 26, -0.01404166596610954
68, 18, -0.6202088846709956
46, 22, 0.6202088848310612
106, 1, 0.4575717630816372
-7, 26, 0.4575717625933042