d = 67, symClass = C, D = 9.195312, Y = 0.05646276545194598
[5.941542931003747, 5.941599626883077], 5.941598304805304
1, 0, 1
2, 0, -1.558178299746154
3, 0, 0.5444411529235562
4, 0, 1.427835791637425
0, 1, -0.489637385173194
1, 1, -0.6691968244769806
2, 1, -0.9153956344275466
5, 0, -1.138237845364371
3, 1, -0.7558918131589253
6, 0, -0.848280309460353
4, 1, -0.5796932892994318
5, 1, 0.2030265943532751
7, 0, -0.9974602543796195
6, 1, -0.5454708131477111
8, 0, -0.6664550739287933
-1, 2, -1.548219816276991e-06
0, 2, 0.7628112919953974
1, 2, -0.4095209040819967
7, 1, 0.1716287552251642
2, 2, 1.042582468859394
9, 0, -0.7035650594878343
3, 2, -0.3353821490778444
8, 1, -0.3333207049188198
4, 2, 1.426294648735906
10, 0, 1.773531481563404
5, 2, 0.4865982658325852
9, 1, 0.3557697726823551
6, 2, 1.177935542425889
11, 0, -1.091973279065501
10, 1, -0.06271306906253067
7, 2, 0.5539612006919145
12, 0, 0.7774086972361398
8, 2, 0.9033840252291213
11, 1, 0.2310180654729456
-1, 3, -0.5938191771701458
0, 3, -0.2663887871374619
1, 3, -0.07112978847853238
2, 3, -0.801740480374281
9, 2, 1.034486014931297
13, 0, -0.874171143347984
3, 3, -0.3644899606882901
12, 1, -0.6016597022090141
4, 3, -0.8155467324071958
10, 2, -0.3161977984013424
5, 3, 0.1234412240673905
14, 0, 1.553971763602318
13, 1, 0.499283448379878
6, 3, -0.4983481035471053
11, 2, 1.009758003415847
7, 3, -1.481933874418368
15, 0, -0.6194808773869112
14, 1, 0.9876562935199564
12, 2, 0.8498467615863236
8, 3, -0.8894661099711541
16, 0, -0.389380204477993
15, 1, 0.3270407412620057
9, 3, -0.4114536103534584
13, 2, 1.148357473225265
-2, 4, -2.553817308262808e-06
-1, 4, -0.1640131017424781
0, 4, -0.6990651237860434
1, 4, 0.8284990533832184
10, 3, 0.2762523820849792
2, 4, 0.638003251334777
17, 0, 0.2291377025425354
16, 1, 0.7497003459457866
14, 2, -0.2676456354659093
3, 4, -0.5750140706506301
4, 4, -0.9554016307977292
11, 3, -0.7398137674042764
5, 4, -0.3614660058401059
17, 1, 0.3508019471634774
15, 2, -0.3042027867396315
18, 0, 1.096214365289435
6, 4, 0.5225440574678488
12, 3, -0.3155603025276598
7, 4, 0.8243189024836132
16, 2, 0.5194419762157028
18, 1, 0.1521384913268894
19, 0, 0.3964540511846089
13, 3, 0.5008726308834872
8, 4, -1.306834670259456
9, 4, 0.3361309788917786
17, 2, 0.4168829069480056
14, 3, -0.4789810539426131
19, 1, -0.5155712817804323
20, 0, -1.624548027292737
10, 4, -0.7594588988315035
-2, 5, -1.086488522793457
-1, 5, 0.2148348084395034
15, 3, 0.1096963700298802
0, 5, 0.5578051971592115
18, 2, -0.5544459229100152
1, 5, -0.7904183970187215
20, 1, 0.6810158629916023
11, 4, -0.543838144977858
2, 5, -0.06635498531977535
21, 0, -0.543210595460458
3, 5, 0.3009250700514615
16, 3, -0.03694800582435791
4, 5, 0.6617173978638929
12, 4, -1.079494670811062
19, 2, -0.03061589764959654
5, 5, 0.7614385397846778
21, 1, 0.695916523046751
22, 0, 1.701634309256935
6, 5, -0.1575049399680585
17, 3, 0.4295687978819013
13, 4, -0.3108468350808993
20, 2, 0.09760070660303809
7, 5, 1.128087756332983
22, 1, 0.4854580096020711
14, 4, -0.8630649493271554
23, 0, 0.746532449331917
8, 5, 0.07075320100171241
18, 3, -0.2969366501001697
21, 2, 0.3750118217360462
9, 5, -0.6366221264671995
15, 4, -1.275796221651538
23, 1, 0.5219154689803458
19, 3, 0.2440191282627518
10, 5, 1.041837051294238
24, 0, -0.3626011475458867
16, 4, -0.8276887126632149
22, 2, -0.3596353624756797
11, 5, -0.5438903502157958
-3, 6, 3.171758640909504e-06
-2, 6, 0.9251598367715589
-1, 6, 0.4755542873258886
0, 6, 0.4151425526739245
20, 3, 0.9088704926790283
24, 1, -0.0835196621859513
1, 6, 0.145852567996153
25, 0, 0.2958479878076392
2, 6, 0.1109126573844898
17, 4, 0.1906434799904973
12, 5, -0.3769498387043625
3, 6, -0.22286993892267
23, 2, 0.993823127091878
4, 6, 1.24959160159461
21, 3, 0.09347599617629723
13, 5, 0.4269670944917597
25, 1, 0.8663285043728273
5, 6, -0.5175235307700439
18, 4, -1.61191213417979
26, 0, 1.361844771961716
6, 6, 0.5675374739052185
14, 5, 1.00529515965121
24, 2, 0.9372950415305648
22, 3, 0.5933303633889647
7, 6, -0.1826541084435126
19, 4, -0.6143908690152052
26, 1, 1.655600542381227
8, 6, 1.270596626131065
15, 5, 0.8603969682811792
27, 0, -0.9272968019868926
25, 2, -0.1151881282688307
9, 6, -0.1824917954670729
23, 3, 0.9545179646567101
20, 4, 0.2899699572182705
16, 5, -0.4622788846528003
10, 6, -0.1921153584513302
27, 1, -0.7200527986997211
28, 0, -1.424163391240214
26, 2, -0.7780911971504242
21, 4, -0.3868042756277156
17, 5, -0.05597375349123888
11, 6, 0.1427642920039005
24, 3, -0.1815019724108561
-3, 7, 0.4924187672865339
-2, 7, -0.6353580287200867
-1, 7, -1.129673483938526
12, 6, 0.7764541625285197
28, 1, -0.1959137657876587
0, 7, 0.4883058385014565
18, 5, 0.5419272897584152
29, 0, 0.2383977978606268
1, 7, 0.09559160133870065
22, 4, -1.573333989428369
27, 2, 0.2568327610165632
2, 7, -0.8045459117500511
25, 3, 0.1556422474011524
13, 6, 0.5342071951201843
3, 7, -0.6028393937588793
4, 7, 0.3754121137273462
19, 5, -0.2439392148845372
29, 1, -0.3666550712430058
14, 6, 2.309035076928763
23, 4, -0.2315618591640739
5, 7, 0.04018816206522961
30, 0, 0.9653846450240821
26, 3, -0.3200696167588467
28, 2, -1.538746625825584
6, 7, -0.9633885518888592
20, 5, 0.6597898015213657
15, 6, 0.2648930843697243
7, 7, 0.6673955904453996
24, 4, -0.7787900646436076
30, 1, -0.9198160936529138
8, 7, 0.147117449777665
31, 0, -0.8084626295358958
27, 3, 0.1936457472017163
16, 6, 1.38590769655652
29, 2, 0.6844550074535399
21, 5, -0.01165797393083657
9, 7, -0.7867793381653031
25, 4, -1.348022071240369
17, 6, 0.3748935040964698
10, 7, -0.1592657803069418
31, 1, 0.1991802602620439
22, 5, -1.051912231416896
28, 3, -0.2735819670930086
32, 0, 1.27333958369126
30, 2, -0.5094809217314352
11, 7, 0.1964474827175908
18, 6, 0.6411933345408199
26, 4, -1.789224327696693
12, 7, -0.197864464151605
23, 5, -0.9663455413740754
-4, 8, -1.655837702637244e-06
32, 1, 0.9610423438981687
-3, 8, 0.08480150373439863
-2, 8, 0.2554387689998436
29, 3, -0.05818595341731072
-1, 8, 0.3134193788446558
19, 6, -0.9825712580502031
0, 8, 0.3263630119105485
33, 0, -0.5944176168793063
31, 2, 0.3372016097111166
13, 7, -0.818750372789552
1, 8, -0.3341007231548165
2, 8, -1.290639844090853
27, 4, -0.8723425399182387
24, 5, 0.1272755152549075
3, 8, -0.6026867688403733
14, 7, 0.9130681397042573
20, 6, -0.4304904605235589
4, 8, -0.5844901579798214
33, 1, -0.03784465269961395
30, 3, -0.03413667271767005
5, 8, 1.3370267912741
34, 0, -0.357015513640688
32, 2, -1.168228294067126
15, 7, 0.2603545609940783
28, 4, 0.2449943320934454
6, 8, 0.8958742347348576
25, 5, -0.2310625973032529
21, 6, 0.301645844435004
7, 8, 0.3716321121425483
16, 7, -0.4587220719300543
34, 1, 0.2463235490013723
31, 3, -0.1546561191868218
8, 8, 0.4454176695006759
33, 2, 1.37747493015336
35, 0, 1.135694949969793
22, 6, 1.152457496065172
29, 4, -0.5345038248871972
26, 5, -1.180769590915156
17, 7, -0.2604480189824967
9, 8, -0.09214243795429725
10, 8, 0.5640497094857956
32, 3, 0.08351104923514882
35, 1, 0.400358729351261
23, 6, 0.02317414627320129
18, 7, -1.439584268356867
27, 5, -0.6943868438877512
34, 2, -0.5472746741045906
30, 4, 0.4739307972421101
36, 0, -1.005896400552716
11, 8, 0.4009251921487085
19, 7, -0.9415296486060728
12, 8, -0.4786806078564715
24, 6, 0.4934020155772775
33, 3, 0.1256139146063057
36, 1, 0.1721254299281555
28, 5, -0.3742792695511656
31, 4, 0.8160746942788972
-4, 9, -0.1821988896143437
-3, 9, -0.3228138587262553
13, 8, 0.09391177636377861
35, 2, -0.3972783821932073
-2, 9, 0.0900644260255051
37, 0, -0.4849758391277868
-1, 9, 0.1572085562351492
20, 7, -0.03507520729094221
0, 9, 0.3451585992594323
25, 6, 0.2733192766925106
1, 9, 0.5036862211603025
14, 8, -1.284884549409186
2, 9, -0.1542097925768352
34, 3, 0.09505720612308144
29, 5, -0.2340979130861542
3, 9, -0.03888924905751057
21, 7, 0.7537927043327034
37, 1, -0.04633595130080375
32, 4, -0.4762895820024274
4, 9, -0.02714817772255059
15, 8, 0.1573016671672148
36, 2, -0.2374022365244106
38, 0, -0.617854323015979
26, 6, -0.7805928629667477
5, 9, -0.6131834576350386
6, 9, -0.4363977321153442
22, 7, 0.8618991503471487
16, 8, 0.6098232360013101
30, 5, 0.6209806749365158
35, 3, 0.4073553306430271
7, 9, -0.4010575814931764
33, 4, -0.4719442416573158
38, 1, 1.026064631127035
27, 6, 0.563108886655813
37, 2, 1.532364618983621
17, 8, 0.205116065681694
8, 9, -0.1212085752604452
39, 0, -0.4757238084676985
23, 7, 0.1678210153943429
9, 9, 0.4707213340205436
31, 5, -0.1112066365631427
18, 8, -0.5243164329816052
36, 3, -0.3274626550484397
34, 4, -0.6498258187075563
28, 6, 0.7466429200580439
10, 9, -0.7148581086708444
39, 1, 0.3774215481466701
24, 7, -0.07100015854711317
38, 2, 0.8035708874390204
11, 9, -0.9263904288653627
40, 0, 0.7586524497972257
19, 8, -0.2819281277328229
32, 5, -0.6488842085953316
29, 6, -0.118392847956265
12, 9, -0.4440274948122107
37, 3, 0.5095736433659142
25, 7, -0.2400463280882033
35, 4, 0.05721310289393573
20, 8, 0.6948830314323475
40, 1, 0.7310991994781512
13, 9, -0.7972762519823943
39, 2, 0.8715052628222237
-5, 10, 1.857515435961761e-06
-4, 10, 1.693541372708794
33, 5, -0.6754437963670075
-3, 10, 0.3609256813445332
41, 0, 1.650603473893438
-2, 10, -0.334871344364847
26, 7, 0.1306149032002387
-1, 10, -0.3155305769167244
30, 6, -0.1721526091336184
21, 8, 0.6415199920043966
14, 9, -0.3170022930500782
0, 10, -0.8684454386183125
38, 3, -0.1929475665235856
1, 10, 1.017636349535835
36, 4, 0.5079703759580464
2, 10, 1.231731045304933
15, 9, 0.06716002234553525
41, 1, 0.2649833589336325
3, 10, -0.5002987020069196
40, 2, -1.060989430713121
22, 8, 0.8476256522591342
34, 5, -0.1378085346547284
27, 7, 0.3387614522470361
4, 10, 0.1039590223796513
31, 6, 0.9568129518655946
42, 0, 0.8459200129196301
5, 10, 0.466176202035341
16, 9, -0.9875620368011142
37, 4, 1.001039832788393
39, 3, 0.2717336514258143
6, 10, -0.4692709125467229
23, 8, 0.8159465378100059
28, 7, 0.578127734857523
17, 9, -0.06376087383817361
7, 10, 0.2847448799560154
42, 1, -0.9589441430480896
35, 5, -0.1954644942979944
32, 6, 0.05784813745970922
41, 2, 0.6659271028271545
8, 10, -1.031008498758776
43, 0, 0.2016263316082154
24, 8, 0.5038318747516025
18, 9, 0.6440475488080556
38, 4, 0.04781092676158606
9, 10, -0.7333831648068853
40, 3, -0.1024762731071762
29, 7, 0.7652213692555082
33, 6, 0.5497387272355169
10, 10, -1.186764469116598
36, 5, -1.264951551922493
43, 1, 0.1024538992139238
19, 9, -0.5112268027405086
25, 8, 0.2465407612770308
42, 2, -1.084261847180912
11, 10, -0.712541157709089
44, 0, -1.558982113373823
30, 7, 0.2123874775186815
39, 4, 0.4135134596921891
41, 3, -0.5470987624614368
20, 9, 0.104049434884685
12, 10, 0.2453875537545836
34, 6, -0.6690616741279516
26, 8, 0.4841894602229115
37, 5, -1.345597153815721
44, 1, 0.3699109643520853
13, 10, -0.1292755597161965
43, 2, 0.7471105658679086
21, 9, -0.8067783876277912
31, 7, 1.474348568560929
45, 0, 0.8010623264190224
-5, 11, -0.7215745548991839
-4, 11, -0.8417226850962981
40, 4, -0.08946889403621787
27, 8, -0.4816136159231005
-3, 11, -0.00547685308981038
14, 10, -1.757540181113157
-2, 11, -1.375585093985003
42, 3, 0.5375909038755274
35, 6, 0.4284516897608113
-1, 11, 0.1818727075079664
0, 11, 0.5346327099764056
38, 5, 0.05215977396297809
22, 9, -0.5668580502746342
1, 11, 0.7505935174933047
15, 10, 0.3818258665632143
32, 7, -0.04327430720686189
2, 11, 1.212640838047256
45, 1, 0.8656851608800677
44, 2, -0.7564406509850697
28, 8, 0.7907974833138376
3, 11, -0.5617252867470882
23, 9, -0.1441094666533994
46, 0, -1.16319496736639
16, 10, -0.1104016974288629
41, 4, 0.85969807904591
4, 11, -1.119281372692736
36, 6, 0.4625745487972247
43, 3, -0.9826677089888274
5, 11, -0.07542117200469495
39, 5, -1.182418426680371
33, 7, 1.327930040198529
6, 11, -0.1485758911046753
17, 10, -0.08738606077272887
29, 8, 0.7658035800774463
24, 9, -0.4841939408579028
46, 1, -0.1176668097897664
45, 2, 1.26654208793473
7, 11, -0.6342663682026686
37, 6, 0.1497672144910769
42, 4, -0.584355350397767
18, 10, 0.9918702356084621
47, 0, -0.1369986749586878
8, 11, -0.7804220010244303
44, 3, 0.1207931445759849
40, 5, 0.3794707033969524
34, 7, -0.3810108076193707
25, 9, 0.1613690348818472
30, 8, 1.987764494058396
9, 11, 0.0642025103801474
19, 10, -0.2029062554460241
10, 11, 1.634100335420109
47, 1, 0.9042486568986428
46, 2, -0.8137366584537092
38, 6, -0.3801490209692825
26, 9, -0.6634368617627938
43, 4, 0.7868859378187302
31, 8, 0.7409889652096933
11, 11, 0.7306584141032122
20, 10, -1.62330957707466
35, 7, -0.2024977011805606
48, 0, -0.2119483829351017
41, 5, 0.1127883865814155
45, 3, 0.1780950179347619
12, 11, 1.379215382177097
27, 9, 0.5318659113931504
21, 10, 1.299460861099053
39, 6, 0.6251451065472956
32, 8, 0.3862805507595632
48, 1, -0.1499493820858488
13, 11, 0.7408753595887571
47, 2, 1.615981101631359
36, 7, 0.6280893992921247
44, 4, 0.3296968703645082
42, 5, -0.6508705348055089
49, 0, -0.005223707000738825
22, 10, 0.8474085925839295
46, 3, 0.6438563439646966
14, 11, 0.1367021410754217
-6, 12, -5.400513739539776e-07
28, 9, 0.3019830979523548
-5, 12, 0.2181204931399449
-4, 12, -0.8478197500694588
-3, 12, -0.08930428836148134
-2, 12, -0.7407620814888162
-1, 12, -1.203958639908237
33, 8, 0.1593872964064982
15, 11, -0.7478253653398119
0, 12, -0.3806356255608845
40, 6, -1.416215168578599
23, 10, 0.3519809448799641
37, 7, -0.000867100254982022
1, 12, -0.6504318274537745
49, 1, 0.1975815840608555
48, 2, 0.1300266305318931
2, 12, -0.2272097769032193
45, 4, -0.2891754263236293
29, 9, -0.333549421484235
43, 5, -0.128607529034122
16, 11, 0.6127144186982655
3, 12, 0.4509143749590918
50, 0, -0.4607191272788639
47, 3, -0.4575697158555556
4, 12, -0.1015949455477957
34, 8, -0.2969820896539893
24, 10, 0.5872619260742317
17, 11, -0.05237833235771249
5, 12, 0.1734034207164561
41, 6, -0.4197980464262773
38, 7, -0.241695297463352
30, 9, 0.1504167081541359
6, 12, 0.3473375838480577
50, 1, 0.3138592842911488
49, 2, -0.267618167068915
46, 4, -1.548485571459196
25, 10, -0.5538593476090202
18, 11, -0.2126455780609952
44, 5, 0.01658092355034846
7, 12, 0.4874038340747689
35, 8, -0.1136598989607416
51, 0, 0.124799703918219
48, 3, 0.408134836149655
8, 12, -1.144956274062617
31, 9, -1.302365145784369
39, 7, 0.6415221602679975
19, 11, 0.166721796382666
42, 6, -0.1456685237237779
26, 10, -0.6651766035591428
9, 12, -0.3129443728241336
50, 2, -1.349813019254939
10, 12, 0.8063644185460476
51, 1, -0.04224059503667675
47, 4, -0.1119735195444248
36, 8, 1.476962545075412
45, 5, -0.4050875742963973
20, 11, -0.1958058245524754
32, 9, -0.4889727622268623
27, 10, 0.4581852429826225
49, 3, -1.653212935418806
11, 12, 1.454202811843465
52, 0, -1.247859950549359
40, 7, 0.8075999388707625
43, 6, -0.831351902363631
21, 11, 0.2540367971869824
12, 12, -0.5201379926119452
37, 8, 1.711485882347073
33, 9, -0.4026319478376343
28, 10, -1.56646197595104
48, 4, -0.858818752117035
51, 2, 0.4528381652994748
46, 5, -0.3325465564810527
52, 1, -0.5536736190445147
13, 12, 0.3321123808260279
22, 11, 0.9996205564800721
41, 7, 0.1031570118347702
50, 3, -1.534711319646423
53, 0, -0.6189174933746633
44, 6, -0.9243591634901607
14, 12, 0.2845011639141724
29, 10, -0.2879475991627876
-6, 13, -0.02111274267732612
-5, 13, -0.6813746433594409
38, 8, 0.9572572183166608
-4, 13, -0.7699205238722986
34, 9, -0.4412899594862273
23, 11, 0.5718919813984108
-3, 13, 0.06779246496683737
-2, 13, -0.4383166141713582
15, 12, -0.1967534268768884
-1, 13, -0.5963209375943134
49, 4, 0.346348881903596
47, 5, -0.4482674020566588
0, 13, 0.4279312811924452
52, 2, -2.579533952042345
53, 1, -0.9844398053813234
1, 13, -0.3347663764957411
42, 7, 0.5440443927075347
16, 12, -1.164233040478831
24, 11, -0.9042353693050633
30, 10, -1.340591191073275
2, 13, 0.009961332074204927
51, 3, 0.1908687930215335
45, 6, -0.1655396894663889
54, 0, 1.444947103961781
35, 9, -0.6613635357856085
39, 8, -0.2895115253079813
3, 13, 0.4041791760846439
17, 12, 0.3084383863738774
4, 13, -0.2806801138695084
25, 11, 0.8623611676850981
5, 13, 0.4719676711899345
48, 5, -1.126279847560874
31, 10, 1.142787996061662
50, 4, 0.179536442421287
53, 2, 0.2176092685343206
43, 7, 0.1223321202143241
54, 1, -0.9320391380503597
6, 13, -0.1963772416461229
18, 12, 0.2844208557102176
36, 9, 0.4076588487205156
46, 6, -1.487156622617094
40, 8, -0.135184144930323
52, 3, -0.8297943128860754
7, 13, 0.1841290897248216
26, 11, -0.5049095444133542
55, 0, 1.243129172357334
19, 12, 0.9658215990031053
8, 13, 0.6996613132333755
32, 10, 0.7203363600179792
49, 5, -0.4183873792032332
9, 13, -0.8072128878489681
51, 4, 0.4813883377966129
44, 7, -0.3171432669709331
37, 9, -0.4672864696114786
27, 11, -0.7364860189383521
20, 12, 0.1761754836915388
54, 2, 1.122000352346725
55, 1, 0.4040865185430091
41, 8, -0.669255921763704
47, 6, -0.889135763714804
10, 13, 0.3512427395539316
33, 10, 0.9147835312317645
53, 3, 0.6706083386486725
56, 0, 0.6646046090641599
11, 13, 0.004719384355980329
21, 12, 0.4487404630122194
28, 11, 0.1554465347441214
38, 9, -0.6078381232215345
45, 7, -0.8361821923282232
12, 13, 0.5483585677668493
50, 5, 0.07117369412209765
52, 4, 0.7127514027301941
42, 8, 0.6025878098057208
34, 10, 0.08733498674943503
22, 12, -0.2226274614753153
55, 2, -0.0575274967585725
48, 6, 0.2827120117360851
56, 1, 0.2722508822638615
13, 13, 0.5847622433869342
29, 11, -0.3661422181610201
54, 3, 0.08288962854465859
57, 0, 0.2159048512222864
39, 9, 0.2726873123341339
14, 13, 0.9896693609608823
23, 12, -0.1127128472124991
46, 7, -1.325358194434006
35, 10, -0.6304192776759836
51, 5, -0.1777383609224766
43, 8, -0.05696447426245953
-7, 14, -2.524443793673261e-06
-6, 14, -0.7671019405784473
30, 11, 0.371922674540865
-5, 14, 0.43306684348006
-4, 14, 0.9901945317890823
53, 4, 0.5629257454011196
15, 13, -0.1764308409238596
-3, 14, -0.804862238804407
49, 6, -0.8677082268013991
-2, 14, 1.760355150813277
24, 12, -0.7114135041173995
56, 2, 0.3053035000807107
-1, 14, 0.6095567213774178
57, 1, -0.2193602692321678
0, 14, -0.7609394535254373
40, 9, -0.2715097729230964
16, 13, -0.1051422800624002
55, 3, 0.511894361160563
1, 14, 0.2464052151879131
36, 10, -0.8441959681329695
31, 11, 0.5260672839593525
58, 0, -0.3715294852165459
2, 14, -0.1489267417254947
47, 7, -0.4774215771522869
25, 12, -0.4235058008175034
44, 8, 1.441734980543209
17, 13, -0.353645982916675
3, 14, 0.1354533136779055
52, 5, -0.4348215633328484
54, 4, -0.4000643747788743
4, 14, 1.253439185723043
50, 6, -0.2425135724131739
41, 9, -0.03337594371552675
5, 14, -0.3892792399833856
57, 2, 0.7588668270702599
18, 13, -0.6891772832398296
32, 11, -0.01585686743162614
26, 12, -0.8322861492577487
58, 1, 0.3645704128651455
37, 10, -0.7265520456347364
6, 14, 0.9391821563811652
56, 3, -0.8381322696531275
48, 7, 0.6115175424309346
45, 8, -0.4755324220897634
7, 14, 0.4085130748269948
59, 0, -0.802565780149885
19, 13, 0.3976309103315221
53, 5, -0.7084902419094359
27, 12, 0.1832511057727575
8, 14, -0.5850817894937566
33, 11, 0.8255260910489718
55, 4, -0.4854581712593395
51, 6, 0.226970343521678
42, 9, -0.260774499764896
38, 10, 0.3799533203666942
20, 13, 0.1341769498763001
9, 14, -0.8836525600114147
58, 2, 0.5711482529144213
59, 1, 0.7076004227972001
28, 12, -2.115751181069859
46, 8, 0.3607164286235044
10, 14, -0.06257970045594853
57, 3, -0.2806875839471608
49, 7, -0.1712840571120886
34, 11, -0.4886298937286717
21, 13, 0.5002027189528109
60, 0, -0.8844733318175965
11, 14, -0.04497925411119622
54, 5, -0.1615556471896862
39, 10, -0.2918423406807523
43, 9, -0.3034594859672846
52, 6, 0.4988215367712137
56, 4, 1.409983052348807
29, 12, -0.1355298791406395
22, 13, -0.3394655293961195
12, 14, 1.501310159965469
59, 2, 0.1762363690660631
35, 11, 0.3411329746581878
47, 8, -0.09927540660109542
60, 1, -0.1562538162881457
50, 7, 0.7095881385758538
13, 14, -0.6150004171772815
58, 3, 0.05296545113269232
40, 10, -1.028012532782325
23, 13, 0.514654613789032
30, 12, -0.4126948308878328
44, 9, 0.2958157911502258
61, 0, -0.3783345514394965
14, 14, -1.039970985214149
55, 5, -0.2626449676289899
53, 6, -0.8219900521295811
57, 4, 0.9109022251512023
36, 11, -0.5572683761558496
24, 13, 0.2284861600824416
15, 14, -0.2434689841703551
-7, 15, 0.2535146262211875
-6, 15, -0.5916492599352959
-5, 15, 0.6759153030710655
48, 8, 0.3633906193233845
31, 12, -0.09354838696077634
-4, 15, -0.5744776366688517
60, 2, 1.432899491036976
-3, 15, 0.1170173333200915
51, 7, 0.7041248698820508
41, 10, -0.7470216882326766
61, 1, 0.1977846251170964
-2, 15, 1.03516292707687
45, 9, -0.1429287989406607
59, 3, 0.6039357669175387
-1, 15, 1.167881981358603
16, 14, -0.2292567814341972
25, 13, 1.251251871905069
0, 15, 0.3033732041531467
37, 11, -0.5719223306473247
56, 5, -0.755018854651384
1, 15, 1.138902811643097
62, 0, 1.259471397961853
54, 6, -0.3016801657822457
32, 12, -1.270039113916465
17, 14, -0.408807830496163
2, 15, 0.5582421165730898
58, 4, -1.066420802370906
3, 15, -0.4302515255516632
49, 8, 1.052779804871827
42, 10, 0.01821171615981786
26, 13, 0.7999661325585329
52, 7, 0.2174338857004595
4, 15, 0.3536655161363266
46, 9, 0.756882214084079
18, 14, 1.2257680475675
61, 2, 0.7826131771668845
38, 11, -0.5023031323296315
62, 1, 1.185867399089164
5, 15, 0.08106519653241177
60, 3, 0.3707819014845023
33, 12, -0.2962638247037848
6, 15, -0.03628942257510864
27, 13, 0.3860844265599002
57, 5, 0.7676623284085086
19, 14, -1.18004887045401
55, 6, -1.280981472462481
63, 0, 0.7017763671398962
43, 10, 0.59142323176333
7, 15, 0.5097710494942735
50, 8, 2.100388735916863
59, 4, 0.1011375248045116
39, 11, -1.037997896585127
47, 9, -0.6884518154989304
8, 15, 0.6629944459537795
34, 12, -0.5841407849780871
20, 14, 0.248138855804309
53, 7, 0.9767748101728135
28, 13, -0.5496910074535516
62, 2, -0.3102343814789505
9, 15, 0.1639017571426667
63, 1, -0.2892227028247646
61, 3, -0.7955966426545769
21, 14, 0.3346132415683791
10, 15, 0.9129296020058366
44, 10, 1.638844128169066
58, 5, -0.06526922875305453
56, 6, 0.4265492226426915
29, 13, -0.8968817483815045
35, 12, -0.6661492304313996
64, 0, -1.59419012842056
51, 8, 0.4596044174557701
40, 11, -0.4113358034546305
11, 15, -0.8067776787024445
60, 4, 0.4669563517653972
48, 9, -0.02015705163936008
22, 14, -0.3061661452593566
54, 7, -0.9907125752193371
12, 15, 0.3602612306141223
63, 2, 0.9877561831396965
30, 13, -0.5050400109799257
45, 10, -1.177552540202776
36, 12, -0.5875315395839208
64, 1, -0.5391057115906676
62, 3, -0.2399304187658141
23, 14, 0.104608440175451
41, 11, -0.2444830399012946
13, 15, -0.6910419770672572
59, 5, -0.5955427024746734
57, 6, -0.01667242512705782
52, 8, 1.639501568453585
49, 9, -0.0004712729244559234
65, 0, 0.9949493321719485
14, 15, 0.4108923821641753
61, 4, 1.038812905275858
31, 13, -0.9443015740874307
55, 7, 0.9475356839968639
24, 14, 0.3083446540205401
37, 12, -0.2899955934285364
15, 15, 0.4145069508017333
46, 10, 1.505665706630462
42, 11, 0.6250118135065905
-8, 16, -2.057621261045086e-06
-7, 16, -0.1567010295754975
64, 2, -1.49749239347007
-6, 16, -0.1320590365639652
-5, 16, 0.0358177146749525
-4, 16, -0.2340922475148764
65, 1, 1.704850990787216
25, 14, -1.891967544044579
63, 3, 0.3788420063573773
32, 13, -0.8253516473151939
-3, 16, -0.4959996169543405
53, 8, -0.5141894708550776
16, 15, 0.1653636890036189
58, 6, 0.09067493977042319
-2, 16, -0.4883604540907315
60, 5, 0.6848751108034536
50, 9, -0.5110690866977321
-1, 16, 0.06829537350936868
38, 12, 1.530831411226025
0, 16, 0.1906378944060274
66, 0, 0.9263285294392841
56, 7, 0.3325645413057502
62, 4, -0.5255020704791549
1, 16, 0.1944950432215133
17, 15, -0.125593112429698
26, 14, 1.275517386427476
47, 10, 0.3190401462428104
43, 11, -0.5787320376905621
2, 16, 0.5203857797258008
33, 13, -0.5792252884126622
3, 16, 1.336992311827937
18, 15, -0.0858125911196425
65, 2, 1.428788734932682
4, 16, 1.182715736790056
54, 8, 1.359362179308215
51, 9, 0.2338185650058165
39, 12, -0.1692384257853142
66, 1, -0.4578508381076816
27, 14, -0.2320994347767696
64, 3, -0.3189569689993052
59, 6, 0.2573114172130957
61, 5, 0.2623910060680156
5, 16, 0.07242385355622449
34, 13, -0.5850418932501256
19, 15, 0.5394194152723784
44, 11, 0.6330088146656976
57, 7, -1.16293890509446
48, 10, -0.1982360143683222
6, 16, 0.9388442133622531
67, 0, 0.8644988527269063
63, 4, 0.9855045404536683
28, 14, -1.422490637707683
7, 16, -0.1886190608359396
20, 15, 0.9281526560735487
40, 12, 0.394385187172286
8, 16, 0.2728022161282819
52, 9, 0.3646238806379465
55, 8, 0.4866443410088407
35, 13, 0.3791230166272053
66, 2, 0.05898862464004648
60, 6, 0.05314303025505482
67, 1, 0.09299445602546126
65, 3, -0.06755715657429766
45, 11, -0.7777041274625627
9, 16, -0.1363486666778007
62, 5, 0.54199250258738
29, 14, -0.6483633512369904
21, 15, 0.6140297794472093
49, 10, 0.7213802361701154
58, 7, -0.498223064827705
10, 16, -2.083119065766131
41, 12, 0.4175267621785212
68, 0, 0.3271851407526524
64, 4, 1.070430125254306
36, 13, -0.1887178027718402
22, 15, -0.6720005376573925
11, 16, 0.2377284939896225
30, 14, -0.4059461532942668
53, 9, 0.3707630352490023
56, 8, -0.1145404984292045
46, 11, -0.246114897366093
12, 16, -0.8209378013772581
67, 2, 0.4808668462239136
61, 6, -1.00364796598721
23, 15, 1.076232584763035
50, 10, 0.360256976998617
66, 3, 0.2642004712911314
68, 1, -0.3815951316570045
63, 5, 0.4296622492324489
42, 12, -0.4698159825421802
37, 13, -0.1173743828287272
59, 7, 0.2686074262506596
31, 14, -0.943856740532902
13, 16, -0.05593508244636426
65, 4, 0.1641897795379751
69, 0, 0.4065241806401066
24, 15, 0.03853772892239283
14, 16, -0.5787751225315285
54, 9, 0.3838731082803639
47, 11, 0.6207505362057605
57, 8, 0.8106453458597619
32, 14, 0.714738124463256
51, 10, -0.0004718842727721068
38, 13, 0.2701235592967353
43, 12, -0.2865684530459113
15, 16, -0.568720936137905
25, 15, -0.1404589040793797
68, 2, -0.383760390985986
62, 6, 0.2408464286611736
64, 5, -0.3140654812683107
-8, 17, -0.511592770355536
67, 3, -1.148528130699943
-7, 17, -0.4154800564185699
69, 1, -1.289258472407206
-6, 17, 0.6468005190825676
60, 7, -0.9073861396011764
-5, 17, 0.9412595032417491
-4, 17, -1.77679042599412
16, 16, 0.2605274074026628
-3, 17, -1.393460756642954
33, 14, -0.2948845937827615
-2, 17, -0.1430411059357113
48, 11, 0.6010706155774352
26, 15, -0.6311466209642763
66, 4, -2.146565699893396
55, 9, 0.8922255797492183
-1, 17, 0.5263794982310345
70, 0, -1.769229032154295
39, 13, 0.6607736914645316
44, 12, -1.056227118412608
17, 16, -0.8462862385627778
0, 17, 0.3773309245388128
58, 8, 0.8328187829195614
52, 10, 1.839859115634004
1, 17, -0.4977171208240224
2, 17, 0.2151376907668307
63, 6, 0.2040975851583966
27, 15, -0.346432164525132
34, 14, 0.4055774743516161
18, 16, 0.1436963493663368
69, 2, 0.59100431439782
3, 17, 0.03150567076584193
65, 5, -0.5684467371731556
68, 3, 0.1996481678624304
61, 7, -0.3635720453314982
70, 1, 0.01889090204268555
40, 13, 0.4431483193696453
49, 11, -0.7181964806653139
4, 17, 0.8187157504537662
45, 12, -0.6945511633978126
56, 9, 0.3767152116770901
19, 16, 0.5326986764807373
5, 17, -0.2098709676481197
67, 4, -0.3814896366839506
28, 15, 0.5261773617947475
53, 10, 1.707983228541872
71, 0, -0.03121484974068372
59, 8, 0.6334281750857589
35, 14, -0.4852788319470594
6, 17, -0.5957211431542648
20, 16, -0.5161484411386479
7, 17, 0.494358711362697
41, 13, 0.3367248689804209
64, 6, -0.1300211802775999
29, 15, 1.350739939695883
50, 11, 1.109265068831524
70, 2, -0.6236880644565566
66, 5, 0.08168634203294661
62, 7, -0.1377266705775524
8, 17, -0.1011675596685637
46, 12, -0.03590018165296793
69, 3, 0.2842129472481577
71, 1, 1.293408495737435
21, 16, -1.419441143236014
36, 14, 2.243614887679593
57, 9, 0.132881501414446
9, 17, 0.3247330288059453
54, 10, 1.081331293995421
68, 4, 0.5008875179807323
60, 8, -0.4343305059889994
30, 15, 0.5669634753468207
42, 13, 0.6942826121189559
10, 17, 0.8350907260740384
72, 0, 0.4690270714097268
22, 16, -0.6253144481962827
51, 11, 0.266336390763495
37, 14, -0.4581348685593967
47, 12, -0.6843641717803135
11, 17, -1.123551777733665
65, 6, -1.156915033227804
63, 7, -0.3549257722782789
67, 5, 0.1555531421840174
23, 16, -1.077361616382345
71, 2, -0.2461284096608712
31, 15, 0.6096611121021361
12, 17, 0.6275461594206185
70, 3, -0.6071849286455426
58, 9, 0.5011913064680918
72, 1, -0.7261649236027737
55, 10, -1.149292531970021
43, 13, -0.1983228778922272
61, 8, -0.936357178412226
13, 17, -1.199704259570371
38, 14, 1.464678827476905
69, 4, -0.2466633397839603
24, 16, 0.2233132931937023
48, 12, -0.4504435335729914
73, 0, -2.91050226678884
32, 15, 1.969450062238945
52, 11, -0.5010012487746527
14, 17, -0.7448718420348067
66, 6, -0.1957555018841071
64, 7, -0.4819225736181498
25, 16, -0.1123461472414812
44, 13, 0.3496281940068841
68, 5, 0.2164639144869294
59, 9, -0.1377731162119762
15, 17, 0.4521403601698746
72, 2, -0.2694210921148176
56, 10, 0.584374787080029
39, 14, -0.4304261557219424
71, 3, -0.3592328497981839
33, 15, -0.2960410315785202
73, 1, 0.009568353734194004
-9, 18, -2.297290485719896e-06
62, 8, -1.271818177512219
-8, 18, 0.2840620513790624
-7, 18, 0.01087927965645646
-6, 18, 0.5035116843681047
49, 12, 0.7732094746351427
16, 17, -0.02271741663378649
-5, 18, -0.4549879573585378
26, 16, -0.1458595910498734
53, 11, -0.6335941906048362
70, 4, 0.6188270568977781
-4, 18, -0.1405060675609465
-3, 18, 0.2588914041571116
74, 0, 0.7557881685657433
-2, 18, -0.2447970933715194
45, 13, 0.245447318033993
34, 15, -0.5244896040834782
17, 17, -0.153312525319506
-1, 18, -0.4789089637059633
40, 14, 0.05452100676435782
67, 6, -0.8896534394781191
0, 18, -0.5369096977182047
65, 7, 0.3996628180001358
27, 16, -0.6673830196519004
60, 9, 0.494763064072121
57, 10, 0.6454621740329615
1, 18, -0.2523950602633329
69, 5, -0.1812113235140753
73, 2, 0.8850539475620571
18, 17, -0.7431554170356939
50, 12, -0.4261463558492309
2, 18, -0.7845537474025025
72, 3, -0.04539617080196618
63, 8, -0.2489645635464731
74, 1, 0.5654665270391951
54, 11, -0.2041393486417762
3, 18, 0.07935779369868057
35, 15, 1.686919566329909
28, 16, 1.176812269168639
46, 13, 0.5480747016041154
41, 14, -0.140313097853899
4, 18, 0.2401853948114427
71, 4, 0.5654999061466721
19, 17, 0.7520100629856998
5, 18, -0.792854272922527
75, 0, 0.1612295863429773
68, 6, -0.147411618448851
58, 10, 0.3640859039438958
61, 9, 0.08820538474974177
66, 7, -0.643884494704652
6, 18, 0.06045390148360075
20, 17, 0.3183544118588734
29, 16, -0.507264531492055
51, 12, 0.1037130589646823
36, 15, -0.2051247510429284
70, 5, -1.124188141959237
7, 18, -0.1241229246039094
42, 14, -1.174650356869602
55, 11, -0.2216650140517685
74, 2, 0.07220751197595551
47, 13, -0.5073742284283556
64, 8, 0.222132217297775
73, 3, -0.736671273421541
21, 17, -0.9502219362503527
8, 18, 0.04198255239813935
75, 1, -0.6391502821507823
30, 16, -0.2450279609269842
72, 4, 0.2173704887772754
37, 15, 1.295042988295038
9, 18, 0.288135236298413
59, 10, 0.2349413505805304
22, 17, -0.9898034071593584
76, 0, 0.5660068682671701
52, 12, 0.7151470423555926
62, 9, 0.1645470702020234
43, 14, 0.1545534516014053
69, 6, 0.5410359650535478
10, 18, 0.9551217509316634
67, 7, 0.09160879546554027
48, 13, 0.07609425068369609
56, 11, -0.6385249946557906
31, 16, -0.7209164506829925
71, 5, -0.5718252640307513
11, 18, -0.0177355983991629
65, 8, 0.706385783720707
23, 17, -0.2836244180293376
38, 15, 0.4091742189092537
75, 2, 0.9951081494864549
74, 3, -0.5840658380792291
12, 18, 0.6803869533692671
76, 1, 0.4126848536139107
44, 14, -1.343031559242261
32, 16, 0.3564676685365905
73, 4, 0.4388092359814332
53, 12, 0.1643576771616959
24, 17, -0.1299679126551116
60, 10, -0.967596761365357
49, 13, -0.1980908399109921
13, 18, -0.4006017145099614
63, 9, -0.1207344885757819
77, 0, 1.089361700658329
39, 15, 0.232386049122478
70, 6, -0.6346293363403216
68, 7, -0.360190321391075
57, 11, 0.4469103765248045
14, 18, 0.6248855531671332
25, 17, 0.1501679970429236
72, 5, 0.4719626527707544
33, 16, -0.4973295230473934
66, 8, 0.7352566954148105
45, 14, 0.2636982797894666
76, 2, -1.598515135087921
75, 3, 0.471514247470538
15, 18, -0.2816478350822519
54, 12, -0.8776637751307708
77, 1, 0.1552058407831895
50, 13, -0.3286597798592876
40, 15, 1.012487961934674
61, 10, 0.9948973698700158
26, 17, 0.06536628590767975
74, 4, -2.387803360322904
-9, 19, -0.08755599352394688
64, 9, -1.118099330305542
-8, 19, -0.984038187839252
34, 16, -0.3194365040183963
16, 18, 0.1887768487029826
-7, 19, 0.1970661335242857
58, 11, -1.21732502777766
-6, 19, -1.101841288895329
-5, 19, -0.2205299525100974
69, 7, -1.290880865791233
-4, 19, 0.7599775019803714
71, 6, -0.4678487938963982
78, 0, 0.741147736450149
-3, 19, -0.7723927130047578
46, 14, -0.2612994432963517
27, 17, -0.26594128355117
17, 18, -0.2041474010540624
-2, 19, -0.05493674719638554
67, 8, 0.5604890830168399
73, 5, -0.795531490855663
-1, 19, -0.7308670119375367
41, 15, 0.520652393753654
55, 12, -1.449179563608358
51, 13, -0.2765469785342162
35, 16, 0.2141459054942562
0, 19, -0.1940363365348137
77, 2, 0.8692300559972657
18, 18, -0.7334474691278217
76, 3, 0.5635381601468973
1, 19, -0.3386784757986974
62, 10, 0.1733402031376753
28, 17, -1.135455334780511
78, 1, -0.02405303490060524
2, 19, -1.175078698743302
65, 9, 0.187307429263587
59, 11, -0.1126408099904434
75, 4, 0.1605432540770773
47, 14, -0.5640056403184103
3, 19, 0.1325937209155088
19, 18, 0.7176078411381014
42, 15, 0.5473311064483056
70, 7, 0.06237781650313981
36, 16, 0.4803977475914197
72, 6, 0.510162575939591
4, 19, -0.2378097098813338
79, 0, 0.3351894990646362
29, 17, -0.5077675746471969
52, 13, 0.5067855412438401
68, 8, 0.5955265636243592
56, 12, -0.6842156216620827
5, 19, 0.4573412186526634
20, 18, 1.114188992032545
74, 5, 0.9393358094543485
6, 19, -0.7964316963676855
63, 10, -0.4694085670328468
78, 2, -0.5881861078758781
48, 14, 0.1106873287613223
77, 3, -1.32128072022376
37, 16, 0.933204802824023
60, 11, 0.1560306670323096
43, 15, -0.04534426317825629
7, 19, -0.3185233816130024
30, 17, -0.115099205068953
66, 9, 0.3229764614068848
21, 18, -0.09948195145729896
79, 1, -0.1466921151110055
76, 4, -0.7361147080342498
8, 19, -0.4010175885782142
71, 7, -0.6875663862352565
53, 13, 0.8289318585662527
73, 6, 0.0202891891397282
57, 12, -0.3344985128237947
22, 18, 1.44360460141771
9, 19, -0.2615095793887928
80, 0, 0.4433370163165091
69, 8, 0.4711741287181169
31, 17, 0.2262566897784115
38, 16, 0.4390092191277006
49, 14, -0.5525410223931239
44, 15, 1.857649719692462
75, 5, -0.3720960443165642
10, 19, 0.2022708000063685
64, 10, 1.011007419957735
61, 11, 0.2687226298575656
23, 18, 1.126652493074189
79, 2, 1.240570278693957
11, 19, -0.999945514609707
67, 9, 0.7501126466238417
78, 3, 0.9012750550497585
32, 17, 0.6679122676662734
54, 13, -0.826538747875267
80, 1, 0.6421985042494006
39, 16, -0.7568412383230917
58, 12, 0.184382448254245
77, 4, 0.1434101993119129
12, 19, 0.6491167768597477
24, 18, 0.6916095947187867
72, 7, -0.05872282158303154
45, 15, 0.4684875031700177
74, 6, -0.7939320470351214
50, 14, 0.3739542047716132
70, 8, -0.08914298903235818
13, 19, -0.998463546501098
81, 0, 0.1987768362535563
33, 17, 0.3195829936805446
65, 10, -1.307122440826094
76, 5, 0.1684309808945032
62, 11, -1.165908658665997
25, 18, -0.3273244906091098
40, 16, -0.3243402307880374
14, 19, 0.01581055692334086
68, 9, -0.2139455132805206
55, 13, 0.1156057022254222
80, 2, -1.139100500645984
79, 3, -0.6472994582632178
46, 15, 0.4559534992478941
59, 12, 0.1472661830179169
51, 14, -0.6558806728395813
34, 17, -0.2098413082707779
15, 19, -0.7167046218013462
26, 18, 1.242115340938454
81, 1, -0.9957356569780798
78, 4, -1.357894053392091
73, 7, -0.7816041260726646
75, 6, -0.06277051532543461
41, 16, 1.30939779004337
71, 8, 1.196456688636065
16, 19, 0.2510275045916703
-10, 20, 1.240423396965973e-06
-9, 20, -0.04439310259447924
-8, 20, -1.551793937406448
-7, 20, -0.4917390551648714
66, 10, 1.052492758971692
-6, 20, -0.5623404351713905
63, 11, -0.002747136958761486
27, 18, 0.2361022904813285
82, 0, -2.571836269551106
-5, 20, 0.1866764676740678
35, 17, 0.5783759938713439
-4, 20, 0.306943504085823
56, 13, 0.1754028395441604
77, 5, 0.2853558656652432
47, 15, -0.7672560978499444
17, 19, 0.3247132605040778
-3, 20, -0.1804496081043778
69, 9, 0.5196236176332727
52, 14, -0.2036867298901033
-2, 20, 0.4917068429480676
60, 12, 0.1577435625874432
-1, 20, 0.6683980513399962
42, 16, -0.9994290007091418
81, 2, 1.367230890740377
80, 3, 0.5394195642188364
28, 18, 0.4940044021743449
0, 20, 0.795507022197974
18, 19, 0.4829769530144569
36, 17, 0.1835407523259617
1, 20, -0.3875208074845932
82, 1, 0.4700756903531513
74, 7, -0.765187986527386
79, 4, 0.7101454882533903
76, 6, 0.300626986206235
2, 20, -1.585592175394606
72, 8, -0.2372601332124801
48, 15, -0.2516610939581959
64, 11, 0.4396313013141264
67, 10, -0.9357152388188313
19, 19, 0.4040083789865612
57, 13, 0.03608434604181468
3, 20, 0.3395972879581511
29, 18, 0.3554793643193323
53, 14, -0.02984687573756494
83, 0, -0.3450949740372239
43, 16, 0.4304017981752679
4, 20, -1.128425355767764
78, 5, 1.115299677843714
61, 12, 0.3598944799376493
70, 9, 0.6562481667817237
37, 17, -0.06700123246534755
20, 19, 0.1773284692258204
5, 20, -0.9429559143021521
30, 18, -0.1044793090717529
82, 2, -0.4128237304666881
6, 20, 0.7795090972230361
81, 3, -0.3920588282431104
49, 15, -0.01663059832862846
21, 19, 0.4854804172741873
75, 7, 0.2773014418726518
83, 1, 0.5369738244124737
7, 20, -0.8078151077164664
58, 13, -1.128899054572677
80, 4, 0.972179384787343
44, 16, -0.7767694602129436
65, 11, -0.3856452584525079
73, 8, -0.2410957459925289
77, 6, -0.2017790004365381
38, 17, 0.2954212154831262
68, 10, 0.2146333175443993
54, 14, -0.5278415131041828
8, 20, -0.09522590118466673
31, 18, -0.3109978447527814
62, 12, -1.490911075355652
22, 19, -0.03970256393797012
84, 0, -0.7753880174946362
71, 9, 0.4476913587258366
79, 5, 0.3951427507409955
9, 20, -0.9589570382715794
50, 15, -0.3144842541322113
45, 16, -0.2156911337061541
39, 17, 0.02563010215036389
10, 20, -0.7263202453621779
23, 19, -0.6458699116982873
32, 18, 1.538753887770994
59, 13, 0.4898608767848042
83, 2, 0.5241528715027927
82, 3, -0.5403660259442202
55, 14, 0.2897563325647393
66, 11, 0.5955870098829713
76, 7, -1.105918663266829
11, 20, -0.962833279265239
69, 10, 0.4346827585536826
74, 8, -1.559672483894432
84, 1, -0.0182327370132142
81, 4, 0.1922165693553866
78, 6, -0.4234793991121875
24, 19, 0.3956242853458302
63, 12, -0.2107241002716599
12, 20, 0.4298820730525279
33, 18, 0.07770229619706469
51, 15, -0.03039815952851091
40, 17, 0.424696523508742
46, 16, -1.271524700936969
72, 9, 0.2346293972528538
85, 0, -0.2610164564553967
80, 5, -0.8532439181418124
13, 20, -0.1462146151867951
25, 19, 0.4680885955958068
56, 14, -0.9007111974811928
60, 13, 0.3240031130096503
34, 18, 0.09929444995748569
14, 20, -0.4435440251334715
67, 11, 1.303793853489893
83, 3, 0.4467255338564866
41, 17, -0.215375990769638
84, 2, 1.493883035233435
70, 10, 0.3044484406026666
77, 7, -0.2300467238742521
26, 19, -0.6131497536070122
52, 15, -0.03356971378360171
64, 12, -0.05284637849865516
75, 8, -0.6352759363273938
47, 16, -0.236743081662771
82, 4, -1.03767131257509
15, 20, 0.6545198932594847
85, 1, 0.3619086020260586
79, 6, -0.4120890415047265
73, 9, -1.251055169233781
35, 18, 0.6721515351208219
16, 20, 0.9446837171444141
57, 14, 0.30237256728987
27, 19, 0.3311791679079916
61, 13, 0.387684176416317
-10, 21, -0.1641904455862317
-9, 21, 0.2681022006818742
81, 5, -0.116604267793032
42, 17, 0.3336275730080334
-8, 21, -0.299823230300553
86, 0, -0.3141912591855965
-7, 21, 0.5922749147145998
-6, 21, -0.3458211478659106
-5, 21, -0.6365722443225524
48, 16, 0.2945156592727127
68, 11, 0.2657196864334158
-4, 21, 0.2912263077649878
53, 15, -0.266866267163956
17, 20, -0.3754958642969974
-3, 21, -0.6150242662437623
71, 10, 0.6127353592797656
36, 18, -1.003467604648294
65, 12, -0.4405799783824149
28, 19, -0.05381942930981232
-2, 21, 0.7480462196287686
84, 3, -0.1066246994931368
85, 2, -0.1329243584457601
78, 7, -0.1982796751879235
76, 8, -0.04358743889494018
-1, 21, 0.4437991915979741
18, 20, 1.142561180145851
80, 6, 0.1596599622314537
83, 4, 1.237900352454153
43, 17, -1.169579044483843
0, 21, 0.2658083582251449
86, 1, -0.3545861942388522
58, 14, -1.192183590317962
74, 9, 1.759823679648992
1, 21, -1.59289252047912
62, 13, -0.6739299136806151
29, 19, 1.329834155910448
49, 16, -1.203805360087279
19, 20, -0.9039688328761514
37, 18, 0.186150720049561
2, 21, 0.5040293798520692
54, 15, 0.2950871878980553
82, 5, 0.9171231072198772
87, 0, 0.1298961056582605
3, 21, 0.05200125969116162
69, 11, 0.3774378189849818
66, 12, -0.8565396787843454
44, 17, -0.6250509216199589
4, 21, -0.333521327080074
20, 20, 1.087234043075117
72, 10, 1.970991314268361
30, 19, 0.04442225593685888
79, 7, -0.7401042185107827
5, 21, -0.9960518704723326
85, 3, -0.006680448928867083
77, 8, 0.287955509462139
86, 2, -0.1597215976898363
38, 18, 0.7965873059076293
59, 14, 0.2927585149778272
50, 16, -0.3841615672295731
81, 6, 0.1398397971493609
6, 21, -0.4379278780434792
63, 13, -0.4097878210638277
21, 20, -0.0842842703526416
84, 4, 0.9934928909692161
87, 1, -0.2379532664190846
55, 15, 0.8419867439685884
75, 9, 0.08480483244808756
31, 19, 0.5446146551612373
7, 21, 0.07104719005133585
45, 17, 0.9624609082431133
22, 20, 1.110116688146755
70, 11, 0.1584851024418593
83, 5, 0.8183119324110547
8, 21, -1.42261280375171
39, 18, 0.2908543669609021
67, 12, -0.6505222693022714
88, 0, 0.7279905471499358
73, 10, 1.120325187686048
9, 21, -0.3281740161763022
51, 16, -0.0481256895062051
32, 19, -0.08447191882866208
60, 14, -0.3309070716860744
23, 20, 0.6774393340235234
80, 7, -1.219507434701355
78, 8, -0.6442796878653565
64, 13, 0.05250540716005703
56, 15, -0.1952401750263285
86, 3, -0.5344954705767136
10, 21, -0.6361734850195582
87, 2, 1.90385382712955
46, 17, -1.781734868653294
82, 6, 0.8523795519993008
40, 18, -0.1620146536004499
85, 4, -0.4162808956831034
76, 9, 0.231588388162031
88, 1, -0.05826530609216685
11, 21, 0.4782822114176165
33, 19, 0.1705236760842133
24, 20, -0.2245500061419009
71, 11, 0.5682283645704944
68, 12, 0.6133694082572806
52, 16, -0.4439480101586373
12, 21, 0.2042591810407208
84, 5, -1.035425802889503
61, 14, 0.134695281648977
74, 10, 2.096472121768181
89, 0, -0.05523654935795376
47, 17, -0.7225113475878769
25, 20, 0.4116762699648069
41, 18, -0.2754400930957578
57, 15, -0.1326870722829096
34, 19, 0.01377879370957889
13, 21, -0.01606475160003965
65, 13, -0.177409557257741
81, 7, 0.7452034545663354
79, 8, -0.709176726989768
87, 3, -0.1994566354843511
14, 21, 0.7999113065700555
88, 2, -0.5765180433095199
26, 20, 0.2013703864608698
83, 6, -0.3353973349825655
77, 9, -0.04783196567684471
53, 16, -0.1380412331467317
86, 4, -1.164160398676898
89, 1, -0.6269763439832533
35, 19, 0.8821174374167809
42, 18, 1.25670066138091
72, 11, -0.7611894004163386
48, 17, 0.4912602281282761
69, 12, -0.1259954070405432
15, 21, 0.0218897989077039
62, 14, -2.297148899819291
58, 15, -0.04444161832697666
27, 20, -0.07752803906254793
85, 5, -0.3996474996050872
75, 10, 0.3466281675424969
66, 13, -0.4516374833649356
16, 21, -0.9120307816875314
90, 0, -1.248085946600393
-11, 22, 2.37820715066134e-05
-10, 22, 1.12446462381521
-9, 22, -0.4718684018728647
-8, 22, 1.311616639412764
36, 19, -0.6099818198553706
-7, 22, 0.5189795761367333
80, 8, 0.04177419513420393
82, 7, -0.1793021289222371
43, 18, -0.06517341867660174
54, 16, 0.7503695248928302
-6, 22, 0.008677006357035135
17, 21, -0.3732333277720045
-5, 22, 0.3081262287553268
28, 20, 1.610407577863799
49, 17, 0.6548609449783003
-4, 22, 2.143082225421031
88, 3, 1.371167467671772
78, 9, -0.1742443632675279
89, 2, 0.5686454280767447
-3, 22, -1.015911790378363
84, 6, -0.8376088110594163
63, 14, -1.031899799329067
70, 12, -0.667607027661312
-2, 22, -0.283279058242125
87, 4, 0.5842369971402551
73, 11, -0.473602573454737
59, 15, 0.2151500806088538
18, 21, -0.524335577027393
90, 1, -0.9656667432107435
-1, 22, -0.5478475840775291
37, 19, -1.232453553887271
29, 20, 0.2694626361882463
0, 22, -0.8330777951247385
67, 13, 0.6873024673928865
76, 10, -0.0812100313659625
44, 18, 0.8832717185936437
86, 5, 0.6700154304607097
1, 22, -1.047982452920336
55, 16, -0.5201994999397531
19, 21, 0.2413440603583903
50, 17, 1.373158182647197
2, 22, -1.16949894396728
91, 0, 0.8718277889146906
81, 8, 0.2465635881315676
30, 20, -0.594806068357384
83, 7, -0.5501789352947661
38, 19, -0.3628340665203668
3, 22, 0.3669802895047943
20, 21, -0.4962828022491204
64, 14, 0.06745192913272291
60, 15, 0.3589822911921577
79, 9, 0.2344580120544479
4, 22, -1.889357991695253
89, 3, 0.40961421140015
71, 12, 0.3203529038689551
45, 18, -0.342389498894808
85, 6, 0.09991368753063429
74, 11, -0.05431038375513197
90, 2, -1.348660767557119
5, 22, -0.09785499704832615
88, 4, 0.6933313106401446
21, 21, 0.3632625751110012
68, 13, -0.6248487647555565
51, 17, -0.1732475028721179
31, 20, -0.5086851524276444
56, 16, -0.3689982863566245
91, 1, 1.393510014593393
6, 22, 0.8752958125037579
77, 10, 0.08594284825025744
39, 19, -1.230881063244159
87, 5, -0.1549946411719201
7, 22, 0.7350006302425103
22, 21, 0.1118613541561928
46, 18, 0.2246750535266046
61, 15, 1.312177542076524
92, 0, 1.06572732841931
32, 20, 0.1013358085391756
65, 14, -0.5976894835780243
82, 8, -1.339614944059819
8, 22, 1.743957185402107
84, 7, 0.600261599656807
72, 12, -0.424106303122444
80, 9, 0.8946357047986536
40, 19, 0.02542009206754465
52, 17, 0.1465465476947205
75, 11, -0.5027867379727731
9, 22, -0.1716637668574817
23, 21, -0.4224614896373726
57, 16, -0.2970381698489173
90, 3, -0.500676546968662
86, 6, 1.531167393509346
91, 2, -0.511413698984214
69, 13, -0.1085306002307057
10, 22, 0.1173700069671424
89, 4, 0.4978734574831701
33, 20, 0.8245636721165486
47, 18, -0.9919371583491881
78, 10, 1.842250747163421
92, 1, -0.4163602363735973
24, 21, 0.0801094989983983
11, 22, 0.4471095564692724
41, 19, -0.824774477131423
62, 15, 1.498619807720061
88, 5, -1.123175048192875
66, 14, -2.069266732878504
53, 17, -0.2166371307674557
12, 22, 0.231593085738079
34, 20, 0.1358421126583304
83, 8, 0.4127437108471131
58, 16, -1.193185469505588
25, 21, -0.9376597894176222
93, 0, -0.4399147082431032
85, 7, -0.4929256363861026
73, 12, 0.6115786376611819
81, 9, -0.2503865596069552
76, 11, 0.2363616275879656
48, 18, 0.7543412570434095
70, 13, 0.1711904531009628
13, 22, 0.1212554905671334
42, 19, 0.3091316284300998
87, 6, 0.3723969215355172
91, 3, 0.1184171984543676
92, 2, 0.1833667975804624
26, 21, 0.2053773640947582
35, 20, -0.9383882612930784
79, 10, -0.2416642994070082
90, 4, -1.973440400475358
14, 22, 0.9883175092813445
63, 15, -0.006453389245091107
54, 17, 1.125872783410271
93, 1, -0.2394032376452852
67, 14, 0.6462603878070463
59, 16, -0.3933606889895463
15, 22, 0.2045140349560113
89, 5, -0.7432891695063855
49, 18, 0.4917099609834999
27, 21, -0.4282370363540553
43, 19, -1.413638850627724
74, 12, -0.233608164656743
84, 8, 0.5353286996407223
36, 20, -0.9086611058833358
86, 7, -0.5163235953800653
77, 11, -0.1878151382629546
94, 0, 0.2136604525799142
16, 22, 1.216201956825779
71, 13, 0.6639997261939127
82, 9, -0.723584503693702
-11, 23, 0.4640542404635084
-10, 23, -0.03798820505653382
-9, 23, 0.792161702923869
28, 21, 0.8133052500552002
55, 17, 0.02295343892044401
-8, 23, -0.01796875474731915
64, 15, 0.6073457055641867
-7, 23, -0.8462718094271565
88, 6, -0.1881625496919974
17, 22, -0.1043407122227769
-6, 23, 0.3710899924630619
92, 3, -1.223948758218931
80, 10, -0.5912812187659322
93, 2, 1.097391835623956
-5, 23, -0.02077085827655144
68, 14, 0.5935539903626662
50, 18, -0.2513264249408157
44, 19, 0.08799509847024735
37, 20, -0.5598813584689042
60, 16, -1.821935879713276
91, 4, 0.7282769764067523
-4, 23, -0.3029482185710243
-3, 23, 1.191339233364097
94, 1, -0.452793539326009
29, 21, 0.1633290375949533
18, 22, -0.1002376306238554
-2, 23, -0.08341569411976302
-1, 23, -0.9527037845091825
75, 12, -0.733530214556672
90, 5, -0.1735394699173044
85, 8, 0.02228964912379675
72, 13, 0.09157899109636682
0, 23, -0.365541752292934
78, 11, 0.5910612835123167
56, 17, 0.2445767882373321
38, 20, 0.3162508532964505
19, 22, 0.3877073677329366
87, 7, 0.2018633549051865
83, 9, 0.2611724893710991
45, 19, 0.5375364423575401
1, 23, 0.4860486509752229
95, 0, -0.4512655623418575
65, 15, -0.5701922717232646
51, 18, 0.2041478429417845
30, 21, -0.08679205194711598
2, 23, 0.3752757519585727
61, 16, 0.6357883547577994
69, 14, 0.6081045455870923
89, 6, 0.0608893721483498
20, 22, -2.545910863874751
81, 10, 0.5069965350234507
3, 23, 0.4569220793040094
93, 3, 0.1083069714788409
94, 2, -1.409007329007428
39, 20, -0.3938442022624108
4, 23, -0.5372089598616622
92, 4, 0.7455240139819658
31, 21, 1.21309926211534
46, 19, 0.01970599349854374
21, 22, 0.2601682913708598
57, 17, 0.6840770176057739
5, 23, -0.4384338089427263
76, 12, 0.3483893145398955
95, 1, 0.9908551825582991
52, 18, 1.033736857420804
73, 13, 0.216928448061953
91, 5, 0.5992640588072857
79, 11, -0.5612283860825713
6, 23, 0.2366209557518405
66, 15, -0.5725752278251399
86, 8, -1.226204693641991
62, 16, -1.154455627694655
84, 9, -0.1490773747435686
88, 7, 0.05262062235942932
32, 21, -0.4943649549809137
22, 22, -1.138592205530059
40, 20, 1.48765371978158
7, 23, -0.4145104315514413
70, 14, 0.3156654452144483
96, 0, 0.6933774278435357
47, 19, 0.8497429355655762
8, 23, 1.248137233890927
82, 10, -0.1755985820231615
90, 6, -0.277540675832635
58, 17, 0.8255307689314261
23, 22, 0.7478738585628094
94, 3, -1.978551800938791
53, 18, 1.956936512138227
33, 21, 0.1070079527284183
9, 23, 0.5523643213874118
95, 2, 0.801688350098287
93, 4, 0.1359192115809496
77, 12, 0.2496639918658929
41, 20, 0.7031314428385035
74, 13, -0.7187914490542475
67, 15, 1.816097640259803
10, 23, 0.5128341296213169
96, 1, 0.05499704178460238
63, 16, -0.1556698530721519
24, 22, -2.148844254974546
80, 11, 1.281683620672101
92, 5, -0.6498062086374772
87, 8, 0.5494964812134598
48, 19, -0.3467023099749901
85, 9, 0.2545164494805656
71, 14, -0.3690375247468471
34, 21, -0.1617599083347979
11, 23, 0.2058961759972017
89, 7, -0.8848989181518238
54, 18, -0.8285980823071576
59, 17, -0.211468878180726
25, 22, 1.39208725483557
42, 20, -2.025021888419567
97, 0, 1.441625582959256
12, 23, -0.1037024722778675
83, 10, -0.1396310980877443
91, 6, -0.2675361172849769
35, 21, -0.1230102356295445
13, 23, 0.3646473056418396
95, 3, 0.880960510411162
78, 12, -0.9740870990644781
68, 15, 0.6902691528539644
49, 19, -0.5592259146607438
64, 16, 0.2261405508164872
75, 13, -0.004169260728575516
96, 2, 0.2336583420262677
26, 22, -1.154324326133861
94, 4, -2.517818518407759
81, 11, 0.1140516026176377
43, 20, -0.4934083894440098
14, 23, 1.026768394799406
97, 1, -0.5569004326652237
55, 18, 0.3198873103824405
72, 14, -0.9784663539355835
60, 17, -0.5926357520289629
88, 8, -0.1537975824526902
93, 5, -0.1914533472295523
86, 9, 0.4445666812801281
36, 21, -0.1073960151066239
27, 22, -0.08981417806792291
90, 7, -1.736728743410802
15, 23, 1.92666511390965
50, 19, 0.6596287637194674
84, 10, 1.014286542389745
98, 0, 0.007664037589467666
44, 20, -0.7762762023505567
65, 16, -0.1762330591533177
16, 23, -1.051012862260467
69, 15, -0.5259536201598518
92, 6, -1.002995589767038
28, 22, -0.2131211305295857
79, 12, 0.9708785803181298
76, 13, -1.019081516914035
37, 21, -0.1943882409268607
-12, 24, -1.946861637502188e-05
-11, 24, -0.2634878998284619
56, 18, -0.4704868166026416
-10, 24, -0.3399057712614821
96, 3, 0.523228343192807
-9, 24, 0.04603433149053808
-8, 24, 0.3955054225571614
97, 2, -0.8855996660569188
61, 17, 0.6239842313022244
17, 23, -0.3343138298543944
-7, 24, 0.1773169654320349
95, 4, 0.594929890091483
82, 11, 0.05905388364222628
73, 14, 0.4524469039263211
-6, 24, 0.1388988988735247
-5, 24, -1.021166016275457
51, 19, -0.007188529103017354
29, 22, 0.2318049687783707
-4, 24, 0.6787254931160716
98, 1, 0.5879350146059393
89, 8, -0.02149302240296896
45, 20, -0.3833095990597101
87, 9, -0.03178346429384159
-3, 24, 0.1704182383472318
94, 5, -0.8666367096722215
18, 23, -0.464632328516112
38, 21, -0.07144784953327253
-2, 24, 1.876003576914677
91, 7, -0.4980663161487737
66, 16, -0.2480920139647458
-1, 24, 0.3186522586014262
85, 10, -0.4750516130866698
70, 15, 0.5457410725878905
57, 18, -0.53485566166861
30, 22, 1.165013452274769
19, 23, -0.2540271760677014
0, 24, 0.1777083180681235
99, 0, 0.768434740698188
77, 13, 0.3052690294456529
80, 12, 1.297621131053706
62, 17, 0.1602661061671185
1, 24, 1.865858245245797
93, 6, 0.1833349198457726
52, 19, -0.1238886099397036
46, 20, -0.5482949061218774
39, 21, -0.4457588756143442
74, 14, 0.001553548119346945
2, 24, 1.013777315374415
97, 3, -1.230367969416719
20, 23, 0.102044428556067
83, 11, -0.9812985747170012
98, 2, -0.3080021865458574
31, 22, 0.129289850796516
96, 4, -0.1190244372793293
3, 24, -0.1815505066445597
4, 24, 0.2081082360446722
90, 8, 0.4505222791695335
88, 9, 0.6497943619921911
67, 16, -0.7973676640617189
58, 18, 0.5195230333573506
99, 1, 0.1814124225639935
21, 23, 0.2286616504697432
95, 5, 0.5869869251067338
71, 15, 0.3566398081877608
40, 21, -0.6187248002780882
5, 24, -0.03124876889408528
92, 7, -1.240830564730176
47, 20, 0.2072826570718704
53, 19, 0.0169575725287479
63, 17, 0.2069686228738351
86, 10, 0.2005047531492213
32, 22, -0.9548364511003836
78, 13, 0.4767128132025676
6, 24, -0.7026246542682524
81, 12, -0.4749897535416623
22, 23, 0.2165927210131495
100, 0, 0.4220496681291215
75, 14, 0.6602807776446027
7, 24, 1.048995639132053
94, 6, 0.7132211260428987
84, 11, -0.6503530684831019
41, 21, -0.9984231555286984
33, 22, 0.3662464245644205
8, 24, 0.04743569470973057
98, 3, -0.1726831504911696
59, 18, -0.07786305290367061
23, 23, -0.4996478689127762
68, 16, 0.2720561250979207
48, 20, -0.5382074585655835
99, 2, 1.249670738660781
97, 4, 0.06765666871556961
54, 19, -0.1719122195408153
72, 15, 0.0693261615797659
9, 24, -0.3280578318690798
91, 8, -0.4256749285332767
64, 17, -0.5477432048086827
89, 9, -1.650194756071556
100, 1, 0.08301020822502436
96, 5, -0.8667713660651094
24, 23, 0.3795763087505211
34, 22, 0.081986273088755
10, 24, -0.2705692368069806
93, 7, 0.01373215641189508
87, 10, -0.1985632761265132
79, 13, -0.5115232447017909
42, 21, 0.4968294027853197
82, 12, 0.6540231197424936
76, 14, 0.3764546158028553
11, 24, 0.9176859979697807
49, 20, -0.02506692132662586
60, 18, -0.23440475154202
25, 23, -1.24598196578979
101, 0, 0.653267457535707
95, 6, 0.1862943393249535
55, 19, 0.4697960599101675
85, 11, 0.2944524828195036
69, 16, -0.2381706076755815
35, 22, 1.510107517458586
12, 24, -0.3182384781744497
65, 17, -0.8931387765031725
73, 15, -0.2681835026064237
43, 21, 0.6921186530438206
99, 3, -0.02081167618057302
26, 23, -1.41725099973763
100, 2, -0.4891261405816656
98, 4, 0.4169815917232478
13, 24, -0.2541494067629355
90, 9, 0.0439405452072798
92, 8, 1.418844453151003
50, 20, 0.8627365489310217
80, 13, -0.682568585911805
36, 22, 0.3312735922448418
101, 1, -0.3193903357869068
97, 5, 0.1460022616798251
88, 10, -0.02564229855768265
14, 24, -0.7593357143782498
94, 7, 0.1379262182601307
61, 18, 0.6889905354602298
83, 12, 0.8696167042945103
56, 19, -0.6582082665495136
77, 14, -1.007065475136637
27, 23, -1.179576794552465
44, 21, -0.9359867169356751
70, 16, 0.1769546206452257
15, 24, 0.7277605822975385
66, 17, -0.5728517144753605
86, 11, -0.4980271911450208
102, 0, -0.1949292863150727
96, 6, -0.6353288538776023
74, 15, 0.6118940492824928
37, 22, -0.8421980392908852
51, 20, -0.5000828941966645
28, 23, 0.3901176899979565
16, 24, 0.5348504265277667
100, 3, 1.283472361275947
45, 21, 0.1419222001865598
62, 18, 2.02925293265655
99, 4, -0.2036748293364741
57, 19, -0.2993873000946237
-12, 25, -0.5535659360436593
101, 2, 1.0281031381704
-11, 25, -1.348284079349455
-10, 25, 1.237230112696375
91, 9, 1.32928794289794
93, 8, -0.2125359342933087
-9, 25, 0.3888502672434593
81, 13, -0.8861610766764255
17, 24, 0.03325908305549875
-8, 25, -0.04868252833540521
-7, 25, 0.6555916828705721
29, 23, -0.6315277950851402
78, 14, -0.9993573404985655
38, 22, -0.2598479104923034
89, 10, -0.161118396593927
-6, 25, -0.2288926290157882
84, 12, 0.1333483168272047
98, 5, -0.2760962730654453
102, 1, 0.03204211429442607
95, 7, 0.1743787130665042
-5, 25, -0.2446724821905952
71, 16, 0.2628909023011639
67, 17, -0.7551397987335279
-4, 25, 0.7973534854657066
52, 20, 0.609452400086565
18, 24, 0.4874124090204996
-3, 25, -0.4964543775387275
75, 15, -0.1260714049794319
46, 21, -0.3571014885420113
-2, 25, -0.1681725363395649
87, 11, 0.7090554805637224
30, 23, -0.9983456143490982
-1, 25, 0.9297282953744846
97, 6, -0.877197674962259
58, 19, 0.3343772753747894
39, 22, 1.197705752657223
103, 0, -0.719059947921062
19, 24, -0.1926603908840765
63, 18, -0.3896832394179088
0, 25, -0.1448083170193427
1, 25, -0.5206457007999094
101, 3, -0.2028834756901518
82, 13, -0.1782528992746344
31, 23, 0.8510425742219476
92, 9, -0.1065437938085074
53, 20, 0.507294624272256
100, 4, 1.236575908634736
20, 24, -0.7387486689805225
102, 2, 0.06601784341087538
94, 8, 0.1742015587272464
79, 14, -0.3929618090257742
2, 25, -1.282552295185465
72, 16, -0.6896658268440957
85, 12, -0.3436417544814968
47, 21, -0.5259320120773956
68, 17, -0.1325301432896384
90, 10, 0.6313170696645162
40, 22, 0.3049256358951832
3, 25, 0.3667013717900912
99, 5, 0.1426411819501563
96, 7, -0.3435053483912893
103, 1, -0.2181230467038774
21, 24, 0.2024346901342413
59, 19, 1.149117599832461
76, 15, 0.02448059504493386
4, 25, 0.03111224057319567
32, 23, 0.7335560586372825
64, 18, 0.7617064564728658
88, 11, 0.3641904784338676
5, 25, 0.899926922246619
54, 20, -0.7139669067066831
98, 6, 2.57596950525846
22, 24, -2.26545480417478
48, 21, -0.249561030185856
41, 22, -0.1765108411995369
6, 25, -0.522220171952727
104, 0, 0.5826330223237806
83, 13, -0.3890954412996943
33, 23, -1.055646749966191
69, 17, -0.4999406045443915
73, 16, -0.4105335659415087
7, 25, -0.08417083698289546
80, 14, -1.258325893760703
102, 3, 0.1340677582948374
93, 9, -0.08417133797676822
95, 8, -0.9081174891463861
23, 24, -0.5368619653547807
86, 12, 1.295409640945742
101, 4, 1.049335187533267
60, 19, -0.9697656501647473
103, 2, 0.9812734887246471
8, 25, 1.182961185894507
91, 10, 1.706042406584356
65, 18, 1.166265665642459
77, 15, -0.4102766937036554
42, 22, -0.3958142760445941
97, 7, 0.215341008272449
100, 5, -0.7747502369085979
55, 20, 0.6191292527789767
49, 21, 1.47816286109064
9, 25, 0.5682455559102414
34, 23, -0.405176788410412
104, 1, 0.551078071271134
24, 24, 0.2423703757107971
89, 11, 0.9834202952264325
10, 25, 0.07624601644975205
70, 17, 1.180723079164614
99, 6, 0.7501294230066676
74, 16, -2.666900301474793
61, 19, -0.7328398180884681
25, 24, -0.5415255101416518
84, 13, -0.8774681753674615
11, 25, 1.223896381285388
43, 22, 0.2839517759457896
35, 23, 0.487628752355771
105, 0, 0.6180811198827932
81, 14, 0.09188292764132608
50, 21, -0.4593254910651525
66, 18, 0.6272072069467172
56, 20, 1.435036784900592
94, 9, 0.8855746851300541
87, 12, -0.2907863196495019
12, 25, 0.2231969109914682
103, 3, -0.4076501015871241
96, 8, 0.4009100378085639
78, 15, -0.6427169396979368
102, 4, -0.7054088419846418
92, 10, 0.5178170809085454
104, 2, 0.8625676620879561
26, 24, -0.5176018034271037
36, 23, 0.4244259394973964
13, 25, 1.216608920549193
98, 7, -0.9851602235255444
101, 5, 0.7572818780158607
44, 22, -1.557037530823731
105, 1, 0.3636196529233092
90, 11, 0.3051908608964946
62, 19, -0.8416467999522632
71, 17, -0.2625268266717473
51, 21, -0.1418066137761729
27, 24, -0.05018368402275097
14, 25, -0.6100647211611625
75, 16, 0.04368972778236968
57, 20, 0.2339077158034113
85, 13, -0.3619648402742692
67, 18, 0.05628759190649837
82, 14, -0.160759077280497
100, 6, 2.390945465134029
37, 23, 0.8179404243817479
15, 25, -0.3425985090331307
106, 0, 0.9647212914014872
45, 22, 0.8512784448679335
88, 12, 0.8472205373313199
28, 24, -0.2607100235091262
79, 15, -0.4628498899367914
95, 9, -0.1836128519245503
97, 8, -1.126890415516778
93, 10, -0.2356419724080171
104, 3, 0.02157366559366364
16, 25, 0.5308017077516263
103, 4, 0.2110966753083209
52, 21, -0.07727959686393153
105, 2, 0.4890442220975296
63, 19, -0.4471856273703574
38, 23, 0.5902884142064363
72, 17, -0.17697714636673
-13, 26, 2.909628092088069e-05
58, 20, 0.4485870762686234
-12, 26, 0.03305163620258838
99, 7, -0.2797821053620212
-11, 26, -0.08124910872975091
29, 24, 0.8503160915478862
-10, 26, 1.061834486487012
102, 5, 0.2227814183252287
91, 11, -0.2841461888742988
17, 25, -0.3463843225307509
-9, 26, 0.5018674920486095
76, 16, -0.8772890352786725
-8, 26, 1.199326088095606
68, 18, 0.6875039537748757
46, 22, -0.8906813203368589
106, 1, -0.4164947180749928
-7, 26, 1.273692699679656
-6, 26, -0.1063907072870214
83, 14, -0.1809446098667138
86, 13, 1.129893347025449
-5, 26, 1.264878386298732
18, 25, 0.1544044981539785
-4, 26, 0.6831032107110939
39, 23, -0.6321200576991644
30, 24, 0.306833082035647
101, 6, 0.3018774390105456
53, 21, -0.4259349394253679
-3, 26, 0.7101726527376164
80, 15, 0.04248553861812482
89, 12, -0.07763430963077028
-2, 26, 0.9292815830118585
107, 0, -1.028486673133104
64, 19, 0.2814215307712695
96, 9, 0.0453267234349584
19, 25, -1.274128640039275
59, 20, -1.298650103561044
-1, 26, 0.4803113197580045
47, 22, 0.995401994008118
98, 8, -0.5395360834451637
94, 10, 0.6985987580734373
73, 17, -0.231871747245419
0, 26, -0.666801348202389
105, 3, 0.2181955620232418
31, 24, -0.4620234536446427
104, 4, 2.36390253253367
69, 18, 0.01224780238896386
77, 16, -0.01491902537583498
40, 23, 0.7947473481281566
106, 2, 1.533889466720986
1, 26, -0.5673661738903731
20, 25, -0.7532182684328315
100, 7, -0.127150336774215
92, 11, 0.5092962198011626
54, 21, -0.7836203029962342
2, 26, 0.5220726828522247
103, 5, 0.6735092453227632
84, 14, -0.8475819731427877
107, 1, 0.0670611847005755
87, 13, -0.589045643801083
3, 26, -0.2524467447229922
32, 24, 0.5429132020459672
48, 22, 1.40854331330603
21, 25, 0.04968569781942812
65, 19, 0.3180411444231017
60, 20, 1.228823154542582
81, 15, -0.3780002759040909
4, 26, -0.01599803624664661
41, 23, 0.8493146435507269
102, 6, -0.2979180120819246
90, 12, 0.2581950094279795
74, 17, -0.4870669763855264
5, 26, 0.7297764410176616
97, 9, 0.2511698017871319
22, 25, -0.620428931793421
108, 0, -1.323746813116908
70, 18, 1.030197633722756
33, 24, 0.2184429684188861
95, 10, 0.03501028902794572
55, 21, 0.8576772644314328
99, 8, -0.3786471923931873
78, 16, 0.4514496800656114
6, 26, -0.6294935020152838
106, 3, -0.8585023843499081
49, 22, 1.207145113474348
105, 4, -0.1373884448730106
42, 23, 0.07229608550779622
7, 26, 0.03874173985142631
93, 11, 0.5564192443436382
23, 25, 0.1370885458109065
107, 2, -0.1039032314663821
101, 7, 0.8407402072768906
61, 20, -1.385566190435545
85, 14, -0.533496741538677
66, 19, 0.4511984795265215
104, 5, -0.3251043854420649
88, 13, -0.1301508636217002
34, 24, -0.4803756605699995
8, 26, 0.4374410181067866
82, 15, 0.7561101731045291
108, 1, -0.9682331667473304
24, 25, 1.103461690711477
9, 26, 0.7324836470651578
56, 21, 0.8869231505343712
75, 17, -0.4490773404846504
91, 12, -0.2040507746643293
71, 18, 1.177283360226385
50, 22, -1.34392703367726
43, 23, 0.1364786634814345
103, 6, -0.8323427546780613
10, 26, -0.7353794266817373
79, 16, -0.7069516821857968
35, 24, 0.140353037581314
98, 9, 0.3133843003849668
25, 25, -0.1973576643307413
96, 10, 1.754716914384476
109, 0, -1.311679744152566
62, 20, -1.780655881524986
100, 8, -0.1643003358458197
67, 19, 0.8655026966597728
11, 26, 1.141083045352385
107, 3, 0.3117459258084935
94, 11, 1.425455431696232
106, 4, -0.339294703709995
86, 14, -0.1904265340210184
44, 23, 0.2153058367476127
57, 21, -0.5119721060975655
108, 2, 1.452701718676695
12, 26, 0.3054138225723076
102, 7, 0.1381991247396703
89, 13, -0.04088134869765275
51, 22, -0.3661215778181611
26, 25, 0.2143672557417526
36, 24, -0.2607176041559362
83, 15, -0.9062488007706321
105, 5, -0.7921828254106519
76, 17, 1.014535769602837
72, 18, -0.6351148918436393
13, 26, 0.3578109411262657
109, 1, -1.141515755928111
92, 12, 1.362355398294922
27, 25, -0.8359333928766118
63, 20, -0.05268340023560546
80, 16, -0.07897097055392961
37, 24, 0.4771254904464857
104, 6, 1.292868776712533
14, 26, -0.28712405820696
68, 19, 0.3828737547525797
45, 23, -0.2186776471283668
99, 9, -0.1624644488798808
52, 22, 0.7868845501508557
97, 10, -0.07516901630830275
58, 21, 0.2080379144475768
101, 8, 0.02137158958658525
110, 0, -1.936817876083768
15, 26, -0.300103911221154
28, 25, -0.6634840915544444
87, 14, 1.336448455533142
95, 11, 0.2941443561630311
108, 3, 0.09417129075384781
84, 15, -0.2041688205304966