d = 43, symClass = C
11.25485227946027

0.8203714067869062
1.480792411538126
1.851951394074371
1.692121197893881
1.984786459816809
1.129800731901925
1.586372694220386
1.568235996416622
1.570796326796238
0.9562272051558347
0.2074987008754045
1.150275349052307
2.156244591883194
1.989423975577208
1.931326071307874
2.273872821111608
1.167326074542361
1.350894400055696
1.489640769654913
0.9285828307383676
1.631322808834322
1.083684007768908
0.8664182263513814
2.215924676111743
2.424236491883912
2.300169999613372
1.028669361194904
1.998205084892444
0.7908340944015582
0.8039235606703307
1.634635013714957
2.367794748828822
1.004311074956444
1.955063949084815
1.554867494837693
0.8740821760490904
1.473194286908905
0.9158267808624684
1.962557452430135
2.269349589573499
1.609006285249685
0.534794052905177
1.038703003503994
1.032134107728285
1.880245506915224
2.598684439463835
1.045195028561347
1.907222755261896
2.215860322266194
2.57540551687883
1.962042894848244
0.7396848689311362
1.636623151810292
1.118924686369832
1.059014221050211
1.121017586899212
2.216574207285961
1.807640689205777
2.439993072739279
1.770969234250747
1.306023037845303
1.832030426162535
1.940428678518616
1.052730742261369
1.370932878540032
2.482084019186391
1.672769034387147
1.471616449538493
1.487553011604672
1.149687556558856
0.8571081809733436
1.03367790899982
1.484033204545499
0.9034524803713475
2.178185589842814
1.171199837837289
1.559475151861695
0.05648349622461474
0.9880794076434176
1.356637714873186
1.009706556011279
1.65494860672812
0.9911715377914302
2.31951228314605
1.490169863202022
2.186311924519914
2.347754007470518
1.460429868885579
0.5293895084131403
2.130143832877889
1.857645124383072
1.092590905586296
1.708506401257747
0.7793512076622741
1.292848006885021
1.519742332671542
0.8947301070469249
1.805456625708358
2.165400539659303
0.51509383509134
1.805535044679511
1.846015077210814
1.629661463477626
1.972613238034166
1.599809281892342
1.714728918541624
2.46464291198701
2.625067129311186
0.3314399539464676
1.263707399617708
1.270203789691497
2.517927930433205
1.423261037537526
2.112238110168782
1.384614043128748
1.817009057581586
1.183326617660076
0.8823306067868643
1.240621748461876
0.8118944897561665
1.031212325512362
1.609169986603127
1.770496518328914
1.362945686250675
1.73897811420874
1.298815169840296
1.678664371228005
1.044231422683662
1.26627180950818
1.67577517021276
1.845111815216885
1.501832760572604
1.555444034513173
2.6003296411904
2.529588457326383
2.245253390031875
1.492446412459867
1.29086683018564
2.028404771062457
0.4224581850704768
2.373539789395834
1.569659180745376
1.942405379985269
0.861821596646749
1.710746549638688
1.019273110547665
1.900241744881529
2.451919529084118
1.843936176636571
1.078721501100354
2.412432039741438
0.8333883687483118
1.468825476619193
1.508069331540814
2.616639106655811
2.331992769599437
2.407891614631862
0.6647771510463116
1.514821148565564
2.320187194452211
1.472296833777961
1.306751759317646
0.8994830531961064
1.897179751735595
1.074264622194928
1.739281662249949
2.58473846814489
0.2927362346719383
2.110428409396055
1.883912228317496
2.162651805759523
1.393946744202388
1.339135989872735
1.115469922778256
0.3284254240893191
1.805017964611845
1.264953968230579
0.5686224679298862
2.260678006544458
0.9611464318116761
1.908758194639315
1.767892500833735
1.70420605829887
1.272383509213118
1.368763323704002
0.4404210069216702
1.638650334312002
2.282725125121376
1.187786247758351
2.351914985893039
0.9200037069979831
1.963380433412804
1.112623724473244
1.144251260077412
1.625224802978524
1.843359397249415
1.811629932305243
2.121420096610733
1.613549648538356
1.485414449136305
1.152490645717435
2.450156913777899
1.797764786727456
2.260072907898029
1.813374760900764
1.944935302169364
1.896698499502702
1.083869797754946
2.836347379004566
0.8339626573331653
2.602427150409063
0.6841935577249227
2.22003904720466
2.035234714015841
2.02552953391601
2.076059421171068
1.274117050542507
1.350037653333153
1.317920587963045
1.435544911295943
1.745002277966626
1.750699861519413
2.280675117646489
2.640069203488915
0.7474630778146855
2.139132290087077
1.657673815654048
1.556710147149655
0.7051271436815103
0.9878558296995484
0.8803432099148238
1.992352529032473
1.157127632669457
2.252447524035993
1.136876987012894
1.703506661421476
2.436193113453786
1.545636877942148
1.85753794771001
0.9790472504860137
1.773602682861931
0.9278500595305379
1.388426271703183
2.17920506047283
2.723148826167791
1.091380729120695
1.671081551294276
1.483737515023024
2.13411517251309
1.000442524824259
2.029893009594558
1.943050374872049
1.618956009204555
0.6945917313272613
2.264771394977949
1.370980204943764
1.481595989991677
1.059853371507671
0.5140388389139956
2.030518029521814
2.603080013805763
1.869103951445503
2.020653339714207
1.382742251382662
1.80777597016425
0.5726063836097368
1.806457160310864
0.327971888459363
1.032014573227303
1.625774723355873
0.2838342770929
1.932856637924613
1.691294680831211
1.951820892720385
1.30140890786006
1.329337714842949
2.225628518693346
1.423895879768098
0.5093955980894999
1.912151057618051
0.7143003248526236
0.9305451167603204
1.532364700352078
2.498220610857902
1.513342505375366
1.018014508762983
2.625364118716206
2.257743350414481
1.620808497191609
1.126943291780558
1.565268590649494
1.413269748362927
2.294009404819277
1.616073110655574
1.674795936555853
2.324707442529605
0.4502207840455006
0.7749913011649393
1.589300685479168
2.536143920367641
2.419125432937639
1.155971743800035
1.885133645448841
0.9756936790433449
2.141356925896011
2.289805778599595
1.097122881403804
2.693823300014082
1.473991647657152
1.946099937313024
1.99537725262843
1.341490176043143
0.6231570456516468
2.161304201798769
1.513294558959805
2.518857658589265
1.87953943680524
1.842978693242268
0.9498885179510643
2.30595957812287
1.511195865842503
2.405921909989217
1.503911826160366
0.9276137295602781
1.436729654047787
0.9111072457361273
2.499603152294803
1.632740479834529
1.108811768744212
1.18283423871444
2.055371816007932
1.765967105836211
1.642088979440045
1.948913643675936
2.355140382515336
2.319822749262598
1.64379048917174
1.797941397311744
1.324900333883819
1.837273130153834
2.690201697883732
1.920479153669189
2.178664129214905
1.459577577084157
0.8024465350079276
1.941777312617313
1.338401553492125
1.190195482690139
1.201619236064407
2.358174227711844
1.479033168976794
1.780315165187154
1.995658478233267
0.8877763178045919
1.096154238961863
0.9885453347206667
2.691940745501288
0.9725796380724497
1.211590863316999
1.525203918714283
1.404674595359293
1.146474811004307
1.012350954713877
1.178618527140219
1.297970443589912
1.067278079610632
1.341720919622364
2.060757073332386
1.591668713275273
1.710814346008262
1.449216245150915
2.258671000265757
1.627672278771325
1.761679010413361
1.1842816202036
2.406281710765835
1.456120897205574
1.604390878700516
1.626836828186176
1.462809867960442
0.9938402707463619
1.482675804912569
1.807809767652192
2.122380711110269
1.907220783499181
1.181083097901077
2.221452322541298
2.349743614826978
1.671405073614138
2.792601881558855
1.792053318884306
2.03411503050045
2.402343677963408
2.389120268645519
2.476673389734203
2.46590396250301
1.951503958923271
1.164115029872343
1.26884996975491
1.552277071263099
1.172646694455781
2.259192116176229
1.543291646956053
2.529861146003369
1.572836075535304
0.3736213114750223
1.382767197595989
0.775287381088045
1.408253188014935
2.170838512814004
2.456620837854923
2.160845767571399
1.740745336871931
0.8749501369598534
0.9913878057016773
2.005968095935541
2.451216102577491
1.677643293676873
2.803207018306239
2.13215558787282
1.340604822270553
2.128096351231635
2.11437299496903
1.441744047214897
0.8866233710280863
1.409275056295032
1.519035854737987
1.180192612609918
2.556155892255433
1.17401237472303
1.750599955559238
2.697715969458582
2.325446956221031
0.9281963543729419
1.899863205189595
2.264928347545806
1.879528791439317
0.8631921130778184
1.922206184306045
1.011744931871142
1.929315814131391
1.653585754437162
2.017572993491214
0.6287968433380092
1.809976823958461
2.053360544594462
0.5192662315254633
1.610892877010098
1.632858983019126
2.039813645715834
1.628514398972433
0.9739339909888848
1.417400571645614
1.753422421258982
2.382285628906273
1.67594108686029
1.208685723452663
1.36660205892775
1.619375291964315
2.29030096742414
1.67409126809297
1.392743917768249
0.9678278064290339
0.9414461007633355
2.085969447798595
1.522353021837839
1.288201354443417
0.8546633950100153
1.545452640854873
1.911876604713988
1.207200915088704
2.028922432722852
1.693983150867132
0.9469188804172192
1.08058122491008
0.9731430661524364
0.8784412739330779
1.187122845759065
2.397383890211426
2.148496929817762
1.634605760959245
0.8429801228031703
2.07522876151076
2.829025442216926
1.825988541350651
1.092476582178842
0.4261619704740461
1.289940062651593
1.916175440199193
1.360835089021134
2.106523442317036
2.588004464140641
1.893529077115144
1.405107327898921
0.269924139120907
1.457800917188479
1.108892659734407
2.076078121371129
1.037524978585531
0.4804580469697133
1.748898967431829
1.534742152994742
1.653288084981339
1.930603869984042
1.144527925282152
1.583464280086977
1.898687139743414
1.577403439996855
0.4718256337755108
2.632147934686278
2.436393881162678
1.330885069386935
1.500902228701315
1.493716034194361
1.39464908128719
1.15094019380896
1.908984171097249
2.943140710861873
1.003071126694315
1.739469313423829
0.6073141119024521
1.618752791064168
2.271352526348555
1.545443073387412
0.5206549298647863
1.305932877193736
0.7273662524625955
2.36311396523855
0.9117833183396428
1.797521452754693
1.804670748547866
2.138356410843457
1.423102918750217
1.97846757018757
0.960388520754372
2.017478729655457
2.512617503093374
2.041800840005044
1.743147901098278
1.776430571216033
1.046883376238383
1.795274329940251
2.529753554965037
1.47512226815268
0.7911926858394025
0.8508308701296977
1.490821774160848
1.989576491605326
1.500383173202372
1.849146210773949
1.770976882528527
0.9608057030278583
1.62454722707512
0.8275332668901151
1.17865800997187
0.7777283803303151
0.9513938626587957
1.270761490290143
2.845712084093714
2.42078548360706
0.6665992669841492
1.999953968419545
1.384815953521798
1.117689427067868
1.436499306299398
1.610995959609039
2.596445749013599
1.899439211849651
1.40333275271179
1.351506654522609
1.717742969218031
0.4837762696318002
1.252994985155741
0.900440939234997
1.215597056656023
2.116296700673034
1.316373091414405
2.305224684582055
1.825420774660087
1.698640256291597
1.883166478641358
2.194621821154568
1.527938425159512
1.387763873974255
1.412855308963201
1.716200593813819
1.680039937237766
1.401121240703268
2.024057222302592
2.02325076639333
0.6024500064553328
1.701702574350257
2.287333984944966
1.352833292223139
1.273639568046575
1.736309112720703
2.654029962224006
1.612955864557489
0.387483338682573
1.656177053202649
2.217309451997804
0.7309960277331137
1.367794174721513
0.792779886530305
2.437346107725339
1.940768260891989
1.886921621094545
1.732045901232881
1.131554792537757
2.975685993856613
1.856047378599906
1.934357267982201
2.688676178484336
0.4752119481175158
1.829631448943422
2.001474603723308
1.046507314974243
2.739138505845028
2.660542445823769
1.142052185785718
2.68044791567847
2.370528451752127
2.961837461306134
1.826452843066371
0.9444751784854796
1.033139437879366
0.9186569922658404
0.8067648045736516
1.54806742930155
0.06451961591853617
0.9977176321506809
1.974139694719715
2.419381958625243
1.903309360610157
2.208707869866134
0.4227838188900094
1.084683898202386
1.661533892076334
2.271338201500566
1.55213147633665
2.058288284975597
2.165466582651117
0.977948152206482
1.353333184437474
2.181343162463708
0.8291928198663413
1.992115271918941
1.740962180596717
1.271876657582466
1.63753050122642
1.057802679393831
1.287603486165405
2.564225668390626
1.549568788479235
1.548372274911665
1.744973264850962
