d = 43, symClass = C
11.24458504570543

1.859580126990551
1.608320445934887
1.494541139368311
1.893455892008974
1.745125532988699
2.135535370994755
1.929798790957653
1.568273032038454
1.570796326794906
1.887637782419966
0.9469086041237602
1.895171810975563
1.647221838490197
1.761045886241315
1.890269004701021
1.845655330559908
1.394353362663822
1.332947003354916
1.941596387287746
1.707122317142915
0.8809562554910412
1.565560228400591
1.347799550798554
1.498653803229183
0.938558311354312
1.688929817877493
1.089125547658588
1.593898619112552
1.978190001710098
1.267029211579709
0.9307392581522845
1.71763432626533
1.451114264981933
2.241213036731206
1.769363765243826
2.67551081951326
1.580899399829426
1.247522780547872
1.761531932893409
2.11283360561266
1.590503373185734
1.259381777925669
1.107320711578976
1.344265454040845
1.433053279053168
1.717246804444708
1.510047297972577
1.627478024000845
1.848340686669101
1.779095069491896
1.532554211483282
1.964410779913792
1.425375713411206
0.6707066247175042
1.418638946904046
1.677698505029718
1.362395793707899
1.495473893746272
1.79818659754651
2.067420112264189
1.529765364324231
1.314626949279599
1.583766984528733
1.555872810678385
1.839119886047904
1.563831408137033
0.9423008572754872
1.592442847358127
2.69314716394195
1.699409465469144
1.706455539757284
1.416322932286682
1.188507632416516
1.918286742316999
0.5298523558855515
0.4796357648023518
1.222623839558769
1.326291032178958
1.715913810265245
1.615978073971946
1.645047643124903
1.712091369567764
1.899343387390638
2.214505671206423
1.622854439599487
1.140270397691281
0.9175231939100553
1.720031430675568
1.631202164288811
1.616758992253117
1.680060524384043
1.608083922331123
1.959029095287199
1.207300768387867
1.540770304981394
1.485809583674696
1.349277620533643
1.072265504114281
1.141322273792348
1.82552339636298
2.318564151038368
1.324935783610192
1.361702937509009
1.348674989414496
1.847238341337455
2.005015892750632
1.339714669350283
1.829530295944146
2.299401906241418
1.482963860992067
1.102850121851458
1.067820542366699
1.303769387379477
1.428306352893474
1.362520241632443
1.501185641841643
1.505721801541755
1.180963956271892
0.8364155993062486
1.289366797173467
1.205992108512485
1.82248164098773
2.037472194632689
1.804497702545522
0.9121013396849517
1.553839727427976
1.171784146060192
1.619682398567557
2.050321511759448
2.297021904495665
1.407325704726972
2.036885809337657
1.951767737950721
1.200404264693632
1.336923681871929
1.684348340315303
2.144857723967548
1.556354838085449
1.703496660649845
0.8774173356087119
1.244022881340905
1.991920849876206
1.494954759531717
1.52100311836629
1.82498487639143
1.201840514088883
2.027724548498901
1.134865675320744
1.93261773532137
2.494097427686697
1.582497395693901
1.814795760133583
0.9299921949576466
1.771210885826956
1.719016950223229
2.056976832890411
2.419128437710845
1.527207451027807
1.967674297960248
1.314738131271321
0.6945332348817557
0.9043677131577557
1.649260442460237
1.741095718139242
1.494920399104612
2.04075105431892
0.9960480283207912
2.0354757165359
2.070998755915708
1.910175453503384
1.535437604368679
1.681258316720943
1.475963601915894
1.399663556736042
1.318350863548465
1.464249414359796
1.665809098376312
1.97144755260174
0.8751081443061746
1.769426527516127
1.601322895678319
1.481385941329521
1.289013921572852
1.403164427277417
0.8501226057095496
2.307475738153117
1.414342617655371
1.331084164517868
1.197959278283065
2.176736499514528
1.762435384253348
1.864413652627022
2.15634850935849
0.887006301564629
1.267055222662024
2.227540315830756
1.514528002272437
1.548208757926981
2.081397869237436
1.728915359782195
1.66276519604115
1.502940005292756
1.405332020851797
1.598272304732764
1.589971779772195
0.6533999639973301
1.632424161459336
1.589847038746337
1.962611146857916
1.77149425998898
1.461423039894631
1.376926221519011
1.854972477084351
0.7266008558649094
1.496208308441141
1.561813855362864
1.979650615887877
0.9234532387449029
0.7054620048678975
2.152337121837956
1.348799799677653
1.344511570007004
1.527147501755016
0.9088779648823556
2.250147853980972
1.953550460660085
1.555986893587349
1.540870605027387
1.72304950917382
1.662026616675255
2.015381186813828
0.8392977472035883
1.609123502447206
1.013112360723902
1.439894141953137
1.271604598036416
0.7188703097197755
1.148409006155705
1.305795863047669
1.965486812775852
1.510764623452579
2.198776573253868
1.417346988975986
2.100236126426634
1.805599904423417
1.587511404335977
1.517369882298753
1.995846245117889
1.702859047817046
0.8408218029090636
1.616434646444169
1.957607432917265
1.420805635347711
1.719006316124202
0.9205068736326308
1.905418559150372
2.093869011168539
1.86325932002958
2.195033650335146
1.437669687398275
1.66186006635397
0.9943337971882242
1.229212584880518
2.22804757965265
2.024087837433679
0.9940999545008805
1.482403495670843
2.054572939676204
1.008309948365016
1.023848015768362
2.254198183296482
1.006320815787707
2.050152739494887
0.9293190066727972
1.402688991874236
2.064691830068724
1.708568191298385
1.199967895595436
0.7978297607719611
1.632033977627377
1.542398300998082
1.9298460448433
2.172959029211152
1.63768971872998
2.02093252179805
1.214184735724037
1.726735236485127
1.567994017596192
1.91645854985248
0.8486400728600005
1.265398451076583
1.812931316480618
1.48528961657343
1.851170995740218
1.660590592562143
1.654393592816238
1.784216541513706
1.551710694869686
1.713725827841614
1.551631865349363
1.217850954215148
1.618100991431401
1.168080120609667
1.693616038707985
1.714548864101607
1.607285033259136
1.072848705543838
1.711210654251605
2.010180506437252
1.409703105120925
1.574490676375581
1.233933713233939
1.770780702075344
1.088306813906355
1.812943160350905
1.337349002290655
1.864695897737771
2.102093683625849
1.412494181087122
1.680364274948607
1.853421353670533
1.914123870977028
1.97899000081681
1.699744129549768
1.304859511966456
1.666418850865179
2.270954092912614
1.416849121916998
1.814204253214432
2.011481179145468
2.222495539761726
1.242865477620198
1.064974538533794
1.588150273024427
1.884856214366397
1.092933858228865
2.275251236015377
1.400890237723533
1.362204482054682
1.630478166275594
1.434971021228931
2.388993367201428
1.565860647706005
1.367279009026756
1.786735557711824
2.221306900892314
1.297849892218103
0.9622422092044879
1.659049433156798
1.053067125478417
1.217228646935622
1.068212706081803
1.202182231178159
1.801070670457425
1.868647207486512
1.717372791203891
2.365015930121741
1.976832900254178
1.378111598812874
1.373723473912811
1.109470682775629
1.970996010020196
2.328287475965753
1.607640192773355
1.833368900320311
0.7870451556456892
1.86233466669035
1.834929039827089
1.611460043079267
1.161019497742435
1.861117155451778
1.833003953187425
2.018738031215477
1.658265738504967
0.7746449033743742
2.162388575272703
1.730863091839252
0.668942670884648
1.916988115105495
1.429818524248835
2.173914867329855
1.62734826766184
1.780196113992375
1.669842845494296
1.40232454402021
1.474496697999992
1.859394022896738
1.262906460542911
2.054256270031262
1.869345080054938
2.492251018114395
1.890016159766552
1.945726975152689
1.773003196315822
1.707799020169924
2.060459931918496
0.9400194203393814
1.846503344133394
1.466046859744203
1.853411043664749
1.959720666488076
1.786170572580007
1.16556396879368
1.017056095059937
0.8081605548092816
1.547210815555268
0.9629449320195057
0.4530812603518859
1.857063541152844
1.274377751257053
1.73533083307247
2.148072249110309
1.414740338083814
1.876429627164579
1.796633346333289
1.431658594734801
1.633346084821833
1.763052215606038
2.25959972378914
1.437629135938615
1.2801774253507
1.294857424829005
1.612982536716282
1.546316714450404
1.719474692103564
2.289591750762555
1.899416559816094
1.695829373181665
1.368324880720727
1.414594719234237
1.790966593541417
1.639714000559649
2.07835171163673
1.556051975291427
1.715470827385771
2.284802284545435
1.027383463450988
1.605993747830163
1.660272378100909
2.015018317917356
0.6820591096862487
1.658204619429891
1.979876106142937
1.270932095166486
1.772048360031448
1.164507404468963
1.297686437767552
1.35931565957501
1.782507095411906
1.570142194385988
1.017573116279506
1.83251013116804
1.456037591400956
1.430601527921741
1.171716513722834
1.019695385451224
0.9435434352768394
1.274572611759222
1.231418906802919
1.68328711790385
1.41049029739761
1.690032434998834
2.206344382993625
1.142275752256526
1.536161278829344
1.541917003092786
1.36978515185546
1.180490057238345
1.863826975195072
1.458502556077845
1.791917115581723
1.466309010060166
1.698583288931964
1.176586442013567
1.596742498269815
2.232932283070744
1.339359553334314
1.66847939974233
1.43147589420488
0.9208038175007033
1.630642240836949
1.410687098671331
1.615983920291681
1.347392789375849
1.280807718269846
1.998949261516079
1.708814182336294
1.440335979634396
1.36071785265233
1.614004640999157
1.900309362355415
1.091733555627727
1.301770924811606
1.695023521643494
2.826483807750409
1.168246045665159
1.546726722655053
1.635735323098274
1.684353251105776
1.772398340049103
0.97355654418952
1.106608850011732
1.763360338440851
1.26698670111226
1.70183902878084
1.65472847709698
2.262601497532864
2.171214243613271
0.9224615708189542
1.428096687670751
1.755804590835014
1.335143898605546
1.551777093198336
1.572900200636997
1.481252160254042
1.479153988821132
2.161783770935023
0.8861534361456973
2.074242167127883
1.428612686202991
1.539767233655535
1.455289868148362
1.214262852773824
1.618594817405576
1.765719880653373
1.031605024545001
2.118683749653227
1.101363358456148
1.015876957440569
0.6793687060724023
1.490647743194843
1.389023525794982
1.896481743813003
1.541041094338479
1.658522294607347
1.367403540318282
1.464268604372578
0.8184163067507932
1.301869840040182
1.699504735476098
2.007868910549674
1.794950207611785
2.071242366577211
1.597928574108533
1.35686958628809
1.550758092754641
1.576454609769474
1.469041826318376
1.031754766733113
1.254361293048808
1.650553014080309
2.615910697802471
2.014550616543454
1.174186079250678
1.544770920544728
1.610003038696229
2.006076807790533
2.289498840807892
1.740395392751799
1.262108325056414
1.455123266061581
1.088590340985893
1.706480693880643
1.362416781514301
1.574861308294433
1.402117386403229
2.086066333625758
1.831206688259439
1.061286003071555
1.486536802491004
1.860987160043666
1.765690431426383
1.424401447508116
1.764158689719304
1.503529473466322
0.9147716267894556
1.376960127206344
1.516200078074337
1.778808419610617
1.505637277509117
1.850020087166141
1.886725122784649
2.248870277665569
1.46863617193462
1.571261387556534
1.55481918269862
1.864112202498505
1.429196444248218
1.350786837184037
1.181349997851511
1.528421889549669
1.833239294119972
2.097813385370908
1.994731843413799
1.636648404841037
1.484518873555084
1.483038957025267
1.470156895952939
1.445398531954768
1.73759350577867
1.306827539938241
1.181991661549486
1.087675692844389
1.037157186603397
2.084841430488219
1.952931835029156
1.406911037262922
1.899772391859905
1.701911834946388
1.801060156889736
1.861843379547805
1.216018922573746
2.319945890135442
1.305122607489082
1.326450980453673
1.901039938669118
1.660670528642763
1.66968556060505
1.368991263738843
1.330610605260066
1.126929174896999
1.344246693563035
1.415645492578091
1.843196688744824
1.842241510833518
2.178194289325158
1.231959603664402
1.844030587477974
1.165855646599348
1.708684430536561
1.342401825427125
1.949322150725943
1.142640088499839
1.661961492354229
1.13141218636606
1.801243455995906
1.550233748749235
1.62117090099188
1.486643182444082
1.607674739224399
1.182825977542053
1.113954851106839
1.827755244753955
1.991913602525583
0.9053286060689159
2.380441642292846
1.942320334299381
1.710712088552641
1.91004130833709
1.558283903272352
2.179613015815354
1.670345008986372
2.141987244192046
1.622725374729668
1.341315317328321
