d = 43, symClass = C
13.02700907706758

2.028605486132077
0.9499818062866788
1.148311134989993
1.85584304428423
1.095121409449453
1.504469405751625
1.833285172711651
2.440897532971717
1.570796326793701
1.422384131871387
2.3685778432427
2.232621315247648
1.314508548872652
1.430071013717019
2.132506543867784
1.217311318767335
1.15774061974981
1.177456264114819
1.415578725502586
1.028450864107008
1.082687971545373
1.036803666563082
1.710092349028426
1.019127183111166
1.361528751666343
1.077704444347905
2.161127050985571
1.832694455559803
0.2650343439809936
1.618583107609319
1.079286885171432
1.912049100292191
0.7557188158145466
0.9279982245161826
2.802857029217988
1.40492152962242
0.9757502998854343
1.517781772199142
0.8118106964622747
1.68075803571001
0.7437741937131267
1.506710312894278
1.06354676223512
1.315878830668405
1.91372077511727
1.005760406271604
1.982122157049535
1.424819019900839
1.437168540043397
2.603653655423637
2.221638879411389
1.357532990965703
2.283187794253531
2.571048756882557
1.826361746983689
1.485824432683923
1.595883847336897
1.151587401803615
2.007375994993693
2.663397364490065
0.9834092034327937
0.9577732998253077
1.805775043423966
1.016934468934148
2.142591381212463
1.369190558412796
0.9081430205555463
1.219937200749291
0.8802336705705092
1.016447955161062
1.738306590706187
0.7200662861272841
1.344665828610343
1.464846505702211
1.728235085452953
1.842739234085907
2.015031377211127
0.8142740767689126
1.293254938506393
1.666187168285004
1.725912881526648
0.5410091706953142
1.360151806895699
2.224490849587904
2.162242840429828
0.6427595991509808
1.298245647667
2.398052652778855
2.052267648656492
1.54739098489185
1.655553272482857
1.509708680859055
1.682910046475105
1.491576239501097
1.478342139351364
2.389187144811214
0.9661357013713557
1.1415710718493
0.6500851466190898
1.633553370288805
2.049541469124688
0.8671825005638387
0.3982857979358073
1.738929706126028
1.917585441012113
2.418884174143515
2.027315371499194
0.6416848800093503
0.8802761312142339
1.47143446155338
1.85696259695801
1.039537323054267
1.136946539473813
2.456026895503821
2.103023165994348
2.291691311896201
2.369582467802953
1.68921069656535
1.848628868910647
2.479848480446809
1.367451071784616
1.588575499778129
1.249858842931904
1.895624547605982
1.6231473171111
0.5361998153053813
1.268074333401784
1.657372925706592
2.22916195556629
0.5247156174024498
1.30504473899126
2.018121900131416
1.744204995965334
1.348416479651576
2.089840629754753
0.5534379679877813
2.27506390506933
1.33172869366219
1.691199998240402
2.409583243357301
1.887821323356423
2.18258678635511
0.8035322637206769
0.801341971514604
1.275895695735751
1.851620466667366
2.294963372701736
1.432345278174228
2.635905472842131
1.140410409836202
1.327343476117412
0.9428707285300223
1.145447756187592
2.782823028429057
1.49297035911936
1.347852884982464
0.2683321172232631
1.618119619861859
1.432089751030303
0.4723513038120213
2.1362457802486
1.198448695189648
0.903951907076647
1.764371052789074
1.645410075156783
2.628575313954376
2.405510650705652
0.3583167492890545
1.465090666126415
1.941016021754992
1.193945544346112
1.05458890395723
1.721569292193812
0.2811715434559357
1.648516142649352
0.8473660447893626
2.850645747099374
1.181077335777252
2.033406338421048
1.765909319543573
1.851958323380309
1.508954186685486
2.037855899088648
1.844642105204755
1.483831403770443
0.7327514930176755
0.816243213031588
1.904865707635423
0.5195245637924323
1.19831244729887
1.505998723172853
1.02738533847053
1.581552549914833
1.822821952116428
0.8883832595058835
1.805551334660616
0.9781694286797471
1.084309070575184
1.962545538372314
1.151905261529804
1.908468704779771
1.128884929759206
2.391017313008026
1.214564806227863
2.225628019559355
1.265978471293521
1.782595970079293
2.624810938393911
1.991514330373063
2.447705673975905
1.89389601264961
1.806519643579232
0.9623206133312643
1.725588423520847
1.779202497446532
1.98129038554094
1.918594437483087
1.935000440580041
1.420751761284731
2.278723491356674
2.05510293912782
2.623538061454921
1.329839116531159
1.586511024404796
2.269459663402958
1.677432524344207
1.521965576656506
0.9785174622988502
1.463285013961892
1.838538229517659
1.600940256841254
1.053644757849908
1.651471413183272
2.407149416412439
1.223606076293553
1.273222088798315
1.06285357958367
1.020543688210712
0.9858752164643133
0.5101450403921429
2.47073719607629
1.910284725624444
1.890783028215276
1.907119647230934
2.83322917526773
2.251885468255988
1.9276421457088
1.910236684455972
0.7452102750403051
1.130542993040288
2.226044265287824
1.76592898683932
0.9207155643297948
1.001058245175108
1.14590200610691
1.79149633574959
1.96593041544815
0.8187732683108779
1.240078468675557
1.917871584282813
1.183600064616752
1.224723521267017
0.6180261696604414
0.9808001497029117
1.97456954919432
2.500739397534487
1.048777698926909
2.893675553480656
1.569535186435401
1.616744921902704
1.594674881157629
1.438692173307399
1.472114846700195
1.292065381065908
0.2645786497328385
2.262748651073214
0.4789706770489424
2.553872399352416
1.512859477058194
1.273567142200938
2.270355206820466
1.841593882069581
2.271484216380714
1.310877249453543
1.722070604390082
1.609064885066426
2.444801211640121
2.510074068409006
2.318122347840839
1.253232484179287
1.032767348691004
1.136706795808686
1.981023074330716
1.362622292958615
0.5889608402818866
0.9107816413429375
1.173524926402051
1.189412480411776
1.639372134391348
2.396118707131796
0.8662826026259445
2.031678771031329
2.263557278098195
1.237393989658736
1.302414061129371
1.182460927512816
1.711522421270447
1.862784170862349
0.7469463761876235
1.581014224558101
1.540719815680943
1.800904858100891
1.930076675855543
1.670133259030671
1.587726504250701
1.356598119916249
2.125418619006837
0.7802348667730232
2.202535824793935
1.811581045087968
1.541051053052252
1.59397607987984
0.5288438775353231
2.38228995568039
1.48316024848813
1.352929275184656
1.257037913798451
2.590703643458908
1.729709067000934
1.812355225012913
1.990953418211775
1.495693973784743
0.878309665544611
1.376355972150074
1.344401283334907
2.184766326765798
1.725230484359735
2.442167111318859
1.564377194474034
1.392930591757619
2.467529974318826
2.453009372059628
0.3305677856478071
1.779329709287943
1.730893172606828
1.87861050338586
1.354518145802813
0.4561101192285777
1.35625134460152
1.018764273792402
1.405464079132435
0.7215307035259669
1.341433651899715
1.119194260521716
0.9322534184717497
1.817802994713912
2.404440812446885
1.412123113815499
1.891203409458082
1.335846477921503
0.9492559165919185
0.5429218322218172
1.291222245241577
1.937205377235083
0.7754920538728224
2.112128588077425
0.9017679094680875
1.574396996803172
1.137742981882027
2.183844435296621
2.157808184015741
1.774756578177503
1.785630290142963
2.355711243789398
0.7589287899894902
1.144966657783772
0.7365201581764588
1.611839962606564
1.973046125337356
1.468615978971579
1.601690316834695
1.644543676363481
2.567867978109112
0.6239089740908491
1.674935906145254
2.526292298226506
1.783639032450873
0.7017340837121635
0.8072765294762907
1.144549891194432
1.013360416210186
1.8942751663414
2.29920462890516
1.453346082872077
0.6011876587180824
1.478286287254188
1.384162416156478
1.748839950544778
2.142686284548359
0.5508231869826342
1.382488375489714
1.550892357704191
0.7420967782460286
1.214676994831906
1.415532098454333
1.086575401889644
1.473803175983396
0.3261063361455306
2.018907621449648
0.3056868068936358
1.868726695320811
2.225666923887399
1.883161838231128
1.633005021111594
1.403948650352257
1.964741164513947
1.183852030444372
1.512050423500598
1.28058953095841
2.254994998393718
1.095320968289683
1.157221644015181
0.8106150402171274
0.7212771683182827
1.425328554872111
1.22665597802108
2.56343032500455
2.162353335576248
1.669562035737194
1.671794229411555
1.428059874197406
2.408542471156492
1.991123183455168
0.9123955656821737
2.221512972387087
1.957809274807338
1.852692117995488
2.73841220895828
1.502111041857503
0.8143076453184158
0.9449404099220773
2.84317376355711
0.8620450328079372
2.273603599127152
1.65235329753571
0.4886241318738907
1.742628752017223
1.599918049650737
1.312867120872007
1.141939902469611
1.938920192569412
1.278937882678017
2.755543208628381
2.172060964357922
2.118872448874624
1.936664496081906
1.889797212297699
2.590899641783494
1.817370857088349
1.173799877313859
2.339145015542495
1.214461675637779
2.269614003148356
2.162023312429648
1.196860972944193
1.528835710244359
1.97489499645649
1.404265293128729
0.9863586358665987
1.486074764986
0.3852700767482496
1.393319981289439
1.913753100090053
1.800428939339528
2.575701054880482
1.543477243162446
2.087076317782956
1.447895709103206
2.158028327350936
1.440236974134153
1.611072985537167
1.627486866652488
1.690084437718381
1.35920860909221
2.247359083549469
2.299580393742583
1.94246386305253
2.339170431924375
2.239155934306334
0.9969755908089062
2.706519534725809
2.591682838372166
1.572971132085602
1.581053705263912
2.582384505471393
1.777359437035659
1.788761067442155
1.306736657092914
1.688402518550763
1.234778302187076
0.9477115047620857
1.365194840446924
2.008571939633258
2.302208257755307
2.693273784591649
1.622683977256055
0.9690154998813059
1.325313189880964
0.6038632768708007
1.989140225990318
1.588791320836088
1.138567280204897
2.40356904937803
1.323436047268816
1.214189568266993
1.704233563503618
2.009388768894165
1.472432197329308
1.824890872789849
2.353074087653339
2.285747606592842
1.206206049136402
1.461968201407005
0.7242333199093522
2.24626382857004
2.134307900931339
2.105205089611139
1.412352271054731
2.246846360000279
1.056330486673369
2.252427678228523
1.353064188909641
2.625098256276812
1.5025610851471
1.389222383943133
2.210462992623639
2.661472133939665
2.029911242371765
1.54590898974689
1.498580035305263
1.28356907454572
1.912749322951912
1.736662262298092
1.889744590308785
0.3402067759404892
1.421757039206524
1.304995666069702
1.960752061132741
2.318248284327364
0.8897424297732762
1.868960922731172
0.956660811828244
1.346346471784481
1.696659912048713
1.999029400924201
1.39229376212268
1.390331429623726
0.783857151061971
1.976017774881708
0.5305331784799019
1.534926731633581
0.4871600669371864
1.696085783583214
1.019814959711942
1.561105539142314
1.16916418664239
2.230881671515505
1.14026232114145
2.0304664489721
1.275614808465694
0.510437680799398
1.310055325256444
1.030838536909697
1.781031729880017
1.141847038958589
0.3678939768099488
1.461580695189502
1.990775260641233
1.44904633897624
1.157785643918915
2.526299333408003
1.508583497115103
2.07955687137509
1.966124526337231
0.999708144480484
0.9892045445150702
1.687503413724347
1.789936243162059
0.6330492161619728
2.241331484174458
0.557807680697279
1.485460552955887
2.340901705974828
2.026190058513876
2.349478999970291
1.016627212045221
2.786197594230162
1.416894397367419
2.112128562215658
0.887527652504821
2.759806620813825
1.908293716776431
1.356965729741823
2.162627757467392
1.572868046639671
0.5730062767621281
0.704981932305162
2.212607912200292
1.593258074863545
1.639685759477892
1.762878432430378
1.872428777724035
2.30336284444568
1.996132368190587
2.310035135414662
1.17121218873072
1.103731034576551
1.584677732634539
1.058673084431838
1.324055102876174
1.373184925924124
0.8002651884882053
1.374882067635533
2.45452772454342
1.9857114752509
0.6265533877949744
1.757080830372864
1.567294729113444
1.924756365369693
0.9188787705054434
1.309222407258597
0.9923402353184064
2.458203294083084
1.690912779695499
1.713597944353914
0.4077689430645308
0.6281706538172549
1.184267082130279
1.708540031691195
1.498049603197549
1.787688124815777
1.549033154920263
1.93743323682546
0.6261787305739126
1.753024397681449
1.85903060483182
1.402661015902166
1.82005947371799
1.38066191956003
1.275382917834759
2.092738443560764
2.099355663882857
1.09731490325844
2.028512088601325
2.459778982318332
1.184379369765927
1.996025714537012
1.533713758417974
1.121588604259745
2.171834311409347
1.327575671201328
0.9260197421152127
1.680279324228937
1.111264258092654
