d = 43, symClass = C
14.14772656528011

1.394533077487323
1.530555117723231
1.634491315100145
1.98101993448072
1.423742763835476
1.082044050637659
0.8831578008503791
1.811356543494983
1.570796326796623
1.730433835198831
2.581312455449138
1.479281727989991
1.095759075531539
1.287826760309296
1.04306599672817
0.8334815935712523
2.018961734850807
1.213594729477502
2.006491209709942
1.188228967525064
1.823245588664743
1.868967076050926
1.484467749008214
1.664224901543977
0.8606935454486457
1.885903668415331
0.9655188695169374
1.496549401998022
1.506034495246011
1.121301419616432
1.095299312720228
1.677499874111331
1.861202487575448
1.72140713578416
1.506235083901072
1.853062606643033
1.687792171388272
1.754510445956903
1.133886942310683
1.213552382100147
1.079610061024309
1.560356327071807
1.791878837718128
1.128556625714441
1.807575820869324
1.409611779429597
1.215020512460514
1.836109803029576
1.668941625080592
1.677384956609732
1.335958950804282
1.950147647595221
1.100376114539229
1.46817205955336
1.70331583304266
1.804039903177357
1.867907053352912
1.330025137572224
2.111581686960129
1.936672944927976
1.485035707497476
1.58864686683403
2.216195948423621
1.069000300984153
2.0295018772873
1.334516710418973
1.952437406730805
1.463185615940752
2.314894745676392
2.168231470707475
1.661357665978693
0.6348710704509626
1.572587108242977
1.75669684480137
1.744885657316289
1.50432736070858
2.598890290791085
2.147705891859488
1.078225668628759
1.694286884230264
0.9441716492664486
2.255291885316227
1.337173121331307
2.20763460460991
1.59107489739949
1.294917549389241
2.220999112511961
1.001229303627839
1.841806937683226
1.667003500079459
1.513334509982609
1.905655320959836
1.870761240157958
1.142130236799031
1.272442443831019
2.089887868875593
1.647751994059141
1.118907193372531
1.82997139498436
1.644789388793282
1.596381061769996
1.615958129384826
0.6916832785915461
1.491862330827479
1.478032354103805
1.697241974412103
1.611631248023484
1.690983689009139
1.573291745077642
1.804580316179571
1.453852505844197
1.517799236404821
1.915339129816072
2.032174353376297
1.418934648902483
0.9496432860675983
1.571577491883147
1.462546440086758
1.895801167748198
1.886251462261404
1.903265964075985
1.557196663581897
1.09270547840129
0.9029761528360694
1.272115229581558
1.120002835673338
1.345242076317802
1.547709049073964
1.681107314118426
1.40437868554591
1.178395899576153
1.934836231500567
1.246998565531499
1.470592272103302
1.789355351306684
2.108688638593611
1.619432343808643
1.228982988863791
1.797068666945896
1.862406781402884
1.819759350615157
1.487641731611157
1.319744490698151
1.83578153572986
1.364439765104786
1.693759025468571
1.06504067444824
0.9191228032587582
0.6645280588076158
2.034440256433673
1.279220324254698
1.54001628184067
1.825029951917412
1.067214844373316
1.492783595543672
1.595027975741581
2.031434436357701
1.391870038625111
1.280535629175145
1.656564885161132
1.476642282576846
1.8142842833866
1.632678906716028
1.815817537739397
1.848522913494791
1.657585203566261
0.8461199453326542
1.155263853780102
2.060417969219423
2.239858075916929
1.971786732490253
1.625251606626191
2.063220947399469
1.858087456327339
1.563920673953202
1.262330662396203
2.086383260873426
1.702751670881154
1.675834520365513
1.745013439775485
1.888467853710324
2.06558924475407
1.868980832967531
1.404331851256099
1.38418486200413
1.341855522120508
1.743781704296402
1.222798963968271
1.263487355627061
2.090613547721509
1.581634617577328
1.077350511644795
1.27306939472549
1.127757361902611
2.252981247552518
1.536540371469038
1.891867270695227
1.175188353480579
1.508670197427537
1.931208106136034
0.9877041510315455
1.349424425391424
1.212993475089211
1.016039783440765
1.404175834501393
2.586850580204486
2.006062824172266
1.929666077811554
1.93900998646738
1.624399296997991
1.78664422442978
1.598417157480702
1.671668512291199
1.413563718649919
1.301294835551789
1.042776744357162
1.126919256233083
1.168539555905172
1.270099581564464
1.680086547134823
1.226072495516913
2.357685029982455
2.113670796828532
2.263650329167173
1.440772572521981
1.124236752360905
1.284052748138152
1.758793060004036
1.446131275346684
1.460220308096456
1.453708099694405
1.158973591038049
1.468908567939387
1.303042353935584
1.166560202087927
1.382180697038259
2.101100766358703
1.26315533541282
1.400141921361407
1.381743631107357
1.238840333870153
1.362789903853372
1.768591692834979
1.451781554304835
1.669170245807112
0.822506197192764
1.853451934627278
1.585016012980258
1.255215075084722
1.86103606326728
1.366647371622265
1.475771482808771
1.477104914090567
2.235072202791321
1.665018193230091
1.38780558541081
1.308473464765937
1.433473559929225
1.838137108890562
1.814651439257842
2.172186324751589
1.510380309939789
1.127362215873274
1.929094454684169
1.809852612623098
1.751929270159878
1.476213776349703
1.760959292028965
1.00274604727812
1.345449956066956
1.397886050235982
1.0613641187199
1.608562323808021
1.32891693885607
1.880163511473286
1.206365207186624
1.129299369243809
1.480190727538814
1.394379007624035
1.170330829583597
1.161732141834045
1.881627661861729
0.8436330711046062
2.394728629275383
1.817436774521992
1.519147797296649
1.719887221921419
1.344933153102174
1.956718392442187
1.058284853892779
1.620365374067916
1.685745461992824
1.68464803736444
1.173821220457261
1.535948818500583
1.434251079877029
2.018955116587843
1.455721268822983
1.659493322840943
2.102013668371916
1.775091670552454
1.586287607426384
0.9053281849800253
2.406707748854102
1.767911221745725
1.239552465579647
1.252458044795848
1.007361667742974
2.107333964976259
1.562387489003267
1.886779451892542
2.060150766333015
1.696825016098621
1.802980780337852
1.064398493850196
1.05072928399056
2.112169895797964
1.718990078136823
1.549204244901674
1.76042506523331
1.832405295673416
1.40284048491643
1.037069306981163
2.04373891078787
1.865356973195109
1.588169497241563
1.20401510396295
1.217109341082288
1.329660130395413
1.901765282823689
2.386166701842913
1.087266703801422
2.18823019540487
1.627358505750831
1.90796946397849
2.034097714940871
1.843719326921683
1.371525978585244
1.303417578340361
1.669988129922188
2.029102086061385
1.592870343261511
2.414817912024919
1.639019990290401
1.160038399099666
1.477611723007247
1.313626669464693
1.878577769953882
1.816473776399679
1.777567732304041
2.045899304161935
1.184062279981052
1.875486071008405
2.008146097406694
1.51176291713675
0.8513057913228285
1.894258777385603
1.764660315406946
1.853257774380104
0.9279720289966704
0.9784335050164806
1.584356859991863
1.466111512770647
1.397078487012648
1.524414816800455
1.205145304661273
1.418042941400937
2.243710808474323
1.627351078602586
1.273376344054393
1.968604734925913
2.012475850707096
1.473691752885836
1.442788187609032
1.865009328236892
1.141044005667668
1.537106908974757
1.700661629417623
1.381884504765492
1.692439118226275
1.569951954378511
1.595053218758739
1.963566997786583
1.53031135882494
1.668269485059962
1.257486048856125
1.542650541741023
1.926816108264336
1.032481624114397
1.267835150750621
1.305448717075139
1.604748546862424
1.178556359385765
1.532907152509458
1.779586839086322
0.9837362095255742
1.29050907634474
1.033971932595377
1.6540585346257
1.701981943391254
2.232601710408621
2.074245234956959
2.048425156816785
0.9064969203271966
1.962472031736627
1.622350020155692
1.608838006034418
1.703387229087573
2.120702889809379
0.6349959208588801
1.178315647241611
1.362136799608092
1.823715333781173
1.618939787466938
2.209073282215718
1.321173531493244
1.920657890693741
1.772102057470825
2.317606059007417
0.9744973085198443
1.265523043023618
0.9613001022925879
2.040235376194892
1.843143666473902
1.904023656408476
1.670885684411428
1.576233774451394
0.8230915627133245
1.16782335163324
1.29867421911803
1.118664050448187
1.060961525614664
1.527597323162949
1.619617893408553
1.201991605023919
1.728490517006121
1.560249139151878
1.585374899716959
0.6962775519241695
1.562143988618978
1.906835791476441
1.61055030539991
1.814692339865289
2.137665021424559
1.392728326849994
1.615016977813495
1.354908066222107
1.568227012156587
1.580560556225612
0.766021343059393
1.447461102385991
1.533943214291701
1.114280895085788
1.618772105861991
2.298391836920564
1.642275236709513
1.963612653400286
1.015219834667271
1.43430821711905
0.9769725522496506
2.300181652323106
1.998353505721448
2.023461420949662
1.622874762086831
1.208854333313783
2.150958203759712
1.240910383042378
1.455985493222029
1.533048063042293
1.978245377735332
1.373964616846749
1.160681852529305
1.807774316912221
1.261849674223246
1.329790706421168
2.103865350250982
1.853926714117229
1.921055170677642
1.126346204532279
1.166403574250366
1.021837131538907
1.119511994332614
1.218728717559884
1.678768213822041
1.710616187822648
1.343434089352471
1.544296304906248
1.503480876589568
1.166624960680617
1.806055655596056
1.26753405271645
1.75702218843206
1.527175978909589
1.137882308117283
1.545755357899371
1.454668519895433
1.759297868141079
1.769974119922642
1.453820101444835
2.006503684497306
1.229012674345858
1.652961886698583
1.646778033829207
1.489892375032215
1.89323191246655
1.24602484387606
1.338856180035983
2.304387772868337
1.018897104190881
1.485006130010857
1.450679106411548
1.400885996633269
1.988949315277379
1.66098494123229
2.4101500661619
1.731578510335092
1.594889286064718
1.923090640211013
1.230289982343754
1.789984877580777
1.447453874230591
1.423109098165978
1.461695904733688
2.026679684114641
1.090269818730545
1.675729349907828
1.222168300332998
1.779532798382109
1.878486501905908
1.605170839471311
1.269674893564792
1.235174685792964
0.8694913476543419
1.676787606557731
1.889901892867505
1.742118540523188
2.034264431832
1.263182046067847
1.963647188641658
1.424827025618539
1.829364923926892
1.550558344826077
1.810226748069191
1.589941185556655
1.294797869180602
1.89415683154443
1.35071267699784
2.064777061045449
2.099831772840308
1.499274409415459
1.707451689556428
1.721906827925968
1.544014744108199
1.958859077602264
1.402287001690198
0.8314757605627735
0.9057945430436327
2.42461833873314
1.481635702904248
1.841557637624381
1.734267505029062
1.460029977647193
1.656708486755916
0.9775941469683632
1.245905552390416
1.612935635559075
1.477425217630586
1.69314882377228
1.570682829491646
1.993731220539374
1.596774416057843
2.113218811346175
1.31338840152127
1.609261930692677
1.412310423170906
1.630730912178013
1.733570134466999
1.617542847128146
1.512955261254288
1.782622757126852
1.095587701629803
1.766722152858027
1.433234340052227
2.295534386687778
1.756009860352488
1.667041025389092
1.530444031535557
1.178350405871657
1.807467164747347
1.959483261627581
1.281254488845723
1.115152232503833
1.923343401650677
1.156248066195174
1.985800913910048
1.545122392143435
1.81870284729626
0.8126054825527423
1.916507259276071
1.85826431244676
1.791996188668494
1.334355357919616
2.129240042234865
1.467235700388398
1.856681126293388
0.9313488449371669
1.579556650131398
2.049261867131742
1.164509637692708
1.820947957775649
1.558569328678814
1.342328958366237
2.485422289708675
1.148953777219013
1.428698940356049
1.787532968670186
2.195820066448877
1.449224064476009
1.549262465603031
1.408112207697567
1.738992403011098
1.869257043599513
1.692778940551825
1.120270376401914
1.10514683259124
2.269411003761819
1.715105865034857
1.421879065553192
1.596679234301004
2.354772122958995
1.840816571040292
1.182698857982198
1.051147223548847
1.164301385341352
1.088137693454401
1.8856685689734
1.764847698788738
1.427273462686853
1.450373256310414
1.452763594298054
1.709265066554802
1.628909350811575
1.092523237302186
1.242137591923774
1.553452036739607
1.385740810519758
1.138942872549562
2.033455395941663
2.425772079879676
2.216084088957764
1.74090510940131
1.753438130803505
1.338764077188382
1.257762542674875
1.503814854410935
1.39519371751207
1.48991093225094
1.366543196246651
1.608935670742446
1.346647519990762
1.631656228133439
1.783967568121213
1.372084558267993
1.333404266696932
0.9110701172690429
