d = 43, symClass = C
14.52206640095058

2.396594474396986
1.240739033660433
1.743528974159217
1.092127498575235
2.216642289630494
2.155024874632634
1.023060372740255
1.742088688930419
1.57079632680014
1.708500287326378
0.9921157525591076
1.552923890795562
1.811051282837977
1.636244583770432
1.421500544236709
1.743721959108428
1.57846108936012
1.95307016098521
1.809024114446358
1.303878250977071
1.461772029526959
1.648287483602328
2.080066872066016
2.113451610715106
1.071140875267524
1.654561895587149
1.828452367049613
0.7221435593968549
1.79448799928793
1.908451980090621
2.061987097571422
1.769309550889991
1.805372920684789
2.492333521889781
1.428539435791749
2.078401668127089
1.272107919335759
1.522168752158381
2.290561908756035
1.52967672806308
1.639508918392313
1.567749196634745
2.037915348219717
1.785618183911011
1.586142353669203
1.609508179024639
1.655579334360424
1.627491981049337
2.021646406441475
1.553235672237111
1.835749882609542
1.846363494595236
1.514001388591422
1.846750745432909
1.383061253360193
1.341367167374292
1.590396429752274
1.828547037779044
1.579869984461016
2.081637255422582
0.9715816870250571
2.084188548521639
1.064435104561634
1.093526719955129
1.636235936610694
2.498692444686632
1.756677005715408
1.260836650580396
1.330069781575643
1.622647575179058
1.76433482474731
2.081155333219549
1.429643081090737
1.931047862548313
1.71466280477425
1.461536426378387
0.9711548006505785
1.718272918434402
1.744226412837183
2.544769513565946
2.069141667025524
2.276149369977017
1.934221829704808
1.271624862519525
1.536144017313592
1.476750658373723
1.490515406852455
1.621133994289381
1.380835016435461
1.406054042804297
2.457424530217093
0.9411709714075397
1.643201490219061
1.642537654453313
1.427166753650877
1.011211573176449
2.09317310970296
1.848115397241778
2.241406236028013
1.405883944588304
2.237369929006978
1.272556086149251
1.570045013795473
2.226507513706681
1.494368389568103
1.755966923936172
1.192237226487585
2.331579256032378
1.948540615469758
1.723685054393473
1.365665143720156
1.690166139659722
2.201593565636033
1.684464900587319
1.296074787011554
1.490510483200314
1.220101896096484
1.731287719943858
2.25610023584556
0.5903084857257153
1.604915066861025
0.9956502909399074
1.052118023692632
2.338127387085029
1.752485920587298
1.353169521056949
1.251361616688149
1.453489760578098
1.706053939754347
1.586662853869608
1.431134237165211
1.576684148189639
1.821707634255509
1.853084001628649
1.538447464953026
1.686409061131973
1.386876050872262
1.503138417376972
1.347981160270771
1.502404194759343
1.718165257379598
1.06622267654083
1.628108756635573
1.914793092357929
1.591876670189401
1.271663095426811
1.034648294840637
1.105058850696825
1.545682013043155
1.449601751799555
1.717867456047764
1.779278153205747
1.442759391696488
2.055821726742983
2.230325181811712
1.598160992064792
1.735864780373273
1.15952781331144
1.536586732689942
1.669285501282016
1.954604922691509
1.047416873759913
1.449357806906975
1.900857119047614
1.260095607551604
0.9129932759960262
1.577602434463508
1.852380645563977
2.343279285945045
1.816675043007868
0.816226816003805
0.8632044634182165
2.048253372024972
1.098980293310625
1.481470036334253
1.886000737796277
2.130033733334658
1.932475268242578
1.678765866368222
1.254862759652917
1.939676493631063
2.114285687612965
1.018560418413863
1.190034153900268
1.283563897042882
0.8165791040870359
1.980403660641428
1.761379706915451
2.333096485817025
0.9686138807049607
1.091603528503103
1.797409594261143
0.9804929196332626
1.836244923676937
1.091585194492936
1.204833339910992
1.376209075162223
1.895290773576916
1.61869041530402
1.189394519971894
1.498736888808554
1.723711296185746
1.755235815696251
1.720659410816063
2.178958838723923
1.226278659221411
1.602151149101373
0.8678642852809636
1.624751878486977
1.67355037461283
1.711762943114172
1.462317916906263
2.228476161879202
1.75198118718026
1.645059139813318
1.308996956881133
1.253884890908144
0.9153709015596767
0.8044778083728071
1.889694325930631
1.639773876321528
1.361369388949732
1.799607709651727
1.650874790431891
1.945899933992618
1.872218372720917
1.838722651506598
1.538089025927751
1.989385371041578
1.707121293657423
2.038972997160173
1.731529248038331
1.720930758911374
0.7534841287077231
1.874290107414735
1.406064556526851
1.54199792136816
1.505028182080026
1.577244181914681
2.131174716477786
1.479921115497091
1.23425190357108
1.847726140526099
1.492083881665315
1.079277975217697
1.425068398222827
1.482106693991991
1.719325858374769
1.096113971961624
1.872874313013146
1.140420974346663
0.921736561127963
1.74213803540744
2.137204538732527
1.080155121579435
1.644328593051918
1.469263443468612
1.926393975468136
1.411004402127713
1.370494541372446
1.659067817628551
2.134280541315519
1.187881291730126
1.711886355188467
1.941543313078784
1.04632300311607
1.31045776762294
2.082545221583618
1.289501223931198
1.623452325639026
1.125786097965445
0.9381051363793862
1.389305274686795
1.708581964943019
1.583907618985824
1.688621036175324
1.511710185098524
2.139547321077915
1.566364020953507
1.822143343473243
1.43973146122294
0.9906469948140659
2.032350028247043
1.721617157498015
1.731072135614141
1.940389965518992
1.367741803791801
1.757994281656951
1.701914657760262
1.642929356762732
1.724207905363291
0.96963714902354
1.572924338475431
2.176112371819992
1.607389224881555
1.985970191893207
1.701788637955398
1.028661414853469
1.193878347243164
2.162594687447922
1.625529527395952
1.98869242140767
0.7599896675577775
1.8662785495142
1.556805552634097
1.454827207719741
2.030752975451847
1.768597377687589
1.922852322196747
1.044852154389238
1.653482342067759
1.096897665251018
1.825234717202088
1.661457990046619
1.511251118767943
1.446053634917096
2.033613233105419
2.024100236329293
1.919854742177871
2.034427204343378
1.192091419255426
1.802840601087422
1.166060421651422
1.276808582875462
1.765219473792142
1.533705558211943
2.086266452814846
0.9513009805561162
1.323905640760785
1.38826256596854
1.801952903432437
2.037551517467072
2.122604438246729
1.094321519017723
2.001982340783409
2.106170537419408
1.862576396373045
1.310055720015048
1.363057972947267
1.720489374582752
1.555622486290386
1.877834654645768
1.662894856943861
1.753912535339245
1.383869877433475
1.779037640241602
2.228191483735579
1.115958694870115
1.293780687228107
1.431738057684283
1.686745636820669
1.329198008563606
1.662036866093008
1.221571419975501
0.8808214668032581
1.634519201289224
1.633785550531258
1.430982817905739
2.068783092086014
1.287090689289375
1.968782040873092
1.423834036560337
1.879238428079388
1.420954074239797
2.010429869467744
1.691701448898818
1.004347461128998
1.754280125465615
1.805942559121066
1.443320939341059
1.080985806476021
1.874366668804506
1.735223805298195
1.172219900934683
1.447290018153989
0.9750393800076137
1.040908268339146
1.483011049331802
1.790208070695969
0.9801010892109723
1.308861894591721
1.121661166531569
1.297597679677136
1.899801455780253
1.377799093996037
2.429934023430909
1.73457049707131
1.056658262805861
1.051777654028683
1.344884129306273
1.716342984494692
1.856921863817312
1.201282105970023
1.522136296199442
1.216665286906532
1.388247350462057
1.93398752476266
2.018844862206446
1.845300140189516
1.041465934674192
1.591404352582318
1.370559266223482
0.8621239443277848
1.316907054427259
1.530613833063779
1.821476459381848
1.326933292287129
0.6740686619689086
1.737482215855214
1.102610225089113
1.502253144424939
1.563384888173256
1.308805215592459
1.805747571010638
2.097615228290518
1.641393298788189
1.334726905613339
1.583909903577809
1.355147629519768
1.383145298250921
1.228553206148709
1.922164998303655
1.651821499534819
1.683959264103456
2.209437030294695
1.093048555690693
1.383947743809697
1.473687375866423
1.934361936902182
1.524676427515094
1.392682396839956
1.939650479722257
1.765481398869852
1.727005470378177
2.387156520154651
1.558429853968649
1.491906564165084
1.164297970965217
1.962075851447782
1.278613052956287
1.57655468445747
1.818633492040038
0.757109757206364
1.915525202856235
1.802486833296135
1.42576363027934
1.329040404803125
1.713715522460203
1.667324766145403
1.485480728343738
1.553004970467547
1.407905816935791
0.775377850075063
1.997728891290575
1.122084983928917
2.122204410118365
1.720770129601123
1.254974437125312
1.863475073866854
2.247438926806656
1.835443197243146
1.799576329816181
1.342975054667171
1.430012695495125
1.770978304316464
1.602508296760966
1.96372736895528
2.007313147170076
1.859768799280159
1.516917525933051
1.838187721162242
1.455751922623639
0.9669077801160996
1.398498929527197
1.106287569480545
1.901766818240009
1.659140740675394
1.248079212633183
1.749633217888774
1.589078561645873
1.269248556400564
1.422078822076969
1.461478493013563
0.99014445393874
1.672662311298537
1.145059151146789
1.045051000835815
2.3192749862204
1.663435917338184
1.530336666691908
1.76230073356238
1.008867724592223
2.335304776908366
1.531174541798407
1.034197195203534
1.488666472597105
1.532380122809015
1.662282756644647
2.326595429759303
1.403021422557157
1.664032947200799
1.998795294413452
1.150875296564185
1.193475067439165
1.36246609607217
1.75608801938021
1.678364948335593
1.231355435284801
1.483016300947118
1.011347482353284
0.9851552333238252
1.0296278584239
1.904166044670464
1.226854537147255
1.93217849024676
1.316555861913969
0.6942955557298242
1.977100155930674
1.374688613133179
1.47971091646166
1.558935200474493
1.257021151690918
1.153049300242344
1.565898909434585
1.811974083532717
1.550941759169217
0.9386683064076879
2.106350016444399
0.8158453348271849
2.074839387741787
1.332603470553839
0.9631249252625044
2.240096428203228
1.443886598899764
2.066189727438787
1.266105912690705
1.528810165002582
1.908718789093451
1.191856502693612
2.014031924749479
2.117643088863775
0.969626892931382
1.836544171095535
1.217814581060012
1.708942804682951
1.625436711524464
1.713364800204496
1.762263420078906
1.798704471187569
1.540455976964363
0.8835514467277515
1.634067519426516
1.341758168335336
1.11188795202337
1.07814576554187
1.764363902072574
1.748472346451094
1.294009802576547
1.551446784382282
1.795771997398698
1.493863359168276
1.584650787404462
1.890595464941909
1.500051375015593
1.943425865975075
1.390153816596504
1.803168226951298
1.314844786472047
1.383085675001349
0.8842244036598792
1.646439178004606
1.374753364236168
1.9545455396348
2.276443419211208
1.568113854100246
1.773013752883479
2.010782434401389
1.301713610121575
1.562807985088437
1.480101543566105
1.529352822359731
2.089990316482885
1.966623053327865
1.756660990814969
2.20375503315445
1.425446778389941
1.809551687101107
1.505867372091949
1.591288315779364
1.366769928467322
1.444989727693482
1.819287914280363
0.8329444303245777
1.104053190652862
1.528387403967641
1.442167676985885
2.469085082616029
1.534060973547443
1.75780362704265
1.477521269439948
1.864685126808072
1.836399240337685
1.685730079307281
1.84092414068987
1.403994010985339
1.551288609640594
1.261590030500353
2.07297754380138
1.485191486202226
1.905662657909619
1.133236040234592
1.368130856501886
1.348737187289845
1.482645584602266
0.9551127342037287
1.530973527807446
1.316353816860825
1.746409094590881
1.525532442537589
1.261556204324466
1.508425917245297
1.356190874210552
1.193004217543561
1.2427270609619
1.489511479696087
1.429393304065951
2.185964263117632
1.61438809607611
1.292551340878848
0.9061600931735294
1.781894883129219
1.613368841666242
1.341026663906534
1.087801317557149
1.975610647485795
1.197667881360573
1.575389973170263
1.122613578778679
1.88246179924125
1.569734418868346
1.958705616244266
1.732351854360674
1.469776272267507
2.304010260808855
1.308879950597261
1.836880020881679
2.075544742151357
1.979192420783767
1.487092053665252
1.318217163338514
1.068265271571379
1.392115561133447
1.57557165053034
1.833916669818493
1.297519445305757
1.933551716963667
1.367249109307462
0.9052250395649973
1.182768421189328
1.16920464564082
1.046412887728179
1.320976704565266
0.7229844516830077
1.502229952371217
2.013619739864187
1.4922023187241
1.624130063010699
1.683159651008633
