d = 43, symClass = C
6.125789545405956

0.3749092475906898
2.005929353766676
2.515047205938185
2.335207027566909
1.04405972122146
1.488169664592957
1.481225912892139
1.021904128555658
1.570796326794885
1.48953677584093
0.8036321134985163
2.4457374637807
1.907491287385081
0.6679367831963189
0.5889044750887796
1.909585713505995
1.733313371590768
1.732235975111531
1.425493030431612
0.6387245870251409
1.194942481964776
1.620754479314586
0.8808389759276352
1.825024856344769
1.257500921791836
1.583573987400553
1.342321505131998
0.7053673952971633
1.109470228039223
1.874795656331859
1.276092341982719
1.803613434581764
1.891179836609569
2.351593669058482
1.581998880425084
2.030130586475424
2.489889435948611
1.235702625336604
2.821912893701456
1.440497999749762
1.307815244113002
0.9442966137300427
1.104404748771427
1.166865494537549
0.7358119117841808
1.829094178383378
2.117924538021628
1.114819317827864
1.465459168823569
1.747439770192512
2.286585553182536
0.9825037362403626
1.35486157059946
0.4006951065532536
2.337320091248192
1.530856444093871
1.430315497970003
1.464443355840374
1.814041481637195
2.54945154558363
1.754482506458337
1.4567051114828
1.667138454329331
1.372013862381051
1.745012155730358
1.717472597112297
1.732028196440573
1.582592774573194
1.230457573885439
0.9659578056764112
0.6831268267086734
1.339164202186655
1.831346353087747
1.717410909582167
1.820734785210302
0.9188559789210266
1.697099994151708
0.1060671374514459
2.000552072586403
1.205858917467207
1.477171304384926
2.563363227805138
2.642974436362697
1.547895254585112
1.104338145307246
1.410107155835417
1.564970548052809
0.672417276621323
1.573806543586726
1.314234729212116
2.156762115135465
1.687111979615639
1.041840784634732
0.7508956449113419
1.559252855045581
2.616176220876911
2.258683163512172
1.560190546374998
1.575199227900799
1.111047394815705
1.208660092347069
0.9571548499118859
1.261292396910453
1.659964892915183
2.312305698237173
2.19465565259957
1.712247688536426
1.684539405633394
0.2268393647086346
0.5107941033796213
1.0438811017879
1.897918097185444
1.813684528220617
1.545269239886849
1.319898109649533
1.488262480448414
2.59327923125095
1.126868497522351
1.6001481913984
1.643189884750759
2.280803784164119
2.289367611992747
2.621343594873759
0.6528526297768568
1.851055960334978
1.476896136947678
0.958054877268811
1.423028000294741
1.864565582609159
0.884476169846952
2.368839592931446
2.427441560713706
1.38601761605166
1.386148581520924
0.8937095308955526
2.000638652310542
1.580567345388006
1.394850545797466
2.215308853357097
1.066544038610404
2.043953269818211
2.409526185022989
2.297512532152328
1.032432588751713
1.662498631924765
1.727161605453173
1.504589041449181
1.817630082178023
1.227697820031051
1.211874543502271
0.7851963626465048
1.379892241184236
0.9079052562750098
1.750556237079186
1.266670495982011
1.559215070435442
1.837067276817099
1.193404646875648
0.6171639987557522
1.860239325374504
1.711151337670173
0.8319119407166433
1.692906447257398
2.583928380732438
2.280862468079843
0.3314274857506368
0.7713208996817149
2.033890871691734
0.3905741218881812
1.921499844736116
1.904929437685441
0.9534772819432098
2.436566764712949
1.962015990421227
1.912876796126427
1.94892351249144
1.459400985529276
2.947794817946952
1.079380749828569
2.464688076750533
1.982942586622883
1.095933588299554
1.305305730493333
0.7886592726154408
1.536096186470741
1.646521139110036
0.7321279219843853
1.981432913972934
1.534197613360067
1.806190918518445
1.42658735971016
2.537511777390319
1.084862785565517
0.7028674309654224
2.117563659424026
1.635835198738626
1.821308767300717
1.954812444309646
2.269226135649272
1.571939981236155
0.8513356499452371
2.384481812392145
1.29796623723856
1.735133330752376
1.055436112936959
1.985328083926776
0.8211571244164113
2.336420496687841
1.349225747574876
0.8074247184300579
0.4977071962196833
2.411071608482388
1.002121508927291
0.7698407835467219
2.146034861789425
0.5023036546267348
2.173355998606604
1.792029965794383
2.25394486573043
0.9277254008832695
2.234347533022674
2.612195761114783
1.201790386963161
1.000590485313165
1.753734190955474
1.890417631859812
1.516171706438093
2.134224036977598
1.091133090172355
0.870503779012998
1.627199641045923
2.220182277139359
1.740046226551872
1.093903171012398
1.50802170274145
1.551680938881958
1.578837753007172
2.776556516486079
2.460953639753738
2.629176805691908
1.557223319175521
1.051320199843909
1.24251516679162
2.143482989780936
1.664163119137396
1.774530672708196
1.288162083256758
1.592418771237188
1.504036106903226
2.575475123858441
2.229418363677843
0.887693465000072
2.369085922393562
1.743275306927027
1.257063990547362
0.953395377123001
1.157713930387965
1.343832540842608
1.774777985561123
1.527997249111734
1.532066948415003
0.7504364287811038
1.287221217466416
1.606907213664853
2.59250729352339
1.573857836050156
2.327486610215591
2.108940408787367
2.229717722968535
1.658749442275533
1.48357544779161
0.5898759004534579
2.314848383647203
1.179507084939857
1.715953812322542
1.222654762372008
0.9016573397000895
2.00593845177785
2.10126273280528
0.4493714642343604
2.324888298713952
1.484365281499376
0.2439933124831922
0.9100970072730141
1.2603867383621
2.008148848418847
0.719409452391547
1.364663527700802
1.792823843104383
1.50853267902948
1.407933550798161
1.973968333077033
0.6648754686660752
1.877346008125822
0.8446859028887299
1.769151329419538
0.6441200099672691
1.610001586285349
1.954341868149215
1.668896498587812
1.516326377081471
0.5268555010659906
1.788148338648362
0.5332567623965918
1.350837657255031
2.492835954869229
1.638203762210092
2.359780119867156
1.19804037972439
1.143643880007287
1.556916265183377
1.046068780291211
2.468333816559615
1.57601679619991
1.570338863727884
2.266076809123098
2.325909428306564
1.434909960522878
0.5264311128721191
0.7688562006358188
1.644217630481204
2.479968654127395
1.663227085491301
1.284621477040722
1.159480674621735
2.399360283224858
2.638484528372245
2.182773561822061
2.166861975670533
0.880973018935703
1.434851798875509
2.196205217084508
0.9901986903014903
2.071362639461498
1.88426330235733
2.495902730047078
1.97710556464288
2.103975442720635
0.7866493522531881
0.4698519951825099
1.862616246004836
0.6137720116668426
0.9678538942066438
1.965648124002503
1.533426653420525
1.715602919476159
0.6131804497558899
1.298471808962784
2.453574888020304
2.263449982237086
1.2777749294208
0.9795823983238768
1.506447075085955
2.45516118153079
0.9350781405746559
2.221407863237675
2.516555989160656
1.638842672115229
2.093707496251418
2.133098242192404
1.346543373291337
2.741022123825801
2.717142742683629
1.9093826102686
1.116691456330196
1.155693133856566
0.9547073288017727
1.833973851094031
0.9905458428715892
1.484706258046506
1.728071727760057
0.7360026107661903
1.184694308374493
0.8722511404793387
1.864530051956456
0.9488462502902988
2.145622653280692
1.062334507030347
1.112821659127088
1.014073487622671
1.798167427646231
1.36197581010858
2.130508188974461
2.000213750503046
1.605583040832986
1.323060215195801
1.769923447241117
1.824283543927464
0.9082066860464411
1.260791522659758
1.837504504041645
2.068043928443617
2.091760150662529
1.929191740941769
1.766321580292214
3.031491860348585
1.461863327321753
2.040811238633824
2.434004540722279
1.570143435178748
1.847729617213067
1.541504072772077
1.447940777705085
1.774327273361519
0.8241769708264037
1.572770752423444
2.050707647994788
0.8069217113296511
0.9323486865859298
1.719088215345642
1.264665132048432
1.127643988582028
0.9980740651775248
1.092838392921929
1.982313215051386
2.460995926559094
1.219368796528455
1.683449762205678
1.313785026261483
2.221820667640247
1.419937913525475
1.491482034076824
0.2687083685158851
1.909441337065156
1.667596629421225
0.7874039224773149
1.336166004736119
0.8779545612169797
1.741984172044277
1.029606583643182
1.302579674433567
2.053107377996901
1.302287838973818
1.793540428810594
1.611432182802277
1.355895231942818
2.41804856127346
0.783560374376612
1.56119478206178
2.389550469646941
1.109834002481639
2.667409012689656
1.60717805773688
1.904308384072191
0.9913186563006775
0.3099100514418175
2.060122090168974
1.578159336670061
1.382439915619911
0.9517936487563561
2.108888884267494
1.945285120708043
1.388624224406482
1.022139122928078
0.6807201419356862
0.3582785735141188
2.108420837164033
0.5866379854297001
2.416379176638805
1.515433544553613
0.8906153880406795
1.381609018867078
2.600287329227389
1.23858281644803
0.7974422314220324
0.9777827105215755
2.00230313898471
1.897004173305034
1.213101437244736
2.020718605565942
1.313282917469549
2.14029245640271
2.568779641280391
1.49168526647361
1.324989192994916
1.418421549523569
1.190954341350875
1.090620387183231
1.517669961709245
1.263428134555164
0.9546841326218102
2.547229436481182
2.809759533959657
1.290087840484279
2.621828958638655
1.373635357731858
1.950308052750458
0.9117267305718812
1.210455868121649
2.134476334566836
1.963695351995989
1.819849617521535
2.025142186829035
1.083716169219009
1.59396004969066
2.130450210468503
2.363660069365115
0.8905763017728293
0.9547231986151458
1.019417922733602
1.12581462399885
0.4008620072164442
1.331660933829246
2.238345891719989
2.785283082460724
1.640473181021165
1.981454404862492
1.775616677817698
2.385714721179867
1.23239242586813
1.521136058844902
0.7330765869128517
1.801039160887672
1.621409044722413
1.896042639166284
2.535344948364357
1.532138143991041
1.754239498330438
2.766233978872321
1.654287904562547
2.330725947368899
1.412189952261301
2.570503697550106
0.7705651595145921
2.758794083661242
1.958639819728446
2.110146184926736
2.055073409310956
1.306298333556253
1.462048418568382
1.667320429061074
1.859861400193144
1.110950421603433
1.205857936327001
1.884625513234
1.054945308851179
2.205445859473841
1.671308849714433
1.665325332699249
1.09172978678302
2.81850351216417
2.664549366797567
1.882846605992962
1.933452514990972
0.6766343655068944
2.235016102235996
1.479027514052351
1.948213042246521
0.8837898548952731
1.896912926273052
1.291995082038501
1.30959375009166
2.153617032189151
2.892921507099138
1.245400409895386
0.8146673505931425
1.526346184967975
1.652679382782134
2.34491757234234
1.568933065460274
2.32196770308394
1.580273617122219
0.4984371683175791
0.539096502518453
1.785166819724426
0.4060021065688738
1.293062230851279
2.663952088904116
1.637603352899549
1.861965102110726
1.366796267792626
2.648230885313053
1.285375508347658
1.930190815269098
1.879390031936249
1.127203766209417
2.38087119237305
1.787806584070504
1.669379388405628
1.879871179380521
1.621180793969061
1.932708767503696
1.754882558068229
1.913590392898223
1.66332325550461
1.999972964318926
1.099571738784148
1.985452859426488
1.029807861999025
1.978080654985934
1.861040100383659
1.104350188910018
1.354447138688952
1.184620089552379
1.498633600921876
1.248024186225917
1.67215908332773
0.06056567815256199
0.570415224593036
1.720291699992513
1.483130820768843
1.795852972199145
0.8853897734243253
1.991958176787757
2.088629251557717
1.536844553263534
1.895001878848393
2.371491054953418
