d = 43, symClass = C
8.411641164419276

1.97115672300976
1.227070170499952
2.029951107504426
1.667105657932567
1.928470795529921
0.8582053768647405
1.644375998782342
2.013917581449463
1.5707963267949
1.749708256061195
2.481041596031641
1.655925219307613
2.309329375559566
1.805749670931695
2.058935288591982
2.334394477158495
1.506382477535598
2.035272431221653
1.220408617755082
1.51980423846124
1.247986896792071
1.858543461061769
2.076967276597478
1.229334975557783
1.390343619813823
1.84139948968389
2.204434143762739
1.798593758841624
1.57330005738531
1.227929030400829
1.467670588604099
0.9909058911501761
1.420367956428389
1.484295286871126
1.253492781623397
1.87983069510903
2.155307821325454
0.9933290227552707
1.860847167596401
1.843822224857617
1.228245446179204
2.141035901771411
1.821220977652418
1.426366310981087
1.663206477420398
2.106350494742744
1.590707867802236
1.722716769000965
1.107365956701411
1.5560440000016
1.361599659944912
1.662877425057135
1.877825142776759
1.839497872041162
1.226668980834046
1.633818750972151
0.8729533673056605
1.607995971658331
2.192328461636722
1.527438005592744
1.788429690092113
1.777173970364351
1.924073982062782
1.186185412705471
1.105090255988594
1.576522301889375
1.873899652561246
1.205622310234876
1.199638565628287
1.363240451910533
1.882672369691865
1.980475920620479
2.227811688594774
1.16303502914151
2.089709446667255
1.255886343655702
1.282789251135453
2.436467590913447
1.361827263757707
1.938696502211068
1.030801704722727
1.947076720523786
1.130799476352046
1.770668287450413
1.788822870500276
1.097005891182176
1.814303835393232
1.685956860907057
1.232861849391209
1.39407100103375
1.958122802010045
1.476647301651222
1.184980811973506
1.348348488011131
2.166393233695073
1.403746285112168
1.273994924436572
1.659247160050626
1.259463997219896
1.461345758669956
2.078152976746817
1.189818550581004
2.170043612083191
1.479004148961734
1.880353745366811
1.777825622302784
1.454139302077667
2.008889628723133
1.679302667461926
1.597373746837372
1.566881067291424
1.32694383326695
1.445877171196037
1.857603640136953
1.769669892832187
1.404287992517339
1.177395068621258
1.458676539227822
1.014127078909857
1.908814457045379
1.503885833721154
1.724725696806856
1.89469590369941
1.52292067142576
1.689079952584845
1.806448673099677
1.767994459309335
1.573651898165398
1.456043019170518
1.879237843115254
1.421605104122955
1.690291770438872
1.533070644716791
0.9821795051686422
1.759901061696002
1.90150395509679
1.857454767998333
1.899923187914463
1.793843486349605
0.9205352716965299
1.173657141010661
1.622043529897818
1.235108516197215
1.275302662650142
1.67373739856949
1.150073079327009
1.386569500365575
1.517985758594477
1.153961749860661
1.602119311716426
1.199884331309711
1.961910621882949
1.69479589112977
1.453172879606059
1.795841308508303
1.599344836845482
1.240960769906094
1.362155259207042
0.6827560876050294
2.490317238708242
1.469427306479106
1.412430958545399
1.816698963109067
1.609165448045984
1.58429521124525
1.816728438846587
1.192994659965783
1.048693933900644
1.831484356951818
1.609188716984903
1.530454129485529
1.85869094331703
2.181729552913769
2.451126970842368
1.681201151311712
1.977982515374679
1.428934860865373
1.762483136282903
1.20985513290113
2.277306907602354
1.349133555161375
1.773911438550569
0.8047943049190865
1.97439149652098
1.47920833237501
1.923932065334023
1.936361186727494
2.359187985973908
0.9796249089074295
1.462109527910632
1.569729193362846
1.334418722678753
1.271453387830932
2.078110360681182
1.199457908830564
2.074783790689342
2.028410638371694
1.631192940223919
0.7724701540644925
1.281322175742839
1.008043435927193
1.447518367343359
1.746866224371978
1.647654969760939
1.69124288307124
1.457891594941102
1.251737698211699
1.132952786199386
1.690867166987556
1.123918390432748
1.465253231732305
1.987924007742143
1.674771456814313
1.895679321278615
1.30202377364789
2.052653012657178
1.505009661360999
1.852833046270909
1.396830253223447
1.482056252583769
1.744061030623601
2.061091018486531
1.846288786202733
1.252491711981592
1.671457730132936
1.073293619358609
1.700227325142221
1.415540214671157
2.378626445320146
1.881171231390492
1.635991645900454
1.818512015412784
1.720498133117485
1.145372252844957
2.020041109943932
2.097218458783105
1.649559777381218
2.145851828715061
1.637789569512356
1.53072160407522
1.256241403025659
1.21856893551506
1.301854723659747
1.333129903638398
1.6472284967867
1.664058206116439
2.322213518372494
1.303823236461919
2.335109807707282
1.492661704646291
0.8099202446551653
2.015574050475716
1.588159422070377
0.9619002233718786
1.60846463487555
1.564032728488093
1.532472135518606
1.917686451293007
2.326444563843681
1.510539695476758
1.488697354007461
2.046032304439246
1.758749172966679
2.258913981882658
1.533717264121094
1.551248756453745
1.955511907395699
1.560720358730621
1.561811333787896
1.142814637788821
1.75182065915845
1.292983445684166
2.125197926843887
1.265140804269776
1.513305689972952
1.911983799967698
2.28524268881884
1.346920629640508
1.542028407353458
1.742180193154122
1.691343030429253
1.419209986349233
1.107072386493679
1.608860094485791
1.51225723603247
1.43259898253936
1.551000238505952
1.623699424284823
1.647100689976868
1.775538137986458
1.750028400231582
0.9375959473124458
1.204859384333575
2.036079725354882
1.512067346551815
1.797665222490323
1.319535477053718
1.933005690328053
2.022771346100061
1.480741891370299
1.579549858855498
1.928802438061172
1.741679606941041
1.318036937098907
1.658106516856816
2.410531205063903
1.07762779488069
2.234544689671656
1.329874091433149
1.769784802053304
2.305958033071436
1.919251172450639
1.990953001233692
1.969231744476498
1.794604138371938
2.189029848784636
1.634000496189224
1.014146970064228
1.74944032186856
1.43505687519982
2.335985666282746
1.390872422940693
1.866215305801826
1.092798971418252
0.9905184532868586
1.644998247595997
1.535449036638708
1.555393563783879
1.452842459603853
1.659004180169413
1.764476966593513
1.724164974233479
1.567693953308302
1.699003738159944
1.964168484135243
1.04219971329753
1.929351822291222
2.735159767115247
1.258659936564141
0.9509403998479342
1.544739363508815
1.913898553759139
1.541492437044259
1.912565444698528
1.901205058271871
1.600013978211112
1.802392852096933
1.18632026592729
1.954441996506055
1.127074747967039
1.509367229939721
1.664265253874948
1.425924863326896
1.545148809935473
1.093568124670034
1.449150284798734
1.496089417130824
1.36748033442534
1.762216890920864
1.029610944478987
2.600383261810438
1.550228869883809
2.089824396100441
1.009359479596198
1.882961822600383
2.286970295193969
2.119567287930019
2.463491126189522
1.134781161321626
1.469938129580005
1.088741201984907
1.484741204474054
1.600483263777064
0.9731682568891568
2.034521904178169
1.472357482300077
1.349096209955352
1.682924835688606
0.9694461067667824
2.133615324671271
1.854496674797369
1.201603886961728
1.370320774771744
1.863731386017332
1.576144904977169
1.508754618565256
1.204373182519094
1.909720989178272
1.67581858684187
1.643076179912939
1.325801542211519
1.705940413938648
2.075620443435447
1.391863286052847
1.653908296629139
1.547904414604486
1.799895942984383
0.9080020235623699
0.9489495231633882
1.074305066298567
1.737448907022171
1.804776551492008
1.699034831401823
1.86833158091441
1.082695421776307
1.709802191297109
2.012258064690099
2.402313336528959
1.537798851835161
1.660628896729888
1.628061702536185
1.715013597763155
1.58390357104787
1.702350623559145
1.581993920257653
1.028241248364345
1.524796986184248
1.313804502988638
1.05092736711095
1.699639606162208
1.429335500165575
1.716640472821204
1.172698601511662
2.158006309585525
1.441554742452084
1.541467083600756
1.143355722177376
1.778847514416671
0.8060484600615075
1.862654550096215
1.607492650202862
1.978398565832225
1.675279774196909
2.133687688116986
1.233628440852175
2.137502434052772
0.7202103968686063
2.19168983524495
1.391769807533457
1.884236775061773
1.623204315171823
1.363436048901901
1.857397680353747
1.534094812782525
1.22706472469498
1.63471850380689
2.572373201398865
1.269443465115801
1.881889005221389
1.926450661315661
0.8660699010330342
1.537205696444048
1.617085712103046
1.752144098804832
1.54068489692437
1.649551697790778
2.455505466771523
2.380487069640689
1.825016432714462
2.182185426529608
1.842258004485949
1.023263942323571
1.743570453616309
1.180916588449393
1.596536234172229
1.083637829090988
1.879034678201411
1.658954295865144
1.094021099549532
1.630643776105547
1.652617846624114
2.51210594605726
1.846422349181031
1.301421661174615
1.683347396611163
1.978425758283008
1.466718967618184
1.705087520379671
1.500822720603989
1.672681879295799
1.25966448442162
2.222849504194573
1.305823254938047
1.544306322613442
1.608506820444801
2.199919159802977
0.9263956630090548
1.491136492394096
2.037274981282245
1.32555832325554
1.949420205477838
1.459599896037554
1.62549369266262
1.767817930421141
2.36015823546132
1.504161767008005
1.11630454379871
1.302548077813108
1.386252435351605
1.761092508836305
2.178415244288387
1.575076976422304
1.106014816508545
1.666186092485908
1.326540912777961
1.425867698761295
1.662062749434715
1.314657884246466
1.828569997529637
1.840409272414425
1.596308646471279
1.513161375050424
1.460383733305898
1.622045232937866
1.787527520790393
1.696826435910589
2.076107261749871
1.807348369168559
1.473375771318278
1.884788004955601
1.386247954361145
1.399088132729768
1.394258437135235
1.989156168233349
2.721344428130394
1.540643284033007
1.514310155871231
1.601956430919821
2.065869533423129
0.8251887300980921
1.600280063618369
1.618600874429179
1.229109649100703
1.237822671204838
1.770004660231236
1.703091608822578
1.091465434693577
1.894364630604792
1.798758803660864
2.168654807343724
1.639309097932808
1.370333087760889
1.439312546177469
2.43686936260635
1.184784776636523
1.93274329866473
1.240605157795917
1.774557845105608
1.466528056258928
1.005549320200984
1.538841791671513
1.883367664951802
0.8446005211559705
1.568787833772759
1.479757314518964
1.397618775811492
1.914836717385738
1.125724999676995
1.471777904552064
0.6288179602060451
1.750810189595005
0.7730549636459201
1.558855328656439
1.887719047028567
1.995739713350245
2.192329399848238
0.9407317739619246
1.799611386983232
1.767417985713773
1.760922291384598
0.9104544108317619
1.049472597216641
1.348908722870041
1.431752474187222
1.29942815582838
1.420403735139296
1.740537533498045
1.199438977888499
1.812381367179353
1.636621811806856
1.591530728714402
1.447539328623587
1.554742288753543
1.553262345160543
1.578243383550599
1.166041457842218
1.815979533992937
1.464417785295527
1.898052922615123
1.207600006569883
1.714631578068032
1.229822561188378
1.343098201566755
2.118356693572947
1.61241837568759
1.382961872414295
1.510310440713134
1.862491842970278
0.9008600539417752
1.441972099699239
1.796899588838468
1.020170613367723
0.986752255655449
1.520102571713831
1.331472573188845
0.6953275940381278
1.43734032639514
1.24756434002018
1.08259823142105
