d = 43, symClass = C
8.939199784369828

1.594098885432982
1.473552638769794
1.407173946354283
1.470791715675129
1.148226067249019
1.694468970742314
1.326598227138175
1.234397743648297
1.570796326794879
1.155902937019176
1.296288857776964
2.092862044039468
1.472966141621708
1.433637541326351
1.258119948738594
2.21338175059704
1.686020156923238
1.898001797062668
1.584471254135735
1.371305477260242
1.083769273794166
2.106568716060235
1.369658157047502
1.97843499046252
1.661677951120154
1.512025767770533
1.176223399520435
1.000964079842391
0.9871695639941561
1.488159207405433
1.62698803820514
2.096268630640248
1.622358466443292
1.536644994520115
1.750162998108115
1.770830616666474
1.147122512825018
1.041488277877205
0.8894245885960042
1.717685710245234
1.717588981179804
1.349622069421996
1.822193385839342
1.651176073329206
1.66924529840815
1.9287275530547
1.880837549437179
1.333879505882363
1.318112610432775
1.01362345881919
1.64327243163293
1.694432758047209
1.955951398575575
1.520767468739143
1.052556308904443
1.391595095406373
2.13219316481557
1.499073774190072
2.304929924821916
0.9558679259868841
1.926943371919052
0.5735782079759656
1.16339398057024
0.8949065496459176
1.925892179006782
1.926915748005655
1.58128103944687
1.842720105664245
1.288885724827552
0.6816623808043271
1.831132542138769
1.229900734956924
1.752367440005856
1.239295224149909
1.755184278466472
1.436391014734234
1.734079038775643
0.897216249634708
2.036636682169939
1.538380204362644
1.53016840090459
1.810428550766303
0.9744359585057261
1.45325766083678
1.957067733817374
1.789548487751366
0.7462532243281962
1.297316189082697
1.917859328991602
1.571475459471334
1.530787515089513
1.268151681092956
1.798430693710813
0.9214525765849549
1.097517875583767
1.581891183413035
1.318543013320137
1.026170160080722
1.039321982864076
1.567940527424821
1.869561924273141
1.630344970264232
1.707206326234953
1.931675134942432
1.166932153504618
1.666757676596573
2.652325122662737
1.162854582621693
2.555311785787636
2.426651078530209
1.345910536225756
1.129963429827919
1.330076524608675
1.251680582480691
0.9601041219875391
1.204123848217679
1.456836986171216
1.502059616801744
0.6993912394598685
1.601226576192419
2.074942169220876
1.317845887342104
1.838603751120909
1.982045254063587
1.121150572479227
1.495394643326074
2.088659832082673
1.933520908716832
1.577980666070986
1.083246508639044
1.773130193816138
1.905048597524083
2.138422510295118
1.067380375754709
1.830983097208878
2.11045477773417
1.813224261949326
0.8958984187033848
1.154587686167529
1.482410841287564
1.959544719156088
1.923337173603034
1.12281046245812
1.512475089913663
1.307969697819001
1.114439722959365
1.545436197836559
1.302414431741579
1.46693600145385
1.555293520200794
1.908711224004453
1.472107235775757
1.506444863043242
1.175215912714564
1.824398699945632
1.990224062095381
1.733459255087449
1.289221678290441
1.420485611950649
1.170008256535988
1.386581259132135
1.377571461116569
2.045045532540066
1.574939915146827
2.090521515417092
1.679487156906966
1.630313509170757
1.352100774634712
2.079949616210271
0.9169830635799529
0.9094320634839701
1.893960639367733
1.560960267759708
1.519469799139432
1.731559569579232
1.167107868602402
0.7381554381662727
2.260928025213149
1.434867097845579
1.199700904763504
1.354776784777235
1.597628322219481
2.154860214204907
1.313647649513588
1.919345675773706
1.412823310710068
1.234802205019557
1.388029827627318
1.061013021331068
1.358268775595599
1.313216034333121
1.627419688652039
1.776618359416474
0.5721342646524153
1.913332274193993
2.200245705246715
1.910566507066325
1.020514852789612
2.310922354314724
1.384518849787834
1.452591790583783
0.9628912628888776
1.265915659857312
1.206977676566372
1.542183545068301
1.281297511172566
0.9677806914974588
1.743747334063821
1.396773961989113
1.603272213431528
1.441890433217819
1.762363621012174
1.782759774305697
2.124062663449223
1.954184152542185
1.433481302850271
1.277653850073575
1.120934715744779
1.411442488617222
1.012799098204005
1.776401478753245
1.823758847219092
1.61779485580813
2.294893540109564
1.33201438293303
1.020421247852477
1.62171295950382
1.239298022409447
1.334091893574444
2.338080371097034
1.591062130563515
1.248739355753999
2.019615735190978
1.361803847551803
1.65407676568306
1.60995415349444
1.524939876812664
1.75871270666358
1.191387618704482
1.493915383093286
2.272009011149537
1.720103360536212
1.662908706558982
1.723111691238977
1.535226895579543
2.11811049519271
2.500666901935099
1.305178125273395
2.001275377205859
1.332551816758061
1.776152661923859
1.708890566687929
1.905146776788883
1.104332662074448
2.095956738636606
2.174350139971871
1.869023813098216
0.9977568131687915
1.292442375826936
1.299621307340797
0.6140977722859712
1.657743365779057
1.823732809157544
1.49989994471349
1.536820539018684
1.821487521633111
1.890926458765122
1.213019192331445
1.700407925032558
1.431233620317457
1.647181688744907
1.656134300224492
1.680029168083552
0.9358073249704467
1.487438690445431
2.424619758993345
1.642237643087338
1.385086140165434
1.45402388828146
1.964555566957505
1.559191776746672
0.9503112947549835
0.9362353708709915
1.497355522718864
1.359047881521352
1.486590289973981
1.115412467407478
1.374067466539934
1.777778256831613
1.443940573068026
2.000748138937585
1.589091586165917
1.89533638387352
1.347233861335471
1.677760636211243
1.672404614678134
1.536078686634659
1.376736513639726
1.901705614810518
1.687700587006945
1.137029735060963
1.883115628865048
1.262644148866845
1.755723400943283
1.640774609145845
0.7923225456481191
1.832489594031635
1.291170311705952
1.465950962729428
2.024063229819648
1.640797510561203
1.931444098485147
1.08509422097701
1.577367804733146
1.525617064638913
1.360897705819478
1.855793694506735
1.87761273154196
1.914556350538269
1.85579345118674
1.781667959190896
1.980094795405163
1.355714203496775
1.167384884176428
1.517259114462274
1.014053218564704
1.861586298893297
1.215305938541972
1.46516539447956
1.092614142345739
1.3550222791499
1.832738206690792
1.393831366785338
1.603199260228588
1.340683513048825
2.315657318765951
1.123311234149512
1.182509224726291
0.9973462736471224
1.545820210449773
1.747082460401917
1.438784263763216
1.240071193280543
1.984668155590806
1.459277989666582
1.521362911159169
1.918210135294962
1.044614975230814
1.547763404252167
1.237330001849745
1.006797917489244
1.894894893868636
1.132979697960657
1.81478667032915
1.856162740148724
0.9288408655167247
1.271377895301917
1.977058146621699
0.9839644321447575
1.661886650699363
1.646899018816522
1.484475734403971
1.608472352695399
1.636961668008025
1.306161592463142
2.034984221128594
1.622982886422551
1.443465384695544
1.303127984863813
1.773433978286263
1.598262840384604
1.096262054054536
1.528188331304593
1.801801966679522
1.085278346050967
1.456168531149146
1.784789391289422
1.793684776543636
1.823421666671205
1.321311620602309
1.269450733513189
2.211147782662806
1.191982965511801
1.519837239019194
1.370785198865569
2.179213276256554
1.365911010116592
1.055919842468004
2.0124302097704
1.812993596312606
1.468837702229733
1.118335942603573
2.139512763460298
1.532640361299719
2.082735426798715
1.446746388015693
1.653253814790363
2.333946878860969
1.411351617896647
1.679575178518643
1.310079939688827
1.591994971270621
0.9967642294418924
1.772397273931369
1.623928331675752
1.299954680867579
1.335320529949598
1.563397838104746
2.188280352026125
1.767696784522184
1.345818161366849
1.582235949608137
1.875438640439833
1.421838383102826
2.102849138296559
1.360022539274297
1.500405574498489
1.974415134161759
2.097724303848511
0.4722816861480164
2.089635469397338
2.356269168023794
1.415436300568672
2.042554902104286
1.680068907223785
1.501058828924343
2.313284409780573
1.358215635033027
1.749934162005104
1.695854673158248
1.638905546897792
1.849968635377318
1.636975278485829
1.402838449152241
1.834408178179464
1.811908722018759
1.246434070373877
2.014299135479562
0.962303901137283
1.423619000108077
1.120657757370543
1.266048343994052
0.5384422202722532
2.008528091280366
1.117132117033861
1.890262372319832
1.370413607598779
1.957672377978529
2.087013262767998
0.6933477033011813
1.712943256047379
0.6756365154369774
1.928258377560039
1.681944675772058
1.780035493799963
1.614431409578357
1.756955997937729
1.453739945681898
1.185478585860829
1.885724792538849
2.041508742043054
1.369271215852036
1.919977695933336
2.165716150639038
2.118119811696026
2.209670286464
1.74739027795147
2.114601795364859
1.354615478668926
1.759968185247531
1.3921772848967
1.561214883188117
2.028460165460747
1.169607120488132
1.157809531770777
1.398068555690217
1.993756687470338
1.268876271312358
1.380510028239463
1.308159635091158
1.3927997465504
1.742916267077088
1.20730621899877
1.599638833813238
1.178788921855218
1.657733474785349
1.758051144616601
1.633234973085743
1.479104304039479
1.463737354395475
2.190039444330733
1.565506335377593
1.830305140318712
1.196094218430179
1.168803458370918
1.290208996294591
1.201223865655466
1.426269922698073
1.611712719244438
1.483194603744424
1.190549974411715
1.580334314679556
0.999543744362242
1.358171744513403
1.75751520329579
2.128445752636036
1.864062093339584
1.227393071048407
1.856024888286075
0.8594179483749909
1.80726496466031
0.9673733154286228
2.215159135270027
2.705957698626406
1.005805089854584
1.982096606519907
2.020238171578359
1.026698436118493
1.667495127297123
1.255947081196962
1.176959129232365
1.269977915506479
1.833887976131331
2.050267206534833
1.715222915655895
2.210899622299938
1.907437254670906
0.9333089187808005
2.382541576861912
1.730054827513664
2.294432772208634
1.888252452379155
1.124175542555515
1.372331702573278
1.999236359224476
2.038444084574642
1.222152304633065
1.352182747220246
1.845485425150301
1.594145207368674
1.644851485723238
1.171325018750347
1.178035580109669
1.388159034938108
1.668520999806393
1.434598446399268
0.7854102489379536
1.480964686049153
1.25141327998671
1.27628464542342
1.8436756456564
2.320210640259891
1.478409708769915
1.457431509502437
1.175899598195199
0.5419275032109632
1.632639900484332
1.838517223103414
1.412649008752821
2.145444576532752
1.871825723600911
1.947745258227604
1.834413865848119
1.620084398477017
1.783984782212807
1.122214865031312
0.8233982034187877
1.722281741666418
1.160107458940694
1.61795838886624
1.829635736951058
1.904746158150372
1.408952434022682
1.851489041404873
1.577616577317228
2.13605118116258
1.83497400325241
1.442343107857135
0.9048087901330658
1.192248262232279
1.719733737346468
1.91105172801452
1.744006659412125
1.367358520698328
1.872891560777588
1.982649156293304
1.339570301421328
0.7203981337823163
1.618336378471439
2.310209921735976
0.5015624311389538
0.901454124082894
1.397764124258562
1.538607306423105
1.213596237179321
1.578783742656066
1.386058018845858
1.382240347030187
1.737017901829916
1.814036736077915
1.548603849694542
1.80690234156409
1.039231668828198
1.493485215200844
1.644069637362755
1.678674996485421
0.8927452990032461
2.43913330299959
1.41205639560405
1.608547004293113
2.254656199085439
1.222565693782502
0.9954040829363902
1.594479820843218
1.463622530538953
1.46031440459839
