d = 43, symClass = D
11.01781363185814

2.182194534245729
1.86419752480617
1.231784386225201
1.625650890179123
1.892405644942677
1.606946856358385
1.282643760778639
1.357083830706558
1.499275472601612
1.428511437676819
1.287609495863395
2.166852668426562
2.078392301694692
1.665196444116527
1.485329419215743
1.143213819055886
2.389765892962386
2.048259407208874
1.625685206025106
1.438247046126119
0.8882629810415444
0.8427732075205339
1.79024093515359
1.729520264334311
1.762542900753473
1.450221701129175
2.171448254889668
1.837555863479449
1.896094455069524
1.820276142882646
2.162765128781473
2.078790174630582
1.758464652419464
1.646307680713906
1.782662358444233
1.905482999937333
1.154714257762905
0.9930141430641994
2.03535317009172
1.622690178854094
2.117068583101549
1.826273381627699
1.588342901031799
2.04126685265267
1.30273092308379
1.515700849519589
1.31765699723287
1.95834444267751
1.732138913805502
1.306449503821074
0.6909171108651807
1.29945576605492
2.073642239983205
1.765605891511241
1.651243142215763
1.652780616299353
1.862957349311343
1.630787709809747
1.876786066590445
1.361727104183873
1.154879184445686
1.157118284569052
1.436593343322766
1.673975057107173
1.259472210574806
1.596585872617702
1.431311448232156
1.82529833764754
1.308722670510746
1.174638179976524
1.298198911942819
1.825726720944162
1.451436423749309
1.582772469877616
1.145397567707612
1.365514047571271
1.486154801763052
1.384469607048779
1.102565074914095
1.739941320536894
1.123744804840207
1.476158481128331
1.786263539814817
1.49978847332972
1.907862108578306
1.849229073216325
1.335712775553854
0.7631660614767006
1.885037194318202
1.911032152513089
1.581283720522653
1.931103951827995
1.655248178753622
1.905353562841584
1.469794243228184
1.868067611095222
1.282320920677598
1.960293197571521
1.694124528058792
0.8244253452463389
1.96971434373305
1.683444506145965
1.238619306805106
1.527558290310105
1.459045577644301
1.805569395306154
1.972202933011698
1.763523151300165
1.800039130751134
2.105004381977063
1.469009906896535
0.7293116371497899
2.297285520266239
2.221489997726813
1.842808830526123
1.56290716039316
0.9901677007363786
0.5928574854388301
1.420949682544322
1.18344825532031
1.674877652460626
2.086675608175064
1.831499840455541
1.763544239092911
1.563164992262357
0.9664256421615814
1.516878068275796
1.482530640240711
2.172467750758476
2.261052142142522
1.412465756422152
1.329472941105007
1.535509911895623
0.928018950516086
1.236547399262875
2.038501942027949
1.808685931588325
1.516033901188065
1.910148489467333
1.686332088798866
2.565755101977232
0.928434746451266
1.760480729599207
2.245299728333984
1.891531065159923
1.3823128039888
1.413187451677597
1.098049840920252
1.74882647943529
2.236071363617039
1.697559674499157
1.262379475344126
1.137550918794306
1.675666842778985
1.528247599649949
0.700182222905359
1.651997704377429
1.272964007916472
2.15563069078653
1.830006041400376
1.275240855534975
1.367162054825687
1.306099476688806
1.828164688702261
1.240891582500908
1.343978036677827
1.295403596690394
1.554965212497052
1.019895559037141
2.334012333031407
1.240060314701528
1.200409857560657
1.981365819575333
1.994269192426292
1.734679312094365
1.923587563886682
1.335884165703605
1.641381867666396
1.340487833636192
1.450706363878222
1.438569283228057
1.515234880343339
2.149709065758215
1.529513391071243
1.985294796464869
1.657928257756384
0.5893792893317498
1.526919135306469
1.652827233389136
1.400029867067382
1.447348742863303
1.937375113821627
1.530044376557079
1.782485288163606
1.761950700924704
1.671536520640198
0.9607021602815928
0.6850722826591557
1.000157046237112
1.441457751644157
1.739640114930838
1.611376973828124
1.275959479603474
2.10573498450162
1.909381994896768
1.446720164000577
1.622119499166619
1.595463000580865
2.013600294632899
1.792722802934547
1.643015257475105
1.945230502171803
1.988119334096681
1.619217517624045
1.28593448459902
1.524261418602505
1.10534183170492
1.416007144218324
1.514422606665336
1.470465978259089
1.796200571832291
1.409024763470679
0.9785039240884935
1.469002165737813
1.420141475129218
1.028676566673814
0.6778197932794697
1.749326733680857
1.326826843231426
1.021457216158436
1.311973248132887
1.567924320841259
1.590494242354188
1.346783086762513
2.157424935745712
1.584646075341337
1.535355821540193
1.447774092920841
1.796525381493994
1.283906276368401
1.497757114648529
1.748160203921048
1.402086631111628
1.807541444846253
1.587229241850728
1.290027682359744
1.524694060936393
1.792363242095251
1.164155775713093
1.217866535785986
2.231236177112549
1.492116384227794
1.599241161093453
1.786703166205673
1.663253226501609
1.484755564862256
2.149293049061017
0.9623578269790389
2.844985780056486
0.9083155826278052
0.6337535364900222
1.574725238127871
1.797408257050704
2.01296627111535
1.912833786908053
2.096533646636051
1.748020501396905
1.511868429756149
1.9354593760822
1.579273353603229
1.216655386830654
2.282177242160441
1.692026966995599
0.6643470482281072
2.016961779353701
1.441448950979996
1.858827559644494
1.680613161420594
1.764480293331068
1.540165510579532
1.863758565976299
1.465846217723218
1.59182287708847
1.497802403006301
2.120883784661049
1.353715244777536
2.126155759298204
1.567643656070342
1.485499156692078
1.377764883667019
1.610406498077826
1.639659705316873
1.51664400356294
1.740065613215616
1.73616805694503
1.979545069018551
2.248171222481133
2.34720314168009
1.281504911497994
0.9586790232099948
1.562194491330691
1.382816581928265
2.445629358848262
1.097367823165475
1.111563978104333
1.800769914606971
0.9300922671202492
1.551781117592322
2.194875035418409
1.869214193616907
1.390663851325391
1.483758709499333
0.8760411679157685
1.937000292511414
1.622841238957262
1.380520383276296
1.397222240017466
1.436386962196545
1.494135965083843
1.281041425517148
1.332400335607424
1.563492752855735
1.961944696317237
1.056005667308031
1.372230888589623
2.012985977299329
1.066822252954019
1.875228595532994
1.613303929178652
1.59990053853377
0.9294569776143334
1.555668980954247
2.822817193373586
1.496122510740036
1.024303044034365
1.965819910322811
1.47540434121728
1.50939088449129
1.004171935503568
1.663697985531482
1.809407037521618
1.118048900250904
2.279410227575006
2.046364717233781
1.143953145656676
0.9210339854901206
1.357762969359685
1.220524834150455
1.474868742079679
1.283642350368994
2.003728897093125
1.448118342284548
1.761450317197636
2.188522122041817
1.071508037092519
1.562645101178772
1.749259199926849
1.359535932608993
1.734838848585978
0.5571055981245646
1.113757805356911
1.801212307699381
1.543361300446074
1.397459777621161
1.413877063031574
1.959308050727855
0.9801650890920292
2.072796435360577
1.114752954307209
1.247404553017029
1.486573540044134
1.213756733637081
1.784984969620874
2.001781544907823
1.146823778541972
0.8387662113118221
1.488563616386204
1.160948293786949
1.579854551651927
1.464542776315878
1.89470571553418
1.401682077211809
2.001802846433935
1.6444875086239
1.350766489532627
2.084480899941061
1.428850773911087
1.194591268074783
1.71772570423246
1.782410203733275
2.428382378472984
1.534567451561654
2.031903190276192
1.376952038718931
1.474735242410434
1.145564804786123
1.397289063894102
1.507693537670931
1.100292220272985
2.242320922568094
1.9402388227788
1.309738940865696
1.813629833911413
1.355358091146294
1.99305535973811
1.490305640251185
2.08094984820151
1.859340447718188
1.224670022788317
1.629697005829712
1.572702899653847
1.312027833757523
1.218666555644243
1.356412857385747
0.9543763201834423
0.5508386302218513
1.323783463115162
1.513934304033758
0.7598343995891611
1.940360372288896
1.850274711498476
1.58699329513355
1.750903963108896
1.939338342391968
1.626666438737866
1.267010422793204
1.758460195442893
1.505531708319515
0.9199785882611493
2.226723464262134
1.122362074045822
1.215320387664732
1.773353271880463
1.108902388250271
1.497117469403338
1.204111320986477
1.613228955952829
1.677982218170655
2.196710971031834
1.441541211385435
2.202205548609121
1.726574188123789
1.514687306607462
1.216618536068387
1.637239644153465
1.018920179761876
1.234785872065053
1.482348992607753
1.994731691628489
1.30353248622513
1.536753705944584
1.879984296756733
1.875257817662014
1.798488855660816
1.791176492183909
2.195684490676665
1.473189780828045
1.850690945479628
1.823273833592574
1.509500147911944
1.438883524051699
1.086181300530859
0.7880820566500779
2.316371743085536
1.986637229129667
1.740702852199939
1.363302890180586
1.447776984918176
1.337262929307997
2.429110332776582
2.694565907447633
0.6876017579279382
1.255859331603245
1.192687231128943
1.155122029674023
1.293625617346971
1.517095612631985
1.604484281472911
2.336587071539388
1.765883035703332
1.195963882303042
1.034068266177988
1.818064920746852
1.690283131681435
1.356515669644978
1.51825914309674
1.920452536340936
1.945579232928335
1.879472288043553
1.179490521157071
1.829289153711942
1.681332746077769
2.012436941588561
1.316653280386197
1.022946677789295
1.082832881130167
1.609009860962965
1.675974281085555
1.584645447402328
1.973256107460449
0.8665281545912725
2.050363460170018
1.975682126317079
1.04411250921153
1.74717834311215
1.553070810186473
1.0636608656146
1.265041753987203
2.021340817380277
2.329595556656054
1.292686322960497
0.7413579120221179
1.432642414512105
1.416308153956674
1.892318909467045
2.10811098122476
1.859204126889042
1.66605954356526
1.3249929328682
1.212289643035704
1.20665789887853
1.730610694068683
1.557298074067439
1.207812455178666
1.092038296895452
1.665492215419559
2.067784858144436
1.693619401206379
1.325450467963706
1.892069410981521
1.106811999389068
1.218838951581982
1.361149547760721
1.66133250797429
2.319252057691336
1.177117890197236
1.181363575019295
1.684329777364701
1.599908228734414
1.455909290053585
1.895088407211093
0.6369304815230631
1.22646381408219
1.721683712803229
1.946004388514599
1.791696834903362
1.318945243407548
0.8774168299687893
1.197306504657201
1.420227695307701
1.497644449272036
0.8556788104142725
1.761545642747813
1.795043556124179
1.404869008189887
1.394504158818374
1.865019863508718
1.344763990041635
1.528893096189312
1.281690671590008
1.576140448449955
1.52882526551291
1.534012889175584
2.209131478464575
2.022929225956215
0.8630320593825862
1.446314244802616
1.454246210741409
1.566495510091367
1.705908270329062
1.312515627392903
1.648870476665421
1.095374301936505
1.801743661471594
1.705046650458185
2.310780821779493
1.322464877625648
1.19313556331
1.490339201541843
1.011024928285732
1.391469845425896
1.410248218921501
1.991096305780784
1.136319713020868
1.803055137559914
1.259493053395446
0.8751588924903843
1.679263066460218
1.840855713425521
1.315648428966863
2.089733248629882
2.064111874925488
1.398755422239782
2.532065255118222
1.827155654547956
1.559285756370628
1.688443948526444
2.174580397262365
1.105667003313139
1.814111149284703
1.098907985896178
0.7002163684203334
1.096461647020935
1.220332387823179
1.501732012703334
1.163072866478482
0.8358698709375149
1.704762493844206
2.031977129175909
1.844962981035423
1.662658618667805
1.675107783837611
1.59459022218872
1.29057645134525
1.949031540354147
1.656986484712985
1.475436203679939
1.244458450480836
1.287590879483018
1.689472919841883
1.484206222232879
1.057957517123187
2.035222470594232
2.029605555816826
1.458045391704231
1.42464630931255
1.23983492407942
1.486485990779985
1.659060291259149
2.077033978743345
1.872247254374114
1.243537148595266
1.53704517857169
1.723302226307895
1.520212727101736
2.045933574994061
1.491281740437538
1.467954833233268
1.66840240845904
2.398192913552799
2.06063676077336
2.428376857950255
1.432813813178535
1.669161496142946
