d = 43, symClass = D
11.59206546882539

0.394902612527404
1.154988451862735
1.342892459915457
0.6507363854658758
1.922726342648822
1.318190858720812
2.859285547967806
1.107891323566331
0.8715323462296368
2.200018172537572
0.6444197865589618
2.274458187008087
2.114986976604459
1.462230290355734
1.314122273099532
1.358896912149524
1.580383053555205
1.91664683010871
1.735712804598761
1.285005058371172
0.8445967574997062
1.218703293157003
1.594674864907452
1.472936193435173
2.095058779029217
2.096874198247306
1.070767609876102
1.945017730953885
0.7913426595746629
0.5383831403640565
2.090962206804379
1.236701887040305
1.985736186575376
1.505100132482738
0.7034561284115218
2.556193190147537
1.008564053410289
1.983310073717742
1.394415195726855
1.725856804572119
2.537191640509692
1.889711460767281
0.3461951026616106
1.534143914525619
2.042018513758183
0.6064258980485583
0.8585024505713257
2.276221722692551
1.315996242256601
0.8149812434113178
1.671762771718545
2.125966590014705
1.194405047266422
1.980717830649124
1.189129126053604
1.70829235614428
1.106743259341451
1.474862194337704
1.505107997706482
2.138260584829984
1.371757597780098
0.4859859720044301
1.645449165963543
1.097700792654683
2.604008017566892
1.119523347826017
2.137581580357596
0.7980780322484579
1.883646742902678
1.576138141368317
2.079891676690745
1.317757954042543
2.014066903866413
1.882918776711457
0.6682585150223015
1.484352116095645
2.343477675834759
2.527459496494089
1.709388252683037
1.86936339112237
1.759145649675278
1.325901165875346
1.204103267111265
1.597525161670707
1.244029871949168
2.024979612670155
0.8766355014272218
1.607742742960186
2.130141714116333
2.028184466976929
0.7990821492597818
2.63820938421912
2.347251920339497
0.6892231884356832
2.230065937455585
2.036872462536194
1.400601929475166
1.355140264518623
1.015766576760199
1.335518559401969
1.569381562665945
1.799345380668486
1.346434594776382
2.039944754481181
1.066250855365084
2.471794509769092
2.204402364256118
1.616590688108804
1.527741033393728
1.316118308889349
1.176538137121994
2.07851166748759
1.502326467184794
1.487555169162686
1.965401043351601
2.606860102483942
0.9918037090145611
2.208898059308503
0.9959125458464906
2.057125035488703
2.70515879580718
0.9953566345811415
0.6524632075374084
1.238735000664639
1.351863739324337
1.41188288025218
0.838928223171491
2.217819793909071
1.405218884352722
1.524607740811516
2.10333709293724
1.98561297946222
0.9093289166360193
1.370666050536034
2.11223453395097
2.268906725108273
2.263834814258591
1.489362583712244
1.259737857107126
2.454992267283771
1.476533607240607
1.549027406833615
1.970466436418181
2.693225748102481
0.8362188591748934
1.20679279813391
1.92001328576293
0.8395288172994911
2.486391587800604
1.755863924696198
1.369215482819728
1.564149389023599
1.596113895367053
1.902672477271206
1.481365716451249
1.091984258944522
2.556466155335979
0.6025943253302556
2.460525194864313
1.631562508662646
1.706767294984767
1.162405433029898
1.721592696129749
1.28989479284805
1.196537790846888
0.8052300430656434
1.529460929129474
0.4926662428455785
1.975849380898376
1.106079074894176
1.276080334591291
2.050300125498249
2.56298989226612
1.375994538286294
1.333836362289083
0.450190841413898
1.771486052875647
1.649809856875391
1.338597682674056
1.648663829984775
1.22896576778818
2.221172517823003
2.136335362932546
2.448653110694154
1.979477037776654
1.17960315643796
1.872954966146046
1.323204390987763
1.240735754705979
0.9369449148272359
1.241857690200304
1.030129047938214
1.062665283825396
1.009495563342125
2.347543604104667
2.254732175747441
1.111997695394339
2.416781042372377
1.931343283462162
1.695589585420269
1.821267474862007
2.128120165111331
1.78352415460533
1.603753953650581
1.232429267979148
1.462013168245175
1.356266026246889
0.9195786224680556
0.9742320741768765
1.000796469419499
1.459704685919878
1.193620824366344
2.41620644174257
1.640837010375165
2.09728489513327
1.294971529354891
2.832035922216311
1.040444340557103
2.332836477687039
1.705884960966256
0.7001574578223511
2.008555009174016
0.8558174210320777
2.18297351427783
0.864159968867923
1.245554595094875
2.000229675515578
2.216376613899905
1.124659584390516
1.290522874829616
1.952804079998651
0.5672069855586078
1.814494300028984
2.134992675286904
1.805491924752475
2.005979427398672
0.8853259655705895
1.412071318554312
0.8865826773089007
1.660127427177302
1.942655319403557
0.5456144246005665
1.496724660977195
1.9214512577781
2.43547314233424
1.821880446562637
2.75368084870967
1.697828372168838
1.581018063989467
2.005212403614036
1.38624600625736
1.283853212206262
2.076128452477332
2.021206908193257
0.8701819718181023
1.115514998041369
1.693390695062105
2.386219411268627
1.778918509735748
1.406740045230741
1.072724452898954
1.716122707553471
1.171508130702845
1.442603501482195
1.73120724742014
1.445479701077025
1.736523824011065
1.861819651322574
1.567962940799058
0.6171670765115692
1.700411552320165
1.310967377398649
1.961113664240393
0.6979155665110515
0.7942615576038833
1.549411070137012
2.068314719421627
2.733637631601998
1.366712361743289
2.620633167728809
0.7860461548964859
2.478587016603969
2.561935394414627
1.167761826906989
1.55017632999115
1.532427664310124
2.534584883791834
1.921065829272384
1.058880979967662
1.81690721064802
2.002306871507586
1.676970098970304
1.520945375958081
0.8694448508063124
1.526915166862966
1.448918559150735
2.040783844189952
0.5398694492513202
1.26577397364875
2.003953363169255
0.6804818603172741
1.929521174728623
2.002454901088849
1.433677054865397
1.865000025062527
2.33209967477397
1.279279640080345
0.2048621945752823
2.319014758113081
1.208884507662935
2.4987225534644
1.364616647981209
1.949288086225211
0.9773204770921701
1.411533301109568
0.6886814810369168
1.785462165570863
1.924173806626055
1.50918733897535
1.452321994606059
1.482266128326681
2.512831190526199
0.8913227630540261
0.06149937155950292
1.602949764831008
0.4782061867527284
2.121995469295543
2.451083224210303
0.9434469683052806
0.7479890141740609
0.6239608887146121
1.384103480091531
0.1892637458289322
1.626008861197174
2.161607376431233
1.532677339654543
1.876154982339173
1.087444699423057
0.80719307099321
2.231486668495449
2.210727061911804
2.019860033926336
0.5923582454946438
1.788422066275654
2.362329339050255
1.375051455322221
1.892354744429378
1.230477937515458
1.187269395935519
1.683158077397046
1.948490984756179
2.489606192273671
1.685932669983999
1.245817143441803
2.207299968197975
0.7076324311428787
1.995896023163719
0.9380440546232024
1.257880791234699
2.034617201743322
1.853348440158804
0.9071848826423954
1.626844166006813
2.124511618649966
2.186806952693547
0.7569872116972678
1.408198595571923
1.381041213760602
1.529930095537386
1.823724179233423
0.9889147556067845
0.6447740888926758
0.3526608397573685
1.905436711777783
0.9893316578484178
1.169532957297285
1.021873321058347
0.8884817651605853
0.9081014520905507
2.433785579881974
0.9539676844726219
2.063012376856117
1.617916733043493
1.331248489843403
1.242037990626282
1.105106719865085
1.735542577982549
1.548954462378823
1.166838831685019
2.039484092887321
2.479601197918361
2.742890307891872
1.261255993556226
2.14352502322278
2.452801065567197
2.259119659274228
1.617820623993159
1.708586091957743
0.7548474464972432
1.366651282774069
0.6982643143328654
1.446197578463205
2.266515746343628
1.375924467642875
1.508811240311659
1.822665919564356
2.275859362971884
2.271273837107727
0.5852875032413777
1.144073312644964
1.109336146696899
1.613772222226105
1.536691364814209
2.168078524106333
0.6952934855244656
2.072085521663301
1.933843777815364
2.085087265045815
2.127679225407137
1.250044003998677
1.453069319848984
2.308823635624903
2.635071058831365
0.4656314782148488
2.100928524411086
0.8104296204818611
2.334660115921414
1.434945104675621
1.14860231784457
1.242747850529366
1.893270900021465
2.099728312913
1.176382445055748
1.321820892993892
1.832467932197374
1.385520822589132
2.003344190696755
1.442831499655076
1.788576119698183
1.853857759966727
1.035658531104112
1.424621429664053
0.8528637095891327
0.8681843288649714
1.558690033495937
0.9264328393923672
1.020675118008255
0.6579058797057843
2.360522098134871
2.356916857993385
1.854613916317794
1.070912216115614
1.730031202111777
1.129134686570701
1.755581300038498
0.6955990470300276
1.298532878089379
1.487497650215441
2.013821500227055
0.8719253488683195
1.641292296077423
2.754341573776131
1.251622013125454
1.62593147143801
1.707322673793378
1.804948000460822
1.725787708756758
1.405033601623981
1.426804683355162
1.537011276358221
1.360105976762833
1.302253234877811
1.347110133230738
1.62179527080304
1.419855135922951
0.9873678746262621
2.059489114387631
1.836588139974597
1.614822526189587
2.126345729810239
2.32725962666215
2.218787062334961
2.162498149234226
1.078471454429392
1.494352684824265
0.9621768818843145
1.245600866621981
0.8464433675585042
0.7801131242930208
1.303303577762504
1.758841960283467
2.060521054804621
1.310033689206031
0.9324278613566104
2.190951682339485
0.8187875010720779
1.184406846717735
1.828820023967022
1.048202589542452
1.347118671393232
2.07053263281706
1.883291978892763
1.335413713689097
2.211639675558312
1.001960258682231
2.323209655587472
1.744734506931662
1.21243710383223
0.4694267993518999
1.093265178229171
1.688850019836337
1.397696357569007
1.744781736514782
1.607592833034618
0.653414433823685
1.328836280826909
2.018692180562438
1.91044890523785
0.7314097571742565
1.730567894268464
0.7607030455091581
1.929827578025042
1.495905387763163
2.054477718256087
2.023981407239519
0.8814096520813972
2.252052962774494
0.8613707105959511
1.978217211583616
1.065642708981807
1.60677037355997
0.6741648986694606
0.5728288363103984
1.405489862904886
1.750935119864371
2.435340806480867
1.761707901230812
1.909779966290698
1.599233143766278
1.940489409709399
2.421514227333766
1.53896270611177
1.300727590221152
1.587794027382251
1.455411491582263
1.271127341777971
2.364662779372194
2.417721716681082
1.102942451393932
1.533169445791621
2.697777750895797
1.890315737468381
0.6126555214066084
0.5765600363503469
1.097941498752786
1.044584198466449
0.9205715271583597
2.19754836134357
1.659563943185312
2.533528676081214
2.56508262433555
1.048760650472633
2.343639944113192
2.005125842208103
1.281550089985965
1.46511431634115
1.766697800869703
1.152510771188822
1.407421011717396
1.191397366792499
1.45519009993196
1.870676473925719
1.434383024969532
1.304370672333885
2.121119102920004
0.9122967558759744
0.838229846964228
1.744737824697774
0.7400085027310059
1.558316978502528
1.865652007995771
1.24953799723001
2.209966937696783
2.041645089213998
1.441450364767941
1.181123002723083
1.724204121058092
1.381508327499498
0.4733288127575681
1.512695835110885
1.587707849094574
1.436967757726146
2.286451649577357
2.069728868111017
2.25151281936867
2.109696715212177
1.194141619442836
1.430716355954119
2.601952672621209
1.31212281428827
2.231769237099887
1.668372323353838
1.919491449276315
1.097499472818095
2.112653014469829
0.4042393426559726
2.367411391208933
1.684068848058238
2.409346466678307
1.179585635439746
1.164335257382325
1.002552196691431
1.766440825897641
1.679167632644921
1.885462740195708
1.247209528157684
2.275232143857457
0.9173507092136808
1.932912040962063
1.423944621149101
1.289607684305082
1.248089887013796
1.507108951800664
2.1094943709514
1.603274187046172
2.237204341565547
0.837097863569278
2.577821095734809
2.413610720174951
0.6261381689512322
1.169167368155098
1.467089202736976
1.917511536998995
1.152882073219123
2.360047700210118
2.157515821632876
0.9071869003568368
1.501700960041844
1.854503691110398
1.210220894122232
1.518204791384312
0.8879508831734708
2.180172768510479
1.255066564516467
1.048879777513394
1.571707499851392
