d = 43, symClass = D
11.77324834075844

1.912997271793949
1.86597434902574
1.434826543424429
1.459584094452892
1.365884276363519
1.326076697814617
1.907145213752342
1.269048258689178
1.031372247824159
1.582999104352163
1.514921527053961
1.457026360684525
1.378607626986762
1.939443703965139
1.463317621192852
1.595751079924073
1.975616587700755
1.488727629108412
1.520382705811746
1.278375433164861
2.599880391437269
1.054093034248471
0.8926764404174818
1.701397633177715
1.509096582706224
1.50711400583011
1.766580137282393
1.813480752174463
1.451066022008758
0.7145429924969265
1.46710806187847
2.014182338934344
1.845946006926968
1.694792869700811
1.190766662931103
1.111849136063555
1.713870460013262
2.121442895731888
1.786256498446874
1.618204633402987
2.348807150956383
1.551718765030292
2.456380481466641
1.640321690417154
1.927742156496216
1.939215280432597
1.500405009487821
1.845778536707882
1.478108197319589
1.750327583383779
1.710388274511074
1.863704399241956
1.143339229542042
1.089821300919277
1.44836131457516
1.735790542444917
1.728377428633716
1.440919019556931
1.6949081532421
1.722538552950383
1.521437197273078
1.947197780832833
1.521895984762848
1.536800238686151
1.162423169931162
2.012215306416336
1.157198156765514
1.39922369341431
1.100024603686609
0.8223640959480518
1.449464850895419
0.8750394800170301
1.236169745713062
1.7485752558275
1.249935476328736
1.524097091172671
1.319304648829092
1.932372763364238
1.549496622074039
1.02752340473494
1.672896257019543
1.517908267795245
1.903098926736474
2.233708986012013
1.213058464015389
1.645937591171778
1.867815447093435
1.17335396084419
1.858625645910251
1.932606252139831
1.223474768842797
0.9988748997487565
1.919565016311602
1.835851196726731
1.205604947074595
1.626216487547663
1.200705355067186
2.002296163010512
1.564187194344962
0.9832095505349758
1.225083299176144
1.212789937440348
2.184591935205082
1.423470106172285
1.604774006445923
1.197465599410588
1.198865887882632
1.980884554191351
0.9871808313326069
1.077623243605117
1.906189392843835
1.367703510446006
1.256442716912103
1.352685513277962
1.12264573959115
1.638965065319671
1.619176388071972
1.414825081054255
1.77416992866767
1.099861077345742
1.858138840788275
1.737351257997678
1.751732783509709
1.248451808294424
1.631186539196365
1.581362333951171
1.597108848144836
1.869433517858451
1.361146114069345
1.101447918277825
0.8437257935585931
1.6533836987448
1.421128020312298
1.97479009345373
1.797916387240217
1.767936748478283
1.534850027388514
1.068377312224102
1.410993228844027
1.862488622962672
1.475853301157282
1.854369820183805
1.984666694074684
1.233906307981002
0.6047552468743376
1.063437616456882
1.800610745532375
2.100786365332726
1.683359345972714
1.506305520605387
2.287138694013749
1.33110446791046
1.799611501206284
2.070098171681116
0.6883934719673356
1.327100645932463
1.640720874000739
1.611604606062608
2.381259414385287
1.469587508985637
1.179468549970389
0.8213834454014511
1.786666109273013
1.03187830746434
1.568784605269407
2.21204119540534
1.406600925714294
1.526377473803488
1.520667717069304
1.660579284053086
1.220561995850913
1.837726808165428
1.802518125867221
1.544411278541639
1.809210137344043
1.846051926109352
1.300429413420658
2.213040156169004
1.17986768961089
1.216482927768823
0.9166959367899356
1.33135681263508
1.915189830665589
1.145497947795454
2.034237881907953
0.7973287347239677
1.838601982179517
1.161883102475652
1.72410363665299
0.5543628264076368
2.497408321673507
1.149821403372122
2.093841696647892
2.21877587624852
1.317571750594236
2.202914646055199
1.632912256641985
1.987548090937314
2.010069883489698
1.795216309327
1.097812566276613
1.08124059968301
1.73758411776905
1.156138785552249
1.236873244887378
1.383149196907
2.096340351118496
1.129610807239545
1.506587425555971
2.045566873116674
1.129476901094689
1.469908210776578
1.79771893960137
1.21299805456921
1.090014134111521
1.347746689601452
1.587035274636756
1.210451126794079
1.659929463858878
1.591062241656305
1.659743646479483
1.557449376586327
1.967539196982255
1.459569684575578
1.635317360357294
1.101278753917483
1.524261314772609
1.440407981652231
1.298998274385132
1.522455608205045
1.431537447437166
1.428690408999707
1.510690934967363
0.8608201601435169
1.31301023387667
1.788054935059166
2.1015253577066
1.543769998887623
2.33497416866076
1.325855203705121
1.451485874585516
1.6870651783836
1.736751353230575
1.716355210659515
1.389263228238472
1.658578284110842
1.772782284866093
1.427927271540168
2.056771075064521
2.398003862920336
1.07670804607553
1.325739617062835
1.599588718342505
1.159762043363629
1.126217091867699
1.510306482650945
1.20160221027109
2.117238421542816
1.799267610783638
1.355296002621059
1.450501878071907
1.095485258930739
0.6402666823387437
1.480933433538396
1.193618219218876
1.554553591549227
1.682959850161688
1.866095617671518
2.300754544208972
1.769514944385439
1.580117640853382
1.529511682244011
1.926695686976801
2.568520941930055
1.181886428795936
1.706562558914598
2.574065799525421
1.69257856545001
0.6865010558629626
1.784179367136988
1.566001080163303
1.924705976671534
1.712426988920894
1.326744513297339
1.535552833967133
1.401555200315586
1.322694610425807
1.512505846861167
1.463793690551143
1.469585843155959
1.048631467836358
1.389356144497311
1.703441555129399
1.90052457008253
1.180768696379206
1.6607153479257
1.437010809883733
1.51059129599658
1.006141826140596
2.312424740016362
0.8742634129441192
1.138908989673581
1.941242655644058
1.376036533252853
1.489238477063169
1.480028992076088
1.923972177568172
1.403451015599732
2.000680601857396
1.458933313919675
1.581602986992034
1.857807474112595
1.779221047652253
1.278214379697402
2.261708621767035
2.599311687188699
1.467922088154397
1.101580086105984
1.310298519106267
1.665330655308137
1.877293186954576
1.951980483039155
1.662794896429534
1.544804130532548
1.85723296694043
1.546762324618219
1.601284348163095
1.181794410370913
0.8126709333542091
2.29845067732534
2.214861472734091
1.951704543795025
0.6330166420936314
1.686494839594951
1.574912261136607
2.081824456410851
1.565810975360495
1.223109638866192
1.431621551981821
0.7739718609996386
2.063979155805928
1.799866707347311
1.628125477093897
1.159820357512769
1.621517855496361
1.302820596614717
1.657459167287701
0.8808876361626879
1.217699612791878
1.116156809651225
1.66218089877326
1.139270694868299
1.86370866781018
1.740284017598611
0.9580779419642168
1.244632574658603
1.522913816153812
1.921513015813888
1.359141333209429
1.696575058767171
1.286377656434991
1.670164786033645
1.330369230712033
1.146688794400521
1.142804706918938
1.729539118527468
1.395078948142757
1.501920618874232
1.438341957191828
1.87920504333179
1.421252228309192
1.631649753754693
1.546308230179069
1.654487371029704
1.837322293516572
1.859194405450508
1.033726080364642
1.5682960105859
1.247714844632724
1.894067283033394
1.20842928373079
2.028481208329967
1.564822102720539
1.736609728077613
1.653941600358597
1.457186787574205
1.659905680562439
2.185522496275091
1.658156090866164
0.9151613489164686
1.260278787722165
1.412431058842985
1.084254696197045
1.11622496291403
2.474701018887407
1.327900881354244
1.778233654135369
1.891739714686241
1.979119156333213
1.988272910107113
1.637766579147305
1.660098256193922
1.598638494102219
1.210405054935038
1.252275132003686
1.424264430791276
1.120214861899449
2.073859124492115
1.916428989587031
1.41584349509538
1.064574039564083
1.409602399154987
1.439029158290914
1.596997319975976
1.61086988161103
1.516847039992887
1.607233472002923
1.673870079138998
1.240165494525495
1.266288735001343
1.411064411729796
1.229287270680518
1.161789754064424
1.375797423567005
1.736453953541944
1.145734315995002
1.529290427064107
1.715430227092065
1.831431037048604
1.665224535363899
1.902031066282628
1.34626641360721
1.644876607860118
1.533261990716795
1.612105058295066
1.474300549779513
1.258935375944636
2.022266286693915
1.205577440856576
1.974193786026369
1.669268371376663
1.366049042214576
1.189638329245448
1.324157217290675
1.313776425525709
1.03380890546985
1.599859881289024
1.150792966256771
1.647988899176671
2.081115104535999
1.720831791526359
1.051469856822474
1.621288636719382
0.9762114065539593
1.089712383106523
1.330080872654366
1.645305679918143
1.763696827527912
2.172821721019017
0.8155643365410962
1.586622300874808
1.537987491853979
1.242838819860684
1.812856044769981
1.226680883039236
2.387179564052048
1.192059255618385
1.044446345790915
2.145940596705742
1.163668847390283
0.8799291619882291
1.531450947665743
1.788624355464024
1.968275495205587
1.538983180804514
2.242770881801849
1.298496432881906
1.39878681725455
1.048143724039677
1.184566428631695
1.672989750161103
0.7390816185704473
2.232282583355933
1.313371172444844
0.9867787357670773
1.59454786086849
1.242847756635251
1.520565412961583
1.284333064257135
1.597628356432781
2.164526195719108
2.016386658401324
2.10264210921292
1.337651125030543
1.874342374534335
1.403066414746728
1.240783558551479
1.262446030145062
1.6265827419489
1.679487328480617
1.985902306521418
1.0107681267469
2.04994048237484
2.037570056376381
1.662315867278698
1.308892775676443
2.279854143407635
1.52094574495562
1.785335111444787
1.676523170114168
1.428009338067189
1.618248804987142
1.277866008204217
0.8970332908700811
1.335347782187782
1.723998703183762
1.953345550445016
1.938946464908673
1.81914315974977
1.1901110154559
2.104146180958065
1.636550668620885
0.8862118741964847
1.685424107544628
2.384930037497081
1.524126525104382
1.85772829128487
1.168870697268254
1.544122381333059
1.557393513054611
1.086221200444109
2.203979442202542
2.015157077871446
1.634648170037467
1.469821623663128
1.042790595599535
1.679820283956894
1.20312650767032
1.29019496450476
1.449148536753336
2.386629126647084
1.373272479941068
1.613335363052292
1.842865541938124
1.109039345150788
1.717330734991302
2.124349638024405
1.427903020279401
1.544490196541147
1.02358006644705
1.422569365601035
1.809150619478086
1.43277505543832
1.5282222921549
1.64486973071477
1.158810188344432
2.222797523991204
1.165626730906125
1.71888125398766
1.479477853122748
0.5629708570568011
1.922894762223459
1.516460115495937
1.293668653323693
2.021800848450896
1.242047658877223
1.025978974124593
1.199604601522468
1.255527569085924
1.354453710959824
1.756374654254853
1.856539779878882
1.889705261120514
1.296950269828619
2.014243904412266
2.223180464343907
1.374361439038604
1.203324337141659
1.136216827110734
1.40480304047008
1.642771029728466
1.277511308341237
1.098810885461052
1.735191002415184
1.660208273723601
0.6437820959711411
1.532367386418956
2.646015582825747
1.781019668484773
2.024961994912526
1.899730621751937
1.569184379098863
1.141458924016033
2.214074193398586
2.432122302926528
1.779809790387789
1.759697974551714
1.763859103708653
1.837052065110812
1.217294823488431
1.738483603012379
1.686959956428691
1.203423633431828
1.131379265250211
1.576339216893895
1.086591993905975
1.831966746653737
1.283131106536233
1.903735677660217
1.157921510431786
1.281213039992438
1.977105052733787
1.383575492567621
1.32367329503404
1.328160971776652
1.426658360378629
2.119384917668853
1.487524532875302
1.965025271723694
1.634997129110451
1.136473900183627
1.579230732250387
0.7746254543175435
1.269685175335822
1.57695982148622
2.280783914238002
1.165697234355227
0.6919523176233995
1.617662553747356
1.233558322458045
1.623052621762997
1.561084449412563
1.37235226325431
0.8634140207714975
1.270234298002854
1.339963814989568
1.703597554060329
1.035448080848179
0.7741413081608126
1.314467299819677
1.968090797501442
1.59892349263744
1.568976665442501
1.75678048284689
1.353876668341547
1.446474058685359
1.758352121237701
1.338246170691263
1.627868346745607
1.294223142263323
1.876907697635457
1.962991319183397
1.902695051799888
1.456011231013772
1.634137557240328
1.582804947676872
2.145789269217619
1.638204989556616
1.655048999299389
1.50981788125852
2.046883072152894
1.657194611180963
1.263497261419219
1.562535962517678
