d = 43, symClass = D
12.24787263829262

2.671148000951971
1.368306612698444
1.16768911220163
2.47109608449244
0.8133848103459209
1.277600205713073
2.415855015594436
1.326687987208147
2.594883053850159
1.868296235248808
0.04376874060309306
1.987470048284427
1.017596205574524
1.902678846036191
2.05429272785762
1.31564718991703
0.9729358684121769
2.328222712129884
1.314825286847474
1.859946180020502
1.346520304171967
1.602618443427025
1.778287527995425
2.324844059897704
1.502497785767599
1.199650534429584
1.696747609183597
1.116468804310572
1.303991893572857
1.438457094116101
1.513747554571508
2.536050252552815
2.103981087975137
0.8879917103395047
2.086453882211453
2.163876023461352
1.362627658706203
1.837831384760805
2.218121031336043
2.176020541517444
1.283795546865225
2.258145560649663
0.02084308649104769
1.23381043443714
0.442026496098832
1.741193380905989
1.765863176423369
2.59427957846489
1.975643822831172
2.577261054181098
1.515082718696011
1.580170519830009
0.8435967570772684
1.96943946492364
1.509370851169891
1.332027917928908
2.562083724575013
2.560817066571779
1.634990057690095
2.0444083060258
2.285320561661535
1.799264665709275
1.920292344964605
1.064950131688483
0.869376272549642
1.132073740635223
2.742543476727136
2.336292320873276
1.284503322197909
1.772652438260094
0.884631143684427
1.60611993627723
1.257749951335724
1.116319787324439
1.708287037812459
2.652961087708805
0.5201321026859826
0.2159529685302775
1.569942416620635
0.6448101456378323
2.491585825401194
1.679759798337539
0.6043238017571481
1.070090580021412
1.176109259388739
2.412666714543286
0.9966957655831354
2.10394333845385
1.97230013188698
1.736460078021989
0.9607404233900881
1.508709779132827
2.286568892761172
0.742941958772059
1.298824342957256
1.35716062174066
0.7597913694358278
1.304370052619912
0.9067602798461376
1.264584403502524
2.271988933416318
1.750553365723256
2.25688802742668
1.057415033137898
1.123173846588227
1.375091239520643
2.175020556313167
0.6029604639693471
1.099885013766882
1.702500781839061
0.9514735275996609
2.64117680389916
1.465265158997798
1.024288543209902
1.077154115004082
1.997124303652816
1.706716856450217
1.661868304392631
0.9413714206376542
1.716031800727746
2.098671644097644
1.023182038257433
1.416716146715899
2.3310621936665
0.9860092320435034
1.102192142756009
2.020045977193513
0.8712670527061945
2.507348958055764
2.59980286565335
0.8432306012888174
0.8695807326418206
2.511782868871938
1.510191645734407
1.56897506069134
1.470236159586876
2.185751241256426
1.750774936401952
1.5870399393583
1.344307409211619
1.564984441028569
0.4537852608346305
1.24410481568221
1.835158971881765
1.243457692520149
1.529177044217362
2.078085942343449
2.124393211733243
1.286327004325723
1.218514829785591
0.5622147128115825
1.341123288220637
0.9955781893928103
1.39041618925849
2.320707348010397
2.112072785109075
1.448202615172997
2.265375985531787
2.27512650856468
0.7468753531082313
1.717280727967609
1.764924282014582
0.3569670612095212
1.982548639260334
2.012388083577735
2.504703250613704
0.9697333783445481
0.5453677259382733
0.853237670091
2.080567723671184
1.290896246056465
1.215071043843764
1.760904209691501
1.361043783729493
2.332053802233339
1.793168460140069
1.484058893794087
1.903329023243627
1.749930045579421
1.156406607415674
1.904127721654812
2.450058477751457
1.554722776173757
2.505156772429709
1.793122598397061
1.615251829072656
2.222398275885884
0.8424244577672114
0.8338096283458444
1.765381654172758
2.271236154018857
1.002988618779354
1.413729694271355
0.7997132026455026
1.057467808188208
1.934191433912041
2.088302333113524
2.197467703851527
1.003586415718564
1.16407027109827
0.6641580553483927
1.082538624820607
1.24690872304778
2.157728168413547
1.50187145371849
1.83913818782916
0.7564766990999297
1.232247369952709
2.564872685402728
1.967027800463041
0.489685924129854
1.187583056814399
1.212354770619852
2.604274524385257
2.066186117088938
1.588323512285674
2.248450946115095
1.895034605230492
0.6084024028049546
1.199784325685463
1.809643920093091
2.469865671188519
1.265812836996328
2.443420916119603
0.720755180440475
1.840779161760825
2.034203550043293
1.610938539823712
1.605676454839446
0.9986247145469702
1.657182298893359
1.010354463223437
1.332339242294559
2.054089605042352
1.19180317425607
1.559481324229211
0.9361695951492875
1.639672900351072
1.64792214810418
1.355044029675615
1.983652033961406
1.142968666913129
0.9768489679596055
1.618735917105952
1.194472029110858
1.483874493623686
0.2982022894459861
2.32364606970387
0.7243056888149543
2.175704491305712
1.908518837736636
2.014313209660485
1.307324699187882
2.439151018543559
1.87964227768023
2.536244280065697
1.374575213719833
1.60261487195004
0.4907819982998353
1.843715262206174
1.682178683164477
1.202500739691444
1.429292456125512
2.233131485176304
0.6215362708569334
0.9351630616730648
1.50829104770733
1.004497397352958
1.231733169155356
1.631273982897934
1.754641754336616
1.749864601500607
1.66796336338717
2.323366458609935
1.970252956414963
1.821677355084677
1.973163159887058
1.844076677614843
1.423720512946185
1.405687582112791
2.615638924450464
1.443839620567323
1.297889340656904
1.093574611772013
2.396411892996679
1.836726078584529
0.7956888176552352
2.174079472275071
2.406260007695051
0.455976996385584
1.438785710922918
1.404650822454
1.389864178945906
1.710910260966408
0.6679513892315715
1.550242608172042
0.9274188385203755
2.497395257125011
1.277347788891249
0.7725920077723096
1.337057538300302
1.774440572147629
0.6431908668386719
0.7928250903609269
1.15331733424808
1.173613652611142
1.208651380290527
1.608880346501887
1.84944772788769
2.357599375826924
2.100913815826349
1.562009403198394
2.151158272948606
2.101081404366432
0.7124187482358052
0.4745067468656488
1.599825909655381
1.343541744768568
1.581234683785442
1.80127859096528
1.856423297097848
0.7566823713578941
1.321511678351443
2.824237886239846
2.032958687303403
1.243319011450915
2.054538778183149
2.384868311837338
1.762470630827163
1.777188710649804
1.795507759441485
2.486175832983803
1.675613947250006
1.01226209152447
1.679814561770534
1.643595537041254
2.138920746583932
2.100052370133829
1.452889039752925
0.397555357739595
1.833741254975266
1.585862970815076
0.09410051794897488
2.274508740460521
2.110246337793142
1.034452016066141
1.718218146047519
1.146109749959926
0.9950354790420809
2.053180330812095
2.292819193205333
1.374281371621071
0.6148077682173664
2.326589560877087
2.732900512622921
2.079526461690136
1.897427271199569
1.915088646971492
2.125057050075073
1.467059177463295
2.719917069632326
0.7797475968757327
2.441536060215683
2.131565336311297
1.438721167951821
0.9200652756283201
0.997089273252092
0.6265170585223622
0.7462541724587368
1.991395684105406
2.172042219720533
1.321745644508931
1.585593993418063
1.842233690282391
1.120456634328539
1.601002819959161
1.757555664470229
1.215247678732835
1.67383427017004
1.079947299311473
1.756788198854196
2.346061353658794
1.818323582297723
0.4439941142233098
0.8826136289275894
1.824695884329048
2.290785780847598
1.841330045175212
1.115015305263752
1.429844367069882
1.181878637870224
0.733710789658762
0.4552927662862064
0.7731005142851698
1.178136744145935
0.759644012214344
1.588694197557348
2.65510375706201
1.2837975085477
1.501381923321473
2.068275970207373
2.150464547312287
1.664297878927509
1.707842657259743
2.427976503480178
0.6949566244565795
2.494844288999849
1.201489663396077
2.620635261261087
1.212940455716051
2.147299715131681
0.9927700000952067
1.343732392826175
1.163997951365083
1.426161805389177
1.452936855709499
0.6671700825829389
1.013071142269351
1.333408171857991
1.320051231912442
1.845932581960954
1.213742716188694
1.141489216164854
1.372334691955519
1.276867190600689
1.521126519936024
1.524421518694415
0.8728036287855022
2.558648912441235
2.085881600685676
1.692120652323232
1.312775114540798
1.133022535135729
0.9016852704052801
1.272170463982254
0.39224485944667
2.240512184942904
1.340947189299654
1.811052063411929
1.410690424199944
1.653076506361779
1.758631165053385
1.21825195385683
1.425863301154864
1.381487743778839
1.763818784679127
2.172272415063828
2.035639576948459
1.742862470703165
0.9105324177275561
1.335080563290276
0.9804160589340591
1.051276946570425
1.861262645465639
1.722468173369539
1.562169092588536
1.988816687769343
2.376843212266851
0.4635789864168635
2.399095242220745
2.029528730723038
2.665033603911937
1.234651674724756
1.339655255127044
2.181440595883855
0.9621769685814722
2.699078034242451
1.212516857829759
1.52660957235554
2.17493558775606
1.099442742198194
1.724111506279229
1.785244095310571
1.765420592452844
1.995387402252433
2.455328221606873
0.7823941453226837
0.9039970979379436
0.8241042146747675
1.999331654781196
1.745034521916917
0.6467079707124888
1.651598918392403
1.943111901776656
0.5034860784063446
1.860671332288048
2.118698182665001
2.340891450163769
0.8142494812413358
1.715317774533867
0.9810979303980074
0.7811119416538208
1.895096041073779
1.449419039251283
0.2953216933105132
1.854387324890153
1.897906646454761
1.482467370763596
1.759008572510483
1.409283569637604
1.723898309133753
1.308957445944002
2.370903878249351
0.4044440841089311
1.114147262444569
1.29295653464986
1.402566445991571
2.12983246350388
0.9124225346648469
1.11413489205225
0.2783493752107702
1.239518327503946
2.297100491776099
1.591348846565513
1.42882773003381
0.9401328276695878
1.676052987602838
1.844485579914327
1.527342439660236
2.128131976496736
1.913518132048457
1.241728264023055
1.397346468496735
1.375950774363212
1.515768774990675
1.576179923752598
1.929459336109025
2.535094826704571
1.619530315419611
1.339296149313869
1.26737924567726
1.572723255808423
1.867631442444137
2.600613154572384
1.99763958225503
1.614508991008557
1.541373825350103
0.9283597702067669
2.304698814430731
2.279256199506341
1.330558457700859
0.7715556543288249
1.599218427067557
1.45811698680751
0.2591778332591455
2.361959109071265
1.45387316387928
1.819005888322787
2.274885805629592
1.047866724176567
2.241542303126631
2.495895337498189
2.051078588250495
1.016289365038009
1.425604475394161
1.419109486152016
0.9351589688990958
2.544087914998724
0.6780139124218185
1.681789227617946
1.934168043884881
1.777176550037286
2.20422504613613
0.9331671726660165
1.429032272383524
2.35087080859648
1.67777123199663
1.055280602115919
1.087972796071869
1.449906002152725
1.429952019396449
1.81865239830061
1.181881599045438
1.64626733182982
0.8237741127408822
1.617856030588296
1.288227118426871
2.221650911628577
0.3351698582915434
2.267068862154766
1.591864872533911
1.413636287607001
1.199835111508671
1.751618407474541
0.8424721261320253
1.526988155668536
1.707331144724512
1.697738188565793
1.400024737331935
2.135903346137674
0.8877892469396431
1.133045402436221
1.418600405728673
1.76768293090862
1.649787869961318
1.863685702813038
1.474382398110134
0.626193672293591
1.831892793714003
2.184306081780691
1.749955791835339
1.615579290675247
1.058193562098474
1.414322788342531
1.564258044665578
1.747459451770662
2.072410032206823
1.405447393292635
1.171792119774142
2.080767721167513
1.34629360321947
0.5285635241346539
1.175745065314602
2.181108122918637
0.6551970688833585
0.5807536571483671
2.819847009190558
2.253960514132372
2.266601274607347
0.4508551370633871
1.966512938219265
1.977323918204932
1.180464824162972
0.743994863513386
1.834653509678894
0.6977637502599333
2.19757284346186
1.075515587812304
1.92243052840292
1.457385498072563
1.668595157741502
2.171205114128088
