d = 43, symClass = D
12.28226208621737

1.569513575930349
1.731390861413351
1.577110839522728
1.552809367047642
1.557011144565843
1.534627453765401
1.203221166196939
1.801704216584258
2.754230624226465
1.060797283110085
1.527668378705864
1.77929851684547
1.178322693828621
1.090138786268761
1.768167513419095
1.891235852913103
1.972426774509201
1.514621621767451
1.595959803257744
1.215918048060078
1.562500779542459
1.624122468122545
2.270426511544509
1.231839761773119
2.24101276674779
0.7181634919754248
1.30791073887829
1.761509767321252
1.999527948224355
1.377793918281717
1.559752901385986
1.322263075169583
2.266444056043724
1.386474261869074
1.401928644435442
1.383515645563571
1.036314254662122
1.888527051229699
1.0114412992883
1.84132625299831
1.667083536890156
1.626071781944433
2.18455817742865
1.244165202607686
1.033489515223213
1.224796197262969
2.025120489209437
1.889382752071551
1.882834800811318
1.85929413964531
1.201005371034734
1.796410972160554
1.689396844048933
1.880692805617193
2.014638163175007
1.770074039769514
0.9507200853611266
2.050692357210903
1.703763625457215
0.9902140563120089
1.968836226391753
1.865769579897933
1.530956745095491
1.592567152983666
1.829869996258718
1.362467704331746
1.697318956867639
1.774202523152719
0.5396392286684457
1.466390237366782
1.512236216443626
1.36022497807004
1.764031100414926
1.218619605674548
1.112832054497595
1.982378719752957
1.195079531673344
1.268190950824043
1.510790117251712
1.422473599437863
1.924338438954667
1.995876555021324
1.532213235656673
1.148387863639753
1.144051293485487
0.6513740671547156
1.247784719598761
1.298414817522511
1.387073520800636
1.42227971009583
1.012135607455625
2.064246185748658
0.825408225866806
1.344365967027168
1.289666124105842
1.687883502039928
1.482571114440044
1.518282671194531
1.620118523536089
2.107189573445966
1.953947788067752
1.366674307409951
1.378867113997413
2.163514391789538
1.075748871475889
1.34928988506021
1.723927571209714
1.211501794389397
1.807108904899045
1.720113467494057
1.628779378542884
1.044583421561639
1.055159727585836
1.271605828706936
1.159017697701316
1.364948755435388
1.318261013357873
1.345322642279371
0.9602419036493199
1.872744631105534
1.610292223483364
2.36975397333808
1.246614732274598
1.305862321905236
1.446472876912433
2.010336752630104
1.473931147874231
1.767053115223869
1.600200942381052
0.8234234971323797
1.238188047049457
1.877090641558561
1.867016502468679
0.4445831501134606
1.60221987938535
1.392056571108365
0.8595978330997572
1.016822370799115
1.91259805196052
1.646521518934931
1.991103820005478
2.003277214404471
1.826488771968184
2.127920353117877
1.508061379615257
1.081837138020387
1.413173531828183
1.544280967761611
1.606601949019025
1.110183313716206
0.9855513590879376
1.44773936918421
1.793813482555261
1.894942616486034
1.823794682486746
1.181245761305557
1.160709274707353
0.9575080340833417
2.21864385805151
1.699955911845688
1.096211310789377
1.851420693157471
1.552801467552769
2.19301876700298
1.288399078375022
0.7524268283377415
1.410953981087222
1.465883934456754
0.971793757622197
1.196222564801655
1.496119878456042
1.485308332539794
2.054467277928494
2.356817606141783
1.08526501042281
1.342520244059102
1.80301377734166
1.659085689706558
1.537316054769053
1.049504114498062
1.893241924357111
1.748207669384476
2.054607402427374
1.65871007639812
1.849546069530993
1.698164742589238
1.141129752126046
2.366395624666021
1.507938831094805
1.678355900154108
1.303549371138641
1.0299857791647
1.898973632107428
1.660136389253466
1.606600164891693
1.600671386704733
0.8041285457930016
1.780579738001214
1.37438204278697
1.505865337672393
1.435244875652109
0.9964588646712218
1.517503865108534
1.052965617936407
1.109601221410349
1.693385084349523
1.289631007398298
1.645607348194796
1.586033970148
1.257642921128515
1.854743626977375
1.910899503194001
1.521609846727833
1.334995186398816
1.529243127161174
1.924334578944461
1.543157201467559
1.148994829094556
1.041609790092913
1.964932260513775
1.899248979089815
1.526941085725297
1.351916711727819
1.334122532415947
1.768738880466141
2.07856911770563
0.6013137759245171
1.247775055669392
1.533562562567247
1.48610993960098
1.222856080865141
1.663945138354554
1.993253298583464
1.186153999548852
2.684312852993246
2.150628350718886
1.469699587701643
1.465773431712404
1.848200507970564
2.056231660642753
1.512789658147363
1.921236200266599
1.599440597540584
1.780381523099058
1.288559312881933
1.575259858964604
1.46483701060228
1.42740569314979
1.712224812726843
1.230045730443945
0.8906645057003164
1.11163703097522
0.6093191601289891
1.801693600207543
1.730596857002213
1.717319490636104
1.412484053698429
1.54794886806934
0.5323516991546401
2.149807924503489
1.112504565453699
1.073251755154689
1.422557770703961
1.56880034027776
1.568307841279422
1.270727965887537
1.578827233109281
1.600846105122198
1.250909823455251
1.44163101750359
1.321524679306707
0.5946698884502217
1.592303864927804
2.263326646751892
1.578549083932882
1.9052354049734
1.706669100902711
1.648317639606821
1.118633667637803
1.310856125163632
1.601842450211531
1.801353344778532
1.511479977598607
1.041875963583668
1.695482210411861
2.089863041319671
1.398648281670427
1.667958875424722
2.010407120194186
1.952966204782658
1.24598174848381
1.733927101039395
0.7852753094473449
2.167261174809079
1.049593151514625
1.627031467512358
2.307522566879076
1.766270833964206
1.326109802436481
1.552153395509414
2.46007781990349
1.818294350463159
1.255161425272247
1.715970778430452
1.999847239831572
0.9902641318198978
2.050847109128363
1.516826252373658
1.72492504984829
1.72193046692471
1.274176817475161
1.551626016734617
1.401059478265116
2.019220706101328
1.647892705911218
0.7809665688846208
1.874231209391562
1.920487050700304
2.185158503953088
1.160977286723376
1.043596329653457
1.2267410368639
1.848983377333996
1.794566870949411
0.9019863670830267
1.723379549351133
1.549573788771218
1.85135225284201
1.76080106142451
1.287824956006998
1.423786782890866
1.559647906503123
2.41607722720425
1.364733652406885
2.528167785916215
1.554625120045929
1.382839604830682
1.970135389244949
1.240589363226376
0.9597512705007221
1.802619265790637
1.58142667228425
0.9897318505553552
1.565459020876938
1.787702575943732
2.176941211746023
1.42744275163926
1.186742519823511
2.164399990177236
1.554761267157861
1.444423991778031
1.044196952879312
1.865533182457626
1.616373441169413
1.813632385298466
1.437958462218021
1.390025843372021
1.362440288616852
1.356511059664646
1.917651511157074
1.973441535862786
1.500301409319667
1.934656779931901
1.22867429193928
1.728136199851714
0.9098371698370882
1.686173007812303
1.717111226804704
1.90726600366489
1.325686961427277
1.689950277775602
1.320352532136374
1.222388180568652
1.608921802719311
1.001628517517789
1.646579297078616
1.330653279755301
0.7787497964222607
1.272687886273551
1.651514412935176
1.84439889802398
1.433381714805773
2.343582374255404
1.928569293583383
2.516843263439295
1.056587035747513
1.860277478728975
2.05610173800548
2.143540392628482
1.927396576317885
1.589663602890802
1.544165487015016
1.637912321791469
1.635426065409318
1.814859110011245
1.666469423836816
1.805103624909407
1.490055830629024
0.7610639963290589
1.050163060389502
1.733039929283112
1.375972530838123
1.948265342310392
1.255941309014956
1.703687146148525
1.296433812885704
1.202981229139886
1.896861364069623
1.334149414025789
1.442864253227798
1.337786821232392
1.877618493357509
0.9957246248475387
1.955344009643611
1.726780124936945
1.786185992108421
1.652895593522984
1.793007642643969
1.801393305592659
1.662835467813438
1.014290953378532
1.063542302255462
1.591447744644694
2.15074099621883
1.13122299222127
0.9210434844251726
2.489029295282996
1.455175588600131
0.9860665301349665
1.613917760567342
1.296085999936304
1.133509243623174
2.020531451121629
1.304616997759719
1.676181171337081
1.567917184440896
0.9685623423177873
1.684084488055079
1.851889421773985
0.5470765695311557
1.297423865930819
1.553678590870957
1.524146096585385
1.468714840895493
1.452554829244857
1.622298811311761
1.630034387742549
1.853309216014289
1.552809356201265
1.430981380873612
1.039562787371043
1.766962038969516
1.362249912260079
1.931163714829375
1.477725775417783
1.925826376750701
1.885745996186439
1.741543702907687
1.508212170726521
1.489365553585902
1.814616316411767
1.219456332446514
1.461290745551233
1.772323921884737
1.641093351434842
1.492757071368392
1.230887216079303
2.121253878962904
2.050576011528991
1.319154390637305
1.524543912091956
1.848309050933864
1.597570728836642
1.707152134396582
1.551196560860981
2.290570956883499
0.7109943188267265
1.522143155140892
1.198059522522645
2.305077489632952
1.675238511172855
1.262885389672953
1.342784275616145
1.064277059771436
1.038130201533777
0.8608152125386401
1.759260092588437
1.112076340247423
2.092664681186251
2.02219699953677
1.888275613330876
1.174824176745268
0.9534344127952132
1.180663792288558
2.423763502645293
1.384564910160897
0.6459358897130573
2.118219230975513
1.723894449677804
1.226142529231247
1.509641858203372
1.714894080989619
2.218186515436327
2.113854372564103
2.05905327380441
1.220028271361986
0.8576225175554677
1.866857964814685
1.275258826677381
1.300212518780961
2.384874361302728
2.203306063008678
1.86277951205496
1.537161701606547
1.450238393552403
1.749076347977571
1.638704144343087
0.3191583075012723
1.788697502447429
1.778850671653766
2.054411704795032
1.522422979622988
1.420227772897169
1.297766324363919
1.540717716273321
1.500269004644791
1.025213244724194
1.873435503918074
1.896674512259195
0.9300090976769935
1.914999441282932
1.337182122554755
2.052550622850871
1.689098546846586
2.273327979612095
1.769186726869138
1.378764229446154
1.520375128576983
1.992472016136086
2.0363064342919
1.782858196260688
1.639670145370668
1.589945822813787
1.650828576459143
2.394706012878204
1.420559418441369
1.571339285442047
1.367829334762653
1.635645041619253
1.870101681577435
1.75921514493769
1.871301436393391
1.606456005361514
1.842140910686313
1.176239311262412
0.9317998319707067
2.244165374112349
1.576094995422249
1.749905263357847
1.768395645125248
1.22582876772876
1.589167957697679
1.182957596826895
1.833602497984326
2.088370760948286
1.945120984239827
1.960882452842421
0.9668022222219727
1.836944647528738
1.199755576958039
1.471023405849718
1.701158586895014
1.411973280222567
1.652982821458257
1.977719449255373
1.707615725971505
1.407983833695628
1.41476104149228
1.525518035565068
1.984657363309495
1.20807949319903
0.6526322368475765
1.846338180819146
1.941303474671513
1.744615930333785
0.9099923573020774
1.630942441682411
1.878518322503874
1.504764234064162
1.362024939926647
1.796692811059617
1.976214315530294
2.016804963171384
0.9611235457385622
1.925279693248847
0.9673032586366491
1.685932275379102
1.537273991071346
1.37658928021982
1.792718255088402
1.862211097699927
1.731213426841997
1.422745316647372
1.534825616430459
1.2653554964643
1.532887119555066
1.397789555430073
1.698042447057037
1.273979182524603
2.287921926707869
1.56695527317579
1.561559797869901
1.355762072395124
1.34519675587769
1.415783506607299
1.212983819218228
1.399594461072781
1.739415013810127
1.472558025088118
1.056528290504847
1.614371336836582
1.586534180318127
2.083992804991871
2.383288658483218
1.33390118782626
1.585465738316873
2.309661173844431
0.7759853753864504
1.645385080806481
1.290101364057015
1.643256009036726
1.407495101766196
1.124127533086867
1.506746991232241
1.844433773425791
1.709261495465787
0.9629658282521666
1.859675751530591
1.258499435897903
1.235830111054781
1.778423070617808
1.613906968910888
2.110830195879442
1.346228815128085
1.615839364468846
1.161946329805883
1.523027784291603
1.887485967466001
1.268397867368876
1.510647438964966
1.616155731139295
1.760947012334481
1.491751364843285
1.077101929909397
1.785575451937827
1.941532392066111
1.401148564061364
1.509337019297504
2.380250381424663
