d = 43, symClass = D
13.51395554998384

1.517832347709863
2.104474713475007
1.97813417411121
1.846235429394793
1.507162396775082
1.619139850345219
1.368998301052882
1.526189181692275
1.691234443714823
1.594627186796755
2.028766020243185
1.466956957098051
1.393555195049123
0.8708346736976226
1.771584644415669
1.194235783286821
1.13377536903057
1.40283953857388
1.663366234438804
2.189988770155312
1.50398962220486
2.154781514751258
1.804744893010326
1.105517278348747
2.16486031509485
1.981024978915542
1.430547877822678
1.766892540775521
1.433714991902489
1.276768298990786
1.247227001173017
1.486859696320714
1.365918045826091
1.490319296079151
1.346821720298752
1.470577463922285
1.384787112228563
1.728982280021174
2.169136697523484
1.65655131825679
1.850479757798791
1.289039745224805
1.516079784114353
1.697607544666243
1.516619038932211
2.265651371423585
1.703083173059368
1.315952490691373
1.238957207968962
2.132127170331895
1.538503059784375
2.049171065707224
1.513370486449501
1.273386666530316
1.157704492086352
1.532672971244773
1.988563158756738
1.99923357775657
2.048486914990732
2.366220049789027
1.563639507991192
1.886262783000674
2.285083661878843
1.748213809930357
1.741771045242701
1.578421001078026
2.093105880475041
0.8342070444531815
2.215336306039694
2.349066493584857
1.236439080116534
1.719005408736324
1.021354235375459
1.365196864848122
1.081204544716025
1.884118991074195
1.599448399102776
1.881412300116226
1.186063220289364
1.769489088157756
1.964927473296261
2.034195682250297
1.646602273402587
1.461621919685545
1.335288392844384
2.163690549990305
1.379734164946241
1.416537464037435
1.53795756914367
1.455512124575369
1.071751314116892
1.219131188874176
1.163714509829861
1.829985457977199
1.632624753370826
1.464122872879555
1.432486904008286
1.623703360275413
1.673420904848736
1.504494003177196
2.545620180105002
1.833370797538624
1.372931904000546
1.528678276769454
1.818990956953485
0.7028630378338905
2.036535798947323
0.8429520488825106
1.984931137627805
1.411214045087224
1.700780007345628
1.764879979860321
1.359312768130018
2.108144631893032
1.131032447276271
1.637005206110338
2.033679912639895
1.802915808255467
1.832056267823607
1.690669921704782
1.208101952126175
1.866903153139488
1.532467638531686
1.605191930792319
1.305010982387984
1.149636499562891
0.8862281688275673
2.007326106724584
2.471838623181722
1.543083709985866
1.62843639203509
1.562953523385935
1.18763470712654
1.616675611306357
1.836889921251701
1.754555945699625
1.970691069260989
1.345510578112061
1.308846723943686
1.672811408703438
1.687322401181265
1.794721528386429
1.764630422488246
1.801154515369207
1.689409635368701
1.708278406694127
1.811718837359871
2.0194211115123
2.163013510715712
1.130495958324528
1.790684342913191
1.61690326323613
1.439002911747641
1.854730832986924
1.128996044449552
1.308744851558665
0.9710418959579139
1.392068601571904
1.799852383466527
1.078250402780927
1.44024320272453
0.9565742415083135
1.930417869870514
1.23700454399784
1.55189432550959
1.635395717311406
1.986565369526238
1.547659249160799
1.380446609250028
1.195623366991115
1.680485556429636
1.567963246505331
1.776523925303713
1.250961142610734
1.183324787764938
1.495126972350718
1.518399507791101
1.742610908553651
1.476673447771604
1.683475770965834
1.535612440661729
2.357435294036697
2.30458752898878
1.430811047938925
1.447234845408755
1.419937232543171
1.470719055687346
1.550882501498669
1.397931606448779
1.855239183538166
1.22981091125442
1.651592987143592
1.933396091293277
1.513413262896971
1.301960036722084
1.840204467694118
1.906488982390744
2.66628009176424
1.324210928822127
1.400401760711305
1.423627830963044
1.756742411530573
2.169895031063391
1.091983650707198
1.879488005102559
1.605945257541868
0.8177894284955971
1.019538121396108
1.349792874781883
2.191046249460576
2.098469904179891
1.501640363963325
1.869726926767784
2.111695379577097
0.8790183040848421
1.721242454822858
1.579413233490246
1.462595275014539
2.150362659114231
1.704490290558782
1.098378887301354
1.171608298312462
1.086125370385382
1.813534435126287
2.357655738911696
1.829487751788895
1.071653068294736
1.646933484737707
2.038984161863505
2.205525108706613
2.134762788737719
2.101552384034559
1.413400723191844
1.006348256998054
1.637523806944435
1.582672134918372
1.470801396432944
1.973007138050886
1.868649715217885
1.642005703418406
1.457551431999873
1.591341058853654
1.567117242399799
1.389352886053109
1.703623584308922
1.753517873300595
0.9362647473631177
1.376365043768125
1.574212246059966
1.760548568595731
1.401303674908237
2.019567444500072
2.146885386696812
1.19126816079831
1.217545148885297
1.258362050995128
1.381684780983593
1.141247030332434
1.944869662497992
1.608108869986886
1.4254710839475
1.433892553333643
1.365963586706388
1.294865234145376
1.193644775822746
1.959092312498998
2.01172929063043
1.580943133992777
1.998087142859422
2.149436340391386
1.97772713002961
1.744740731038995
1.651521321798889
1.432036073153581
1.594803055422552
1.70951631639883
1.270392485564482
1.621225653935485
1.437582104421277
1.570764549031484
1.761429064937904
1.576697536223235
1.695019360774075
1.459987915408224
1.87497460065585
1.864860805701161
0.7098963514792994
1.711672767950541
1.810444023698766
1.74422630885605
1.288966410414057
1.39552611710792
1.705153066077566
1.890395847090155
1.41468842674217
0.7081402594298966
1.877517569778785
1.109138130310622
1.629405601683012
1.828508607519674
1.574981152520039
1.787412059256478
1.717295522155851
1.041513051530149
1.451632190016688
1.693924391342442
1.678599579762871
1.181076941923833
2.10218179221605
1.802447878590898
1.212245714660589
1.159575991458102
1.174913597509202
1.617080454029635
2.197712309548935
1.125601666180897
1.834797997910931
1.432611777951376
1.727326116569692
1.465090532635295
0.9544839992171056
1.052481468172903
1.189409314312979
1.555431494951417
1.546187825921599
2.429776011539012
1.423279563545283
0.7267648810890011
2.355457711468445
1.414337671503763
1.717411002230447
2.34461841913553
2.074812208768037
1.490951474282722
1.752056485934536
1.835258065475793
1.868469797250106
1.495679411439893
1.937710071775261
0.7507110570448451
1.455736879180707
1.020046424299508
1.704755911840816
1.909533830975908
1.389019563830268
1.691939944066112
1.273926808049222
1.472255151141275
2.02067364753227
1.864177903419208
2.274220721106901
1.877807896534305
1.697686779735739
1.01885977754688
1.570925843352731
2.323887105382049
1.684169834299802
2.183084480832091
1.288828550681068
1.787380731526021
0.9870644042213523
2.0570716895675
2.597647382871146
1.659995155974968
1.901973611086325
1.568910941257618
1.332147844938852
1.731256662064922
1.927481438239635
1.028702225875811
1.187348267780122
1.974936646549747
0.5093683613569614
1.523872942060081
1.766353198214376
2.068662090364842
1.449501337358752
1.65077036460705
1.667155887424952
1.823479694870037
1.920714329219323
1.636796987459996
2.140870416855568
1.400219582951147
1.429022025500322
1.925859612498693
1.762923796076165
1.999549262727602
1.961938900141347
1.574721787554678
1.496568392720347
1.473157420333345
1.092972205379463
1.39358100969426
0.4661970724303063
1.804639903436544
1.197343669237676
1.832252980697548
1.380344201186777
1.102570960910086
1.737882703251723
1.435310753586094
1.528342775799823
1.574500555152501
1.526890616908599
2.086578641559035
1.862643677709447
1.103099746963641
0.8935736268128375
2.079268044837908
1.951605632027167
2.05301913574431
0.849473720233793
1.841206833864722
1.218007031316934
1.248448362216318
1.937677742415576
1.320480683397316
1.608895004707952
1.077312463702666
1.740672252689547
1.624452640519735
1.622904665521071
2.287574012370812
1.390315961249706
1.071817993120673
2.277514582147425
0.8453808378183126
1.543529540556735
2.242520055091621
1.960142708870773
1.647875845718136
1.887519364167981
1.016307000825756
1.609579384909767
1.082275871713064
1.273890196012476
1.674665704783957
1.839226403267114
1.683237239077344
1.518418607089252
2.361366131784162
2.30222295375843
0.9477884815857172
2.372670883493766
2.153749543359526
1.695121046674224
2.053736330383916
1.93556423458109
1.38832832025227
1.858323335904459
1.611075552002622
1.559183222689533
1.218076258599913
2.09274378143436
1.229271763566188
1.443002543125074
1.573763523307643
1.70331384802116
1.53123961809916
0.8506834087460197
1.712358671551266
1.918760103554755
2.092072989035877
1.320208671036474
1.630496066205919
2.065134192963308
1.871976358050228
1.799130181828727
1.848717776855883
1.552611647915581
1.477166471905236
2.396940707276629
1.738088614991832
1.305651606673276
1.64925104277358
1.428001549551223
2.525779814595351
1.329266492611118
1.527156850017891
1.232108579634718
1.592939809281853
1.505274127037996
1.598827027146041
1.774918019510142
1.851724321530546
1.748213356047884
1.556989906651219
1.640569972280252
2.085071950931582
1.453005159485435
1.444664360423116
0.8874019969385093
2.243078772888883
0.9895917109832137
1.093751100397934
1.732804825016212
2.316116301956167
1.119881914184801
1.816045494807336
1.707551652795657
0.7581728582359355
2.242436764194509
1.436563744454589
1.517623553243114
2.467991438757118
1.805105876898903
1.745960849308431
1.686005424027045
1.027770336222877
1.631068413615446
1.329839281629879
1.881012227449378
1.120118454949825
1.593328050521204
1.418050748353952
1.880604332286768
2.57363129086039
1.346315003296952
1.943761385850319
1.318478732940272
1.221567722421748
0.9667987902968393
0.6561862024292456
1.62678742051123
1.167758576462085
1.226645606489706
1.589994865394359
1.628083710084545
2.009509698274529
1.646702561178014
1.823848905943808
1.062562143788877
1.95584300581995
1.285241745199147
1.686672557407057
1.492353630063669
1.192510075698444
1.689135082062395
1.540132509633019
1.989628783556341
0.7380476504062601
1.217798253629187
1.157415989967636
2.056672106949288
1.428212401837434
1.776953888085817
0.6082790164519934
1.516903677021607
1.585573733986743
1.354405380634937
1.749001062952744
1.417175644402484
1.065025868928291
1.300227793764085
1.1849630487772
1.413089488670864
2.021833224734703
1.395947095990373
1.528214375457844
1.435756585715948
1.31402308082162
1.290629034283839
1.379587817799431
1.293138768343967
1.629928428284599
2.418165106253923
1.932044450744695
1.292598618361139
1.370268791054044
1.233628906952824
1.847127050918418
1.15379668978507
1.816774318828977
1.473871627790034
1.88722906858848
1.615098226631357
1.879252728072614
2.527599088785371
1.658625171070753
1.636566994969132
0.9628660202396488
1.198966615973138
1.852103885461563
1.591255539707931
1.103828396991741
1.245475523391752
1.392942800319366
1.763770498558615
1.928579088707941
2.191978239555491
1.415501764157638
1.917628801428237
1.005899558495147
2.246515383049795
1.704500974024788
1.084505983105139
1.246206259005709
2.264576673632625
1.683224313840985
1.788975666632691
1.980563696726038
1.897826399713966
1.372815234819655
1.227891418614373
1.915119275891876
1.397232809373433
1.496601345482822
1.543738303903371
1.559004799233842
2.094058148456342
1.148782509715346
0.9579875474156574
1.304539963502281
2.231059941653383
1.514510997972574
1.679856759149754
1.605470436089644
1.634592222985511
1.609361967935622
1.610282450099811
1.633850320472849
1.362485931412029
1.17842871895345
1.484581984269048
1.681275236364478
1.926398226933645
1.041417312772052
2.333932982428945
1.3631467685012
1.292084517552505
1.454816300533779
1.979438575829091
1.445617313853915
0.9050287640280874
2.05415391904273
0.9338972902026625
1.488276589995096
2.112106802096776
1.515248348511479
1.616091598060876
1.135601055534003
1.505851182698718
1.133578158168088
