d = 43, symClass = D
14.05581080399127

0.3760034798447203
1.524023526743247
1.725038666825093
1.462616086375951
1.880512926212081
1.866152546413568
1.679501817459039
2.449137927483571
0.7167281662967977
1.981741889098288
0.3586696577259904
2.003130588657452
1.008098371024336
1.877952210098194
2.320717731980389
2.645322124429744
1.215615185105312
2.74100915129058
1.500964421810383
2.081225716862311
2.350081330604219
1.140637268022101
0.4375598872237329
1.429485485287547
1.09300304257206
2.01465320177256
1.220905087514478
2.167980269128777
0.9767287642582997
0.8931790329072532
0.4976353871666078
1.498403946446234
1.693102220785673
1.100046932768673
0.973898032628808
2.51519923282546
1.638078221852785
1.397575586515349
1.389881600125616
1.968360964486179
1.873114676042698
0.6269199237604774
0.8500371264655989
2.055479430092373
1.34764585608379
1.878845554276116
1.525025855044413
2.066451742854478
0.9216331770179768
0.7681466742509455
1.578384396923689
1.548920110740553
3.045382391210385
1.254228510498417
0.6866407158581816
2.074695001845659
1.367102885921825
1.485464961913159
1.105945790702952
1.66622546183482
1.784871677379874
2.820715734235048
0.7504602136118024
1.235196593730957
0.9940031258508431
1.690325313219484
1.674692768391126
1.738333876555862
2.022284508880076
1.653004017818158
0.8765945947050823
1.871861196460999
0.9843208901091031
0.718462846555082
1.427101221528257
2.336605136519391
1.127115983883922
0.3667188563168075
0.8993923865567761
2.022751901778864
1.977432202490954
2.090557127695129
0.9713079131350876
1.475589005263467
2.16715477187887
1.874330667518703
2.491922562808299
2.08259128074302
1.726669190435161
0.3897802634634925
0.5577417682671681
1.189978674083717
1.731404229844835
0.7741511407775817
1.954931431844021
0.9654238882975469
2.260858151904356
1.444398258064573
1.433589186831508
2.288540728339972
2.342840086147612
2.027031559595728
1.77944232401627
1.415713573413848
1.08014141084026
2.087544681437638
2.39525693458989
2.134133610820372
0.9079795244028682
0.3709262824464395
2.282515201182624
1.170179086221309
2.565539167845424
1.734219882663816
1.672968741732942
0.4189228306258505
1.505288494306114
2.575804837825143
0.7394598987213542
1.8076807495886
1.597805488008609
1.856402650782507
1.430367572661212
1.749062919169211
1.075217891785147
1.359463110313556
1.022854192252646
0.7190237059572889
1.747907814889652
0.9265207490664934
1.325792479362458
1.52116814829208
2.418605877413857
1.920574661444229
2.163681872902103
1.347079740176405
2.067539617095524
0.5440259417251085
2.258963502312158
1.651468718434183
1.653373161883791
1.077901724988276
2.724883766721143
1.005987578825234
0.7932955834310651
1.580633740109814
1.557944654461771
1.47401469603656
0.4517238531998606
2.232043728130181
2.558879893589048
2.322351718800083
1.229072699198161
1.443765670851028
2.260608566775895
2.500925513277025
0.6956135791013313
1.103021607830837
2.194666013033017
2.526153394542739
0.7479508501088998
0.6884365736257625
1.575571889659087
2.043723504478276
2.122620129532843
0.9656293557620543
1.536283866202497
1.555036701317886
1.692691379383191
1.55934279132564
1.07195058887387
2.19140793310748
1.703114985105748
1.313796544122194
1.465931502701842
1.700097761791839
1.60960460673781
1.561942393555433
0.8502846885996453
1.080586605422107
2.314432490178216
2.052381963511405
0.683829663974628
1.164326518947217
1.596002596568578
1.780089087589526
0.778374084630516
0.7405304899040569
2.821012108550717
1.578320725946897
0.9250247098017909
1.760619157458467
1.743842771570953
1.770316115394908
1.71809081107893
2.331784129264295
1.715017087904872
1.068201909258099
0.8584002069445749
2.063857096727504
1.66123131885817
1.275554432981018
2.631711149435793
1.24432136407598
1.638880941194056
1.44359003717826
0.3763843118988037
1.30821470273865
2.320548621746585
1.35289676091222
1.583397462528078
0.8740226180353755
1.091917338908151
1.163445435878177
1.016003653857393
2.258191335121797
1.384403791195345
1.557176084237757
0.754433262466578
1.918062798975001
2.021054474979094
1.352848649345054
2.556954447198735
2.388868351745513
2.264367059346454
1.779998973895813
1.943333595931537
1.211190785331354
2.065775953835126
1.666995105075483
1.164728798031472
1.911643640358078
1.681183083755673
1.244683313485029
0.8365648231378777
1.788538515455164
1.491792118491384
1.68614930721154
2.333556095869044
1.915769881444234
0.8922927127830984
1.360427801220411
1.525014296575587
1.161481619805473
1.409292417916029
1.791396485449104
2.182931673597456
1.788552385069741
2.076842773037231
0.7096488300277712
1.57998817965182
1.10983488555848
1.184224971413615
1.117869739622813
1.467981941203556
1.101961374540851
2.080917080462082
2.028107865067645
0.4733552453344491
2.202665958194332
2.586119287436971
1.516060227283907
1.632719937629128
1.195189098480691
2.082728383590934
1.253394831523756
1.203518559232689
1.895386526493329
1.884977254178122
1.839923286808191
1.920103896580567
1.238131097027503
1.626539730187366
2.166951800666648
1.541036336141833
1.408521759002364
0.672303763609537
1.223845232934327
2.093211070348964
2.575257412878367
0.4808771603637157
1.134035623540552
1.37849329959054
1.948363724144888
0.6634525731733092
1.211287044859685
1.558902916580238
1.96531839661855
0.7276956412905
0.990748184287905
1.863686452139574
2.593259069800415
2.43202494732573
1.788752882333477
1.351660460367863
1.621494642272326
1.291683713628468
1.053407043617483
1.577542188379502
0.7533763210868198
1.693955917602495
1.515134337161274
2.582844701431766
2.05790131503646
2.699100053341118
1.362914578579688
2.363447698369467
1.330054082179273
1.719669313482489
1.736305805434504
1.642548111747961
0.6477210120083612
0.7741277190270869
1.775964067299951
0.6514982285279428
1.553704755258235
1.044272694656079
1.036307986734663
1.97153487264989
2.056086068536888
1.498989409665202
2.016286950939298
2.218853684314969
2.809839378644747
0.5335425825649865
1.392252988347146
1.918707061987722
1.891171463557002
1.614974978509593
1.404410697748258
1.656750607468189
1.429008822511361
0.2987003438847879
1.699572446336487
2.224322633635933
1.642348908620586
2.526234029721939
1.468791262044335
1.432814945836923
1.248448151464632
1.465361533023359
2.323481828299395
0.2353906469543451
0.9551243398868801
0.7777177180490062
0.9217104285241364
1.159792316698642
2.215206393493791
1.045911757976222
2.152581578739611
0.9948823184469371
1.465445241548224
1.206468232699679
1.364629067489882
2.357852225640853
2.045748929332662
1.835141790188757
2.468504120994353
0.9813617357901639
0.8074000164652575
1.776764751549442
0.9443140307954155
1.251012234250414
2.412673751152944
1.812975031205434
1.300899805059231
1.416009472842904
1.603603414088318
0.9187198062313328
0.8070786800762844
2.329487592928781
0.4225687541609986
1.224459288128335
1.544228089715061
1.60089353173966
1.00577194145307
2.403602289384213
0.515398682181994
1.11446851540118
2.137775851498133
0.8859213912790557
1.565843302266716
0.7777190804263927
0.79756766688689
1.813264556965609
1.109223397639182
2.544707392186155
1.878522109903668
1.601182272214881
0.9558975394929772
1.094512780038683
1.89465207930637
1.720229866025758
1.346917918562226
2.625244815086892
1.842570863223385
1.496422136503562
1.687564202602909
0.9429554345486564
1.567519669890863
1.700273071782168
1.341538893460893
1.663114589342578
0.5984219271492383
0.9575785645629395
2.758156247447006
0.9317550575917766
0.171270639318642
2.136133798684224
1.343221023133386
1.026125830145574
2.288535234295858
1.309916265074167
1.324565086357703
2.321570999246836
1.597139217041503
2.564802264810132
1.799045015410209
1.070814310265821
1.731454652564051
2.812455026988078
2.130594754509194
0.4725284073382041
1.710803007713082
2.63356501522354
1.432868910413748
1.954040866992097
1.15649165047554
1.590505646193184
2.246069868944492
2.335893991942675
2.076775198510982
2.087233996975143
1.175901026969791
2.084701616042782
1.589675905704169
1.933539426653984
2.096205817298275
0.97804040143823
1.68118121943019
1.32808429108306
1.455616661183748
1.593488710870705
2.09968170953286
0.8060446414219978
2.490197512779416
1.589217827443755
1.147527253842179
1.864477768703823
2.322530147319626
1.533408877247315
0.9774960865017699
1.113949887340324
1.685204330238837
1.060374204630739
1.645373096735163
2.069287912407815
1.675244238697752
1.036194892094541
1.289126404346217
1.609218800267647
2.166111269746389
1.488861206434067
1.864579830670048
1.443189668234417
0.6760669306864374
2.672616476485346
1.526272074618014
2.505249183219892
1.86327954847521
1.861221847570259
1.471382613224952
2.175781900868512
0.8433720727119016
0.7567745609414553
1.415441182310823
0.9974224128958921
1.060908055558525
0.5938041838572405
1.718197119331697
1.063814669605173
2.463489330265739
0.6891511783992338
1.698804576822149
2.103957951742353
1.299087899512244
1.12528589192397
2.257407520202102
1.700012878960671
2.732092207640489
2.456633244062881
1.589338412682282
2.004238368623624
1.49366376651508
1.534037857336396
2.301941800360737
0.6738750282270362
1.045670352039983
1.251581845369581
1.67083506414538
1.244718857790241
0.7850982570877437
1.408015503190911
0.5237305869952329
1.580305756418492
1.571485361871638
2.502591553289
1.310966455551261
1.249593852443092
0.946293146689037
1.748271765184065
0.9448002237468333
1.018933041769662
0.948435919375257
2.202592849391442
2.244955674251598
1.752763044732718
2.162452165414096
1.325635456907228
1.933361378449503
2.113624193387499
2.505558514816444
1.113637806841087
2.051818387521843
1.900300155177462
1.652467901284208
1.255539191671735
1.494442229634742
1.681166279532345
1.886375351833012
1.882105823939336
1.494198216962091
1.942912416151229
1.326041381755033
0.9570024928225785
2.082595564499927
1.122677538013713
1.880174525727419
1.267799333658536
2.088402305643617
2.288136525723656
1.326261563209101
2.13405564798973
1.82054808656024
2.386637494722013
2.191085414463465
1.43036550270229
1.273162257482132
1.306745482861587
2.030794901358445
1.402484577324808
1.442526783363638
2.734984364499122
2.39955807279661
0.674863919520853
1.809004204307368
2.352886677988134
1.171681954209239
1.305637557841492
0.4978471288207583
1.805794102865714
0.7736221159020455
2.096633313363319
1.406267446278872
1.440322653083007
2.01356577620796
1.237432008427311
2.221918007277549
0.9952063345165321
0.7863503360961945
1.318507105516954
1.445618951793969
2.722416939707369
1.459162466273051
1.22837064173144
2.455097030388038
2.037021524943131
1.085602325851812
1.325166525381497
1.721605415128135
1.571535620302256
1.460733325660681
1.983950834460186
1.291479845332403
1.871518880272755
2.537199171936898
2.638299679843456
0.9597842700932812
0.5374987745096941
1.631737194641012
0.5538259795470798
2.149055760683393
0.7587102353347261
0.6666937433956217
2.372651444722704
1.964268542258578
1.886048487626573
2.039891026641711
0.483242155977915
1.069142966646229
1.251868625756048
2.144988414511069
1.495659098003605
0.8225747144557747
1.352891600707684
1.221655192214833
1.442821201730679
1.630123912314098
1.888637405431999
1.011458573722015
1.602715337438001
2.413253566870338
1.300771119784622
1.654100275299897
1.800210860327882
1.296709669017662
0.8054487714294786
2.424324601102741
1.312007588538156
1.019964810296957
0.8818352188183666
1.679568496071407
1.755395792408305
0.8946050906380779
1.531056147078097
0.8571109990381146
2.092434654893766
1.655513372010379
1.808083679837627
1.660668819882467
2.808705269364337
1.653064326979725
2.251683501882202
1.508838736722919
1.34688786719761
0.7294442579301484
0.8119283087920615
2.34214166988847
1.622520977708988
2.13618760703628
0.5262845768858043
1.724706125117841
1.480493229194396
2.140449356238724
1.888821066131871
1.111875757553311
2.067399908691103
0.6050718100478648
1.583281491777048
1.019637774479845
1.895725384678455
1.819556167503018
2.008943933121488
1.599375967784491
2.673282982970611
1.664703745167879
