d = 43, symClass = D
14.26964801436838

1.229243635779418
1.349941944292673
1.150100115987051
1.322984730193693
1.28169249736002
1.253295665230531
1.435433938011934
1.529478219085837
1.397161571071426
1.176830547823597
2.339411645280349
1.488194595744343
1.16534569352366
0.8391501102665808
2.029918435101947
1.293799806381737
1.760707582182018
1.49502509924411
1.509200346104172
1.615178306254932
1.863749037121313
1.356256378475044
0.9663068925866938
2.064065919797836
1.132054406162712
0.6368071241138112
1.272325971535901
1.315546668809018
1.136190125168192
1.426443447422987
1.573593805543237
1.692261679445883
1.67542636675681
1.22499876983458
1.604950412165678
1.793265984343234
1.917685270390776
1.673814391488821
1.47031691867921
1.509672380813044
1.558640052720423
0.973087358571665
2.055693236239545
0.9447858851571427
2.026079779901692
1.751745662977854
1.301656397381527
1.489512933854315
2.229572633672792
1.563514119802556
1.76531519758264
1.461201992787258
1.834098493942522
1.415851506643387
1.277259387503608
1.964205052898903
1.590373999782984
0.9181045316636163
1.783334770181964
0.760712786870514
1.136541449782842
1.504455929352151
2.219129253653143
1.797740108341226
1.699554684761526
1.475248733369579
1.557435985263945
1.80861289248875
1.881269850021183
1.774387002491749
1.46076072613414
1.722916606792473
2.063402136650389
1.444607618664863
1.846831313421822
1.492408266939772
1.994606006945503
1.504367992184068
1.769905522900288
1.258263066333256
1.432284665309398
1.902754505741916
1.841585491252363
2.427550228872164
1.427685034820202
1.946961697193344
1.922018541506351
1.930668986466688
1.931108805732086
1.526564077324047
1.758373256202395
1.887018589668134
1.401065005997267
1.538141196300063
1.40809158940627
1.607550023253818
1.671578156321149
1.453029977616328
1.581081153824815
1.661734210937768
1.658216197607433
1.539064193636227
1.95902939764236
1.438641533255512
2.387175588686031
1.411134552863566
1.505652474872448
1.610244468083121
1.816366156488776
1.936530577712265
1.48200530550584
1.592139297672857
1.412313307576001
1.965175990308599
0.9461219103616825
0.6585973351458135
1.638124161812198
1.833780449252365
1.745454446389906
0.9750784074142543
1.606515676727125
1.826142812639429
1.765897138828785
1.424012628356264
1.817856853138128
1.879603564069183
2.285996345752598
1.600698486963578
1.884450194289656
1.506332709311444
1.87429750165605
1.483343259837939
1.711366788764645
1.5898881511417
1.507939430277296
0.7280846116163003
1.874528524135832
1.203276955391585
1.148909793416952
0.8020952387256446
2.210815912104987
1.74409908701114
1.494163406128035
1.105429260018926
1.883906227659142
1.534397628185613
1.851359166937312
2.070440735506413
1.835173904054191
1.657467643250829
1.778587516765523
2.066442821752435
1.180104553440101
1.320655634907031
1.414269757982547
1.645153377063067
1.606087226956475
1.843435122938029
1.707329724799117
1.464107551260029
1.90750458663686
1.551937121796291
1.420091740203837
1.470898372387813
1.49380167613704
1.340828375168672
1.754327327636682
1.273904671434385
1.071796359095635
1.818658442714145
1.521731385249367
1.900944511886712
1.147020119169509
1.602635343366668
0.8375271911396948
1.147240377166658
1.669020408346914
1.225828262368905
1.601898476448012
1.306850581715602
1.663909024609044
1.680965686982459
1.448529663886273
0.8723559371433213
1.361796141054825
1.072716354888732
2.136508020684059
1.342725750200508
1.556046055178555
1.187473828107015
2.096978570354597
1.370613953104825
1.685756082424495
1.687708592563115
0.9061319631114523
1.367255935179515
1.91123002027864
1.569949203251378
1.644248285217015
1.466985729995594
1.610246340107758
0.9871376679295387
1.486313184453289
1.195358036688241
1.975643840856054
1.854319258222408
1.128030918906033
1.31244326283059
0.7261332378560037
1.704801448093713
1.707991427638607
1.416825381447369
1.535231885058921
1.69351353897497
1.561313932668033
1.312224597576127
1.234075805839587
1.251741731913302
1.995184668530061
2.129068996595117
2.052777323316675
1.995625603366722
1.17176962164521
1.155648267956255
0.8499357432754425
1.097087954894027
1.656427389660873
1.492254212010206
1.853006190904462
1.397407667869239
2.594478639781448
2.113650318920501
2.090539153264103
1.792037675243576
1.476553185503292
1.424051274594427
1.966481010601158
1.829853511591555
1.946467892585251
1.356738592210569
1.761424370853671
1.47189233242638
1.803443679262638
0.586783965246569
2.199627135104638
1.708527098219665
1.471327337916532
1.645792890083844
1.721787161281948
1.410393890123763
2.211621380690348
1.336440760146178
1.545275472871407
0.9161628615680508
1.441331896964296
1.27787442929131
1.981355933038128
1.903357310134389
1.553606778295551
2.079271416041342
1.904207302690463
0.9860408445167836
1.143486941325064
1.658913221202203
1.59589282460528
1.824537366271234
1.335144614618624
1.679581631813919
1.310407387204352
0.7699512055509398
1.879867334345163
2.037257891422645
1.336173154220895
1.842370591223166
2.111958407609157
1.777760847319752
1.273641586583351
1.724271227435906
1.455642498793615
1.173874136816887
2.112253457135095
1.116949082183851
1.034494342391886
1.406734795695207
2.032695802919479
2.406492912090912
1.053972516083186
1.490505278931586
1.464019968729757
1.674782268722336
2.096776402122022
2.184863713892589
1.903712079883051
1.441889798982259
1.46659376699695
1.182134385404903
1.924838030327822
1.47717600631566
1.407399708286429
1.725453254743709
0.9860114386609915
1.721784213526906
1.926159295986054
1.511981761962242
1.768907399783112
1.708800206925223
1.619937831781319
1.571450213154396
1.573545167192095
1.509392825310709
1.820007510779511
1.449892486797737
1.541458392876565
1.139512676366126
1.530754384880051
1.100091331579034
1.369831247948995
1.590246119355339
1.520216012905774
1.236068819377031
1.173107022953354
2.427918144001044
1.382817441540338
1.908742043183409
1.130957833399919
1.826197934787665
0.8826557235915284
1.277686350911194
1.68031748168898
1.465827331661349
1.651252746056084
1.50254915318808
1.957118481510572
1.429102076205073
1.391350538342365
2.391698808349683
1.65901574039211
1.737533837919175
1.306316877480168
0.9971795047859406
1.670673236858566
1.654558917849712
1.377576859779482
1.42077331499434
1.897575937167903
1.61104448581754
1.309629832166791
1.426288119456097
1.490183855860161
1.467583472221971
1.56215538320498
2.480331936266053
1.596127503529069
1.243750058281357
2.093117409324064
1.955384846247291
0.9649065645207674
1.766213429572387
1.379730663344659
1.490562298510155
2.228684297084641
2.043426820486331
1.810604651430067
1.606303915290843
2.233013779965225
1.180067697916137
2.330349519981439
1.056963085336413
1.319714096926327
1.457630140493856
2.246083730937098
1.710548037839727
1.505756260700709
2.264061631041271
1.048058624075872
1.261871970834568
1.972199231979415
0.7817259203690164
1.340609144243634
1.112604812035026
1.727015157387137
1.579255854441878
1.14543367037722
1.404579632765021
1.864482305286891
1.755778406940512
1.554932386304062
1.084211271478417
0.9830371416873701
1.633871250280311
1.1122268836086
1.242840362755324
1.807155380578056
2.323443416452086
2.440686206486491
1.974647232276097
1.106092572714772
1.725776274577817
1.595348546909315
1.188858774097238
0.940402052652797
1.645636003127313
1.450832015978407
1.153565443776234
1.938904849901014
1.131474599076198
1.654814690204367
1.641021743167235
1.637475885306147
1.886272877120412
1.340251826599146
1.193616828062624
1.744185143024646
2.008823348997279
2.118641029129299
1.680106405311197
1.712371658038415
1.826329638448145
1.685295363077168
1.694747617600115
1.853946873228483
1.16568606987827
1.157023016711939
1.609212901957076
2.000077851185379
1.617697701299411
1.10918673984759
2.071550504073744
2.167962875006371
1.800260952999051
1.292377464325951
2.055575493539095
0.9261080441497234
1.701072405144832
1.812879861336233
0.8903869672910382
2.120904156954754
1.584523012686544
1.931585114268195
2.024656387579714
1.374021002937729
1.601973577245467
1.901702575827857
1.52531436115269
1.686932444393321
0.8962074784111402
1.792991345328266
1.321293430895044
0.8422445785684122
1.764237970693922
1.304662047879902
1.606720116191589
1.568110911555937
1.096217494265381
1.154746249761528
1.898142948226542
1.354503847687474
1.352092488287995
1.747141553300581
1.824923447641204
1.235829534433604
2.023483653749281
1.618358537486414
1.906501604514756
1.815782775880881
2.128881564064662
1.596465822231797
1.113267312047362
1.904685147273887
1.360438223146663
2.234744574197331
2.132496176846615
1.364474041296771
2.086830496297396
2.004164123729294
1.389342128564487
1.315176663996609
1.355331138415449
2.457180558858346
2.023318175111149
1.328086160072809
1.531414296832383
0.8093900495055998
1.558058265426659
2.373229460140923
1.695272563541639
1.860198049739479
1.547877364792035
1.349947244556113
0.7331542892939897
1.606455652739262
2.192232820604064
1.396079779869732
1.489543500846978
0.8349617001743366
1.696298013367224
1.454336951077023
1.68303857554533
1.710948599241983
1.34535995155537
1.458083677859688
1.497265280228032
1.211241161632013
0.7344180597288058
1.212846375645135
2.396560098116125
1.315999057778126
1.24064421592429
1.414882111710787
1.359628807802641
1.186756723946473
1.757671674043328
1.333854601712712
1.141771675300406
1.287459039130584
1.000203794388197
1.622409593606835
1.678557937120967
1.463371456002746
1.669929100223909
1.343534867822485
1.358460991848211
1.131644388435338
2.254195567717177
1.794786181147993
2.050331758748786
1.72619828339506
1.481952121146412
1.272858772776597
1.830833128708457
1.980710736691655
1.787145969746839
2.161764355806339
1.953619308462603
0.9888214769147738
1.796502889813601
1.524805073020833
1.237471911002784
1.160998135121981
1.295719670729596
0.9693456605030046
0.8972702724873308
0.7972078374473607
0.838413371813132
1.423338807685957
1.305129320174229
1.647742360873026
1.089067672175486
2.247720447085821
1.591521285076138
1.344493570480582
1.492130992644721
1.218817336915323
1.166918856466378
1.24131922769433
1.987320189880323
1.061004281245276
1.274619864084445
1.835094584097797
1.933822832737241
2.037488379738322
1.648337709150821
0.6865487514187172
0.7717719577777733
1.486991897500451
1.894311717587421
1.131303602619167
1.783919030306341
1.703268538661492
1.161207261987389
1.584889017754855
1.782776623850431
1.368754795091706
1.752822070352743
1.815132414088687
1.422951151611328
1.795891487682584
1.881204541261128
1.518455279924178
2.215317261628365
1.540695812492204
1.50050241081936
2.07139465923441
2.271658046474129
1.799684670406974
1.527237472516205
1.577084907132467
1.538666363704142
1.308128583659844
1.803309030784234
1.672097123533779
1.188693992814488
1.726418746410089
1.61665012218391
0.9353677342444303
1.754850920375677
1.918546627378301
1.506897855543632
2.029666601251202
1.66442978985169
2.240534559004357
1.666991451031729
1.695970967651703
2.165617523225309
1.858656405197104
1.767085840779228
1.206141992354526
1.267211716578524
1.323329364783207
1.275098283364503
1.023492894786137
1.177013958754176
1.320822106773726
1.583125686882726
1.40938021610333
1.541836313344888
2.166894470509085
1.504535345486043
2.063622031843293
1.833864778057554
1.777244964318962
1.712527022863477
1.286963771408075
1.380699071535589
1.734211064935325
1.149988643431879
1.911135377084682
1.170062248241097
1.683162300213714
1.826775493275958
1.333884117769515
2.079862163399941
1.162605353817887
2.140936606506207
1.576410635973218
1.26306630933422
0.6840274599621836
1.927804777759259
0.7473209982567981
2.021923068891051
2.158462395749047
1.382436991150289
1.908607375797486
0.5439487108845262
1.782739698291516
0.834681865405859
1.663751124221883
1.843765365229515
0.9545725545583732
1.183031785646266
1.191184740591324
2.078433905071251
2.1072721227533
0.8712758698622096
1.687153378813586
1.489643511541202
1.532336570255688
1.498188131696001
2.189651556137012
0.9470906117976641
1.302623408290985
1.354496622324508
1.235079423549915
2.148739377072267
1.951754896745634
