d = 43, symClass = D
14.47180375852959

2.24839026442889
1.643044231257563
1.371054192244913
1.866493985307209
1.526632489026997
1.492786006843742
1.129669483285416
1.755227570679728
2.091711716285741
1.531419479995026
0.9733525152785667
0.8282488433109819
1.502707225424139
1.65432571768803
1.115460682804375
1.575007509555192
2.272588801748776
0.6739853913544969
1.209449844602327
1.476749538958883
1.687180404613877
1.618137716506552
1.738586652412616
1.882096020550589
1.472555091402705
1.105599852364239
2.116509564664224
1.623707390303026
0.8130575444805607
1.206267294915704
2.037939392605251
2.134162866664184
1.82965349581331
1.426176682195272
2.075351461699866
1.641729148632465
1.643028941152771
1.276437896008678
1.909161650361823
1.376418587222648
1.721138796103827
1.83177129686342
2.747109131967494
1.595665613142756
1.621236155965543
1.605346019606109
1.832315551577937
2.25080669044361
0.8371954818233783
1.281928069889835
0.7068323028617464
1.400818565714657
0.9220277125413984
1.805186932151214
1.479630303915346
1.285165519202047
1.324086656645633
1.850010233194461
1.621429712127439
1.624246634221912
1.184466017487525
2.085376836614612
1.159113141617947
1.463327818794596
1.097935180139057
1.281492654202418
1.644831874521585
1.300857405936371
1.331565719434286
1.224845465131201
1.551185804010074
0.8927469676111713
1.72181149335918
2.15538915301498
2.039487119068912
1.837723680937307
1.491045222440345
2.023109629045732
1.24735721037105
1.709447924064952
1.324415554402105
1.864153097276169
1.530600057523106
1.516279670910446
1.889769207073117
2.145511477613258
1.961193236339114
1.180323800981441
1.271332187425405
1.42215062763622
2.131430391159108
2.160771974575645
1.401695499160431
1.667249135285758
1.549205578563251
1.160278379537313
1.711263072086258
2.21369225793572
1.819117760709124
1.884232811158828
1.86273924878081
1.355134474633042
1.113464009806223
1.668011075068427
2.196587021020322
1.65814778763396
2.357970601153446
1.161762839021439
1.603541768702925
1.558198816594356
1.749415887890701
1.292940746623269
1.720589572623135
1.868680071587929
1.189517795863946
0.8708405971331322
1.152642128140003
1.511967544649645
1.500071493048572
1.79759319127506
1.458368737424882
1.574028908968299
0.9009747827314925
2.110790094414902
1.706510260426606
1.794491179331691
1.784556454294821
1.336769904890545
1.247676827167707
1.74031624187829
1.896872300134437
2.275946820040742
1.76642962999632
1.369424530628455
1.720978184348967
1.403579787910113
1.280591554316695
1.514707148855796
1.59971824576258
1.798803994993435
1.265057457585758
0.8179930113642058
1.467724551512784
1.087640369866637
2.043000985963238
1.531776513165064
1.499782423151827
0.9171636655032708
1.371444502130903
1.847887574647475
1.812889413260791
0.9766471953020344
0.8172533699023062
1.263975421991965
1.505603596896327
2.038232025212568
2.045612044395636
1.291070055300102
1.031141177850955
1.789246174224081
1.812687647895014
1.545548633528929
1.439881740922211
1.405834918133697
1.922675151329725
1.813995844424918
1.582923096194272
0.6057607598467271
2.425360077093409
0.8579694730803933
1.396355991164786
1.485974170673511
1.555460121578255
1.06423721767299
1.527920772571343
0.9275978005135241
2.013610625669055
1.359777845729571
1.944886038716049
1.027430123120636
1.648629528800915
1.563750720075344
1.125612666747986
1.202139952728651
1.869398879137041
1.206108586740242
2.060364019629633
0.8986437187671817
1.603818375483273
1.614596934241723
1.124230412028765
1.269035756513017
1.468958472226066
1.404301218629262
1.473805424518436
1.606524387754918
2.120888695487016
1.551510651144759
1.783252971638433
1.089707735158919
1.298653330713977
1.232413025338531
1.424043638957432
1.624605604077389
1.54967017203984
1.892065169250337
1.98862232022682
1.132135620628967
1.451084872094215
1.141942519385428
1.555473939364107
0.9727932834511991
1.57396028270449
1.426606585782734
1.859009142258867
1.119916828662515
2.215351258031764
1.744354480477805
0.978802076109838
1.239375897204833
1.39389696437688
2.267764352228486
1.578232574916393
1.825509695024694
1.745696726810039
1.964512977983873
1.717873290460554
1.574471743413826
1.921592383526278
2.246012155265103
1.079126197895052
2.421782412756995
1.331980589191894
1.439647423426597
1.421800020884685
1.781921133658728
1.815956528950145
1.590155757330675
0.9784131314829017
1.280376016761712
2.147071518842558
1.189025484382271
1.129453909432523
1.834722951037659
2.004254955440144
1.094760266492683
1.6812964305065
1.351988192488082
1.649860991123606
0.9731226959793334
1.05798286893507
1.151025396225455
1.597552694618947
1.496952742845901
1.514742133474504
2.31067106044692
1.953844425234639
1.703828673489202
1.923612740920109
1.979494982957825
1.88250486594821
2.287685647677622
1.27644079763569
1.216124513652254
1.234051512864403
1.160696610048685
1.616627448250435
1.785070287643499
1.003715759480546
1.00016935555683
1.500954443403311
1.778018629420561
1.71195820531795
1.749064881031124
1.206678956400475
1.453453832451892
1.556271725738604
2.313030472741665
1.478414832322511
1.117229704745022
1.604701509361189
1.138760988738485
0.8024682454647653
1.190561559883736
1.538908795729717
1.354034517166823
1.997711113150744
0.7634378305749502
1.088024245552915
2.1632798593135
0.9677848944856923
1.403663945966631
1.520528910638838
1.33018127332261
1.765406258216696
1.531732175234212
1.753662211630388
1.870409217011194
1.593726138289529
1.40536143970198
2.274606074197567
1.337995153118309
1.380521664392279
1.274386491455108
1.236903023924943
1.569640208994095
1.758859512485218
1.928185611559095
1.821382707535726
1.800064110220905
1.86891078155853
0.9992123785177717
1.924842380375187
1.430070593200389
1.905254750227472
1.478792505900692
1.002278575668567
1.347514124957669
2.019762537435036
1.540820898755275
1.252809579478111
1.169347240341392
1.771627679055623
1.935501574703432
1.462892361766514
2.108693939341094
1.37151098894128
1.346323834890939
1.72338660867602
0.9522658887168406
1.620742841983269
1.565912107767102
1.49847944039242
2.116026808355905
1.48928861010548
1.758839337126886
1.669412295795631
1.511903859298892
1.056795883725537
2.335197681084548
1.319106983050593
1.429235165184112
2.074344660869467
2.138593298062509
1.863999692849659
1.772297658340223
1.11522595735214
1.322103999154148
1.328160893895459
1.443391622445504
1.748023238325298
0.6320036795386618
2.092305822040581
1.212280263172704
1.396219106931433
1.755684576198804
1.728422650470055
1.596186818865573
1.623498345650875
1.219041051328094
1.935164786346413
0.8905640376705322
1.665024513303543
1.43230359814223
1.502097605810248
1.656428292559683
2.535308816172527
1.01059040105381
1.33113630780365
1.6801801486736
1.593543345397825
1.367394256907126
1.942092699192001
1.421343516357901
1.981301778058807
1.952464947827977
1.308632754421366
1.370857609784549
1.531323099625314
2.084209719334711
1.075465646620126
2.057339919637163
1.274700899689301
1.718673963797606
1.440197851883054
1.866747607714375
1.836112260290405
0.9850092743790947
1.58036783743336
1.605245010526033
0.9851841594917959
1.706049678783279
1.67022393498221
1.881570152633611
2.061835835402163
2.065262888224069
1.386644977532393
1.332853168674688
2.050200440282888
1.280365290020408
1.919465241514621
1.753165540042584
1.834895455432543
1.741857978993705
1.619947682646162
1.406071678794194
1.904258223449633
1.626119154616267
2.481515965046262
1.773617332811024
1.803156928192455
1.449910660334857
1.551256833629582
1.171888168904104
2.033396122003563
1.535337329439565
1.131630735113707
1.16361121255261
0.8459579303804819
1.16984688953781
1.612293183762893
1.652315231968995
2.08403934012861
1.480078516296037
1.561016290234773
1.509601180684728
1.316906408018173
1.462415132497795
1.705421962906401
1.776488741822575
1.162036040149327
0.3949870099148651
2.365988404127076
1.483109960363239
1.88516779217563
1.520947549079533
1.625655903604306
1.761105720300115
1.110318124043341
1.182795427631925
1.36925735633997
1.798061765949211
2.27412518161595
1.499654897191779
0.9876472977226711
1.217120854901528
1.197840583167592
1.550696483676521
1.634901927450881
1.363813012469649
1.9163059774849
1.672993847247392
1.085363345098452
1.286686522239153
1.589351402182588
0.9445706913151103
1.427912853993042
1.558883171907839
1.195904795229668
1.882525110659194
1.639967119562354
2.165135862751709
1.620769784301439
0.9959641060380982
1.454995173935281
2.225786943543608
1.816976733162516
1.445434450159156
0.7514931306869395
1.737000831023692
2.030862066173873
1.4921221945576
1.344925559860322
1.207245995358881
1.778006342714139
1.610914146552042
1.515991022868115
2.197365982942235
1.402747836915552
1.113895149362885
1.210365966492581
1.991930571979485
2.11797137620135
1.087386439783677
1.352767695431462
1.821037989567962
0.7004914989892269
1.296066551715331
1.274441961672484
1.925391724001271
1.720299817841895
1.863705242718647
2.13899055016331
1.832586691113359
2.485670061319656
0.76311829526651
1.696065981532398
1.564898571366881
1.419126870337226
1.683105204382346
1.057126135097884
1.208372398545308
1.692452434276284
1.439288844504963
0.9900583532145558
2.555383182716304
2.118403710252067
1.293991391474359
0.8038350748985228
2.290552068270858
1.698352554808374
1.584299938756273
1.843328266228075
1.493169129891545
1.190100592716724
1.883682762360974
1.527659701394398
1.656060638154034
1.241808244490088
1.638072861778779
1.157340782231073
1.667326016853727
1.351020279724716
1.683075825729202
1.357774036993329
1.515957226397612
1.900299539954144
1.4439248814035
1.237274324592305
1.445168159478926
1.669128247078147
1.480494695534871
1.560081583163809
1.520240584246104
0.8923840279544348
1.427566401647884
1.236890268768625
1.400680765740601
1.86259011468702
1.569099009238366
1.670588659435789
1.488647248671759
2.04332897272955
0.9985731460997275
1.25471168808504
1.502293954857061
1.597590540721716
1.634161917373074
1.814494576293063
0.9182006922742394
1.44012193799397
1.376792776985188
0.8752424325337531
1.854641430649195
1.552791212716735
1.82630151180884
1.688185646575141
1.530842277749207
1.475735322145081
2.03460412102436
1.416281123520159
1.195273188957136
2.22089055123737
1.568311234924662
1.324286557659075
1.571001759069313
2.414550930251293
1.858164387957129
1.250429923993244
1.412248275564841
1.156676921390096
1.356686908073379
2.554217383858242
1.957566393564247
1.537746346698008
1.766054782948932
1.32729625809462
0.7491177353550166
1.979926035781513
0.9202902777714961
1.834902618680442
1.653298654570479
1.372004524017518
1.972459564430693
1.301386028758487
1.8646934437568
1.41005480710541
1.554463547336707
1.255891411553799
2.505713088931265
2.011117504130999
1.78743855042765
1.77460513156528
1.518947899078701
1.547563336827206
2.1672431552032
1.582311374263349
1.806445982796412
1.709737039529231
1.79229673804532
1.905791447582517
1.267873125261957
1.23951797266735
1.49764261487316
1.390514862602023
1.389721235919494
1.625673605068401
1.231890009297456
1.711655951257463
1.457723643142399
0.4592580859326683
2.097987674413365
1.36894864115368
1.811089640152334
1.235977994051615
1.223247261219728
0.9327729309035828
1.296661422378667
1.558308315705023
1.52931179776343
0.9771994288009989
0.8188755726099899
1.611013575528754
2.169020897111623
1.411951149577658
1.101756071903115
1.641835997838494
1.496741949590162
1.70218828254319
1.532749456840321
1.588314430249118
2.063350558435515
1.047388243215163
1.338430007689306
1.311559006903482
1.746291042430355
1.100684283576759
1.271319635904069
1.324844841805467
1.385556395371955
1.857143765669177
1.176845958641608
1.294710801753648
1.240913817555725
1.659016592732264
