d = 43, symClass = D
14.79797614831338

1.919955895493123
1.017762936804784
0.9899512538026456
1.012367566733519
1.314201844424221
1.628397958185569
1.856498335546441
1.392278341326221
1.417407583715806
1.367093490516074
1.917432347095025
1.085127547459136
1.495477836655389
1.386962867389368
1.554180581588022
1.306170742460613
1.861929367293896
1.269156704803643
2.380636782849302
1.212047676457686
1.562902908242014
1.274146328401176
1.599997835815667
1.448471603907461
1.736155178506111
1.622468220297274
1.71609031855741
1.048217210140965
1.429491432482858
2.067021829871637
1.521420572403033
1.47824913937597
1.323228762820188
1.19945286024259
1.48472540840516
1.232171902422017
1.198224264903626
1.773666712584886
1.304278848040088
1.850613820492342
1.380850238273299
2.101368974824192
1.780009355307306
1.86047405461846
1.609835587860003
1.650643786524185
1.884881796805391
1.721297708210309
1.297237923656647
0.8090696680009178
2.126219824834617
1.897428261702327
1.071805729213819
1.133301684594508
0.954146350852062
2.169795353631441
1.625814970186164
1.639840666176659
1.902943928567327
1.511039264327035
0.9926325901928231
1.539361595449238
2.594824492025956
1.358053475332662
1.622433599411772
1.812283525215067
1.638813386804868
1.469295620430548
0.8481582424638059
2.0549649039756
0.6412015857162257
1.140273961533838
1.763271417274129
1.623444094592448
1.622642967221641
2.166025520001949
2.059482544664968
0.8482456706329041
1.173176195650636
1.585128843584657
1.900345002210402
1.384875296479688
1.661159914304766
1.269795219002564
1.838391871595221
1.344894917636598
1.098198036435338
1.183022257401447
1.470840240679336
1.26406965262949
1.994580859139942
0.4108877042212199
2.232545009667407
1.370995204930726
1.610461355086462
0.873276493787697
1.338952373015644
1.072689230630898
2.075386278625753
0.9774663359413307
1.844078981539262
1.820198819063389
1.881958595913459
2.17919237280185
1.237863537666309
1.620145043481641
1.920226868974682
1.622800638935837
1.382162147221935
1.591814176659021
1.366271732661592
1.901914803500688
0.9291946796687965
1.613716295819616
1.615442762476817
1.959464552231852
1.143622161267422
2.123646842565774
1.594140009488822
1.695741305792861
1.323205789983847
1.849513710651367
1.129196173420881
1.651701153973157
0.9088491424809252
1.788499974410348
1.748907444703921
0.6864581219178314
1.869282849274716
1.111525751885167
1.910658305899219
1.046512149979163
1.640217658115064
1.89155620453615
1.5288968707583
1.179095816387224
1.928770215610527
2.054423402697859
1.376666187337641
1.976180510356749
1.861219684658804
1.695906745722704
1.149550492733321
1.590950284588336
1.034740409678756
1.66398867185734
1.128855844529162
1.436675319167564
2.130042604010118
1.404855200077205
1.210780771282848
0.9919547454807599
1.93153239492436
1.301835278392248
1.688134044107518
1.5332151429265
1.80379718981756
1.979793101794147
1.665622699321391
0.9672277335018029
1.766398247744097
1.352771926184926
1.277764031229306
1.56906593105731
2.192856842533206
1.684383023009592
1.86853034514014
2.144210095611672
1.262293254007379
1.5298940332721
1.810342153404136
2.114630863221915
1.804826348995513
1.768211189758542
2.368956945344558
1.340278107478482
1.780887629831179
1.605448157032048
2.077892565566063
1.59329530321699
0.9027871015428655
1.662442817779519
1.55514115688827
1.205553743518824
1.79780229105305
1.918076946676263
1.031111436585013
1.105561365396379
1.464708811944475
1.466364772311344
0.9933381593945725
1.614049395793149
1.063394575311025
1.569683775628882
1.520050938927816
1.787983845016176
1.331718511546861
1.384633864331881
1.751678382556022
1.518168457131543
1.767908424543211
1.733893021866236
1.158797108769262
1.284719047422172
1.289013893529995
1.101543499776019
2.129488618165783
1.354354647904237
1.261662570805965
1.6684394664309
1.276400470275861
1.658318891138454
2.067511387749789
1.780987380140339
1.634945346731581
1.107718271157536
1.709596427813105
1.5923977110313
1.590983694370165
1.352674349670915
0.9520237384142335
1.58360970927062
1.365892998894107
1.386641277614469
1.887483731270255
2.2666559001877
1.923125112232687
1.73445627951006
1.367502189632871
2.16147986079007
2.025695416056239
1.708628058488617
1.867311169331557
1.802291861967178
1.673874878168865
0.6867149856607958
2.179723309901739
1.174847233494254
1.183833276975238
1.350217777887165
1.837677186529838
1.868077820058838
1.70634769356431
1.623451983222483
1.115533700254141
2.027507811132975
2.188401315280433
2.081989630788931
1.952385517766553
1.714844358477348
0.7132764020633456
2.179713341054858
1.303349779156933
1.309628264381034
1.975148727387201
1.773296932663635
2.427978820614682
0.892386082824816
2.000514814959484
1.594241743268575
1.520640575051905
1.50641958318893
1.796994355070984
2.01467669527506
2.34736339639255
1.705152857656865
1.632619842285774
1.695396028327004
1.519881356774018
1.433564654745807
1.236263371637571
1.443578282769544
1.515208626670551
1.619362844943037
1.394113073976924
1.693131809202796
1.738795651579392
1.618519937146329
1.866592602313239
1.907090263005141
2.228466488216647
1.336300977342212
1.771025823300949
1.542596081575568
2.442201346302339
1.636958170184495
1.27376486980569
1.379884754854431
1.368266941940748
1.873077178772188
1.377248522115942
1.422079231544358
1.049125191378417
1.951202228485239
1.42424349582872
1.153681193134333
1.700696425210284
1.541034162012297
1.355015947556463
1.848173808526095
2.230060905977027
1.626015754658859
1.418915575482486
1.105735791743822
1.263369967698104
1.766167183714989
1.350911803898407
1.499408221416841
1.956915670824107
1.453165267097447
0.9804595221599797
1.400887724068036
1.862104035924523
1.617084997344972
1.230112992407215
1.13388138020399
2.149333400137103
1.446101822578403
1.487025800408796
1.42611629559395
1.675402561875758
1.02633231632446
1.478524372273216
1.468039774963783
1.359477784943112
1.775395374966939
1.35843733695114
1.997110457749797
1.696018078971379
1.824414218086732
1.702681479037936
1.245691452719249
1.642015238614227
1.032203601885734
1.001826401605734
1.825991595105231
1.496026948440014
1.720436921529337
1.959060538955322
1.376687659527404
2.036781070604917
1.874352955634771
2.322200962116856
1.721910870139435
1.294449716761725
2.080588278223577
1.512500303926591
2.15357711398808
1.394562531197448
1.099377605105274
1.361664183421953
1.542928387083228
1.872206469509599
1.818246265556851
1.675869494512864
1.619740165351508
1.79256267691232
1.607143646487253
1.753808911358051
1.315505923650045
1.853947818176297
1.56132737417198
1.924253963032567
1.877059579626633
1.126847183136584
1.526743468497378
1.443576541579226
1.701853046884001
1.247501584227944
1.83549670577036
1.755559121532527
1.701245074517802
1.168454577646148
1.279478968238073
1.729816404484751
2.00565813291082
1.690586957413466
1.948012456594996
1.075475772813138
1.78773198099364
1.483493127133974
1.519893188195486
1.430363315142636
1.542594194105104
1.258706136200213
1.336843717273179
1.739430418759255
1.736137349977929
1.41766185863892
1.11667485310557
1.085854698056443
0.8676026594861633
1.436105419244318
1.059724316210294
1.856218502191751
0.5537489490735441
1.539779664548605
1.653981006823672
1.114412496339032
1.26501560887355
1.686817261931072
1.232313330291338
1.23496887729496
2.431505850986262
1.720781936928615
1.817365948719368
1.652867928316757
1.669841742699586
1.204033849905223
2.086841426458311
1.528615054587209
1.98106634282434
1.364578113434771
1.630891163779449
1.171978909362714
1.854614400801339
1.107114647762291
2.1549636234505
1.378221368616498
2.026552416590873
1.09249903559923
1.757373082428349
1.286517826336318
1.770094995076041
1.626634105920256
1.484725003238133
1.724010839660272
1.142041454205519
2.446553717095047
1.403084318341346
2.107715084561061
1.441908194170994
1.600287786732483
1.499596948354541
0.7049862928859878
2.157118999542903
1.880009707830108
1.452250089241656
2.184288095334204
1.870646084049504
1.658373781368622
1.611819665726332
0.7972067543722038
1.387560978726122
1.409052564697137
1.14779655541228
1.365408457930445
1.36271979857611
1.238950304139656
1.983599397076469
1.32108902453156
1.855219929956518
1.824596087749021
1.80678426128281
1.160075175450275
1.841610996779458
1.19176373044753
1.554848715692749
1.873047452293828
1.765511476906809
2.006406231701052
1.356444683078093
2.198128613795707
1.25678389053942
1.41760292172309
1.60713389789794
1.551500276409184
1.100781120639478
1.122482458341935
1.935548699272375
1.387794872579897
1.886175276355628
2.224076225084405
1.21816428694447
1.730900182947368
0.9217459170929139
1.279853443708354
1.42817394226884
1.165262441648624
1.236490195185512
1.243841012392243
1.791593486350517
1.587530725076624
1.423186017505126
1.772758475406237
1.494444776870095
1.237010472331847
2.127899274965172
1.490448538676034
1.324055602915811
0.8766998431286075
1.071131242124739
1.585415838164686
2.202681344148966
1.463334695942204
1.790026454737821
1.879870147483311
1.412498187024102
1.226671801011034
0.7379793123762455
1.65855546969086
1.931995454402451
1.022302007876908
1.606852962021705
1.533902210408628
1.327998529374687
1.788568636037642
1.744050848156433
1.056226066886658
1.588636508460668
2.18522545946662
1.735165484633324
2.047404466472118
1.614873432665243
0.9786568207122512
2.054514560577987
1.671991344498343
1.741661957449583
1.980454619322461
1.811849011788899
2.334235705034581
2.044015684221604
1.254752756185377
1.267902839075236
1.505626439355934
1.436637461497915
1.048697600967606
1.520393069763686
1.693090022502936
2.268524758587929
1.358170263864889
1.716935282526252
1.517412742375565
0.9634493229740981
1.365486018812303
2.238345603237934
1.260358169113736
2.229450282487091
1.329079493047633
1.726779768933061
1.146108153133025
1.638700315807274
2.546388050768829
1.496768896070594
1.237120051916787
1.170984959465433
1.596608258342377
1.395418266274101
1.192336971708433
1.428074481490296
1.133253544489831
1.819577153343302
1.681675773722247
1.955934646795071
1.557190476160123
2.391527121098738
1.358434765048492
1.111382029004205
1.828248386182761
1.346130533900266
1.177359641743225
1.170253666870115
1.50918146494332
0.8698972290646312
1.310253256500597
1.221875385209231
1.650573347589141
1.662597054247672
1.466193517520312
2.058905620130584
1.258113062055762
1.523214468755772
2.085942281291312
1.34797993757289
1.617796691764092
1.319478046575011
1.30139358748547
1.471146929806225
1.197541727408115
1.837113785842132
1.264378499278743
1.724792914277507
1.777583662074597
1.9487891388406
1.326915243833652
1.631326174874789
1.950011265262802
1.107802387468452
0.942815976357343
1.636073161777815
1.76866021920327
1.160138753257013
1.990437498466781
2.179580978092222
1.745576233654426
1.303008622326573
2.32257312160023
1.353703777972374
1.511998114475285
1.401732131191465
1.603582562944531
1.206739780720591
2.127559832444855
2.094526966249026
2.184519004842751
2.126337297551248
1.493535716819016
1.329343467801056
0.9923660550109092
1.514700645853548
1.451831480535303
1.520844961937716
1.445288841293521
1.916998806599511
1.364034361267137
1.478616798711257
1.528947381768542
1.85045357027501
1.224168660951472
1.729714578010467
1.336917090762191
1.022295360757374
2.006835146491186
1.674724105260937
1.471911691067659
1.336523631153258
1.098137961769226
1.900704844907223
1.642898451797971
1.512329872680621
1.82160419422343
1.697875690734091
1.219411485932872
1.584086736087851
1.599127558639839
1.000664290414052
1.649931215329335
1.570619055278874
1.408349445426949
1.977806494501742
1.22643369018514
1.703031354169175
1.464351404247464
