d = 19, symClass = C
11.41473128820399

1.513233861219034
0.7808194499942482
0.5985236247694661
1.406815994456735
1.98903102897374
1.570796326794898
1.267895309118797
1.162512248626597
1.32464552980274
2.232545328544336
2.34602227089731
2.330055301415106
2.206327215755211
1.952432585871873
2.441578199777364
1.205737218084273
2.733630915704393
1.255210486931244
1.472686273691578
1.047211025366948
2.49735765843094
1.283851090458865
1.214467736977283
1.562915281591026
0.7018983808738439
1.644158287991919
2.501552037316802
1.003941655437084
2.514531936140223
1.130564405965115
1.287145187673783
1.664510054326148
2.432243899326094
1.677888964052775
2.525955226695546
2.006372400055807
1.118509904141769
1.5924705092632
0.6923817767888525
0.8626890382996926
0.642960607409332
1.756949358104172
1.700892847915703
1.546231004345761
1.478621760462475
0.7864103567334622
1.700433992217166
1.700265588113761
1.35518156892863
1.723827504234001
2.054302244530497
1.218546257797514
1.627021979810703
2.069196222612046
1.055465535790375
1.576374431254721
1.597017107092406
1.016722652332476
1.237918874056974
0.980444410369199
1.668132422776089
0.4343382654428973
1.465055161667023
1.695721640858175
1.17455275732792
2.11504561637708
1.045742501098401
1.606957449174983
2.223800784312521
0.9932042386454248
2.06309717061374
2.666401677219668
2.106500203277303
0.4235436967640699
2.143628538630428
1.68707553496714
0.3150787340902322
1.098954975220586
1.297901114041734
1.345629454096029
1.474909430539822
1.747801324516229
1.375829679462812
1.275507270683309
2.542852643695138
1.975575187465101
1.096544082514144
1.361163011851183
1.708675002744908
1.442817866787663
1.221992940970934
2.285711578986587
0.6801777692787379
1.403317018435758
1.892566584367132
0.8418781545278364
1.40112884011316
1.903318756177492
1.445159671917742
1.314990350356706
2.348324948171426
1.343339247326449
1.894342704060979
0.9030578363034908
1.774537863312251
1.455770861833511
2.246818450546365
1.198966812624999
1.203282818027964
2.533960359368246
1.904369437574248
2.600871300375403
2.243047106561042
1.796270370123735
1.261423826470458
1.74549058832204
2.255127341701727
1.364162437225855
1.670410124576664
1.885646426447834
1.47931196776076
1.788775779728754
1.454471104663741
0.851266608920777
1.450214937152108
2.629100758679705
1.217897352745122
1.887639529901896
0.9550737091824417
1.943308442298253
1.026651085031957
0.8042217804989767
1.771305538524789
2.108990007634556
1.307411854804647
1.623971793592834
1.143233431982519
0.676630068824267
2.236535185228347
1.464728788449125
2.046557944689737
1.316317661160688
2.213205537950495
1.894130291526424
1.691478218100138
2.001071991278421
0.9997263262169515
1.908150294958916
1.875171091141307
1.516086910432416
0.7060160022007693
1.714430588269828
2.073070208430808
2.204675938380606
2.353864087670389
1.992526990479604
1.702942350565799
1.843147185293116
0.9257571803647934
0.377167074538376
1.340091453573088
1.835679654028703
0.8269176661494146
2.40209238683156
2.493428702651496
2.079311704333418
1.200651947513552
2.45599176834315
1.780348038733405
1.481845305718359
2.419305126982727
1.349761915044333
0.5432221810463382
2.199059224165618
1.587402737807609
1.648362152042454
1.300727314634043
1.110237136132918
2.340941318374208
1.228696963803371
1.187042430533053
1.281387489900985
1.631289441930467
0.762357225026982
1.01179158201887
2.16269865765699
1.410835503861784
1.944697206659351
1.076429272680977
2.535592085401964
0.9001994824066465
1.960605882672313
1.901261376335137
1.71338941027278
1.976630151716794
1.079046645544148
1.22347230850704
1.69719161672037
2.068181563592701
1.236698869384464
0.3693087779347679
0.6295033777118297
1.648629077543034
1.423084299099955
2.842682082638663
2.179156835298531
1.752111435566329
1.598841672095219
2.021483244593067
1.737059632439447
1.114100648345391
1.088506672008891
1.296817184845122
0.3644417762028631
0.9108391952835954
1.160855934020693
1.76893244013883
0.5079539398927232
2.006920281552994
2.066868746408387
1.758190476770924
1.910260505468963
2.1504937549969
1.292886073025179
0.8142397621012836
1.638026196302901
1.637897448425177
1.085046436331817
1.352871197739525
1.094910672040457
1.824556155816389
1.986394486105082
2.34920490099438
0.9110697562098723
1.939862640289207
1.929269297172482
1.828297351039366
1.88899937614751
