d = 19, symClass = C
12.1880312081253

0.3449440250521892
1.493475365665288
1.438905688833216
2.34279270854633
1.728487987559981
1.570796326794908
1.948935644424615
2.348770632861894
1.728831951691247
1.814748578980243
1.98634544789509
2.699828109169169
1.314198078985623
2.144964430747795
2.535771520655337
1.754140646147969
1.67013639938997
1.046302392499144
1.337149850487039
0.006257288540214823
0.8870839706933815
1.780897322601482
0.8668517495362231
0.9789706198254361
1.032881685907844
1.313479769209017
1.735211038533854
1.408107311127046
0.9364030703114926
1.383134770631097
2.526704540981165
1.990338532505594
1.13517414622513
1.0505580584396
1.870776176166844
1.663988630624891
1.633419281895515
0.6352540747722737
1.769112674035028
1.78275677075037
1.927208703187108
2.131509358531707
1.71083431056729
1.264118377268316
1.227043809354101
0.7545675266271733
0.9217072310782183
1.432899536728138
0.9297354360277007
1.808180686579828
1.441548928861769
2.571500391677352
1.017922760930067
1.156562357820459
1.711164288825904
1.133445162023826
2.098387946121468
1.806057054302845
1.324064830505369
1.524841113330648
1.487341519712419
2.207115218420326
1.438208513790626
2.043605054098349
1.855193290795627
1.218112560517462
1.604742190536796
1.488669037606464
1.0511580272754
1.043572170617089
1.036666582275045
1.093781441831656
2.192757878208005
1.226115255740946
0.9480153542166689
1.477326477240398
0.8906627431271605
2.891215649214059
2.438098772482196
1.749943025462063
1.850294730644166
2.353521441043117
1.600641240401567
1.894015704352072
2.266983675916651
0.1081427817584296
0.3899328816649272
0.8211235599382892
1.740154613107971
1.315408283170053
1.274139685053445
1.163046674153534
1.348566724887183
2.064069707144636
1.278916899585077
2.145117715220079
2.160332496857217
2.256023975597669
2.286905954782254
2.1303344955702
1.916253015979061
1.897376166828086
1.056430306148211
0.2508063941758543
2.288716591220749
0.6935512346780268
2.060257343007121
1.485063220482847
1.738129984386126
1.137453811893677
1.960870474439307
1.88442796297714
2.836617905321023
0.9431947308876141
1.441354116168752
1.030430301276597
1.797718623712633
1.75010702687611
1.839374080580412
1.316681043002558
2.165830292245441
0.3461684978567958
1.753637645899684
2.175801368238632
1.719055395233731
2.52624577223858
1.962500262592244
1.611324287236057
2.614141248877536
2.06631520432595
0.7951430715702938
1.212952188325516
2.248314621023976
1.256679954114214
1.829758070110349
0.7947864940167123
1.833478143216337
0.4039928914796025
2.251194489396136
1.307141009646949
1.733144494908377
2.737708629760716
1.346599044161429
1.160446799242473
1.654811950682219
1.689610670891037
0.8982802958365698
1.363157201546079
1.296043575333641
2.425261237792154
1.020677948202424
1.637429949804187
2.72257640153606
1.498408035170509
2.27257189655569
2.251223290181712
1.233719107457594
1.505511542596945
0.7717465156184599
2.672600675490314
1.078626499933553
1.586262582102357
1.30829379949446
1.721173879637073
2.24052478566124
1.276621187810741
2.230638952212775
1.550403489987596
1.474334374182029
1.014366612219381
1.093452356269375
1.095348452242688
1.973322643659829
1.731831139555747
1.255166204493212
1.37004378671083
0.9876465401388674
1.861040966927453
2.186044302700672
1.260434094142019
1.454685803624418
1.337116877363784
1.705476316083895
2.256754080033757
1.952828398615512
1.686875125058868
1.082833412579856
1.120044875830379
1.452542061460672
1.539372714827921
2.051902214021022
0.9442612920468388
1.773505593402862
0.7911270554669518
0.5728045254645482
1.413935613902891
1.371327714964984
2.130006638260482
2.558371347019341
2.223775391632187
2.13711432906798
2.284500593545683
1.440500830722081
1.92024600131723
1.979931552220208
0.7491341954973142
1.170221931063523
2.024191037756201
0.9519945262899963
1.240768169064693
1.515407800574987
1.89093927955966
1.702564131837343
1.221570746965454
1.0000831478135
2.07194329186042
0.8543567164633472
1.381507217159531
2.249376285878704
2.392225319514254
1.801745852783277
1.217928085198058
0.704235548412505
2.390756476179101
1.947883991777825
2.120005395922936
1.43657820399183
0.9206542831443947
0.8310621475847612
1.3221609671115
1.280208584867383
1.107806751630829
1.285421684918705
0.7078930340143686
2.760768341128054
0.8130522274364219
2.273910355397047
0.859125277679021
1.526148922176324
1.0694565329885
1.413705393742125
1.079563063547472
1.689468261571028
1.805326427839495
0.4461176922076674
1.018694998337839
