d = 19, symClass = C
13.00221682840062

1.371195857790495
1.047695397599393
0.250847958969003
1.862682139656369
1.535253507760415
1.570796326794914
2.534597370747684
0.9753411344821706
1.505575039447406
0.8990692840522402
1.028306039178594
2.376375974807648
1.354680071633891
0.4508900644148764
1.047684271863858
1.902884189814211
1.23317287979372
2.748620724728487
2.422880306725019
0.0008407576884852019
0.8938805103995994
1.799563165527211
1.745519163473538
1.695199391361603
1.506365561768072
1.09568613230287
0.9516899571520427
1.070031447329016
1.356872054775473
1.444404255266998
0.8948474859419967
0.9423783128357358
1.922960877165989
1.112673414761968
1.74481891184792
1.784002061031104
2.156117187540942
1.597031702442222
1.580984753602604
1.919148803109974
1.241303271504535
1.773419347989674
2.538960683237885
2.333877824638406
1.354127655251272
1.825384182642994
1.761910722890977
1.684564111688712
1.359511339999703
1.246864168189767
1.423606995965726
1.256140787096876
1.149720023261509
1.745949952191518
2.570082546174634
1.187538994475658
1.623376706939494
0.7896309962037039
2.356198899607633
1.369730363049877
2.124632272457553
2.35151295287154
0.3086081501855081
1.155272152306789
1.546655885658071
1.724157685721357
2.238558435931654
1.871973604917719
0.9628437068746952
0.4423871389347782
1.455268429481185
2.243042846839824
1.868018509845567
1.610449875759262
1.413634897626751
1.182875252125165
0.06486076342302111
1.677379510352794
1.429398324146027
2.320884347631554
1.195629745472731
0.6286190818207982
2.263659333198246
0.7145457517428996
1.176189000138447
0.7395794249078624
1.603582084901255
2.187840711022198
2.239382921693461
1.474247309123411
0.9359756485724625
2.175421163491714
1.348949633924045
0.6602926023244629
1.926421090391355
1.354748158411198
2.034568826570651
1.324078868814338
1.057237556931794
1.930878834252388
1.660773438262888
0.8765957948930128
1.736006370120313
1.947626859755462
2.027986277314738
1.241222649036421
1.217558580265452
1.434231553703325
0.5350341317593147
1.915146125730021
2.322660418829563
1.549016008057009
2.243037258736253
1.195024813553784
2.225726551307749
1.518554889024768
2.674658678756437
0.7613132926123175
1.683448417783285
1.678921243708842
2.071013558463812
0.7646749569153161
1.698924003321833
1.939689651549913
2.093661779823586
1.199826018110331
1.270629664192491
2.279242512420719
1.196897726650867
1.109899376911007
2.406404147355027
1.789405851719686
2.20254707109329
2.017842974218016
1.578398428063264
2.341186305375888
1.685509122352835
0.3080720449293005
1.476602916845474
2.102747404234443
1.897559069734662
2.077478830322382
0.6757058746120029
2.040890560429271
0.7918844924721956
1.232224066594884
1.224020428720546
2.178197798123392
0.8010240704143642
2.099961603064955
1.427004976965096
2.756532904077601
2.534099708239509
1.722490916692679
1.75643813073371
1.663359773671415
1.33054073648687
2.783740941335949
1.459347952419861
1.265067933121867
0.9927287180285953
1.584442105335218
1.228367227870071
1.018994377156817
2.241313590337219
2.057808506790956
2.124738920861799
1.523702495748613
1.610035814802273
2.365075140715752
2.172457960243022
1.966346592638148
2.060305260551551
1.126892403785409
2.158064840889308
2.140645304836254
1.932932390945997
1.911803344001602
1.960533482965136
1.726310660286245
1.222300309199429
2.539286184621082
1.756289914351263
2.0255048567934
1.566266570917278
1.910280329823413
1.480141146863154
1.650822867381618
1.846778794599047
1.762477513290618
2.43547374785953
2.347236741410148
2.310001230688324
1.050347119028804
1.330157547801156
1.67393219867838
2.290795315719294
1.362267412641992
1.037296750677231
2.419078018710382
1.989139169999893
1.869351035974803
0.3627710336181624
2.046220410984542
1.168355476039802
1.362241720762962
2.531665763725123
2.159772508305615
0.4546787008177589
2.238744604908033
2.437849164137766
2.140901324932322
1.209428048719152
1.152555867618468
1.470668984423546
1.749211248538271
2.074025546565086
2.29628044257367
1.279699335546504
2.247045223908056
0.6197565693704151
1.264044908536905
1.275423015147513
1.524854399726248
1.571004072174826
2.213287239489681
0.5793260800055666
1.047425258725787
0.807967986353879
2.070529872486663
2.029551948408808
0.8940417193943672
1.060743338725604
1.742462011028808
1.444013023837497
2.34951787486281
1.567132313461028
2.40252435926005
1.600462810345926
1.031287343815404
0.5593197603937324
1.184862426475384
1.247319441885461
1.532850555981476
2.609345732172193
1.290653584201678
2.597861195532082
1.322179336219464
2.567310358542237
1.509058987400934
1.588278537667236
1.279412690938277
1.959348447886002
2.010146243084628
