d = 19, symClass = C
13.23757546954411

0.9804009173733045
1.613231666377378
2.013808152143093
1.55034995360515
2.090959937256356
1.570796326794897
1.209781844319273
0.9967935256512385
1.806832974991602
1.546952636490143
1.260762528495032
1.90049965658511
1.717494003348278
0.8692791846565128
1.550224187828609
1.017992827549178
1.861881962414345
1.151731139095648
1.484563056603768
1.183207930658148
1.238909256887902
0.8772563127755567
2.282440619613976
1.080505330860684
1.291502711255759
1.523853685285444
1.652174111749771
1.199775877512508
2.17165112438343
1.566252856074867
1.726445704714425
1.402778711031069
1.152812986858793
1.94520982414668
1.551706909225525
1.962413724321531
1.575757174697501
2.002981917727889
1.050661404206321
1.295841815618031
1.304545115550856
2.462440537462863
1.429731526864622
1.29217266430264
1.482823993692075
1.672121631246637
1.717606455992427
1.706088989709394
2.030965620055281
1.52650318134076
1.393428829364043
0.643418241958833
1.511550581729512
1.441284649996274
1.39988159366151
1.815014503735325
0.8092841948391474
1.052785264608797
1.276066309887381
1.625454787153021
1.56271475502842
2.025898641092879
1.99374994982591
1.62238228308464
2.097133763740092
1.846514689140448
2.0692588483731
1.130645719669895
1.374111287157348
1.563265346957527
2.145113157704973
1.804109990450635
1.298323476358614
1.616132963448963
1.764503540794554
0.7983048116729414
1.596019212133285
1.384413570653315
1.568187162585635
0.9940025370517447
1.928017130747479
1.745098271867072
1.226752954140943
2.014117200988379
1.548833739524593
1.667842152366466
1.17951993655629
1.51016914386036
0.9757120363228303
1.785739046709527
1.446771534266883
1.196570248285913
0.965244927486315
1.700616649007056
1.477062221937715
1.380041207021977
2.13709985884287
1.474239893040219
1.451395642538681
1.312384769246564
1.667311020128333
1.987426508508349
1.968651614334851
1.605819407823676
1.663631508726346
1.270466478059929
1.391371463878298
1.447506659259751
1.992389553373449
1.585084416210765
1.136127618202066
0.9725914791030756
1.058508388544474
2.02256385077606
1.261451893052841
1.801503828360934
1.131701273761129
1.778240292398714
1.624573072342109
1.736983263890507
2.192271058157639
1.539522220719793
0.8837313465817613
1.3310334550508
1.388615541790757
1.983451845416351
1.867954567440445
2.007017691708964
1.339361818948642
2.393882756533944
1.46429599480912
0.9482124887737462
1.9428114236676
1.594745820336137
1.920725176049125
0.9114464581012566
1.732101199178761
1.403699930478061
0.8405098742431297
1.413362864514023
2.220204282648227
1.884472855950054
1.334522216048629
1.441586900315811
1.089294175637044
1.746698446831487
1.18472896832021
1.120617056533467
1.359842803489127
2.195401319124633
1.355781301517828
1.541471609066932
1.067688734788597
1.471534142053711
1.240383551209339
1.840632576250596
2.213959884184377
1.137567618488777
1.724676350771913
1.512596901079654
1.757527870165102
0.6731245593266528
1.545752843934461
1.161827481318271
1.147770519943904
2.1390574091944
1.603181437845592
1.462819527577795
1.593655769943586
0.9947789675756684
1.21270633452641
1.871491148949696
1.897291559374053
1.873873411736221
1.39600955135461
1.445859823560889
1.981909011888498
1.42312653652415
1.166266567955971
1.241260584172152
1.375878444461678
1.268416798041684
1.915695140497963
1.173886427808034
1.656011535391736
1.797207872890797
1.939374348096528
0.9995066170261259
2.15678952243872
1.062143458071387
1.780444683587769
1.547869237982574
1.7551538397157
2.048664882852811
1.365216351931751
1.815504880240124
1.696150814800314
1.751500494554305
1.726469759058545
1.248988910805965
1.484042178260999
1.914503354869869
2.124118007395728
1.882252193921813
1.542403848300455
1.997387584593225
1.478857392532613
1.515678922417664
2.556854002283654
1.336076985240713
1.38978670612307
2.020816179364474
1.202980881378314
1.867480803245669
1.70448884856386
1.969171984321906
2.029665047961541
1.456740835295323
1.731743545309951
2.167098757524111
1.6613255926197
1.688985304910521
1.017400430878342
1.476572589409321
1.711864671319494
2.036641281257598
1.316971025129055
0.9334432804032091
1.842678914031249
0.9503919764989306
2.339439923491755
1.710718040410215
1.587555200611351
1.874272897102535
1.533789704782534
1.396073996984263
1.09084488397453
2.470816889857132
0.9143006682766224
1.537408743689177
1.630803354683567
2.263204778811382
1.450443204365918
1.73573073401396
1.727019225196564
1.726842725221956
1.211884731913612
1.653952165175402
1.36814099485313
1.16826152102615
1.680318344726941
1.691452086037779
1.446671024191739
1.37885129863271
2.302841693852019
