d = 19, symClass = C
13.48055430347985

2.532499897896705
1.086602550389459
1.45387011578646
1.320465827393803
3.006815132334372
1.570796326794895
1.983204944781589
0.7689405270625109
1.898689580207833
1.093355456796627
1.836627978340769
1.059043686384333
2.150351716103565
2.218324795132248
1.470467800521488
0.710763174945593
1.602426507976774
0.9122560032023662
0.9067924449786257
1.607670075260724
1.952134897751785
1.806955525342944
1.263747239447732
2.795532126454627
1.246164612255378
1.446049229076797
1.312783036525492
1.828413787554161
1.495051435730873
1.18096677135692
1.605636085331654
1.625844039840552
2.414910088714944
1.967468050446052
1.176008481005234
2.249138247127459
0.8081443888788813
1.95730522794466
2.435395029258812
1.635653895245376
0.8196383471281549
1.505650935982504
1.249418294338445
2.011888548860003
1.554036670538042
1.995898990184837
0.5264021349023205
1.802625480437247
1.399486468641049
1.282557646870924
0.9998587696829196
1.055817067013002
0.9559555834063871
1.515985212464142
0.9692171867141011
1.654938449245069
1.868305127869798
1.364506277650677
2.495105634603803
2.647753336619355
1.735233278371064
1.030564935100714
1.886718204184254
1.330676880873762
0.7782961894647741
1.095899898906812
1.790463075487905
1.912221183400641
1.666263503385923
1.934398128310543
1.81380738039395
1.303019408275669
1.189265182348925
2.149159644400592
1.302079514355746
0.9110064427741962
0.1376830006069594
2.134286949063264
2.678154889330103
1.46924079004635
1.413021841958311
1.506309226649137
1.410144814678567
1.571904809107306
1.769166540231797
0.08590290840633537
2.592431735580599
2.273853343414194
2.349244776919688
1.553327049701496
1.798766599675813
1.252453470541494
2.683852342169829
1.858002056983904
1.281023291595882
0.8586953082184698
1.489552522782734
0.8811068566060372
0.988613239706379
1.213318693128141
1.22047641918359
1.656474235255867
0.9168513123697257
1.62937696179091
0.7766108719516601
2.107521314304451
2.088016416961053
0.8678957116801383
1.965313338595893
1.584862803477939
1.919939928298178
0.6636117352305571
1.131292340779863
0.06449361856394201
1.411178839455476
2.131587251673739
1.530890390529356
0.4010939694445196
0.8692439994234423
2.163405961556011
1.652567670220989
1.253057219277812
1.915825878931441
2.713579118817965
1.841421606069138
2.155822537177388
1.908877498542965
0.7700058266517464
1.279345723837926
2.075872196231994
2.284363510959433
1.343305787746811
1.408090500938389
1.764418821704235
0.4364142293117499
1.186101505588481
1.652799877316622
0.2033799739282408
1.841794141213209
0.8203208978531764
0.7177723828977508
1.567954849314513
1.955998099457209
1.954432312624342
1.396348081164389
1.844609825379402
2.224563114956452
1.941360347790422
1.841638859938943
2.139806725903197
1.105898255657015
0.9259509891887735
1.063929366340347
1.426083149743605
1.810722694585408
1.423043042899008
1.663129494278182
2.687245894295951
1.67818659407025
1.994852438068092
2.604432629955336
1.685213654356883
1.629308457463716
0.8769572539953663
1.149620145743234
1.220061211333111
1.341882409073245
1.178004789369412
2.111129526092558
1.46953994719677
1.545305922495226
1.364091853451076
2.060959034864603
0.3242933110582782
0.9048155399823834
1.844717080967206
0.9131748910884449
2.039688064401251
2.094362860537208
0.6843542651435189
1.006128350546512
1.46677720316472
1.329519235415057
0.8465466387251713
2.900923006584925
2.056845499974727
1.848458339408525
1.766426579676591
1.709120976364369
2.522964691522787
2.492131713299702
2.4677419851532
1.411237773880768
1.833921439219177
1.414649875359819
1.637233129706986
0.5659162420791746
1.999566963501402
0.4432217939946654
2.26499116667944
1.759163139346831
1.619590720309308
1.087141568781028
0.8367776476939879
0.3897523421331572
0.8706525340675269
1.550074670092577
1.450471015206383
0.4353089544631262
0.9377839425088763
2.160795616810452
1.61319503597782
0.5156003885077128
0.9093290331598298
1.981219995455997
1.002146579752339
1.067804267112016
1.131248782170445
0.9748811784639504
2.620774059795789
1.410174181136872
0.7671265035263123
1.767205284360269
1.536321900609158
1.301342657711028
1.764651144696713
1.464232017876358
2.274670255700867
1.343326351196043
1.994350372048325
1.420210316288188
2.46966656139326
1.772601491769332
1.778888707019114
2.101833613932915
2.175618361568071
0.6065544139294283
1.137038450999458
1.202344342404726
1.501168725199326
2.34176737804886
2.751234153820071
2.769297731525162
0.3991481659421541
1.353996590043883
0.8128421622701488
1.19249484644337
1.96309410028171
2.503542023690066
2.087975833074493
1.542080863977785
1.363437694567387
2.120265261703951
1.28674547693095
1.139157101257843
1.897967029276471
1.788400348619843
1.996535136318348
2.525234333326624
2.027642246094974
