d = 19, symClass = C
16.45193421161756

1.251860276295274
2.195764201170709
2.354901688646534
2.036257999768693
1.115515413099238
1.570796326794893
1.244720158759828
1.682130725246122
1.640621635682227
1.70408005014524
1.741694653767457
1.844757906148573
1.069064776587849
1.415151713121287
1.489189572591832
1.530774328609972
1.247536492398222
2.056949772161108
1.727959090585756
1.928924267403774
1.428373840284938
0.9418518577327222
1.636560545482654
1.82368816427361
1.415518591073221
1.109631649742145
1.832088250825055
1.73014221524027
1.735068274012779
1.610732863771344
1.591220450316382
2.288451424772048
1.762230563580611
1.243021846405835
2.00173567885209
1.710601387489002
1.607631700715321
0.9947650104374764
1.095151931040174
2.125439959180661
1.848563341539994
1.859751466507052
0.9889659197733551
2.180251414077138
0.9657877176451758
1.934781000279683
1.486293500458211
1.916064386537569
1.772795266840424
1.762999944058803
1.690383033054706
1.618190019409668
0.5935931219349281
1.946451368126915
1.805732868070149
1.447966867946586
1.630680392970085
1.989134217054372
0.6423945535588294
2.386129763414758
2.05658684386805
1.521018015354212
2.132830203608513
1.760981843924278
1.352930602221658
1.356129893575646
1.844918873419198
2.091018217676191
1.968707514609549
1.152321148053824
1.376335601049797
1.565223693807607
1.235960517407506
1.482664306321822
2.06035005986791
1.016952534276358
1.295722854854219
1.985575958129975
1.242985013904326
2.211661450507265
1.036805427885094
1.330573588167955
2.446401470207918
1.761211844643658
1.268182526625023
1.48038875668352
1.334907092837466
1.43233676428346
1.267961004813323
1.940526848389299
1.529472536482114
1.487894513023981
1.725395263607182
1.486714218180687
1.481184027542412
1.463357262464944
1.655196679489418
1.556929409912671
1.51140329502341
1.950546670674923
1.090113348460459
1.719559455678201
1.684967973120558
1.740934956801059
1.277861477146279
2.070668808467974
2.016035154741913
1.649530915019921
1.843581639532175
1.338098985504296
1.088071322298256
1.167884099156067
1.510263238583789
1.199593236778197
2.361434826930182
1.478259413343609
1.530962687693497
1.791827313409765
1.599112275176978
1.313229803768103
1.208461585724088
1.426337567436984
2.152636029399788
0.9531385472581012
1.985653708599765
1.990356177373577
1.480457474860369
1.272967912204231
1.663165417612514
1.476270566204406
1.111300976140166
1.372152214144343
1.819389282479229
2.277715026252642
1.702578945058008
1.48919638567523
1.888480971225196
1.763422070070737
2.246450936026201
1.748677678817055
1.050588744177799
1.690628153600251
2.097930560071107
1.695599372778731
1.15667632493709
1.818445666269716
0.690427233519372
1.747669338759648
1.150575081288592
1.685767157289843
1.224670093132347
1.609623267966482
1.698542138749674
1.211354060219273
1.207276919373953
0.8393842459122073
1.458267179748987
1.272420340822967
2.223305521038966
2.175510033672209
1.285154264934702
1.207308664508405
1.321381653898044
1.907110891282638
1.575557777663079
1.390237134616856
1.255845549037839
1.787671039402555
1.607121813381306
1.859111340380765
1.759132297132753
1.633763611386099
1.497460283880623
1.438217677115656
1.58784842501248
2.040605472275734
1.348001766027644
1.392772309211209
1.305565117416924
0.9026720729954739
1.570280391668822
1.101249724669171
1.740072367152587
1.981592157017297
1.559414500748619
1.594545230750052
2.082741250322039
1.262900785205226
1.997474745821063
1.376188955157347
1.280686225627426
1.203131114161536
2.243183117920875
2.037123797121739
1.883487090311402
1.754265899769704
1.393189385871985
1.873980005432726
1.385994819783915
1.244089988889817
1.947345698137906
1.394047037262818
1.80878173770801
1.737495030564132
1.923983201415568
1.410541015398458
1.832250402406359
1.834213479925479
1.820306843004206
1.206850895480979
1.488149638518987
2.252644015862487
1.384642068317751
1.073408098311168
0.8971455413815682
1.379024487886213
1.760857103974133
2.299302004208972
1.087161722992988
1.210692743935703
1.986554168733839
1.337924494670533
1.193321339623794
1.456860563047676
1.713450861396097
2.250022320845158
1.569815143945444
1.590765452135957
1.379885792780627
2.35661448376721
1.576549554458564
1.716764501646597
2.010530428047975
1.726326588514213
1.32768258052149
2.483029435590207
1.828581923822267
1.476848020736119
1.597466617571394
1.440690290797159
1.676366397411239
1.043978928038057
1.608896990389196
1.736633189263354
1.591711634212514
2.058328639518838
1.417149365658282
1.964084379310411
1.59838207285033
1.680911602211909
1.172596862163226
1.632812623563972
1.231722063824044
1.815008086659388
1.271626749376938
1.501512462023897
1.935334507351258
1.145391009898737
2.061088164323509
1.345277179393299
1.644346889380094
1.26955392513971
1.127562922294546
2.283844116193142
1.651025453300752
1.427242483375532
1.470508780300408
1.604389279929231
1.572809532990411
1.563067167343825
1.515644564081135
2.236291264546392
1.555935858502377
1.729352470735208
1.188502416249591
2.161257443261841
1.184646629275436
0.4895346710440291
1.519677589476682
1.897637135328219
1.479163474729265
1.885349670876113
1.720938838839232
1.508814077484076
2.090081836421365
1.240861484988071
1.896170528810379
1.921288536621628
1.657996112412568
2.477796017248747
1.445319185994935
1.831129326881171
