d = 19, symClass = C
17.77837656720851

1.2477444015475
1.425374844008451
1.568135554159956
1.122555373889679
1.409729381542667
1.570796326794902
1.5979825196086
1.796043645553444
0.9379720555882638
1.092440134793124
1.517783649184543
1.266541336402573
1.37412991766881
1.318329323562868
1.507456461641275
2.091912527179169
1.274202893103669
1.418000980122772
1.184868671046577
0.7371842776307024
1.437024025185473
1.559088036832609
2.558982153709429
1.127814293096489
1.574186597364316
0.7379397152268942
1.583128655933093
1.259462414494676
1.316523961930594
2.376982479986042
1.63483996436702
1.373695724492694
1.583282173312933
1.033994017787991
1.531005264517722
2.193846496367265
1.264932345681684
1.414284622668718
2.085839945964799
1.62584176661101
1.96074291122655
1.545907230068904
1.291287462457387
1.368790184246017
1.256349719396728
1.694636112365463
1.673007113461578
0.938556431163886
2.100539656062828
2.540920593147174
1.817691159294884
2.201068868482231
1.771757127733867
1.655072265319075
1.227021829161675
1.689979569476504
1.019243267704722
1.329581498610295
2.020727931841633
1.63898175856284
1.569430636501064
1.786446709729903
1.675208324903899
0.5333322387532398
1.477720913142167
1.818953895340524
1.785709378125515
1.44155233805845
1.432259107748741
1.333630423718866
1.658984911040294
1.802105527530845
1.489989462722039
1.915904923728143
1.856480450206136
1.872853955666722
1.691952357273809
1.083825566151024
1.851244032151534
1.624229359657501
1.902325449699325
1.241247471084239
1.495772514660362
1.2820548716261
1.162814061264534
1.70315992637899
2.139323667828872
1.725217556312412
1.468992179066266
1.221795897317264
1.604798647025851
1.546060213609894
1.813257149575224
1.599236994511841
1.705852877132255
1.28011005649957
1.140483724957913
1.376739615023043
1.472338729582576
1.760363355108897
1.983171399594982
1.384655233335906
1.804862492084299
2.059114088196828
1.16356791556807
1.501509271836253
2.1995002055548
2.392477822154891
1.249471332763935
1.891501026466685
1.219640687849521
1.214821896326876
2.074629688400026
1.915145978272958
2.480895087641287
1.669433103454196
1.813397915098983
1.088324291242983
0.9888189559130363
1.527497344410636
1.785347996830125
1.140483358876963
2.087637025184616
1.487104729111603
2.239122982359569
1.493292511652651
1.80968665222673
1.518941181608373
1.971206541570706
1.795043929369306
1.593107064014685
1.7923652924062
1.773737775687673
1.568059440099741
1.108411332084316
1.881427281243814
1.538405203428151
1.895209327609519
1.430259600247342
1.918121176048736
1.51663381693935
2.114520704088772
1.801622371633011
0.9978668605502393
0.5303459948866496
0.5112932304127745
1.761355079440952
1.330079492396924
1.766742992646557
1.687423482614351
1.527691051041264
1.647556116664669
1.707935015854604
1.895147896508377
0.8319758619950153
1.850327844796715
1.14554511616059
1.593945662893146
1.245454360377242
1.746900010864736
1.498115232921908
1.352504215090556
2.121111746958792
1.340792823753598
1.102054866355517
1.573448221270774
2.176279484346513
2.1341717767956
1.088027823527375
1.764130779662692
1.393313774093574
1.146883165819249
1.48177605757732
1.488950429218269
1.038338050559314
2.167127494714115
1.532388300531652
1.973998857777399
0.8227786022061458
1.170470152779523
1.516269618663507
1.465928305990095
1.052650994239825
2.018209636026358
1.482572543007249
1.788166146124774
1.199454387815778
1.714019568849422
1.633695179999515
1.709977732262943
1.828156676924374
0.8241681350735761
1.34914760865176
1.074826728363655
1.769267453649644
1.168071805524744
1.826604263411307
1.701131037248254
1.195400419569961
1.713086207165103
1.403377482008404
1.139062012552539
1.737042999048137
1.058380960188875
0.9158517125992449
1.439832493730127
1.345850339428057
1.149761072515404
1.380773451274417
0.9276490538852957
1.75750544863436
1.513900055975851
2.235766112426946
1.955448153864659
1.761516533777887
1.527989535365414
1.317382675770957
1.925725344799922
1.566678632649317
1.026567877702316
1.293405177486861
1.479109592791932
1.31661473166321
1.231397885607228
1.259507115626422
1.481382129806794
1.686489700905256
1.741892474223824
2.111429924139057
1.539903951658195
2.266755007667995
0.7857483901103636
1.764402648227385
2.063334336362153
1.705954971812203
1.243521021554669
1.844114492619891
1.542754521245848
1.547131254077885
1.69313474375566
0.9993829232633373
1.003127113499914
1.804610398736298
1.741472915101518
1.409179256993405
2.627744243172216
2.068622047090496
1.444986260673025
1.440107484629553
1.582303139918483
2.182199194046416
1.867632656592541
1.180575761713004
1.772126780496062
1.989525375439731
0.9576134995816444
2.222685640654834
1.091877444735088
2.060278935734633
1.607940533104735
1.588564159993869
1.330583659457123
0.7731937466531451
1.251599348241058
1.678152856167229
2.301637926009169
1.081953240335344
1.349797033444247
1.449640996161471
1.945186002794853
2.141565919371001
1.276206687114405
2.34723282738915
2.084013766955156
1.440529857063185
1.900109618934823
1.513518755582292
1.684971212380024
2.053559329255368
1.408086824771125
1.515351001851303
1.651594425637214
1.30686951378627
1.711433408085265
2.06886847882958
1.807661268087008
1.805786144525606
1.838364130125404
1.53404739960002
1.738284278313722
1.73660562415458
1.885390189790466
0.8166717199474444
1.727872652722639
1.663837216440546
1.295156135047728
1.457452060354143
1.142604020081263
1.518741130764751
1.594866232077742
1.247798995464034
1.669655314087937
1.014400399560316
1.972199162418025
1.199657331210198
1.747292160646712
1.509690115652184
