d = 19, symClass = C
20.30581143574959

1.698688584177749
1.277438030314646
0.887793975931053
1.881749953641608
1.947031168277853
1.570796326794897
1.226243740788975
1.339094590387585
1.431162153080637
1.691187624857
1.773022567519563
1.919511055538696
1.159268810856886
2.022307452148286
1.662663630006207
1.778578153934699
1.303069507448211
1.839909681386183
1.337921733120646
2.500516203540965
1.779170297204274
1.530350052576714
1.62961902940625
1.624004294816888
1.116238521140037
1.97153975703466
2.564587788549695
1.536101573054165
0.9714511752563699
1.043824444385794
1.857669569168951
1.334547527527209
2.005365111453415
1.624862306825421
1.793554238064289
1.336545583044242
1.897370345211543
1.509208426759124
0.9136010430278171
1.66368929797774
1.226570180479846
1.211945545229951
1.457613126477418
2.051084279459646
1.468284063364246
1.695534122108371
1.480870055122765
1.887539426989129
1.547856394772285
1.683783663748996
1.018484281943103
1.191002715301211
1.307370943887426
1.808408585410668
1.459973887380934
1.302698286121638
1.765191316039489
1.821455031507212
1.286045206143853
1.956976791488771
1.776969273573895
2.000129200817012
1.267943857395399
1.767026181606381
1.490978782545672
1.275024370626697
1.48986972492647
1.020426363370224
1.231850069013803
1.820431514799698
2.007813910912311
1.664962625031494
1.517225199240757
0.7675009087104341
1.545673442188248
2.113672703134149
1.647054536591012
1.707411920060779
1.847338643937794
1.214527706156951
1.741193068933716
1.627741827449642
1.351396196174037
1.664924187892827
1.58622185254952
1.279050486824916
1.849360440883471
2.092788015929699
2.207394055469598
1.562969212061703
1.744429453943668
1.42387292726894
1.167216520241389
1.442958012112405
1.158401206258447
1.515874133156581
2.239174390013611
1.361458199724871
1.292499587369793
1.243952594486646
1.903697854582142
1.682987084578027
1.864930108701678
2.096029952775952
1.179370181247849
1.033979603520884
1.661589969359635
1.114693213509277
2.361601614966966
1.341988939237517
1.897971054519921
2.349036652739759
1.011986118023379
0.7580285196132435
1.669615109634927
0.948905232223893
1.24610658771321
1.084111567931497
1.885416970955748
0.8342536768379433
1.806326555638467
1.951585954331602
1.592416835964077
1.478801814051617
1.857021530104123
1.423156291737917
1.478714972443129
1.88152375186231
1.348703015728542
2.19042138751123
1.580639939390225
1.983207983672234
1.108986848567284
2.586433122912175
1.193355661496713
0.9336063979579649
2.179280811307614
1.658904249405378
1.622087692473537
2.191920660957988
2.423433454490332
1.638906580934072
1.851888722597225
1.76463449559312
1.347436067799524
1.671953241870498
1.804823505612274
1.906291892582661
1.439463594339885
1.632538898182693
1.934788518328108
2.00745446950135
2.276110337916138
2.340565643840828
1.219285166938845
1.284105183335323
1.560903944854815
2.103772332246397
1.783343580452129
1.166300617831254
2.245129742440575
1.727063917572601
2.230800063889342
1.388543324163961
1.696311965885136
1.27026214318251
1.5441181285485
0.7973068918860429
2.275463563294571
1.233377139489264
1.487618026931886
1.915158168349193
1.470827878413348
1.517522160778533
1.102722600745664
1.594575047331405
2.022527881583233
1.2856569714441
1.799846571715473
1.350256136694098
0.7460683564308581
1.91507615504919
1.412977318209555
1.733474724447275
1.180965947091741
1.331971773227325
1.538096279663042
2.180099683236561
1.603591277997234
1.514042045040254
1.774976573136748
1.76672657698274
2.064440232881675
1.717295370465079
1.645810178400968
1.221321233357582
0.8221950162027198
2.379939663958904
1.754774740722029
0.9716560127844972
1.957688381646983
1.732514214311601
1.721293463573393
2.510472982350806
1.306787704716011
1.533582591103508
1.381321257909953
2.314376756413531
2.048742474590745
0.7904045649738302
1.331946122352454
1.149769209656624
1.815609582465095
1.56318555105077
1.529980692144314
2.072989905176025
0.8035008104066614
1.157918905803276
1.865331637693231
1.273155074031254
1.641208844860852
1.93001722984001
1.172676256154293
1.387316349527667
1.92109197532323
1.76035801212065
1.388201528555457
1.404856242975375
1.372687991155184
1.268058719254638
1.52206776009051
0.9466406416353208
1.485584237505991
0.6313829697342332
1.619407975538232
2.015675093279522
1.993662960977208
1.388729571804377
1.596687467638827
1.514816304082404
2.212660056124705
1.324934208378193
0.9796146258504065
1.767291118646732
1.998223561369425
1.005688587343663
1.506701686849394
1.565092297992335
1.690366899900285
1.589216585835239
1.790145568808302
1.139401879062841
1.491356946623131
1.098685556595006
1.779813674842514
1.948066619524214
1.283824201485202
1.864450218344331
1.801948512238108
1.474257297226686
1.162510120341026
1.728832760261749
1.418831855043155
1.669747301384389
1.665172810206603
1.308248730503305
1.239182704905655
1.042382730576555
1.358262537320688
1.611021035755123
1.912202620216617
1.848474240371109
1.243467306313609
1.909207155287842
1.596740583228832
1.196938256883208
1.096604722455897
1.681299416092555
1.73072801634858
1.862320020340359
0.9060277035837425
1.374287559549276
1.162850516938742
1.898417934428265
1.163312851309531
2.06660794853943
1.744033900966419
1.715405007959509
1.983266661263597
1.285634639076343
1.84141845664216
1.848309126724739
1.537273656402161
1.266617486102862
1.076060409231354
1.609499370680256
1.402655559481357
1.56738312243047
1.32435057858468
1.605155127336322
1.438486800938018
1.476685780862231
2.150793956564074
1.635079755764266
2.208131107337252
1.376419720861832
1.352962075870669
1.784563161950985
1.745739097632027
1.243455654356121
1.947876315311615
1.46506003594412
1.547931744457394
1.756151669046361
0.8827197841420876
1.777835258129679
1.723823919099155
1.581307282206293
2.010538339359442
1.094108530475847
1.112952753185065
1.361082597079219
1.30317095957072
1.496381750421741
0.9484558124162692
0.9830859339146512
1.661825972960927
1.895520643713286
1.650571332550898
2.218635887277405
1.928766661796934
1.63398348471892
1.706010921946889
1.711724461106474
1.553574900359894
0.9888816608649798
1.475563329187122
0.8831056963122567
1.678903244303896
1.374649568838269
