d = 19, symClass = C
20.98665064538316

1.565270791527771
1.380595943629661
0.3431122625084606
1.512887869148432
1.034558951678117
1.570796326794902
1.741025956672797
1.677725626798737
1.932559609973823
2.663320111094562
1.99783176627952
0.9427098622876459
1.335235312458349
1.208456614762778
2.232337541228298
1.962470316983666
1.708812414382106
0.8216341671661175
1.265820843880853
2.045451193654319
1.949288555767217
1.869449023312089
0.834779138652943
2.653117809362583
0.8742683823793219
2.210400085628114
0.966235611844055
1.087144897104552
0.5232494629538765
1.281815893225435
1.384515252038354
1.125480349113244
0.6851353244625674
0.9524014383099839
2.266052272568639
1.9292713185669
0.288706675268349
0.8006174515276117
1.571434092281067
2.388329178111178
0.881355046463996
2.551858435460931
1.858620441131915
0.8356215780130244
1.974052415721333
1.484312957601287
2.635163865148785
0.7035756162190294
1.679221267761721
0.9898299189279129
1.210021748978302
1.962592188398219
1.428298508884574
1.029934975227004
1.724216908509503
1.403528896276944
2.482005993147475
1.916355623352817
1.868654442674513
1.774404102376598
1.80275471375196
1.100542167952588
1.440937720306205
0.498750217639445
1.082870859804146
1.849607364627246
0.4276080631081454
1.416916133430644
2.117567353411185
1.739931454081739
1.98251051916069
1.757890618654042
1.22823424775652
2.048776206164447
2.228069346019429
0.8456584555909143
0.3557323809852422
1.218691988800017
0.7458655621796507
1.528100536774605
2.767810436592266
1.958165525505077
2.420728727493035
1.89731672693851
0.7927260791680584
1.487518793140523
0.94476910665453
1.715190812583691
1.150873836245684
2.156004254832332
1.609354249588807
1.344048262179642
2.249305550067638
0.9898249287973774
0.807138837477094
0.6593047469886818
1.961790494811578
0.9537159518859412
1.475721402977736
2.869236288781575
2.329992001314118
1.154883488118329
0.9011957083822283
2.62601155962147
0.7367324530852749
1.165374562243165
2.472783023295336
1.971198744968117
2.261685678108257
1.90098276894411
1.305005723128813
2.017069585782326
1.143883642604432
0.9016640574951754
1.262562470740819
1.933009480168323
1.617956487826607
1.260177582388443
1.593777629124629
2.6670876540271
2.21502368669407
1.627782210909532
2.216339628100497
1.774973026646346
1.741033971120119
0.9326501996620231
1.714604199107332
1.095874317386275
1.284839909258016
2.08240181402973
1.209413857042357
2.596802919088105
0.6984761389136268
1.520897533233816
2.415846108739125
1.690776369725637
1.042653263276414
0.9523723734240679
1.217079736667419
2.25970388293673
0.4051320250584792
2.102772710121904
0.6289363816523875
1.443851116470123
0.793158078461393
1.365567738115882
1.93483753258552
0.4927607911885133
1.391488386356879
0.7118640314968266
1.225776607371746
1.685746280597259
2.314154387234585
1.534121989273639
2.07640972346413
1.218140609273853
2.235637856775241
1.444495899661726
0.9556488091545937
0.304040830480686
0.9691879587179577
2.075222250760088
1.711554441210532
2.1200308518004
1.284385101630724
1.145355937406486
1.451714696471889
0.6889287028943827
1.83708272183446
1.468134759476202
1.763776998778272
1.178603667330363
2.061084529551402
2.573013396602082
1.556958618506886
1.415212064967743
0.8899937724711482
1.800660297373735
1.670094234691549
1.708561126084008
1.447088891267607
1.447989551104617
2.510115460565112
1.754929670995157
2.342043345811004
2.355880206344766
1.01854046219477
1.907597772820682
1.417980004815437
1.960139975051483
1.193814696620436
1.107202937917526
1.827797610213865
1.606910801746559
0.6385685751900458
2.043874206602651
2.153625229141086
2.187684352961117
0.8141735282811693
0.5107881378417748
1.619683225627041
1.61229087001622
1.701751012882539
1.249269895484183
1.64585771310936
1.746001763657498
1.61744892252365
1.265342316731104
0.3327054640389044
2.134270619978138
1.524656270950316
1.644137611398895
0.9848875548911741
2.051149265412674
1.549582575748819
0.9008407601882356
1.194475537967881
1.921104963940579
1.234174242752722
1.501356179949848
1.982409204014865
1.458606101164013
1.154604674793331
1.908045251021653
1.732488572994559
2.591445922810151
0.9587860940403589
0.9895226637996352
1.716089733177966
2.205520197581004
1.770345277434412
1.689986307249851
2.169063739463318
0.8891748772515916
1.670965851715153
2.008863371315186
1.446646288537574
1.997154790285531
2.00604798205131
0.7198923329811502
1.713497892418176
2.106370356925221
0.7287467306277131
0.9777892324970546
0.534215830250769
1.353922888586994
1.978078283789471
2.531226782428279
1.006106182052998
2.341228831617017
2.114661869520421
1.663052628252695
1.527299383058054
1.348003081094815
0.9423807839626009
1.718533911345702
1.436486780441684
2.172104820448616
1.794461556557409
1.775195992193961
1.20135150260902
1.136733347888303
1.118245763172239
1.514489584082773
2.126112373654158
1.314741651888568
2.78114939108182
1.057048425037035
0.9088675691674584
0.559071642349503
0.9112421539809976
2.172619230490979
1.583696721213896
1.660141853014498
2.480252812784202
2.636470721092683
2.523723259511006
1.649881127397938
1.342445378310731
1.150274660061509
1.287306865942496
1.661882353092205
1.85797577671844
1.712119938901455
2.318864312202613
1.870750742680605
0.6511807727645395
1.348354039135228
1.43529872583678
1.302781922599204
2.023658462537287
2.510545111657802
0.4600008763008168
2.438415904788722
2.098015384293686
1.160728564372093
0.566757542431773
2.00028185208822
1.666340825924832
1.559584381260293
1.144921730892916
2.148878098992391
2.096662626432944
1.283730489011075
0.7619845620299742
1.273040344931884
2.186582802584728
0.9111592110433869
2.397605716351828
1.679550977595347
0.7596065693382702
0.4446963083993866
1.853947120649411
1.965789349094928
1.630217554408983
1.120407194926727
0.5419174899214957
1.121267647150928
2.033931529219465
1.780997897447594
1.90419651998978
1.439662579485815
2.1983055269708
1.225415190078712
2.223898165311871
0.9898477988526835
1.248444156928686
1.98220974742175
1.664238127835338
0.9367485204064647
1.280173167006528
0.9088873775590965
2.496029001171634
1.576454602069105
0.7125753208601322
1.42997315691511
2.493670210675257
1.197478779830065
0.6346143009854324
1.730858574467184
2.389091914357711
2.323990834037016
2.263244893874341
0.007949234155235371
2.296602799232433
2.164474896963114
1.500858579624259
1.530740198846489
0.9152260922054144
1.064218947547375
