d = 19, symClass = C, D = 16.000000
[13.34575991503432, 13.34575991505124], 13.34575991504278
1, 0, 1
2, 0, -1.364097435941407
0, 1, -0.8678793973165367
1, 1, -1.636903990995734
3, 0, 0.404386347284528
2, 1, 0.6564300974132938
4, 0, 0.8607618147421683
3, 1, -0.2117040614885828
-1, 2, -1.871696238770987e-15
0, 2, 1.183872060585976
1, 2, 1.72501498085395
5, 0, 0.7532146482866651
4, 1, 0.2467853517132398
2, 2, 2.232896536999684
5, 1, 1.420635249170455
3, 2, -1.420635249170537
6, 0, -0.5516223794605698
-1, 3, 0.6913289957945178
4, 2, -0.8954346127565225
0, 3, -0.3509585793644717
6, 1, -1.319122456481137
7, 0, 2.679454675737623
1, 3, -1.679454675737601
5, 2, -0.5697021573234662
2, 3, 0.5697021573237594
7, 1, 0.4485632871568509
3, 3, -0.6619416257743558
8, 0, 0.1899344514952431
6, 2, 0.2887849674548021
4, 3, -1.52727379284007
-2, 4, 1.137397164648389e-14
8, 1, -1.074513046265555
-1, 4, 1.074513046265398
0, 4, -0.7470374450120078
9, 0, -0.8364716821296976
7, 2, 0.8482251043454758
5, 3, 0.183733593294001
1, 4, -0.1837335932939945
2, 4, -2.353088512343533
9, 1, 2.174368257667019e-14
6, 3, 0.265451369340557
10, 0, -1.027458170441452
8, 2, -0.3366392655000718
3, 4, -0.2283515291624428
4, 4, -1.408984449848371
10, 1, -1.497104961945605
7, 3, 1.49710496194565
9, 2, 0.3465392231603394
-2, 5, 0.3465392231604786
11, 0, 0.4309004727902187
-1, 5, -0.5690995272095906
5, 4, -1.082059319628172
0, 5, 0.2141799223112624
1, 5, 0.5749238837933189
8, 3, -2.010239814397931e-13
11, 1, 0.3427632578629182
2, 5, -0.9978072977324652
10, 2, -1.937884900801705
6, 4, 1.937884900801605
12, 0, 0.3480803261456961
3, 5, -1.518820480937242
9, 3, -0.08561023213050298
7, 4, -1.148494143769356
12, 1, -2.823683906687463
4, 5, 2.823683906687446
11, 2, 0.008706421467032096
13, 0, 0.8254010815451851
-3, 6, 2.533876616395413e-15
-2, 6, -0.9430401105551807
10, 3, -0.4039639271390199
5, 5, -1.232940063856918
-1, 6, -0.4039639271387739
8, 4, 0.5650299619008416
0, 6, 0.4787416982326969
13, 1, -0.1389689177057166
1, 6, -0.1389689177057329
12, 2, 1.799411560578488
6, 5, -1.108810585727991
14, 0, -3.655037252895704
2, 6, 2.290939816954138
9, 4, 0.6283786929984569
11, 3, 0.9872961236137034
3, 6, 0.6975725071184256
7, 5, -2.460462926001733e-12
14, 1, -0.5999901922171138
13, 2, 0.5999901922173676
10, 4, 0.777129252055434
4, 6, -0.77712925205534
15, 0, 0.3045897203418323
12, 3, 0.09979662694270107
8, 5, -1.50030160859026
-3, 7, 1.295935806871629
5, 6, 1.144839202517424
-2, 7, -1.144839202517562
-1, 7, -1.414596905783102
14, 2, -0.6118840298682157
15, 1, 1.457564111799957
11, 4, -1.457564111799956
0, 7, -2.325443509116594
9, 5, 0.6560016759001248
6, 6, 0.9029528744616322
13, 3, 1.132351751921512
1, 7, -1.132351751921489
16, 0, -1.119850913023778
2, 7, 0.8500546430538249
7, 6, -1.284106053019503
12, 4, -0.1822267721550536
15, 2, 0.1619973324654506
10, 5, 0.4944327649479465
3, 7, 0.1619973324651692
16, 1, -0.6195261925099395
14, 3, -0.002703505727618836
17, 0, 0.04481860965085159
4, 7, -0.9551813903490552
8, 6, 2.08335026479351
13, 4, -1.13163919230711
11, 5, 1.13163919230707
-4, 8, -8.560376262636065e-16
5, 7, -0.3892988353161918
-3, 8, 0.3892988353161871
16, 2, 1.465740491296889
-2, 8, -1.465740491296828
17, 1, 1.196418605729208
-1, 8, 1.080364464848838
15, 3, 0.5744854992357799
9, 6, -0.574485499235768
0, 8, -0.1648401972933943
6, 7, 1.021967790054745e-13
18, 0, 1.141028876830936
12, 5, 2.159276813625999
1, 8, 2.159276813626358
14, 4, -1.157061689938923
10, 6, -0.250630523508013
2, 8, 0.2506305235081231
17, 2, 1.112202070414965
7, 7, -2.749106061411899
18, 1, -0.5277528816940157
16, 3, 1.78153505498013
3, 8, -1.29924242931431
13, 5, -1.417877246564446
19, 0, 1.000000000000134
15, 4, 1.325489458867265
8, 7, -1.325489458867342
11, 6, 1.10318367024078
4, 8, 1.484827025377295
18, 2, 1.682721727583083e-14
19, 1, -0.9325477350018156
17, 3, 0.9325477350017409
5, 8, 0.932547735002089
-4, 9, -0.9325477350020497
-3, 9, 0.2795640073811929
9, 7, 1.280208444358863
14, 5, -0.365192677575247
-2, 9, 0.3651926775752279
12, 6, -0.3621015322847104
-1, 9, -0.3445875851103109
20, 0, 0.6483384075494932
16, 4, 0.2124234071926728
6, 8, 0.3114937354237091
0, 9, 0.7259565393592434
10, 7, -0.7361570923481143
1, 9, 0.7361570923481551
19, 2, 0.0514049251849415
18, 3, -0.5334351117974637
20, 1, -0.05224546127336458
15, 5, -0.1594586002149946
7, 8, -0.05224546127353404
13, 6, -0.7342550349611288
2, 9, -0.7342550349612728
17, 4, 3.442071259067229e-15
21, 0, 1.083534889036374
3, 9, -0.6791485417517223
11, 7, 0.1342172237279465
8, 8, -0.3109044616802477
4, 9, 0.982048838022023
20, 2, 2.042197039925489
14, 6, -2.042197039925486
16, 5, -0.9142476470120887
19, 3, 0.8089464088433138
21, 1, -0.6842400911395222
12, 7, 0.4538091600539427
9, 8, -0.4538091600541319
5, 9, 2.605361260787457e-14
-5, 10, -6.622785098829778e-16
18, 4, -0.4727132657664008
-4, 10, -0.4727132657664619
-3, 10, -0.3764416907540553
22, 0, -0.5877902300789486
-2, 10, 0.7763072058625576
-1, 10, 0.9002782588839092
15, 6, -0.2303797744404371
6, 9, 0.2303797744401767
17, 5, -0.3642564547299705
10, 8, 1.476034343441319
0, 10, -0.2921622828553267
21, 2, 0.4645968246020889
20, 3, 0.1981815875057849
13, 7, -0.1981815875058363
22, 1, 2.500000566842862
1, 10, -2.500000566842778
19, 4, -0.8659116826078597
7, 9, -0.8659116826079279
2, 10, -0.7842521957441445
23, 0, 2.975676684170741
11, 8, -1.975676684170873
16, 6, -6.000256358634339e-14
18, 5, -1.102444596396081
14, 7, 1.758874693809452
3, 10, 1.102444596396178
8, 9, 0.07982081191612737
22, 2, -0.4675624811857187
21, 3, 0.1813928692193409
4, 10, 1.361106376401151
23, 1, -0.4301481232263449
20, 4, 1.222828575162955
12, 8, -1.222828575162467
9, 9, 1.369223834833024
17, 6, 0.0371407139850263
5, 10, 1.299306552091898
-5, 11, -0.4257084287616839
15, 7, 0.4257084287614253
24, 0, 0.07680689906379795
-4, 11, -0.01748258870284183
19, 5, -1.388463058566472
-3, 11, -1.38846305856519
-2, 11, 1.691410174745582
13, 8, 0.4805187197206596
23, 2, -0.3007542521429195
22, 3, 0.3007542521438457
10, 9, -0.3007542521426265
-1, 11, 0.3007542521432159
6, 10, 2.071819123702169
24, 1, 0.4939097546876577
21, 4, -0.4939097546881912
0, 11, -0.3739696426289546
18, 6, 0.1167806981397214
16, 7, 1.635660224476466
1, 11, -1.457780722143343
7, 10, 0.5364698680000921
25, 0, 0.06090300982012078
20, 5, 0.9390969901794649
11, 9, -0.6923116384662362
14, 8, 1.566657916709751
2, 11, -0.4095321518013834
23, 3, -0.5866570279141612
24, 2, 3.851779977021657
8, 10, -3.851779977021634
3, 11, -1.87013745513573
22, 4, -0.01187640719937981
17, 7, -0.5909888046429921
25, 1, -0.498964593769376
19, 6, 0.4989645937693523
12, 9, -0.6176086703899576
15, 8, -4.315631210121247e-14
4, 11, -7.986102347753937e-14
21, 5, 0.2944504422844467
9, 10, 0.2944504422845147
26, 0, -1.125927498958793
-6, 12, -2.994341655879504e-15
5, 11, -0.297477169656374
-5, 12, -0.2974771696562499
-4, 12, 0.5950696010039336
13, 9, 0.2206137034458571
24, 3, -0.4345184058889996
-3, 12, 0.4345184058888275
25, 2, 0.8659763961944467
18, 7, -0.8659763961942911
20, 6, 0.5510461572228762
10, 10, 1.681850379776792
-2, 12, 0.5510461572229831
23, 4, 0.1959714512928472
16, 8, 0.1246786904971601
26, 1, 0.3737895294358624
6, 11, -0.3737895294359005
-1, 12, -1.798776750845586
22, 5, -0.2821896164795818
0, 12, -0.3020917436730456
14, 9, -0.2919805869422438
27, 0, -0.7426440754279788
11, 10, -0.146357156234638
7, 11, 0.1463571562345587
1, 12, 0.669490328922052
19, 7, -1.726699076491356
25, 3, 1.318153003627968
17, 8, -1.318153003627791
21, 6, 0.3430106516213212
26, 2, 0.1895671443177847
2, 12, 0.1895671443178152
24, 4, -1.135450239507804
8, 11, 1.817083089372237
27, 1, -1.250350698055134
12, 10, 1.512525676936458
15, 9, 0.07429935666566137
3, 12, -0.07429935666573097
23, 5, -1.539232262840394
28, 0, 2.306372269207712
4, 12, -1.445610454465517
20, 7, 0.9967544053162692
9, 11, -0.9967544053162242
18, 8, -0.8571697639193914
22, 6, -1.346768110736424
26, 3, 0.2792635816377723
13, 10, 0.2792635816376804
27, 2, -1.002548484610816
-6, 13, 1.00254848461077
25, 4, -2.450617087148629
16, 9, 2.450617087148566
5, 12, 2.450617087148529
-5, 13, 2.450617087148444
-4, 13, 0.9956316517822822
10, 11, -0.007556123815657981
-3, 13, 0.007556123815607129
28, 1, -1.476692583250996e-14
24, 5, -1.776645162780571
-2, 13, 0.08590889314061358
6, 12, -0.9515568683438947
21, 7, -0.5672514374278447
19, 8, 0.3555473759394949
-1, 13, -0.355547375939548
14, 10, -1.812441989781424e-14
29, 0, 0.6205436525426021
0, 13, -0.7163485931957566
23, 6, 0.9315612873634802
11, 11, -0.7053427036321896
17, 9, -0.9315612873635807
7, 12, 0.3992419840354312
27, 3, 7.054387233659758e-15
1, 13, 1.027232405205169
28, 2, 0.8184450827941491
26, 4, -0.818445082794191
29, 1, 1.771227218793651
25, 5, -0.3505919696230664
15, 10, 0.3505919696228928
2, 13, -1.771227218793411
20, 8, -0.4903778628004182
8, 12, 0.4903778628003653
12, 11, 1.238784390849423
22, 7, 1.917694895395528
18, 9, -0.5490851877839857
3, 13, -6.118748985285562e-14
30, 0, -0.4154900565324999
24, 6, -0.1361323229279941
9, 12, -0.09234224077486684
28, 3, 0.5568004878738227
4, 13, 0.5568004878739106
16, 10, 2.046557577417062
27, 4, -0.9410951999000562
13, 11, 0.9410951999000372
29, 2, 0.2465778725065411
21, 8, -0.8821629797316155
26, 5, -2.681370993875842e-15
-7, 14, 7.965821699105333e-15
-6, 14, -1.76778271129817
30, 1, 0.1206082605442184
23, 7, -0.1206082605444253
5, 13, 0.1206082605440593
-5, 14, 0.1206082605442017
19, 9, -0.5384099682228092
10, 12, -1.561672220719491
-4, 14, 1.561672220719494
-3, 14, -1.018358708279077
25, 6, 0.9623138628800757
14, 11, -0.9623138628800898
-2, 14, 1.929648012069729
17, 10, -0.5610705447624604
6, 13, -0.5610705447621849
31, 0, 1.126165283430611
-1, 14, -1.777306443477116
29, 3, 1.63331474790342
11, 12, -1.633314747903091
28, 4, 0.3861061490798393
30, 2, -1.988259467626788
22, 8, 1.988259467626853
0, 14, 3.172131528212767
20, 9, -0.5453569213659117
7, 13, 0.5453569213658745
27, 5, 1.192552874444369
24, 7, -1.192552874444212
15, 11, -0.8568539647344796
1, 14, 0.8568539647349053
31, 1, -0.4518169088091178
18, 10, -0.8948502040688057
12, 12, -0.5697740750548581
26, 6, -1.544638121379881
2, 14, 1.544638121380223
8, 13, -1.222897929719241
32, 0, 1.337651307597511
3, 14, 0.01637834025584947
23, 8, 1.410351147515798
30, 3, -0.6054088070624097
21, 9, 0.6054088070628901
29, 4, -0.0949626697255877
16, 11, -0.09496266972600335
31, 2, 2.486163306851823
9, 13, -2.486163306852231
25, 7, -4.059813124967572e-13
13, 12, -1.75811646361092e-13
28, 5, -0.8518301925001874
19, 10, 1.649371094296879
4, 14, -1.159557359002205
32, 1, 0.5523132265743367
-7, 15, 0.4558288481494092
27, 6, 0.1401357306460066
-6, 15, 0.1401357306461517
-5, 15, 0.5207191264176831
10, 13, 0.170609869376992
5, 14, -0.1706098693767372
17, 11, -2.275505999010513
-4, 15, -2.275505999010195
14, 12, 1.751645774400869
22, 9, 0.6617327229824952
24, 8, -0.04020989479774942
33, 0, 0.1742502682349029
-3, 15, -0.2301360790501813
31, 3, 1.879974647571648
-2, 15, -1.879974647571063
30, 4, -0.2209801458451807
20, 10, -0.6744544669114065
6, 14, -0.2209801458450946
26, 7, 0.2405721411855402
32, 2, 0.8450940907015065
11, 13, -1.093070084453774
29, 5, -0.1498968165327217
-1, 15, 0.1498968165325338
0, 15, 0.08661143644523918
15, 12, -0.4375700158091473
33, 1, -2.897084475313582
18, 11, 2.897084475313584
7, 14, 4.622099456167396
28, 6, 0.003687845230821358
23, 9, -0.01425157604651091
1, 15, -0.01425157604664193
25, 8, 1.302080855856407
12, 13, -1.302080855856314
21, 10, 0.4860380217173046
34, 0, -0.06113695050697507
8, 14, 1.302960485434479
2, 15, -5.580206277820033e-14
27, 7, 0.910123133032044
32, 3, -1.124715987028587
31, 4, 1.124715987028401
16, 12, -1.314618961532895
33, 2, -0.3255400993756792
30, 5, -0.9935823571052305
19, 11, -0.3255400993754897
3, 15, 0.2324913693337451
13, 13, -1.351102324553591
9, 14, -0.0625289944505758
34, 1, 1.22769951003687
29, 6, -1.227699510036984
24, 9, -8.88261804104248e-14
4, 15, 0.04423800246923922
26, 8, 1.543666120637126
22, 10, -1.543666120637125
17, 12, 1.025434898267641
-8, 16, -1.425998610610859e-15
-7, 16, -0.3692183107678257
10, 14, 0.5310415430696498
-6, 16, -0.5310415430696713
14, 13, -0.3350312144439966
35, 0, 2.018204511186259
28, 7, 0.6612501645518434
20, 11, -0.4144648128384619
5, 15, -1.264989862899586
-5, 16, 0.4144648128385698
32, 4, -0.9248997996679652
-4, 16, 0.924899799667586
33, 3, 0.1386087818306597
31, 5, 0.3233300649490801
-3, 16, 0.3233300649492207
34, 2, -1.632031552388159
6, 15, -0.4034996484240623
-2, 16, -1.473722396382903
25, 9, -0.5693303391189364
11, 14, 0.5693303391187908
23, 10, 1.813838150975272
30, 6, -0.7836541964931455
18, 12, 0.7836541964932163
35, 1, 0.9827447560081402
27, 8, -0.9827447560079754
15, 13, -0.9827447560080108
-1, 16, 0.9827447560079369
21, 11, 0.9561178091148806
7, 15, 0.3799379068753075
0, 16, 0.9718955354795809
29, 7, -1.030960673184354
12, 14, -3.538814333900835e-14
36, 0, -0.7200028830903846
1, 16, 0.03172773511787919
33, 4, 0.4549612525381182
34, 3, -1.251909944225726
32, 5, 0.2274787760166884
8, 15, 0.2274787760169188
19, 12, 0.2274787760167042
16, 13, -0.227478776017017
35, 2, -0.7377449112997357
26, 9, 0.7377449112997497
24, 10, -2.945463964955064
2, 16, -2.945463964955092
31, 6, -0.6734341269885957
28, 8, 0.7301197801262983
22, 11, -0.3735740580843322
13, 14, 1.030004155497565
36, 1, 1.815016473036597
3, 16, -1.815016473036561
9, 15, -0.6141902664671661
30, 7, 1.114449187384932
17, 13, -1.114449187385113
20, 12, 0.1581508611927371
4, 16, -0.158150861192942
37, 0, 0.08456732431424811
34, 4, -1.517151992503874
14, 14, 3.750048529503529
-8, 17, -0.9295233646013462
35, 3, -0.7102963045907266
25, 10, 0.1405941472671143
10, 15, -0.1405941472668662
-7, 17, 0.7102963045903713
27, 9, 0.1770844524269499
33, 5, -1.02859559042584
-6, 17, 1.028595590425903
5, 16, 0.537674018577514
-5, 17, 0.5376740185774918
23, 11, -7.24188550793374e-14
36, 2, 0.7199063527275328
29, 8, -1.616108965037971
-4, 17, -1.616108965038058
32, 6, -2.43018740053825
18, 13, 0.773778390206741
-3, 17, 0.7737783902067451
37, 1, -0.1795726996463869
11, 15, -0.1795726996463533
6, 16, 1.772293266493692
21, 12, -0.4644353516766429
15, 14, 0.002346316921596473
-2, 17, -0.002346316921460163
31, 7, 1.247435192224398
-1, 17, 0.7303906870761065
26, 10, 1.934122716518381
28, 9, 0.3773973410437908
7, 16, -0.377397341043676
38, 0, -1.364097435941349
35, 4, 0.8289822493841644
24, 11, -0.8289822493843739
0, 17, -0.03889714793233656
36, 3, -1.141859220911564
12, 15, 1.141859220911691
34, 5, 0.3116034976544426
19, 13, 1.886932439208702
30, 8, -1.808096772208328
16, 14, 1.80809677220839
37, 2, 8.986916597544465e-15
1, 17, 8.630661088373766e-15
33, 6, 0.003520757974904906
22, 12, -1.504850015948012
8, 16, 0.3276397742095159
2, 17, 1.304238545870714
38, 1, 0.9252759048528293
13, 15, -1.800984048599218
32, 7, 1.717396152569448
27, 10, 0.9644108982369302
25, 11, -0.9821263401994048
20, 13, 0.9821263401994237
9, 16, 0.9821263401992881
3, 17, -0.9821263401992726
29, 9, 0.2250001187487222
17, 14, 0.2250001187485915
36, 4, -2.144955589161873e-14
39, 0, 0.3337809284107813
37, 3, 0.1106988485867136
35, 5, 0.3378644385702523
23, 12, 0.1106988485866078
31, 8, -0.6549907416503956
4, 17, 0.6549907416504256
14, 15, -0.6627648818022279
-9, 18, -3.667638863912436e-15
38, 2, 1.272085974209198
34, 6, -1.272085974209198
10, 16, -1.272085974209085
-8, 18, 1.272085974209092
-7, 18, 0.4853967553126976
-6, 18, -0.3813525456502869
5, 17, -1.03834705847867
-5, 18, -1.038347058478871
18, 14, -1.746329056420358
21, 13, -0.6194423232177817
28, 10, 0.4981583951050215
-4, 18, -0.4981583951049263
39, 1, -0.9376260606353775
33, 7, 0.9376260606353306
26, 11, 1.736288733186466
30, 9, -0.1633574969303852
15, 15, -0.4985841288439092
-3, 18, -0.1633574969305246
11, 16, 7.745600647085828e-15
6, 17, -0.4208920647274403
24, 12, 0.2284904023993983
-2, 18, 0.4700510413062972
37, 4, 0.3767589584078255
40, 0, 0.1430614110804207
32, 8, 0.04687304041479289
36, 5, -0.8099249908969746
38, 3, 2.455849690798898
-1, 18, -2.455849690798813
19, 14, -1.331462106510469
7, 17, -0.09475729574559261
35, 6, -3.366890592955032e-14
22, 13, -1.230684442559566e-16
12, 16, -0.1965562766409341
39, 2, 0.1099790416444336
0, 18, -0.9902754539449529
16, 15, 0.02296676920083672
29, 10, -2.121322494342366
27, 11, 2.121322494342301
34, 7, -0.9969994762551607
1, 18, 0.996999476254975
40, 1, -1.873991859649343
31, 9, 1.873991859649332
25, 12, -1.873991859649403
8, 17, 1.873991859649524
13, 16, 0.488399898595637
20, 14, 1.004190002122113
2, 18, -1.004190002122101
17, 15, -0.8049685721779447
33, 8, 2.315559320726777
23, 13, -2.315559320726661
38, 4, -0.07012132663950776
37, 5, -2.634570172514543
9, 17, 2.634570172514518
41, 0, 1.886122763681197
39, 3, -0.05619713301701833
3, 18, -0.05619713301721414
36, 6, 0.7276574682439235
28, 11, -1.943375436107843
40, 2, 0.07126789976289105
30, 10, 0.2175170676919275
14, 16, 0.0712678997628705
26, 12, 1.001595410517905
4, 18, 1.001595410517825
35, 7, 2.38589251173791
21, 14, -2.385892511737881
10, 17, -0.9652572625672914
-9, 19, 0.9652572625673125
32, 9, 0.04834294617090203
-8, 19, -0.04834294617080403
18, 15, -0.4483878625929988
-7, 19, -0.4335786797364499
41, 1, -0.7539061226733362
-6, 19, -0.7539061226733391
24, 13, -1.310057930969837
5, 18, 0.4580258528954486
-5, 19, 0.4580258528954997
15, 16, -1.546157569814568
-4, 19, 1.546157569814636
34, 8, 1.022741506427729e-14
11, 17, -0.2348630204272558
39, 4, -1.073811761380798
-3, 19, 1.073811761380736
38, 5, 0.3440403739165875
42, 0, -1.478047163887452
6, 18, 0.9264247844268746
40, 3, 1.127585736521179
29, 11, -1.127585736521203
37, 6, 1.853551101931501
31, 10, -1.853551101931489
19, 15, -1.853551101931334
-2, 19, -1.853551101931288
22, 14, -0.1830853707467164
27, 12, 0.2541077643730764
41, 2, 1.154686594502544
-1, 19, 1.405657821274507
33, 9, 0.3992490731164813
16, 16, 1.833088428849069
36, 7, 0.005715157091766974
12, 17, 0.005715157091801414
25, 13, 1.230546450217147
7, 18, -1.230546450217332
0, 19, -0.8678793973165695
42, 1, 0.9626171853227847
35, 8, -0.3769088001284977
20, 15, -1.150364992711284
1, 19, -0.3769088001285893
8, 18, -1.33961030191508
23, 14, 0.7739523898063723
30, 11, -0.9574303788581557
13, 17, 0.9574303788582236
40, 4, -1.288650783904012
28, 12, 1.288650783903989
39, 5, -1.391457837779385
17, 16, 1.39145783777935
32, 10, 1.247122871104686
2, 19, 0.9220552031147111
43, 0, 0.4779357804262725
41, 3, 0.5220642195736087
38, 6, -1.103481722117163
26, 13, 0.5418181123636885
9, 18, -1.442926182734059
34, 9, 0.03773254623692049
42, 2, 0.933370153891775
3, 19, 1.639956123196365
37, 7, -0.1121786476421568
14, 17, 0.4257775282753062
21, 15, 3.981018490484206e-14
24, 14, -0.6190399116364913
18, 16, 0.6190399116364841
43, 1, 2.101958323049443
4, 19, -2.101958323049513
10, 18, -4.272959773372804e-14
-10, 20, 2.835557068547855e-15
-9, 20, 0.7857410351584826
36, 8, 0.2982877306069612
-8, 20, 0.2982877306070421
31, 11, -1.503540608227255
29, 12, 1.46320101213221
-7, 20, -1.463201012132252
-6, 20, 0.5135031451392081
33, 10, 4.409460434998004e-14
41, 4, -0.265174080043259
40, 5, -0.8093389662224162
27, 13, -0.2651740800432773
15, 17, 0.2651740800431009
5, 19, -0.2651740800430969
-5, 20, 0.8093389662224866
42, 3, -0.2426278422374813
39, 6, 0.2426278422373954
44, 0, 0.3709026729323295
-4, 20, -0.4898591418100914
22, 15, 1.014104897046196
11, 18, 1.014104897046092
35, 9, -1.111066533129631
19, 16, 1.111066533129575
-3, 20, 0.2500477926706546
43, 2, -0.3169432009182634
38, 7, 0.3169432009183924
25, 14, 0.3169432009183409
6, 19, -0.3169432009183593
-2, 20, -1.228067264577569
16, 17, 1.256578831195953
30, 12, 0.3142604596067148
12, 18, -0.3142604596067052
32, 11, 0.004425379315103467
-1, 20, 0.004425379315069648
44, 1, 0.2990604656883963
37, 8, -0.2990604656883804
7, 19, -0.4843084007280578
28, 13, 1.595618475665301
34, 10, 0.4968812959221043
23, 15, 1.040414095895704
20, 16, -0.9313953436217401
0, 20, 0.1843578986103477
41, 5, -1.25934361385718
42, 4, -0.6337553371862128
40, 6, -0.2703389953674815
26, 14, 0.2703389953675054
1, 20, 0.9119476031690953
8, 19, -0.9119476031690358
43, 3, 1.563540229987596
17, 17, -0.07336376100801527
13, 18, -1.563540229987762
45, 0, -0.6300427238571634
36, 9, -0.2064289582725171
39, 7, 0.5393981274881994
44, 2, -3.410244363082754
2, 20, 3.410244363082751
31, 12, -0.1711224195023316
33, 11, -0.09122338018680348
21, 16, 0.1204806813013799
9, 19, -0.1204806813015073
24, 15, -0.6067014873230363
29, 13, 0.0163691803816142
38, 8, 1.181187905997519
14, 18, 1.181187905997443
3, 20, 1.683970729735249
45, 1, 0.2093295307079716
35, 10, 0.6388955736374642
18, 17, 0.2093295307078735
27, 14, -1.270295914310417
10, 19, -0.04461327548858392
-10, 21, -0.04461327548861774
4, 20, 0.4948725255524234
-9, 21, 0.524058747256016
42, 5, 0.2892980622744077
43, 4, -0.7278566408025792
-8, 21, 0.7278566408024847
41, 6, -1.161055714460315
37, 9, 1.161055714460387
-7, 21, 1.852384710254763
44, 3, 1.423235785212999
15, 18, 0.4629573433343986
-6, 21, -0.4629573433342802
46, 0, -4.059112935068335
22, 16, 2.695015499126986
40, 7, 0.2290763527366931
25, 15, -0.04534275944250162
5, 20, 0.04534275944253705
-5, 21, 0.2290763527368022
32, 12, -2.805136146258891e-14
19, 17, 0.7082796958503642
45, 2, 0.6372448172187714
34, 11, -0.6372448172188256
30, 13, 0.6372448172188994
11, 19, -0.6372448172188704
-4, 21, -0.1172764913625756
-3, 21, -0.5720436756096213
39, 8, 1.05240790616028
36, 10, 1.503841847211376
28, 14, -2.399276459967878
6, 20, -1.503841847211513
16, 18, -0.1088833648694707
46, 1, 0.4124866866573974
-2, 21, 0.4124866866574852
23, 16, -1.958422390619982
12, 19, -1.958422390620147
20, 17, 7.694812063859554e-14
-1, 21, -6.792321497860605e-14
43, 5, 0.6480908905995938
7, 20, 0.6480908905995545
38, 9, -1.768452904241573
26, 15, 1.768452904241352
44, 4, 0.295037523865045
42, 6, -0.2474375478001935
45, 3, 0.5894190271040721
33, 12, -0.5894190271040118
0, 21, -0.9403776064683184
47, 0, 1.740084055192645
31, 13, 0.7400840551926788
41, 7, 0.3668256473600804
35, 11, -0.1164843632387832
17, 18, 0.1164843632387639
13, 19, -0.7705116797344629
8, 20, -0.8588744203593759
29, 14, -0.1217137212458065
1, 21, 0.1217137212458285
46, 2, 0.5867639519676715
37, 10, 0.6502992244316718
40, 8, 0.2698275768260981
24, 16, -0.2698275768259871
21, 17, 0.1940625366243148
2, 21, 0.6399642843759997
27, 15, 0.2652781215297884
47, 1, -4.046262040101945e-14
9, 20, 6.766117441425242e-14
14, 19, 0.914676603225134
18, 18, -1.867754722326122
39, 9, 0.4579075888007679
3, 21, -0.4579075888007881
44, 5, 0.9068478665356144
34, 12, -0.05066355271545348
45, 4, -0.8522999536780795
32, 13, 0.8522999536780291
43, 6, -1.543191552970737
36, 11, 0.4330251397738578
46, 3, -8.530929584005358e-15
-11, 22, -1.686419296906239e-15
10, 20, -1.772380736212386
-10, 22, 0.5807077761312675
30, 14, -0.5807077761313113
42, 7, -3.534528833889067
-9, 22, 2.215406377408088
22, 17, 2.215406377408118
48, 0, -0.4528524202210203
25, 16, 0.7934566968870975
4, 21, -0.7934566968870072
-8, 22, 0.02384795442511508
-7, 22, 0.7020679217683388
15, 19, -0.7020679217685123
47, 2, -0.3939098087060425
19, 18, 0.3939098087059611
38, 10, 1.893998898089101
-6, 22, 1.893998898089073
41, 8, -0.07256437381862707
28, 15, -0.07256437381869471
-5, 22, 0.593837877918039
5, 21, 0.5938378779180039
11, 20, 1.747490308847515
-4, 22, -2.307248282491157
48, 1, -0.5777776612644835
-3, 22, -0.2112398575126897
33, 13, 0.2112398575127414
40, 9, 0.3938516203246307
35, 12, -0.3938516203245866
23, 17, -0.3938516203243936
16, 19, 0.3938516203244349
6, 21, 0.3437504920968229
26, 16, -0.6554743534925193
45, 5, -1.246580362007017e-13
31, 14, 6.655248438780967e-15
46, 4, 0.4102581041969096
44, 6, -0.4102581041967829
20, 18, 0.4102581041969197
-2, 22, -0.4102581041969751
37, 11, 1.343430563195949
12, 20, -1.307342673439184
47, 3, 0.3267059876963356
43, 7, -0.3267059876964645
-1, 22, 0.8847529940696867
49, 0, 2.820568007858187
29, 15, -0.1411133321203426
7, 21, -1.820568007858316
39, 10, -0.7828011213512608
17, 19, 0.09024276318356035
48, 2, -0.6737410299563737
42, 8, 0.6737410299563773
0, 22, 0.5101310306295861
24, 17, 0.8638807983019933
13, 20, 0.8638807983021841
8, 21, -0.6838707384731281
21, 18, -0.5192749563065063
27, 16, 0.8436374725977029
34, 13, -2.91620184159586
1, 22, -2.916201841596003
36, 12, -0.07369001876919523
32, 14, -2.231199918279974
49, 1, -0.7813329527373556
41, 9, 0.7813329527375235
38, 11, -0.8462302886901352
2, 22, 1.988554945240792
46, 5, 2.126735117815234
18, 19, -2.126735117815096
45, 6, 0.06550950954532118
30, 15, 0.1999418597950991
9, 21, 0.06550950954553049
14, 20, -0.7317971713988284
47, 4, -0.8711489993058099
44, 7, -1.19807803748011e-14
48, 3, -0.250527934036193
3, 22, -0.3161306723996638
25, 17, 0.3161306723995458
50, 0, -0.08307763953690904
40, 10, -1.281019796404571
22, 18, 0.9443805309044898
28, 16, -0.9885799034116998
43, 8, 2.320928923643377
-11, 23, -2.320928923643441
10, 21, -0.4032140121307315
-10, 23, -0.4032140121307961
49, 2, -0.9848431310764716
-9, 23, -0.9848431310764252
4, 22, 0.5586417582082572
35, 13, -0.05635381243855263
15, 20, -0.171997716723805
-8, 23, -0.05635381243849531
19, 19, -1.636903990995717
33, 14, 0.63874219853304
37, 12, 0.3215404644861823
-7, 23, -0.3215404644863269
-6, 23, -0.1135990182584755
42, 9, -0.001093260805980947
31, 15, 0.4565774643589025
50, 1, 2.169698985242718
39, 11, -2.16969898524296
5, 22, -2.169698985242804
-5, 23, -2.16969898524277
11, 21, 0.4893811869677993
23, 18, -0.8506912679461132
26, 17, 0.8506912679462785
47, 5, -1.805805752618646
-4, 23, 1.805805752618735
46, 6, 0.8002573475545645
48, 4, -2.43051928377889
16, 20, 2.430519283778752
45, 7, 0.7515069092311407
29, 16, -0.7515069092312994
20, 19, 0.7515069092313711
-3, 23, -0.7515069092313188
6, 22, 2.551049707408773
41, 10, -1.627755449638123
49, 3, 0.1075496517849727
51, 0, 0.01812403384695004
12, 21, -0.3862623134375059
-2, 23, 1.044845959859699e-13
44, 8, 0.007494155141863427
36, 13, -0.5946403858291645
34, 14, 0.8061663130835008
50, 2, 0.6806363229864993
38, 12, -0.6806363229864691
7, 22, 0.3101048068603848
-1, 23, -0.3101048068605266
24, 18, 0.8424784036941376
32, 15, -0.928583984663888
17, 20, 0.9285839846638743
27, 17, -1.338602977603562
43, 9, 2.592116401566001e-14
40, 11, 1.71464908995068
21, 19, -1.714649089950754
0, 23, -2.582528487267472
13, 21, 0.4232276383937622
51, 1, 0.2814316937414638
30, 16, -1.135083533605424e-14
8, 22, -7.973314680580445e-15
48, 5, 0.2431408748316482
1, 23, 0.2431408748316121
47, 6, 1.428732939547982
49, 4, 0.7485586112851174
46, 7, 0.3183005022777234
42, 10, -0.4016590933320974
18, 20, -0.4016590933320308
50, 3, -0.9567889518951685
37, 13, 0.9567889518950558
35, 14, -1.526491109218818
25, 18, 0.9567889518952672
14, 21, 1.526491109218595
2, 23, -0.9567889518950443
9, 22, 1.768334511428271
52, 0, 0.7104737328410602
45, 8, -0.06927483813899876
28, 17, 0.06927483813908163
22, 19, 0.1542808811510709
39, 12, -0.4576194394211017
33, 15, 0.4576194394211806
51, 2, -2.095578311877292
3, 23, 2.095578311877325
-12, 24, 8.147901152099654e-15
44, 9, 0.5977853514053966
41, 11, -0.5977853514053886
31, 16, 0.5977853514054167
-11, 24, 0.5977853514053356
10, 22, 0.4057878443794883
-10, 24, 0.4057878443794822
19, 20, -0.4800768479559784
15, 21, -0.1574271340155778
-9, 24, 0.1574271340154574
-8, 24, 0.1313071936188522
4, 23, 0.2537304040177014
52, 1, 0.4306192440144674
-7, 24, 0.4306192440144456
26, 18, -0.3009385872037804
49, 5, -0.001843184785698584
23, 19, -0.001843184785675759
48, 6, 0.5927254433425082
-6, 24, -0.5927254433426422
43, 10, 0.5640567933145754
29, 17, -0.5640567933145579
50, 4, -1.181276181634405
36, 14, 1.181276181634519
47, 7, -0.9817052100339106
38, 13, 0.9817052100338461
11, 22, 0.7433097708197856
5, 23, 0.3733166939423052
-5, 24, 0.3733166939422582
34, 15, -0.6992907255140066
16, 21, -0.7920987919327142
51, 3, 0.4838153497942063
40, 12, -0.3477167230142182
20, 20, -1.061267726834082
-4, 24, -0.3477167230143992
46, 8, -0.2673241542262424
53, 0, 1.834567474394251
32, 16, -0.7351038439248015
-3, 24, 0.4368846396761581
6, 23, 0.7210444574234229
52, 2, -0.5098853386852797
12, 22, 0.5098853386851914
42, 11, -1.469926082459855e-14
45, 9, -1.188321156566538
27, 18, 1.188321156566465
-2, 24, 2.453706753659821
24, 19, 0.9353266525258445
17, 21, -0.7792123153541735
30, 17, -0.03223366046894672
7, 23, 0.03223366046899032
-1, 24, 0.1012047752702141
21, 20, 0.6627785856823412
53, 1, -0.5917099052415697
37, 14, -0.5917099052416221
39, 13, -0.1747407613201414
50, 5, 0.3694635745855852
49, 6, -1.866568536531205
35, 15, -0.3694635745855605
13, 22, 1.866568536531355
44, 10, 0.3849341322888776
0, 24, -0.06665912526909197
51, 4, 0.01517277854820937
48, 7, -0.01517277854826185
41, 12, 0.558001452146684
8, 23, -0.5580014521466564
33, 16, 1.667781572691221
52, 3, 1.205018482464264
47, 8, -1.205018482464355
25, 19, 1.205018482464317
1, 24, -1.20501848246429
18, 21, -5.325471358738417e-14
28, 18, 0.398289969992609
54, 0, 1.013038879108301
22, 20, 0.1996454215510475
14, 22, -0.1996454215510895
43, 11, 0.4944365726279227
2, 24, -0.9132500410702018
31, 17, -0.08414492719199888
9, 23, -0.08414492719208282
53, 2, -1.467940043070507
46, 9, 1.467940043070502
38, 14, 2.355385782884398
36, 15, 0.8731820634386636
3, 24, 0.8731820634385095
40, 13, -0.4170322968704353
19, 21, 0.4170322968702666
-12, 25, 0.5141746593929568
-11, 25, 0.1344647642433588
54, 1, 0.08552080407022258
45, 10, 0.261018419090196
26, 19, 0.08552080406995606
15, 22, 0.0855208040702973
10, 23, -0.08552080407013003
-10, 25, 0.261018419090269
50, 6, -1.798089132427544
34, 16, 1.798089132427624
51, 5, -0.8429258614726745
-9, 25, 0.8429258614728561
29, 18, -4.050338956801066e-14
42, 12, -0.4678999503772605
49, 7, 1.201904997137143
23, 20, -0.7533417099800266
-8, 25, -0.7533417099801208
52, 4, -0.1196191377971054
4, 24, -0.1196191377972709
-7, 25, -0.6055276366122269
48, 8, -0.250546800226839
-6, 25, -0.9181951388194564
53, 3, 0.9917523123941658
32, 17, -0.9917523123942448
11, 23, 1.612140193853438
55, 0, 0.3245605480590941
44, 11, 0.1063399247312372
20, 21, -0.1404454269822812
5, 24, 0.1404454269825119
-5, 25, -0.4286541002273188
16, 22, -2.478678383105606
47, 9, -1.153412296217665
-4, 25, 0.2228996418472352
54, 2, 1.705600181244728
39, 14, -0.4066756388995972
27, 19, -0.4066756388992994
37, 15, 1.345794761490567
24, 20, -0.9544218119765278
41, 13, -2.997308814842155e-14
-3, 25, -1.014821054512056e-14
30, 18, -0.101351561919942
6, 24, 0.1013515619197592
35, 16, -1.419555809833433
12, 23, 1.41955580983345
46, 10, 2.099662783059065
-2, 25, -1.904995689158977
17, 22, -1.228191136398535
55, 1, 1.265177854553847
43, 12, -1.265177854553754
51, 6, 0.4497593326976957
21, 21, -1.111700958472186
52, 5, -0.4497020678780816
50, 7, -0.4655911457183548
33, 17, 0.4655911457185046
7, 24, -1.46505992852731e-13
53, 4, -0.2197007091808268
-1, 25, 0.219700709180874
49, 8, -0.001774662528263177
13, 23, -0.001774662527942373
28, 19, -1.566064912232457
54, 3, -0.2134160600963223
45, 11, -0.4812163120805
25, 20, -0.6008430075473172
0, 25, -0.2670363897694072
56, 0, 0.5089207541430235
8, 24, -0.3189863026475517
38, 15, -1.055848657507157
31, 18, 1.055848657507332
40, 14, -1.359670128555346
18, 22, 1.359670128555264
48, 9, 0.7204284534427804
22, 21, 0.5912717546997514
1, 25, 0.5912717546998263
36, 16, 0.5408843841306393
55, 2, 0.3554245170873249
42, 13, -0.3554245170874929
14, 23, 0.2440569553906668
9, 24, -0.5253959002272851
47, 10, -0.6270098131141918
34, 17, 0.02942028429898429
2, 25, 0.6270098131144093
44, 12, 0.8498268030497729
52, 6, -0.3809427356636685
26, 20, -0.3809427356637943
56, 1, -1.721232536594506
29, 19, 1.721232536594397
53, 5, -1.607519662310962
19, 22, 1.607519662310795
51, 7, 0.6594485348620123
3, 25, 0.2110306527830285
-13, 26, -8.898018625152658e-15
54, 4, 1.367573817264472
-12, 26, -1.36757381726466
15, 23, 0.5091475478174833
-11, 26, -0.5091475478175763
23, 21, -0.5948706757658205
50, 8, 3.342880485053978
32, 18, -3.342880485053925
10, 24, -3.342880485053824
-10, 26, -3.342880485053909
46, 11, 1.496535622152644
-9, 26, 1.496535622152794
39, 15, -0.5733702006359535
55, 3, 1.62305376746233
41, 14, -1.623053767462083
-8, 26, -1.358138583338364
37, 16, -1.324167605137362
4, 25, -1.324167605137188
49, 9, 0.2347397044200777
-7, 26, 0.2347397044199857
57, 0, 0.4043863472845319
43, 13, -1.636493162722158
20, 22, 0.01030728912265257
-6, 26, -0.01030728912245017
35, 17, 0.5129070075942115
11, 24, -0.5129070075942405
56, 2, -2.196363949344758e-13
27, 20, 1.120035335985408
16, 23, 1.120035335985587
30, 19, 0.1418827928703506
5, 25, 0.433041090922987
-5, 26, -0.1418827928702194
48, 10, 2.423517111126882
45, 12, 0.5360098406354709
24, 21, -0.5360098406353798
-4, 26, -0.1171881008575552
33, 18, 0.4461124147927119
53, 6, -1.049150617894813
57, 1, 0.7428420252431921
54, 5, -0.7428420252431404
6, 25, -0.7428420252428797
-3, 26, 0.7428420252428487
12, 24, 0.6004437771418721
52, 7, 0.1170950505957382
21, 22, -1.688952029578088
55, 4, 5.200510672425526e-14
40, 15, -1.29006537857413e-13
17, 23, 7.088823899077963e-14
51, 8, -0.8116937800194326
47, 11, 0.8854558319533893
42, 14, 0.7737862313295445
38, 16, -0.4850012638748774
-2, 26, 0.4850012638747209
28, 20, 8.946630094190326e-14
56, 3, -0.1330303214605645
7, 25, -0.1330303214606159
44, 13, 0.6161989059726318
36, 17, -0.616198905972574
50, 9, -0.2555474723896611
31, 19, 0.2555474723893556
25, 21, -0.2555474723897023
-1, 26, 0.2555474723893357
13, 24, -0.8952040562642675
58, 0, -0.846482005322908
0, 26, 0.9771692792189552
57, 2, -0.2090145992608919
18, 23, -0.2090145992607303
46, 12, -1.270740363515216
22, 22, 0.9621561734845029
34, 18, 1.270740363515309
8, 25, 1.284321559815955
49, 10, -0.4601113060620925
1, 26, -0.6405451898218701
14, 24, -0.5446049667427203
54, 6, 1.521684135073924e-13
41, 15, 0.7853651819058646
29, 20, 0.7853651819060031
55, 5, 0.2581743067165737
53, 7, 0.08458895114606622
39, 16, 0.0845889511462091
58, 1, -2.619988082844859
26, 21, 2.619988082844381
43, 14, 2.014661157329893
9, 25, 2.014661157330113
2, 26, -1.401245090056328
48, 11, -1.473669074973993
32, 19, 1.473669074974075
56, 4, -0.5164486466808048
52, 8, 0.5164486466809383
37, 17, 0.7091837509028429
19, 23, -0.7091837509027384
45, 13, -0.1914660879862008
23, 22, 0.1914660879863846
-13, 27, -0.4034633433177841
57, 3, -0.377109572225828
51, 9, 0.377109572225666
15, 24, 0.377109572225866
-12, 27, -0.3771095722255449
3, 26, 1.537061451802828
-11, 27, -0.6889082529902268
35, 18, -0.2462442249128438
10, 25, -0.7515630728195842
-10, 27, 0.2462442249129238
59, 0, 1.764133790650318
-9, 27, -0.578277128017552
47, 12, 0.5962528444935107
-8, 27, 0.5962528444935905
58, 2, -2.416126507625779
50, 10, 0.4782416068241939
30, 20, -0.478241606824346
4, 26, 2.416126507625644
27, 21, 0.5176988165771261
20, 23, -0.1700795850393741
-7, 27, 0.1700795850392245
42, 15, -0.1476789329394898
-6, 27, 0.1476789329396373
40, 16, -0.1082060667671601
16, 24, 0.1082060667671092
33, 19, -0.7605003963951062
11, 25, -0.7605003963955805
24, 22, -1.689822611241666
44, 14, -2.615922689727302
55, 6, 0.3244042315300027
38, 17, -0.3244042315301613
5, 26, -0.3244042315299273
-5, 27, -0.324404231530062
54, 7, -1.257802502584792
56, 5, 1.170735435664638
59, 1, 1.561121282431092
49, 11, -1.561121282431055
53, 8, -1.079842869346554e-13
-4, 27, -4.90285287558474e-14
57, 4, 1.558775739382508
46, 13, -1.217626998967451
36, 18, 0.7490056967694668
21, 23, 0.5864026095946893
12, 25, -0.5864026095947374
6, 26, -5.772728899175317e-15
-3, 27, -0.1393465148624181
52, 9, 2.564987112517156
28, 21, -4.092260905356834
17, 24, -2.56498711251714
31, 20, 0.8234366799392133
58, 3, 0.6040063947531324
25, 22, 0.2449065542792714
-2, 27, -0.2449065542790156
60, 0, 0.2621792004328347
48, 12, 0.08590112571253726
34, 19, -1.2228906658465
51, 10, -1.981169603424989
7, 26, 1.981169603425329
41, 16, -0.4987677797576487
59, 2, 1.41741428911068
43, 15, 1.417414289110842
13, 25, -1.417414289110888
-1, 27, 1.417414289110699
39, 17, 2.305289929273513e-13
45, 14, 0.2534039358235659
22, 23, -0.25340393582354
18, 24, 0.1259638138697789
0, 27, 0.6445254926034033
56, 6, -0.759530117839576
8, 26, -0.7595301178398228
55, 7, -0.1270203605457419
50, 11, 0.1270203605457115
37, 18, 0.1270203605456516
29, 21, -0.1270203605456559
57, 5, 1.852259264519208
32, 20, -1.291402335270357
60, 1, -0.5810368631739716
47, 13, 0.5810368631739626
54, 8, 1.283745549160613
26, 22, -1.283745549160395
14, 25, 0.6090974082524843
1, 27, -0.3020291140865177
58, 4, -0.3363562436461659