d = 19, symClass = C, D = 16.000000, Y = 0.1123167825347157
[16.15625179280058, 16.15625179280058], 16.15625179280058
1, 0, 1
2, 0, 1.506033731014019
0, 1, 0.1505620551360836
1, 1, -0.360755770420013
3, 0, -1.334716357337601
2, 1, -0.4150960450188008
4, 0, 1.268137598948983
3, 1, -0.8950009847591474
-1, 2, -2.463749045709435e-15
0, 2, 0.2267515336429911
1, 2, 0.1565826752574431
5, 0, -2.325398966948518
4, 1, -1.370736831835918
2, 2, -0.5433103589105174
5, 1, 0.2108882361792281
3, 2, 0.3195204965731433
6, 0, -2.010127855479956
-1, 3, 0.9282740869724363
4, 2, -0.6251486454107191
0, 3, -0.2009576377788361
6, 1, 0.2365787740190115
7, 0, 0.1001910111958304
1, 3, 0.8399015594137038
5, 2, -1.171876255265551
2, 3, -1.046880828028966
7, 1, -0.1034007783712373
3, 3, 0.4815066277832102
8, 0, 0.403824268564382
6, 2, -1.347901672334772
4, 3, 0.3813782313216462
-2, 4, -9.01841033107854e-15
8, 1, 0.2750479210487576
-1, 4, -0.0244486659890997
0, 4, 0.1909334030882735
9, 0, 0.7814677545301478
7, 2, -0.8197790075547143
5, 3, 0.02723554046281104
1, 4, 0.2967419156851649
2, 4, 0.2358187906259378
9, 1, -0.4417985758118861
6, 3, 0.5540354811566427
10, 0, -3.502129282280248
8, 2, -2.064375905084816
3, 4, -1.078591702762438
4, 4, -0.4574879565071427
10, 1, 0.2266384105917385
7, 3, 0.179487591828369
9, 2, 0.3045808261266347
-2, 5, 0.3411727134399696
11, 0, -0.3518371642756877
-1, 5, -0.3035533825456218
5, 4, -0.762878756366199
0, 5, -0.5006789026026173
1, 5, -0.9884867179490618
8, 3, 0.04989928587475897
11, 1, 0.9489560813188869
2, 5, 1.351782625380789
10, 2, 0.3176047971607548
6, 4, 0.4812086455879403
12, 0, -1.692603996659964
3, 5, -0.1686334879829811
9, 3, 1.194572454184756
7, 4, -1.089911873254158
12, 1, -0.07942321322582482
4, 5, 0.03355299406768977
11, 2, 0.3747050708713311
13, 0, -1.02161157569625
-3, 6, 1.802618530503953e-15
-2, 6, 1.398012086601902
10, 3, 0.5743606506756499
5, 5, 0.838901095855761
-1, 6, 0.4146417929472388
8, 4, -0.5263989018657537
0, 6, -0.3026489810019582
13, 1, 0.448045279756128
1, 6, 0.29497745836925
12, 2, 0.3562956137107753
6, 5, -0.1379775061809407
14, 0, 0.1508910424043625
2, 6, 1.264920079207214
9, 4, 0.05528670811481934
11, 3, -0.2472537948450116
3, 6, -0.2089934579335813
7, 5, -0.2087341085254341
14, 1, 1.664371002464549
13, 2, 1.384845293947073
10, 4, -1.764885168997611
4, 6, -1.576637839364486
15, 0, 3.103748038502999
12, 3, 1.829544871050694
8, 5, -0.1066671729372195
-3, 7, 0.8761514155308653
5, 6, -0.8395434530712179
-2, 7, -0.9107830258982649
-1, 7, -0.1229484346064339
14, 2, -0.1557250600404169
15, 1, -0.06489070612534593
11, 4, -0.3178053159191006
0, 7, 0.01508496455232981
9, 5, 0.4839439918152077
6, 6, 0.7251652231466593
13, 3, 0.03094319416770646
1, 7, 0.1609368926073186
16, 0, -0.6599646290897382
2, 7, -1.505429356975091
7, 6, -0.616276152296346
12, 4, -1.134984399864368
15, 2, 0.23492681135423
10, 5, 0.9652639142752965
3, 7, 0.9030480639612023
16, 1, 0.3960393242121015
14, 3, -0.2900768940896964
17, 0, 0.7898514691787709
4, 7, -0.1877979437458084
8, 6, 0.5743684806450181
13, 4, -0.5070782937873376
11, 5, 0.1626821730267371
-4, 8, 1.258518382565025e-14
5, 7, 1.189590543555432
-3, 8, 1.220727010943562
16, 2, 0.4142314467455969
-2, 8, -0.03682051565797691
17, 1, 0.59962023429517
-1, 8, 0.2068358643020875
15, 3, -0.2814759784004764
9, 6, -0.4264692332775527
0, 8, 0.06080061178710874
6, 7, 0.0304788415094652
18, 0, 1.176916798023971
12, 5, 0.01349883905804763
1, 8, -0.1841931548283745
14, 4, -1.234614837357092
10, 6, 0.04101764261816303
2, 8, 0.4469033344280487
17, 2, -0.64214315371651
7, 7, 0.3246112849881023
18, 1, -0.06825182422844821
16, 3, -0.1544277070152505
3, 8, 0.9567593893176142
13, 5, 0.6177728241610149
19, 0, 0.9168737915807833
15, 4, -2.10180770763799
8, 7, -2.216649888223111
11, 6, -0.2420974571384928
4, 8, 0.1985683778313088
18, 2, -0.6653635574860279
19, 1, 0.2864483854767511
17, 3, 0.2938104682722176
5, 8, -0.4688882138297468
-4, 9, -0.5517117743386089
-3, 9, -1.238982607962604
9, 7, 0.3404280130797719
14, 5, -0.1541505778867443
-2, 9, 0.1261327192093386
12, 6, 0.834396122794533
-1, 9, 1.64263342167964
20, 0, -2.948925862529897
16, 4, -1.73828291471083
6, 8, -1.624395486350101
0, 9, 0.1176593911462575
10, 7, 1.002068613244802
1, 9, 1.248923837512286
19, 2, -0.1287975568109066
18, 3, -0.3157655594736103
20, 1, 1.275589525950508
15, 5, 2.081234365367951
7, 8, 1.178032102721155
13, 6, -0.09881517372976183
2, 9, 0.1734200286562828
17, 4, 0.03820713394111764
21, 0, -0.1337265815002775
3, 9, -1.121030349901018
11, 7, -0.2952363562200772
8, 8, -0.1456819351201861
4, 9, -1.057887989165907
20, 2, 0.3413250910980167
14, 6, 0.2703143675870304
16, 5, 0.4494450007276302
19, 3, -0.5327872220655197
21, 1, 0.5509948669459213
12, 7, 0.3350002045050902
9, 8, 1.105646008901829
5, 9, -0.1330362030589641
-5, 10, 4.198193115553577e-16
18, 4, 0.4587089979664658
-4, 10, 0.5138176145413125
-3, 10, -0.727501254606383
22, 0, -0.5298786372203368
-2, 10, -0.4571616332748619
-1, 10, -1.308268100601582
15, 6, 1.564122406666712
6, 9, 1.397288965353877
17, 5, 0.1005781607875544
10, 8, -1.148921139760879
0, 10, -0.7540393157262246
21, 2, -1.439151119654741
20, 3, -1.523011185045652
13, 7, -1.198221218207334
22, 1, 0.1062913886236372
1, 10, 0.3814601839430445
19, 4, -0.511686407062204
7, 9, 0.3152805801929297
2, 10, -1.488694339890577
23, 0, 0.006957065159268559
11, 8, 0.9579207967882152
16, 6, 0.07515000767907909
18, 5, -0.4390449428436417
14, 7, -0.04158889249397685
3, 10, 0.2582346881920942
8, 9, -0.6939129455250489
22, 2, 1.429159867711973
21, 3, 0.1380107102535719
4, 10, 2.035830230821051
23, 1, 0.8598428042223609
20, 4, 0.2674353014765466
12, 8, 0.4051959553369748
9, 9, -0.2819190018435057
17, 6, 0.1678501744065588
5, 10, -0.3641171912750809
-5, 11, 0.2757808057674326
15, 7, -0.1534864746320972
24, 0, -0.5389908567397088
-4, 11, -0.2043678670724801
19, 5, 0.1686199555122948
-3, 11, 0.4228600593767457
-2, 11, -0.3595187709680717
13, 8, 0.7463514398350569
23, 2, -0.2444288725738334
22, 3, -0.3471642023554785
10, 9, -0.1330614855377592
-1, 11, -0.2247781158086355
6, 10, -0.2539677210782539
24, 1, 0.8752936690169759
21, 4, 0.9667009112537177
0, 11, -0.05297332652308634
18, 6, 1.79906641014113
16, 7, -0.7961306734815627
1, 11, 0.1543114222117957
7, 10, -0.8361593064295995
25, 0, 1.666006691788042
20, 5, 0.8621110457539632
11, 9, -0.2789045993264201
14, 8, -1.641444044952596
2, 11, 0.4420620257883396
23, 3, -0.4748705691236003
24, 2, -0.11961403814156
8, 10, 0.05053194084207865
3, 11, -0.7089822590428037
22, 4, 0.5643184759164916
17, 7, 0.3411801508624556
25, 1, 0.7686509189627035
19, 6, 1.066308102419343
12, 9, -0.509031763678366
15, 8, 0.1668943246189026
4, 11, 0.1518684465566228
21, 5, 0.6123158986205622
9, 10, -0.5264733903132764
26, 0, -1.538581492987998
-6, 12, -2.022606362377065e-15
5, 11, -0.2599610902420704
-5, 12, 0.5457146459055107
-4, 12, 1.177179271810435
13, 9, 0.01267040988879853
24, 3, -0.3671109592769707
-3, 12, 0.03263203441209533
25, 2, -0.1949047850201833
18, 7, -0.601959125365259
20, 6, 0.8650065136840582
10, 10, 1.263413347339994
-2, 12, 0.6244645264661977
23, 4, 0.742726451012101
16, 8, -0.1676258567647822
26, 1, 0.5427840423408197
6, 11, -0.2354323190557874
-1, 12, 1.056392896512917
22, 5, -0.4837072856264231
0, 12, -0.2548419362680195
14, 9, 1.555289995777039
27, 0, 0.2916785626315285
11, 10, -0.9359860316265607
7, 11, 0.7256264122961745
1, 12, 0.3794340366535545
19, 7, -0.874525169822813
25, 3, -0.7582928830930132
17, 8, -0.7075132740600673
21, 6, 1.094172450783456
26, 2, 0.6747713043323071
2, 12, 0.4442460021917352
24, 4, 0.3000144384411147
8, 11, 0.1719022047695667
27, 1, 1.43403341670812
12, 10, -0.2077987784280475
15, 9, -0.03635172135432532
3, 12, -0.3960662887735247
23, 5, -0.790300223231279
28, 0, 0.1270559883709109
4, 12, 1.065110746906822
20, 7, -0.9033416913850596
9, 11, -0.5751429482762903
18, 8, 0.08326364729770996
22, 6, -0.3723725551606916
26, 3, -0.151362392217616
13, 10, -0.2721140792165492
27, 2, -1.178467380304149
-6, 13, -0.8618501893446906
25, 4, -0.02667793253120974
16, 9, -0.03678154800730089
5, 12, -0.1267406808340212
-5, 13, 0.1028244364052441
-4, 13, 0.8061246651212032
10, 11, 0.2799759048876911
-3, 13, 0.1671431738044656
28, 1, 0.2868612567471449
24, 5, -0.3789328840747001
-2, 13, -0.1263685923998955
6, 12, -0.3147511972140538
21, 7, -0.08967105368388507
19, 8, -0.738511988276626
-1, 13, 0.7649134572750106
14, 10, -0.3143606082514994
29, 0, -0.7788244054134704
0, 13, -0.1538159383819033
23, 6, 0.005485874723952346
11, 11, 0.1269272872614863
17, 9, -0.2135313940440814
7, 12, -0.01023721314440377
27, 3, 0.5896757857824128
1, 13, -0.485866250871994
28, 2, 2.50659887063357
26, 4, 2.08562372491354
29, 1, 0.1648680871785731
25, 5, -0.1708787899829328
15, 10, -0.5321243964653674
2, 13, -0.3855577398008849
20, 8, -1.486100340608598
8, 12, -1.327588939642866
12, 11, 0.1558341664755803
22, 7, -0.8803000300078563
18, 9, -0.324384174213957
3, 13, -0.1646655417874201
30, 0, 4.674349238551993
24, 6, 2.755356288201474
9, 12, 1.439613988562362
28, 3, 0.8720439468105048
4, 13, -0.1914698991586289
16, 10, -0.1606443604404639
27, 4, 0.2529768461748476
13, 11, -0.4602277287918954
29, 2, -0.2219357798256084
21, 8, -0.9370139514826412
26, 5, -0.0360029106384717
-7, 14, 2.419123419294218e-15
-6, 14, 1.319513585264347
30, 1, 0.9700664192303563
23, 7, 0.8812415945314018
5, 13, 1.127594385715786
-5, 14, -0.9926771494916407
19, 9, -0.09989279485573059
10, 12, -1.26438075897023
-4, 14, -1.371669958640106
-3, 14, -0.7886856711769833
25, 6, 1.428551619140048
14, 11, 1.470099972922561
-2, 14, -0.1851644896935946
17, 10, -0.2968425439608949
6, 13, -0.3878402204612855
31, 0, -0.6031545146294467
-1, 14, -0.2137236920299095
29, 3, -0.44266217348738
11, 12, 0.53266459143139
28, 4, -0.1311264148134075
30, 2, -0.09772759225565061
22, 8, -0.4786255256664159
0, 14, 0.02271846544614046
20, 9, 1.452238787217663
7, 13, 1.435590626421577
27, 5, 0.0135021706757219
24, 7, -0.2772011091301519
15, 11, -0.2284613782116873
1, 14, -0.154007299223804
31, 1, 1.402479279632156
18, 10, 0.7288359755936098
12, 12, 0.610616658831271
26, 6, 0.0466014941656376
2, 14, 0.2423763888271926
8, 13, -0.1470981065443071
32, 0, -1.397753261247097
3, 14, -0.6413681033704772
23, 8, -0.1328790960223349
30, 3, -0.3024979938251423
21, 9, -0.2395650247426089
29, 4, 0.009402191912582755
16, 11, 0.1756854050215844
31, 2, 0.1436138156167988
9, 13, 0.02194280786804369
25, 7, 0.1519614051592087
13, 12, 0.2148162778716999
28, 5, -0.8142159465532147
19, 10, -0.172025434730864
4, 14, -2.26722739126314
32, 1, 0.3247568877544449
-7, 15, -0.2077820401368253
27, 6, -0.4065290107608758
-6, 15, -0.4553688013025357
-5, 15, -2.158607602874843
10, 13, -0.8133232089127311
5, 14, 1.731515753183581
17, 11, 0.1127290329957308
-4, 15, -0.03864075831544005
14, 12, -0.9281326729727771
22, 9, -0.05839588647475188
24, 8, -0.3614231180331821
33, 0, 0.4696028182705543
-3, 15, 0.4051576650052747
31, 3, 0.4766862998326999
-2, 15, -0.3096976952183658
30, 4, 0.3538077022191874
20, 10, 1.45372001422341
6, 14, 1.360020845051044
26, 7, -0.6557956982141376
32, 2, 0.5964485810709528
11, 13, 0.8445188201588943
29, 5, -0.195123596530678
-1, 15, -1.09056189654433
0, 15, 0.6682643210776972
15, 12, 1.018226754786132
33, 1, 0.1480619793763
18, 11, -0.1149660868742918
7, 14, 0.0156881765692478
28, 6, -0.4368655870865426
23, 9, -0.1604271236399274
1, 15, -0.1099269094041313
25, 8, -1.935439837717797
12, 13, -1.903319780164763
21, 10, 0.3557611880947778
34, 0, 1.189542955071976
8, 14, -0.2828300378974173
2, 15, 0.226755551470875
27, 7, -1.504734049491955
32, 3, 0.1519945974261217
31, 4, -0.1118357180394038
16, 12, 0.4836400745604459
33, 2, -0.5878199910045258
30, 5, -0.5501400366952928
19, 11, -0.06075448734704401
3, 15, 1.319349391456202
13, 13, 0.3685522710603077
9, 14, -0.01376049846572952
34, 1, 2.218430965463165
29, 6, 2.255453703444989
24, 9, -0.06660139307507246
4, 15, 0.6636551738856645
26, 8, -0.763677014706109
22, 10, 0.2450048400104516
17, 12, 1.56777679132695
-8, 16, 2.488513782850187e-15
-7, 16, 0.001569613515785761
10, 14, 1.791563484687108
-6, 16, 1.838456054838098
14, 13, 0.2467690346299367
35, 0, -0.2329840739321667
28, 7, -0.1373355092632849
20, 11, -1.208903502173533
5, 15, -1.953106218595968
-5, 16, 1.093664503032879
32, 4, 0.3487986101956705
-4, 16, -0.03100427258577161
33, 3, -1.266587204119368
31, 5, -0.1923728141357636
-3, 16, -0.4902949710622205
34, 2, 0.9030482986453582
6, 15, -1.80424638165691
-2, 16, 0.3115017884211023
25, 9, -0.6821619343067035
11, 14, -0.8278891382616665
23, 10, 0.1773881039989667
30, 6, -0.4239123179394379
18, 12, -0.6422770505553297
35, 1, -0.2337691193192394
27, 8, -0.2822310979076209
15, 13, 0.09407768213900335
-1, 16, 0.08475994031912817
21, 11, -0.1727183846263151
7, 15, -1.057378068915285
0, 16, -0.09936563086973567
29, 7, 0.9944479947794713
12, 14, 0.04590216339675024
36, 0, 0.991008641888009
1, 16, 0.8210031084419164
33, 4, 0.2442574916925404
34, 3, 0.760180822365042
32, 5, -0.2109635364276374
8, 15, -0.04189705619989541
19, 12, -0.2813727839622341
16, 13, 0.001866104074765207
35, 2, -0.8341834440847402
26, 9, -0.3808623683876442
24, 10, 0.02032970694935136
2, 16, -0.2774011041919922
31, 6, 0.8867147109172148
28, 8, -1.039592582304156
22, 11, 0.5611422604029239
13, 14, -0.1059614017130836
36, 1, -0.11391905466121
3, 16, -0.2134714177471325
9, 15, 0.2250778747985245
30, 7, 0.4391272842297547
17, 13, 0.6247028922564882
20, 12, 0.03453841288966431
4, 16, 0.3763095804635426
37, 0, -0.2759457962800587
34, 4, -0.9670892496398769
14, 14, 0.4888755446617478
-8, 17, -0.4643181634601675
35, 3, 0.7782522948675942
25, 10, 1.678199005339376
10, 15, 1.26253934075367
-7, 17, 0.1449163856738594
27, 9, -0.6994144098610106
33, 5, -0.1830290754761995
-6, 17, -0.1431390775170701
5, 16, -2.159529759367144
-5, 17, 2.278786748500999
23, 11, -0.4062677267661224
36, 2, -0.1027895494914069
29, 8, 0.1107973452850746
-4, 17, 0.06759912121126367
32, 6, -0.2325733357703348
18, 13, -0.1204139738864445
-3, 17, 0.08803243288507874
37, 1, 0.6560571800765772
11, 15, 0.8113488580118605
6, 16, 1.440911912777872
21, 12, 1.454723205287365
15, 14, 0.6957910737726913
-2, 17, 0.7831402204168544
31, 7, -1.361797795406334
-1, 17, -0.5707360080045798
26, 10, 0.9303867112865379
28, 9, 0.8437933533994328
7, 16, 0.02315949905091
38, 0, 1.380842857203173
35, 4, -0.3182353866537402
24, 11, -0.2616848979298744
0, 17, 0.1189216604507746
36, 3, 0.1060074618405478
12, 15, -0.04478373001780223
34, 5, -0.2512172556191326
19, 13, -0.4612361901334877
30, 8, -3.165393303805014
16, 14, -3.338349501505193
37, 2, 0.05458903791754753
1, 17, -0.09601503035052456
33, 6, -0.5001249872750333
22, 12, -0.3646069366431454
8, 16, 0.06323188430309457
2, 17, -0.5528135757330104
38, 1, 0.6086634049867485
13, 15, 0.2035567058350723
32, 7, -0.7859703626239428
27, 10, 0.9497713810742774
25, 11, -0.2793350837337876
20, 13, -0.8725402781777446
9, 16, -0.3283226083392999
3, 17, -0.7198467781284924
29, 9, -0.5842344765384726
17, 14, -0.2035813559713744
36, 4, -0.5602613851479821
39, 0, 1.363561680915661
37, 3, 0.5046376198844353
35, 5, 0.2404480632069427
23, 12, -0.2211671091764223
31, 8, -0.7493645447251305
4, 17, 0.3728746983182434
14, 15, 0.1153610285882584
-9, 18, 3.982991922555719e-15
38, 2, 0.4314009307230626
34, 6, 0.4424884757405314
10, 16, -0.7061614661029403
-8, 18, -0.8308965419491374
-7, 18, 0.1777701191343765
-6, 18, -1.865949599733785
5, 17, -0.05728860534658856
-5, 18, 0.2378487148937654
18, 14, 0.5126960706798076
21, 13, 0.0809470762511558
28, 10, -0.2321559699534972
-4, 18, 0.1899601297145303
39, 1, 2.461622154904826
33, 7, 2.399338889299504
26, 11, 0.5425428523503076
30, 9, -0.766608555466335
15, 15, -1.119695014819378
-3, 18, -0.5534291834814613
11, 16, 0.2117667166209532
6, 17, 1.134369320711829
24, 12, 0.7025932247967657
-2, 18, 2.47386134073666
37, 4, -0.7381591411139101
40, 0, -0.9390525369446043
32, 8, -0.5535367985091764
36, 5, 0.7816411727813173
38, 3, 0.2552666526829023
-1, 18, 0.1783050563790083
19, 14, 0.1014381931556675
7, 17, -0.2830272324174896
35, 6, 0.3999991174322492
22, 13, 0.3908212034006541
12, 16, -1.367802692184757
39, 2, -0.8360546411295533
0, 18, 0.1771990118324255
16, 15, -0.5489374035574727
29, 10, -0.3183445669435968
27, 11, 0.3138087908843902
34, 7, -0.2762715350919282
1, 18, -0.4162697229273593
40, 1, 0.3507294126333352
31, 9, 0.4061944124955641
25, 12, -0.2509460518904889
8, 17, -0.2550108777942787
13, 16, -0.6976136616800076
20, 14, 1.509149132335327
2, 18, 1.880921426757235
17, 15, 0.1444380179952304
33, 8, -0.2082988452351784
23, 13, -0.2970075597322895
38, 4, -0.1939734650295006
37, 5, 0.2464492514352188
9, 17, 0.1270148039439664
41, 0, -0.4119483321792333
39, 3, -0.5980133637142999
3, 18, -0.3937112387281158
36, 6, -0.4755535836641911
28, 11, 0.7073747671682477
40, 2, 1.921080853006621
30, 10, 3.134409156385638
14, 16, 1.774156082912596
26, 12, -0.1488189847728302
4, 18, 0.2611764127896544
35, 7, 0.3406496022050567
21, 14, 0.2429013178299717
10, 17, -0.5156024210405927
-9, 19, -0.3222376352096344
32, 9, 1.059206954024875
-8, 19, -0.8714743182219492
18, 15, 0.1841608344410111
-7, 19, 0.5637488072963536
41, 1, 0.1031524130458824
-6, 19, 0.8016838029679674
24, 13, 0.04008730065581757
5, 18, 2.397838909555059
-5, 19, -2.418391179402627
15, 16, -0.8604736443093961
-4, 19, -0.8139717384282933
34, 8, 0.05754123248082441
11, 17, -0.5605838109733868
39, 4, -0.08930863756658108
-3, 19, 0.2598625376478059
38, 5, 0.8679884066362634
42, 0, -0.2013967424726705
6, 18, -1.688309520437102
40, 3, 0.4865854657316134
29, 11, 0.1984821458784773
37, 6, -0.02891888851615983
31, 10, -0.02126241345977121
19, 15, 0.08719893684725069
-2, 19, -0.001063458242281345
22, 14, -0.4446359110864401
27, 12, -0.0737920736687917
41, 2, -0.6307200941297614
-1, 19, 1.041377786442011
33, 9, 0.3300136843973212
16, 16, 0.2380860482174852
36, 7, -0.04991466454552749
12, 17, -0.261162521385977
25, 13, 0.6568350041918597
7, 18, 0.470808712175358
0, 19, 0.1380464023608129
42, 1, 0.950520006076237
35, 8, -1.172965039174169
20, 15, -0.8868565451337601
1, 19, 0.1274266621075977
8, 18, -1.593214995315263
23, 14, -0.6464572846092184
30, 11, -0.504493095275301
13, 17, -0.4315917138946812
40, 4, 0.2874086898428645
28, 12, 0.2276149637345418
39, 5, 0.6117094775503499
17, 16, -0.4744751774264092
32, 10, 0.6768793313312677
2, 19, 0.4464128639822193
43, 0, -0.1282402644945119
41, 3, -0.8516258255598964
38, 6, -0.8023955278816814
26, 13, 0.4240669246195405
9, 18, 0.1223643116335599
34, 9, -0.5765441099082292
42, 2, 0.8298168552338381
3, 19, -0.5615547605999839
37, 7, 0.131528345173726
14, 17, 0.3271044682597372
21, 15, 0.2786008289817051
24, 14, 0.504521607883483
18, 16, 1.665140183961077
43, 1, 0.1622476122209665
4, 19, -0.2824027440054762
10, 18, -0.2003570092524782
-10, 20, -6.661222362856314e-15
-9, 20, 0.1440181889442989
36, 8, 0.3862503975288842
-8, 20, 0.4326539456466587
31, 11, 0.5128366611315877
29, 12, -0.2256971051392505
-7, 20, 0.03102927510358015
-6, 20, -1.095641428791259
33, 10, -0.2560055014857516
41, 4, -0.5306819475903767
40, 5, -0.6395961514697978
27, 13, -0.2233546842141785
15, 17, 0.1208776524905758
5, 19, 0.05385227856972841
-5, 20, 0.0568529026362532
42, 3, -2.221463201669384
39, 6, -1.848375666196904
44, 0, -0.4461779367194628
-4, 20, -0.384947457691758
22, 15, 0.1077710940686631
11, 18, -0.3935180371149156
35, 9, -2.095732833622264
19, 16, -2.198243916172288
-3, 20, -0.8695145469908161
43, 2, -0.137386156222474
38, 7, -0.1753677590723436
25, 14, -0.2303154422608501
6, 19, -0.1838969866454393
-2, 20, -1.970295888715623
16, 17, 0.5233501755867882
30, 12, 2.355621103875046
12, 18, 2.104364313789625
32, 11, 0.02112738722852172
-1, 20, 0.1881664395884514
44, 1, 0.2189766937789063
37, 8, -0.2756598338209398
7, 19, 0.7559344034806681
28, 13, 0.04666207709465716
34, 10, 0.1514741027518592
23, 15, 0.7395348708075491
20, 16, -0.9674352343863352
0, 20, -0.6349297413906667
41, 5, -0.4842874808708991
42, 4, -2.167410130222908
40, 6, -2.293706217385452
26, 14, -1.804561571835111
1, 20, 0.3486364013841861
8, 19, 0.787856292267705
43, 3, 0.1004989670588413
17, 17, -0.284943475280787
13, 18, -0.03499941669919156
45, 0, -1.817224309091306
36, 9, -1.071186634026664
39, 7, -0.5181887656585252
44, 2, 0.1600784165837556
2, 20, 0.5744919040641752
31, 12, -0.1400730115104864
33, 11, 0.3148946084984879
21, 16, 0.2081427290265192
9, 19, -0.3352184235819199
24, 15, 0.1423704205199309
29, 13, -0.8482789991878696
38, 8, -0.7706169887343541
14, 18, 0.4748231885145154
3, 20, 0.2172859571336247
45, 1, 1.462615329096349
35, 10, 1.906313257290442
18, 17, 0.7847872301433239
27, 14, 0.0775626054888507
10, 19, 1.47236988977807
-10, 21, -1.511153939477368
4, 20, -1.253537173091547
-9, 21, -1.169413625813043
42, 5, 1.436377120752332
43, 4, 0.7420287908544738
-8, 21, 0.6274809566184532
41, 6, 0.9039017410867973
37, 9, -0.6554159653361227
-7, 21, 0.0930047194412288
44, 3, -0.2640597381556135
15, 18, 1.120552379495514
-6, 21, 1.215637002656481
46, 0, 0.01047757480378066
22, 16, 1.442661031597112
40, 7, 0.6153778272920013
25, 15, 0.2334084180318168
5, 20, -0.6628078037229378
-5, 21, 0.7501766491051977
32, 12, 0.06327916057734191
19, 17, 0.296362852046345
45, 2, -0.4360798451597721
34, 11, -0.4883007969917462
30, 13, 0.3924678296191568
11, 19, 0.4222234608889347
-4, 21, -0.002023369779043997
-3, 21, 0.1641012867799155
39, 8, 0.6298755475680553
36, 10, -0.6612164933541558
28, 14, -0.06263427493083061
6, 20, 0.388910150935592
16, 18, -1.045056302341804
46, 1, 0.6592490327236499
-2, 21, -0.7051476204819281
23, 16, -0.1996492017859129
12, 19, -0.2329837173801631
20, 17, -0.06342545831761717
-1, 21, -0.07493054753115695
43, 5, 0.01228265114829365
7, 20, 0.1929854935615619
38, 9, -0.3491297561171423
26, 15, -0.199895292963103
44, 4, 1.203406886462503
42, 6, 0.2078487848827408
45, 3, 0.08661068690822682
33, 12, 0.4241799535997995
0, 21, -0.02013414893604516
47, 0, -0.2702181105216813
31, 13, -0.6178428568565816
41, 7, 0.4329644616351379
35, 11, -1.266516368144764
17, 18, -1.17761358306303
13, 19, -0.8998382477324498
8, 20, 1.71424637284858
29, 14, 0.8214014236048386
1, 21, -0.9479917483640259
46, 2, 1.294952266525425
37, 10, 0.6132131888439738
40, 8, 0.08516178772456413
24, 16, 0.1290301308193944
21, 17, 1.063084849228425
2, 21, -1.488537385915943
27, 15, -0.6459279619083522
47, 1, -0.05565532794752862
9, 20, -0.0336644920460961
14, 19, 0.3819445849869622
18, 18, -0.4245795261911915
39, 9, -0.04130038741229801
3, 21, -0.2148051030531199
44, 5, -0.4397991844490782
34, 12, 0.252788024411723
45, 4, -1.534368929038464
32, 13, -1.215813349538929
43, 6, 0.3709832655688843
36, 11, 0.9253089647688325
46, 3, 0.1732894058197564
-11, 22, -1.163180590398826e-14
10, 20, -0.5483727721063123
-10, 22, 0.4153351958498027
30, 14, -0.2311558080488056
42, 7, 0.02370306659679183
-9, 22, 0.2700214087823127
22, 17, 0.1273843536636322
48, 0, 0.8808655857032599
25, 16, -1.195095901946627
4, 21, -1.330434627906975
-8, 22, -0.3077849013464194
-7, 22, -0.7845863632794918
15, 19, -0.9450214414838597
47, 2, -0.05122147455836415
19, 18, 0.2865560740973528
38, 10, 0.2539473407231078
-6, 22, 0.6368415129191245
41, 8, -0.8215256107106943
28, 15, -0.8771076438252585
-5, 22, -0.5369522364476425
5, 21, 0.7028700755160765
11, 20, 0.5983536395493201
-4, 22, -0.5414473960068
48, 1, 1.164868353241478
-3, 22, 1.237333841920585
33, 13, -1.182359719866976
40, 9, -1.496197830029125
35, 12, 0.447386859589313
23, 17, -1.829134500721756
16, 19, 0.3465102210592452
6, 21, 2.009321187570592
26, 16, 1.1240304435821
45, 5, 0.5855593759778103
31, 14, 0.1838212084453378
46, 4, -0.368118126929574
44, 6, -0.5228409989471053
20, 18, -0.2003950855181372
-2, 22, -0.3385234244014373
37, 11, 0.5682200330942295
12, 20, -0.213850466551525
47, 3, -0.7117332868921086
43, 7, -0.4926651188770185
-1, 22, 0.6255703645380409
49, 0, 0.6898413575497505
29, 15, -0.560929460871003
7, 21, 0.1843415977367581
39, 10, -0.2916724080807097
17, 19, 1.111764629522938
48, 2, 1.318221790080226
42, 8, 1.455884180148751
0, 22, -0.07977961659098888
24, 17, -0.2473641987368481
13, 20, 0.2966086775994067
8, 21, 0.1471914220379515
21, 18, 0.8225538610950361
27, 16, -0.3114890382996859
34, 13, 0.1502714584631477
1, 22, -0.0388500856263219
36, 12, 1.514882243817379
32, 14, -1.198999648558005
49, 1, -0.1397034555521889
41, 9, 0.2542476122376159
38, 11, 0.1599701291400977
2, 22, 0.2323982069296178
46, 5, -0.383844219345405
18, 19, 0.3064687218538643
45, 6, -0.3135606578925356
30, 15, -1.288353535518253
9, 21, -1.205313022428512
14, 20, -1.259284119981222
47, 4, 0.3914839097794428
44, 7, 0.1726275212330325
48, 3, -0.5286001641733983
3, 22, -0.1177403527567481
25, 17, -0.08745384357132208
50, 0, 2.509062273924173
40, 10, 1.29836831478506
22, 18, -0.4200397343219878
28, 16, -1.382158226013324
43, 8, -0.2865464121157431
-11, 23, 0.1591838101341945
10, 21, -0.2785745165086705
-10, 23, -0.1547885839379227
49, 2, -0.8625615493857237
-9, 23, 0.9511157926212748
4, 22, 0.6657603220362089
35, 13, 1.068751030356549
15, 20, 2.508156031358185
-8, 23, 1.888179716617109
19, 19, -0.3307675110588181
33, 14, 0.4230999913362208
37, 12, 0.2014887240076331
-7, 23, -0.1003655516057303
-6, 23, -0.4131874494065075
42, 9, 0.3871703754263578
31, 15, 0.03112909270790664
50, 1, 0.937530849945167
39, 11, 0.8226639914503898
5, 22, -0.6618076264089334
-5, 23, 0.6938145262359662
11, 21, 0.932770004066332
23, 18, 0.3731738082822111
26, 17, -0.3542001665660816
47, 5, 0.1402014703192656
-4, 23, -0.03447463901406941
46, 6, -0.7151710949630762
48, 4, -0.1007195629174844
16, 20, 0.04254981333331948
45, 7, 0.1482906762565581
29, 16, 0.05335209205151145
20, 19, -0.7027727717874035
-3, 23, -0.5486916577319305
6, 22, -1.067751196804938
41, 10, -0.2491982651455501
49, 3, -0.3212455403046621
51, 0, -1.054227675775856
12, 21, 0.2506569873949546
-2, 23, -0.07579559196076535
44, 8, 0.4751775888922874
36, 13, -0.2944740046338724
34, 14, 0.5138288155512615
50, 2, 1.157614211332443
38, 12, 1.605895969892634
7, 22, -0.8784977893207859
-1, 23, -0.6865292630510382
24, 18, -0.7666190062543901
32, 15, 1.107911074844945
17, 20, 1.005840256952808
27, 17, 0.4798369972786105
43, 9, -0.07496660143738464
40, 11, 0.207818819765909
21, 19, -0.08063422786734228
0, 23, 0.001047470033237676
13, 21, 0.8474017109479315
51, 1, 0.09887101390012928
30, 16, 0.2513484823902677
8, 22, 0.228719003190685
48, 5, 1.026471118231711
1, 23, 0.924473281491305
47, 6, 0.1829733479240504
49, 4, 0.5615012403373759
46, 7, 0.7560354363558306
42, 10, 0.9221683973579449
18, 20, -0.7928866842917037
50, 3, -0.8134606191482247
37, 13, -0.8912213098744313
35, 14, -0.1174114670114409
25, 18, 0.9450930608137421
14, 21, -0.1048880487614311
2, 23, 1.07730007859936
9, 22, 0.03272576464508548
52, 0, -1.295544050653222
45, 8, -0.3162647483609695
28, 17, -0.107310830044466
22, 19, -0.9987825906924187
39, 12, 0.6768056931628312
33, 15, -0.2171345573808905
51, 2, 0.1196819119968852
3, 23, 0.365304652259695
-12, 24, 6.221598962980448e-15
44, 9, 0.07900248394854824
41, 11, -0.02784098843971542
31, 16, 0.06316522414824781
-11, 24, 0.03221893702436818
10, 22, -0.3915101706513464
-10, 24, 0.8218646642447043
19, 20, 0.3115792221792694
15, 21, -1.587765957012306
-9, 24, -1.629324309343535
-8, 24, 0.3748596041959052
4, 23, -0.4595061933230919
52, 1, -0.5576059402053098
-7, 24, 0.1558394661780647
26, 18, 0.01908206467906201
49, 5, -0.350784353856356
23, 19, -0.3199384609954485
48, 6, -0.5528814876931476
-6, 24, 0.04914494453488578
43, 10, -0.5893884247514309
29, 17, 0.5957905463597702
50, 4, -0.2935331805770912
36, 14, -0.9065707474889374
47, 7, -0.1271798658593277
38, 13, -0.03211746441818097
11, 22, -0.05509160443259477
5, 23, -1.04130775230115
-5, 24, 1.300227151690825
34, 15, 1.579320900207064
16, 21, -0.3287235224859306
51, 3, -0.8003229348987987
40, 12, 0.7283683364770185
20, 20, 1.063842021448544
-4, 24, 0.5258228477309965
46, 8, 1.118571088139377
53, 0, 0.3524539746954696
32, 16, 0.2739487073893485
-3, 24, -0.2760672113636906
6, 23, 0.1217510892225787
52, 2, 0.8174510764208914
12, 22, -0.3545690138689926
42, 11, -0.1378987108542505
45, 9, 0.1648023563838368
27, 18, 0.249694964984628
-2, 24, 1.590963335348952
24, 19, -0.1613416588549331
17, 21, -1.000105702751486
30, 17, -1.310200213575503
7, 23, -1.360743947999219
-1, 24, -0.1175926572009366
21, 20, 0.2041014898425552
53, 1, 0.4247199217201049
37, 14, -0.4736447804799127
39, 13, 0.9143433662841493
50, 5, -0.3475371340419562
49, 6, -0.2039429732125758
35, 15, -0.1907418500130683
13, 22, 0.03496421992397732
44, 10, -0.7284794880910581
0, 24, -0.08115157109027298
51, 4, -1.75345881877718
48, 7, -1.691918726638581
41, 12, 0.3378648137141227
8, 23, -0.9119307305571559
33, 16, -0.8283098603768903
52, 3, -0.5597715505844522
47, 8, -0.6871049097321285
25, 19, 0.2140080526627589
1, 24, 0.1632325185846807
18, 21, -0.04068060831630216
28, 18, 2.342319195144862
54, 0, 0.439277753937805
22, 20, -1.409626535386483
14, 22, 1.092817853032116
43, 11, 0.1960975656145534
2, 24, 0.5714404578932278
31, 17, -0.1220237549900933
9, 23, 0.2149526786613464
53, 2, -1.441676156295182
46, 9, -1.333416386269209
38, 14, -1.31706440437056
36, 15, -0.01801712129545145
3, 24, 0.2458456166549587
40, 13, -0.2972134749230038
19, 21, -0.5219578881929174
-12, 25, -0.5593308418035575
-11, 25, -0.5304892570012777
54, 1, -0.4713772224293418
45, 10, -0.7082719384242446
26, 19, -0.3636230908556716
15, 22, -0.5567294734926769
10, 23, 0.3785865351644338
-10, 25, -0.7933626753802185
50, 6, -1.142014659922394
34, 16, -1.065538855874996
51, 5, 0.5071247478954344
-9, 25, -0.004502839025850205
29, 18, -0.1390914650157285
42, 12, 1.647860618421563
49, 7, -0.01035982854364559
23, 20, 0.01136394517365926
-8, 25, -0.1850568951709465
52, 4, 0.5681830652870116
4, 24, 0.3740720057979681
-7, 25, -1.874430685450141
48, 8, 0.09553625037398729
-6, 25, -0.1942289117374672
53, 3, -0.2341243391939409
32, 17, 0.07543545031021506
11, 23, -0.3381954055858981
55, 0, 0.8181617783304862
44, 11, 0.4822761598788707
20, 21, 0.6934262914333585
5, 24, -0.1387573123317446
-5, 25, 0.705882722181529
16, 22, 0.2588905188207306
47, 9, -0.4543799878815283
-4, 25, -0.662832769979729
54, 2, 2.159702696963026
39, 14, -1.212867677737952
27, 19, 0.8840789634317904
37, 15, 1.155731971442415
24, 20, -0.1749744633940803
41, 13, -0.005970080365004482
-3, 25, -0.02159680771558947
30, 18, -0.05474691854162037
6, 24, -0.5964891906081582
35, 16, -0.4618807986852596
12, 23, -0.2221466579726894
46, 10, -1.190218793810028
-2, 25, 0.5098541980842914
17, 22, 0.9270212659786677
55, 1, 1.788973868974492
43, 12, 1.742506979260293
51, 6, 0.8570789710213176
21, 21, -0.433263991848981
52, 5, -0.7353905418799103
50, 7, 1.344041895296359
33, 17, 1.595829622484346
7, 24, 0.04206364139531584
53, 4, 0.2445353041406839
-1, 25, 0.03151886585196117
49, 8, 0.469780980636315
13, 23, -0.2289614376602647
28, 19, 0.240233199659817
54, 3, 0.09109682621728578
45, 11, 0.4264549136637495
25, 20, 1.27331856935674
0, 25, 0.7515162939851308
56, 0, 0.04045956181279092
8, 24, 0.3391726328966423
38, 15, 1.756017832967719
31, 18, 1.047970774022094
40, 14, -1.360463057851609
18, 22, -0.8661846802605249
48, 9, 0.2061171865842458
22, 21, 0.1834278591772523
1, 25, 0.1137523046385597
36, 16, 0.07011115328528431
55, 2, -1.094161587151294
42, 13, -1.227277121347524
14, 23, 0.2456876634625796
9, 24, -1.277002406958575
47, 10, -0.05904166716540282
34, 17, -0.3278642210094906
2, 25, -0.2149500345858985
44, 12, -0.3135518337283601
52, 6, -0.2279568682857616
26, 20, -0.4098129819848401
56, 1, 0.2461224898494459
29, 19, -0.1772089898431244
53, 5, 0.5369499413535076
19, 22, -0.2263284517455008
51, 7, -1.256632610387694
3, 25, 0.0889323414386065
-13, 26, -2.549758303250869e-15
54, 4, -1.774811625634541
-12, 26, -1.297975456233963
15, 23, -1.50934787074537
-11, 26, -1.366352893129107
23, 21, 0.8608976200944838
50, 8, -0.04017786625787008
32, 18, -0.0553942519839714
10, 24, -0.1908757404210107
-10, 26, 0.1548570696107052
46, 11, -0.01951586647589766
-9, 26, -0.3047638885223024
39, 15, -0.8245514935166055
55, 3, -1.021129419812002
41, 14, -0.8076377678680106
-8, 26, 1.214050937082615
37, 16, 0.2898820182727272
4, 25, 0.09453011125919336
49, 9, 0.02350378019913867
-7, 26, 0.2234762276097758
57, 0, -1.223766447236056
43, 13, -0.9677611561552194
20, 22, 0.4216531566294632
-6, 26, 0.2517232576603524
35, 17, -0.7387845929764983
11, 24, -0.8415221623476943
56, 2, 0.432022728782164
27, 20, -0.2687909283472843
16, 23, -0.1287582270983916
30, 19, 1.631230353417878
5, 25, 2.298625992758956
-5, 26, -1.07867995072642
48, 10, -0.5706857052040416
45, 12, 2.805317127355544
24, 21, 2.958598864286686
-4, 26, -0.1903153626933745
33, 18, 0.3231314361126998
53, 6, 0.828264887109587
57, 1, -0.2110770465873809
54, 5, -0.1656869203845603
6, 25, 0.5866593089207792
-3, 26, 0.07601959334787617
12, 24, -0.2650324619479137
52, 7, -0.5693412636534674
21, 22, 0.5069999020222788
55, 4, -0.0204052111019516
40, 15, -0.1160357478234545
17, 23, -0.1163923669582574
51, 8, 0.375335987575551
47, 11, -0.3518909806547852
42, 14, -0.1350476315427372
38, 16, -1.112223965099116
-2, 26, 1.151985467958529
28, 20, -0.2647035712032439
56, 3, -0.1490945811854538
7, 25, 0.05013126476759657
44, 13, 0.330466135807532
36, 17, -0.1944344153653407
50, 9, -0.4648129529606599
31, 19, -0.3062791217239527
25, 21, 0.7071587868600601
-1, 26, 0.5227757066840422
13, 24, -0.4386767035462911
58, 0, -1.172935825083314
0, 26, -0.2316519915746563
57, 2, 0.2344852823366027
18, 23, 0.2080994974100307
46, 12, 0.008261912376508883
22, 22, 0.1911567759991866
34, 18, -0.3215854820604869
8, 25, -0.3795081874215982
49, 10, -0.2911336548819852
1, 26, -1.236174621648234
14, 24, -0.01541758830844427
54, 6, 0.8880716237495839
41, 15, -0.3186209294007041
29, 20, -0.1791790461402952
55, 5, -2.206701491162289
53, 7, -1.42207324705993
39, 16, -1.179464857848062
58, 1, 0.03697702767279003
26, 21, 0.08978719304717782
43, 14, -0.7145538290727337
9, 25, 0.8950058178816507
2, 26, -0.7317309625708019
48, 11, 0.4654966268421864
32, 19, -0.4784339062552531
56, 4, 2.110651446826467
52, 8, 1.756174385969417
37, 17, 1.062458824516212
19, 23, 1.234172322998608
45, 13, -0.3411516265895224
23, 22, -0.3449669924955555
-13, 27, -0.7377389172458227
57, 3, -0.3823273456300025
51, 9, -0.3921536379548275
15, 24, 0.6258327687623173
-12, 27, 0.7363787297400758
3, 26, 0.2336756224157952
-11, 27, 0.8517607986553337
35, 18, -1.972915701253292
10, 25, -3.143433920594506
-10, 27, 1.732960765234034
59, 0, 0.02716831416917555
-9, 27, 0.7254162663384256
47, 12, -0.02469624234237796
-8, 27, -0.04787206142176676
58, 2, 0.2482969004601974
50, 10, -0.2573492216281297
30, 20, -0.8013972901707455
4, 26, -0.580662961392846
27, 21, -0.4543748375531362
20, 23, 1.459316044067652
-7, 27, 1.235663202334138
42, 15, 0.20574729780008
-6, 27, -0.1683514035257355
40, 16, -0.4732320716282419
16, 24, -0.4227558846539696
33, 19, 0.5261726204332969
11, 25, 0.5121915214107838
24, 22, 0.2346915111582654
44, 14, -1.325761538599576
55, 6, 0.1693557431506695
38, 17, 0.2402500907563384
5, 26, 0.858620056082166
-5, 27, -0.6951746942640108
54, 7, -0.3558780937704954
56, 5, -0.7131807577759909
59, 1, 1.13272441231324
49, 11, 0.8146190412583744
53, 8, 0.174165586115265
-4, 27, 0.1994688792499003
57, 4, 0.5437761728689485
46, 13, -0.09823012061382792
36, 18, -0.4885335081765091
21, 23, -1.491767981093451
12, 25, 0.03019123841699259
6, 26, -0.2479918602675764
-3, 27, -2.19244969701782
52, 9, 0.1443609768763787
28, 21, 0.03821067064355102
17, 24, -0.4962793655500817
31, 20, 1.443653206493143
58, 3, 0.1720181993514827
25, 22, -0.5787709519534405
-2, 27, -0.4331150259345087
60, 0, 3.935979585285641
48, 12, 2.320114639934509
34, 19, -1.178283514550274
51, 10, -0.1067309833243332
7, 26, 0.2345916504924863
41, 16, 1.547515320073584
59, 2, -0.1251266387382509
43, 15, 0.2552676386574063
13, 25, 0.1023519384754656
-1, 27, 0.1139200093308339
39, 17, 0.2726965743790213
45, 14, 0.3208272937687812
22, 23, -0.1475080224152283
18, 24, 2.168107226409615
0, 27, 0.0439157238297644
56, 6, 1.313327598821842
8, 26, -0.2883601266056958
55, 7, -1.104904051464801
50, 11, -1.655819713164372
37, 18, -1.323407659256353
29, 21, -1.373971752165347
57, 5, -0.4778450604891216
32, 20, -0.1352686525830907
60, 1, 0.06629394865782125
47, 13, -0.04796278803371355
54, 8, 0.3809916635058047
26, 22, -0.693118483508079
14, 25, -0.4190040103051491
1, 27, 1.277670785993066
58, 4, -0.3342427705342705
53, 9, -0.3469186142364265
35, 19, 0.9968941581480875
9, 26, 1.260234771815269
19, 24, -1.144032095517052
59, 3, -0.3527579366769745
23, 23, -0.002509801401512352
2, 27, 0.3383929734171028
49, 12, 0.07301420362765514
42, 16, -1.411174617358963
61, 0, -0.6078626567651911
44, 15, -0.3707539013005663
52, 10, -0.05422159783657639
-14, 28, 2.815404240335362e-15
40, 17, 0.0104573456073208
15, 25, 0.3921401387465329
-13, 28, 0.4518469205047944
-12, 28, 1.111080552406709
-11, 28, 1.51649869901028
30, 21, -1.337477369268618
3, 27, -1.666959074988593
60, 2, 1.460952748683202
46, 14, 1.327179566533758
10, 26, 1.698195179788192
-10, 28, -1.49500527113801
27, 22, 0.2716784558200337
38, 18, -0.1504419185365982
33, 20, 0.03933869455067442
-9, 28, 0.0780059503148969
20, 24, -1.06465661878011
-8, 28, -1.154998199629758
51, 11, 1.422794952743083
4, 27, 0.03248909067495626
57, 6, 0.1719082058606447
56, 7, 0.00310866334904914
48, 13, 0.06862627471537938
24, 23, 0.4644758921723955
-7, 28, 0.2725983844818746
58, 5, -1.537710947991161
16, 25, -0.03598152272949869
55, 8, 0.7448551909534893
36, 19, 0.6930912924832737
61, 1, 0.2742536368538868
11, 26, -0.2264125616821875
-6, 28, -1.187787223955834
59, 4, 0.8067644094259683
5, 27, 0.4868892161261185
-5, 28, -0.05506717941900623
54, 9, 0.1848786833044667
43, 16, 1.166079743611677
31, 21, -1.109417619011054
50, 12, 2.151446924914408
28, 22, 2.214020147181891
41, 17, 0.3447480550897469
-4, 28, -0.1559155326578939
60, 3, -1.702550205526982
45, 15, -2.777857550901812
21, 24, -1.572338716963573
34, 20, -0.4470548840024091
12, 26, -0.5841004542561529
53, 10, -0.3314556040926129
17, 25, 0.459660264937614
39, 18, 0.1318902287299676
6, 27, -0.2314665489377224
62, 0, -0.9083710440407551
25, 23, -1.451152001496752
-3, 28, -1.213173549934963
47, 14, -0.1493171533912518
61, 2, -0.9998539598055005
-2, 28, -0.3218750893157055
37, 19, 0.2619888781139713
52, 11, 1.15923645297588
49, 13, -0.2353120021475303
7, 27, 0.5589820749318886
13, 26, -0.1599666735891871
58, 6, -0.6666641647151242
22, 24, 0.8022108420115689
57, 7, 0.2278815787795821
-1, 28, -0.03694712913089487
29, 22, -0.1779600072278454
18, 25, -0.4424264993263741
59, 5, 0.2255485049136006
32, 21, -0.6134331300599933
56, 8, -0.04175574369419034
62, 1, 0.2877344147163557
26, 23, 0.6005141657532189
60, 4, -0.08229034426316294
44, 16, -0.4030208702565584
0, 28, 0.01912981072735328
42, 17, -0.460563724476323
55, 9, 1.271378662292574
35, 20, 2.534479944127323
8, 27, 1.716586033954727
46, 15, -0.2783004410509216
51, 12, -0.05099568663808046
40, 18, 2.187120599029692
14, 26, 2.16204790731803
61, 3, 0.009950712004496255
1, 28, -0.5228208240675299
54, 10, 0.02033472448530919
48, 14, -0.4174742206288126
23, 24, -0.7855416219621606
19, 25, 0.782771137430928
63, 0, 0.07829604454239067
9, 27, 0.6563559856598243
38, 19, -0.3805906846664832
30, 22, -0.3440705418173426
2, 28, -0.2319401874555168
33, 21, 0.3940567939218527
62, 2, 2.112181102171224
50, 13, 0.7806250008550152
27, 23, 0.8625651108521246
15, 26, -0.7677382993126599
-14, 29, -0.7221594336258849
53, 11, 0.09028302025345238
-13, 29, -0.2113888582213305
-12, 29, 0.2280461584238865
-11, 29, -0.2552905601434268
3, 28, 0.5040409801409939
59, 6, 0.3434325725098803
58, 7, 0.6029564439573822
10, 27, 1.141947689707024
-10, 29, -1.496812631081739
36, 20, 0.6137075718039525
60, 5, 0.1846906579821896
57, 8, 0.07430452782944016
45, 16, -0.05554691459477992
43, 17, 0.1434321195090134
20, 25, -0.07802409774081555
-9, 29, -0.03643773497925984
24, 24, 0.194444061772608
63, 1, -0.1206396869363662
-8, 29, 0.3216270808709478
47, 15, 0.2682973188583024
41, 18, 0.1208435441877426
61, 4, -0.7106802183014173
56, 9, -0.9534237908466904
52, 12, 0.03924022796118364
4, 28, 0.2040901245658907
-7, 29, 0.04484973616608286
16, 26, -0.2215347102218077
31, 22, -0.04428341714664836
11, 27, -0.2643613572456275
49, 14, -0.08213448772383572
39, 19, -0.5968150822787204
-6, 29, 0.7802522513601523
28, 23, -0.389454821320591
62, 3, -0.4463028743433711
55, 10, -0.8713387847201437
34, 21, -0.580941209097542
5, 28, -0.3669197492322568
-5, 29, 0.4533005899411076
21, 25, 0.232798454021903
64, 0, -1.445098929980108
25, 24, 0.05597556634879837
-4, 29, 0.170081393915669
51, 13, 0.2864159706350542
37, 20, 0.02701902823227859
17, 26, -1.040337221389432
12, 27, 1.411980403363501
63, 2, -1.32190225727932
54, 11, -1.283849627328342
6, 28, -0.9659219976705572
-3, 29, 0.6887725205898291
44, 17, -0.6209114857605382
46, 16, -0.2001204007559915
59, 7, -0.6738701198719557
60, 6, -0.455572182257666
42, 18, -0.3607930080390911
58, 8, 0.01416001816666947
32, 22, 0.2645881460096534
48, 15, -0.5998815941946809
61, 5, -0.2229896133568686
-2, 29, 0.3155115640061309
29, 23, -0.376543278982565
22, 25, -0.3285403267091667
64, 1, 0.4224781857393767
53, 12, 0.1921443014857895
40, 19, -0.07598980971711544
35, 21, 0.002728756339584735
13, 27, 0.1463939556753125
7, 28, 0.02973087259663066
57, 9, 0.7111198202664811
62, 4, 0.2162872505608401
18, 26, 0.03304660880152645
-1, 29, -0.7410578897376534
50, 14, 0.2288590019818497
26, 24, 0.3235205604437375
56, 10, -1.226236679840189
63, 3, -0.7354218617166023
38, 20, -0.25907610729413