d = 19, symClass = C, D = 16.000000, Y = 0.1121957689744099
[16.14313394554836, 16.14313394554836], 16.14313394554836
1, 0, 1
2, 0, 0.2193530626478204
0, 1, -1.210893136374047
1, 1, -0.4543033362093239
3, 0, 1.616421183923936
2, 1, -1.146927759373394
4, 0, -0.951884233907045
3, 1, 0.3447190472285338
-1, 2, 2.559615156609556e-15
0, 2, -0.2656131180028913
1, 2, -1.553769945038225
5, 0, 1.466262187717759
4, 1, -0.4662621877178109
2, 2, -0.09965282816861297
5, 1, 0.5501127916475019
3, 2, -0.5501127916476438
6, 0, 0.3545669372227198
-1, 3, -1.858801033691723
4, 2, -0.2515821166545096
0, 3, -1.957313317103286
6, 1, -1.645943946946111
7, 0, 0.2063915212909054
1, 3, 0.7936084787093179
5, 2, 1.388806951742072
2, 3, -1.388806951742047
7, 1, -0.1355670820033942
3, 3, -0.7343455365760276
8, 0, -0.4281517846417139
6, 2, 0.07561517876268188
4, 3, 0.6026088058486987
-2, 4, -9.047318990740242e-15
8, 1, 0.5210531074742654
-1, 4, -0.5210531074744139
0, 4, 1.152630085460799
9, 0, 1.612817443838001
7, 2, -0.3841403967822236
5, 3, -0.4174179282664952
1, 4, 0.4174179282664202
2, 4, -0.340824196094474
9, 1, 3.749062471865676e-14
6, 3, -1.85391832668128
10, 0, 0.3216291015207758
8, 2, -0.1022760388726619
3, 4, -0.7165000639267026
4, 4, 0.4324441831490263
10, 1, 1.88144936195109
7, 3, -1.881449361951019
9, 2, -0.1566070132108094
-2, 5, -0.1566070132108457
11, 0, 1.315443285221233
-1, 5, 0.3154432852210856
5, 4, -0.6462994535158987
0, 5, -0.5645936828582396
1, 5, -0.8008686021135092
8, 3, -1.549690196819096e-14
11, 1, -1.582535573690433
2, 5, 0.5858914025427733
10, 2, 0.1206689256494538
6, 4, -0.1206689256495623
12, 0, -1.538645840330374
3, 5, -0.7602548451968508
9, 3, 0.5572111704425416
7, 4, -0.9484434581624407
12, 1, 0.7058828697325662
4, 5, -0.7058828697327035
11, 2, 1.650538634550857
13, 0, 1.438696147100141
-3, 6, -6.978269175544605e-16
-2, 6, -0.4077336995932179
10, 3, 0.2118244674283359
5, 5, -0.6661278036375727
-1, 6, 0.2118244674283156
8, 4, 1.091742451577797
0, 6, -0.4293426706680159
13, 1, -0.3953678444512101
1, 6, -0.3953678444512257
12, 2, -0.3610428457094036
6, 5, 0.696235155509889
14, 0, 0.04527261229958848
2, 6, 0.1740804503482979
9, 4, 1.26541738029046
11, 3, -1.148951902529771
3, 6, -2.511546654104035
7, 5, 3.255307425812326e-14
14, 1, 2.250809413582228
13, 2, -2.250809413582539
10, 4, 0.3046390582913899
4, 6, -0.3046390582914573
15, 0, 2.370097261413364
12, 3, -0.7536760774898614
8, 5, -1.792641198353927
-3, 7, 1.012904330076813
5, 6, 1.993062228213225
-2, 7, -1.993062228213297
-1, 7, -0.5530752406340735
14, 2, -0.02973705463169634
15, 1, -0.9609750598372733
11, 4, 0.960975059837167
0, 7, -0.2499180765368659
9, 5, 0.1058383992074111
6, 6, -0.1610809424896292
13, 3, 1.78206188164422
1, 7, -1.782061881644271
16, 0, 0.8579678286678224
2, 7, -1.647796125518623
7, 6, 1.893607771359805
12, 4, -0.3281326261844181
15, 2, 0.5347690462396859
10, 5, -1.681696805613008
3, 7, 0.5347690462397191
16, 1, -0.03114637120003235
14, 3, -0.1733895113367298
17, 0, 0.1188312215221994
4, 7, -0.8811687784779325
8, 6, 0.1321840871413752
13, 4, 0.8444595109554798
11, 5, -0.8444595109552767
-4, 8, -2.689703307330874e-15
5, 7, 0.1641572491162199
-3, 8, -0.1641572491162058
16, 2, 0.1142945949266473
-2, 8, -0.1142945949265723
17, 1, -0.6847798253817619
-1, 8, -0.8844060987237814
15, 3, 0.8892139699668021
9, 6, -0.8892139699669598
0, 8, 0.5184460573489644
6, 7, -3.08422425404113e-14
18, 0, 0.3537764457980074
12, 5, 0.7477578263115392
1, 8, 0.7477578263112068
14, 4, -0.08426237252170167
10, 6, -0.09156190096978241
2, 8, 0.09156190096943903
17, 2, -0.8148423157303761
7, 7, 0.3605389795217465
18, 1, -0.8335317324336748
16, 3, -1.210805937407319
3, 8, 1.105777586176252
13, 5, -1.491808220147088
19, 0, 1.000000000000158
15, 4, -0.7296948669209038
8, 7, 0.7296948669207166
11, 6, -0.3520709576953453
4, 8, 1.479009113800331
18, 2, 8.300610718235972e-14
19, 1, 0.630939631527046
17, 3, -0.6309396315270214
5, 8, -0.6309396315270389
-4, 9, 0.6309396315270284
-3, 9, -3.004605367558825
9, 7, 0.2452796329446598
14, 5, -0.535614095066044
-2, 9, 0.5356140950659704
12, 6, -0.4066626628565405
-1, 9, 0.1431237848104268
20, 0, -1.395711859262742
16, 4, 0.4438276253555661
6, 8, -0.1571664834097473
0, 9, -1.95294957296763
10, 7, 0.4651529698676593
1, 9, -0.4651529698675337
19, 2, -0.07883090458566783
18, 3, -2.660538663394812
20, 1, -0.1607294571088261
15, 5, 0.5054485043374544
7, 8, -0.1607294571088012
13, 6, 0.06158857763425263
2, 9, 0.06158857763428663
17, 4, 5.114753142723909e-14
21, 0, 0.3336156271968653
3, 9, 1.282805556727131
11, 7, 0.8274774382553325
8, 8, 0.1945107841667803
4, 9, 0.1220212632249803
20, 2, 0.4127016797610286
14, 6, -0.4127016797609414
16, 5, 0.4703465642311904
19, 3, 0.4600751012071001
21, 1, -0.676200811257981
12, 7, 2.131910504692895
9, 8, -2.13191050469287
5, 9, 2.095201384842385e-14
-5, 10, 2.146466697108433e-15
18, 4, -0.03435222797976543
-4, 10, -0.03435222797977577
-3, 10, -0.7528489811806811
22, 0, 0.2885465133527955
-2, 10, 0.06919345070513246
-1, 10, -1.165771882149494
15, 6, 2.244896977176699
6, 9, -2.24489697717669
17, 5, 1.35297965825206
10, 8, -0.1417677645161539
0, 10, -0.1238453534862572
21, 2, -0.06626616621065412
20, 3, 0.8676050096203811
13, 7, -0.8676050096205112
22, 1, -0.2737671909258817
1, 10, 0.2737671909254328
19, 4, 1.887778803125063
7, 9, 1.887778803123709
2, 10, -0.1756729806522763
23, 0, 2.414201042104026
11, 8, -1.414201042103667
16, 6, -8.283056422619859e-14
18, 5, -0.9102115943054611
14, 7, -0.2367161650679313
3, 10, 0.910211594305543
8, 9, 1.836347877605504
22, 2, -0.347134024838096
21, 3, -0.2191335031930806
4, 10, 0.128517073526886
23, 1, -0.5104950990765309
20, 4, -0.5236436932400765
12, 8, 0.523643693240219
9, 9, -0.7327083454320633
17, 6, -0.7575515840760058
5, 10, -2.278234118821918
-5, 11, -0.7244641737836918
15, 7, 0.7244641737836692
24, 0, -0.6920736146295563
-4, 11, 0.06831602725526841
19, 5, 0.174516263830813
-3, 11, 0.1745162638310031
-2, 11, 1.504618789642761
13, 8, 0.5611436159907125
23, 2, 0.1896343574049507
22, 3, -0.1896343574050614
10, 9, 0.1896343574049258
-1, 11, -0.189634357404982
6, 10, -0.1667642286867082
24, 1, -0.3819681089895126
21, 4, 0.3819681089894785
0, 11, -1.592861245363614
18, 6, 0.1222259767782809
16, 7, -0.8512383829851221
1, 11, -0.9330535669044607
7, 10, 0.5857066566524625
25, 0, 0.2174004276953264
20, 5, 0.7825995723047798
11, 9, -1.248861760022478
14, 8, -0.2080439772963275
2, 11, -0.5593581869190463
23, 3, 0.7203169835777741
24, 2, 0.1548375693465855
8, 10, -0.1548375693466507
3, 11, 1.330222421715656
22, 4, 0.3620507045074573
17, 7, 0.3332459574497362
25, 1, 0.96976629343666
19, 6, -0.9697662934366745
12, 9, 0.9740696393930715
15, 8, 6.152391207126086e-14
4, 11, 2.499902080278145e-14
21, 5, 0.1554856496069601
9, 10, 0.1554856496069028
26, 0, 0.3155824060860187
-6, 12, -1.973684410125257e-15
5, 11, 1.916281464249534
-5, 12, 1.916281464249515
-4, 12, 1.769363397941137
13, 9, 0.3607908329939139
24, 3, 0.8422412808708153
-3, 12, -0.8422412808708875
25, 2, -0.7094518779997105
18, 7, 0.7094518779997191
20, 6, 0.04646434567404332
10, 10, -0.1461171738425661
-2, 12, 0.04646434567404888
23, 4, 0.1787669448534119
16, 8, 0.4910591670307057
26, 1, 0.3255083694360248
6, 11, -0.3255083694359193
-1, 12, -0.1472814331796267
22, 5, -1.107697542889647
0, 12, 1.863135687366753
14, 9, -0.4156838712689281
27, 0, 0.9905710980976108
11, 10, -0.6407641213217469
7, 11, 0.640764121321753
1, 12, -0.3489642370959404
19, 7, 0.5890152930417614
25, 3, 0.9205873739431893
17, 8, -0.9205873739432453
21, 6, -0.6209326749595619
26, 2, -0.08672514755288166
2, 12, -0.08672514755277774
24, 4, 1.566748092992668
8, 11, 1.53096518488807
27, 1, 1.62311082827661
12, 10, 0.152721313684223
15, 9, -0.6747231817995112
3, 12, 0.6747231817996179
23, 5, 0.6665422498412559
28, 0, -0.1964608351295297
4, 12, -0.7554233987780991
20, 7, 1.148463673727507
9, 11, -1.148463673727762
18, 8, 0.2775731778939977
22, 6, -0.2520261186549015
26, 3, -0.5673882291829858
13, 10, -0.5673882291831933
27, 2, -0.6911487674708288
-6, 13, 0.6911487674714187
25, 4, 0.8547487220444092
16, 9, -0.8547487220413048
5, 12, -0.8547487220443143
-5, 13, -0.8547487220462126
-4, 13, -1.518119117457033
10, 11, -1.998625903898104
-3, 13, 1.998625903897579
28, 1, -1.67972417236081e-13
24, 5, 0.4005802825945241
-2, 13, 0.2192932543491779
6, 12, -0.5509154505606498
21, 7, 0.0711470885754818
19, 8, 0.2735719586530059
-1, 13, -0.2735719586527902
14, 10, 1.374223908263907e-13
29, 0, 1.912859226937799
0, 13, -1.742107289851362
23, 6, -0.1433069368607204
11, 11, -0.5976102730699324
17, 9, 0.1433069368607971
7, 12, -0.1550972327522482
27, 3, -9.323033454008511e-14
1, 13, 1.2590025287764
28, 2, 0.4937219383059349
26, 4, -0.4937219383060277
29, 1, 0.2936159979223692
25, 5, 0.2564967937250873
15, 10, -0.2564967937251304
2, 13, -0.2936159979225764
20, 8, -1.321983441303764
8, 12, 1.321983441303717
12, 11, 0.305438613540139
22, 7, 1.209548558243631
18, 9, -1.849785097139146
3, 13, -3.254069354898503e-14
30, 0, 0.5198880930645311
24, 6, -0.165321155841656
9, 12, -1.158165881613668
28, 3, 0.4405812845663014
4, 13, 0.4405812845662099
16, 10, -0.3932213370877304
27, 4, 0.3638372778053109
13, 11, -0.3638372778053439
29, 2, 1.174432329949704
21, 8, 1.159278955309779
26, 5, -1.577533203809519e-13
-7, 14, 7.922834692305405e-15
-6, 14, 0.2221836669716463
30, 1, 0.4787482091890148
23, 7, -0.4787482091889471
5, 13, 0.4787482091889668
-5, 14, 0.4787482091889287
19, 9, 0.5419120206281168
10, 12, 0.4371843038064284
-4, 14, -0.4371843038064789
-3, 14, 1.429773729347888
25, 6, -0.8430663711091718
14, 11, 0.8430663711092372
-2, 14, -0.1213187479078274
17, 10, 0.7189511907974342
6, 13, 0.7189511907974047
31, 0, 1.483935928314266
-1, 14, -0.9698325861518194
29, 3, -0.2661724188315119
11, 12, 0.2661724188315042
28, 4, 0.1290441679958041
30, 2, -0.2107928225037078
22, 8, 0.2107928225036488
0, 14, -0.05482029549924633
20, 9, -1.532285220441931
7, 13, 1.532285220441987
27, 5, 2.888149179955894
24, 7, -2.888149179956013
15, 11, 1.391257972797131
1, 14, -1.39125797279716
31, 1, 0.01491477057292318
18, 10, 0.02321597701178142
12, 12, 0.6990119385067101
26, 6, 0.3909007315666859
2, 14, -0.3909007315666896
8, 13, 1.148421151887127
32, 0, 0.616349655513209
3, 14, -0.3942042003733399
23, 8, 0.286580631742686
30, 3, 3.041214605137678
21, 9, -3.041214605137748
29, 4, -0.04673255534384496
16, 11, -0.04673255534374417
31, 2, 0.3453863125417328
9, 13, -0.3453863125418372
25, 7, -4.471771342034262e-15
13, 12, 8.163972270295942e-14
28, 5, -1.643538955485914
19, 10, 1.040450523311281
4, 14, -0.3614491267518071
32, 1, 0.5527535526677482
-7, 15, -1.263780325935644
27, 6, -0.253142893705049
-6, 15, -0.2531428937049278
-5, 15, -2.725489670192888
10, 13, 0.8666886365011153
5, 14, -0.8666886365011183
17, 11, 2.557418235982166
-4, 15, 2.557418235982223
14, 12, 0.4153686641015779
22, 9, 0.08587559055950882
24, 8, -0.147592075270898
33, 0, 2.126310392481841
-3, 15, 0.5098892085577525
31, 3, 0.4308810272492131
-2, 15, -0.4308810272490592
30, 4, 0.1173032281019507
20, 10, -0.3688853447563867
6, 14, 0.1173032281019298
26, 7, 0.9823579290340139
32, 2, -0.006832051913150363
11, 13, 0.505689954644335
29, 5, 0.8217738129100877
-1, 15, -0.8217738129100507
0, 15, -0.9126211892815722
15, 12, -1.044692127821506
33, 1, -1.233085002345827
18, 11, 1.233085002345735
7, 14, -0.3206849426926138
28, 6, -0.03803352034277164
23, 9, -0.7498452082187124
1, 15, -0.7498452082186994
25, 8, 2.170696923068394
12, 13, -2.170696923068411
21, 10, 0.7873174298853057
34, 0, 0.02606599237899147
8, 14, -0.1932870702688402
2, 15, 8.694661796278332e-14
27, 7, 0.02661454658968494
32, 3, -1.226518901093377
31, 4, 1.226518901093464
16, 12, -0.5736138215010486
33, 2, 0.7674414255639482
30, 5, -2.413385372510017
19, 11, 0.7674414255639436
3, 15, -1.294540973995529
13, 13, -0.653604459419019
9, 14, 1.688721285206994
34, 1, 0.6697150127823699
29, 6, -0.6697150127823239
24, 9, 7.095938808438289e-14
4, 15, 0.296193136665259
26, 8, 0.1852347800103002
22, 10, -0.1852347800101226
17, 12, 0.8765287829181889
-8, 16, -1.145997197819772e-14
-7, 16, 1.136565952878001
10, 14, 0.03600839534954864
-6, 16, -0.03600839534941138
14, 13, 0.4261693628238382
35, 0, 0.3026240835341107
28, 7, -0.09623256224326479
20, 11, -0.3700296254743937
5, 15, 1.163638104183745
-5, 16, 0.3700296254743266
32, 4, -0.4959822380331064
-4, 16, 0.495982238033103
33, 3, -2.558044025626468
31, 5, 0.2077307334037912
-3, 16, 0.2077307334036665
34, 2, -0.1502085519367284
6, 15, 0.9470472745490824
-2, 16, -0.1939971863794027
25, 9, -0.1281589911650378
11, 14, 0.1281589911649473
23, 10, -0.2914386794251456
30, 6, 0.1950518076614769
18, 12, -0.1950518076613353
35, 1, 2.15788650107687
27, 8, -2.157886501076927
15, 13, -2.157886501076868
-1, 16, 2.157886501076946
21, 11, 0.1896176585346718
7, 15, -1.056317828793398
0, 16, -1.038907354963533
29, 7, -1.087106180238194
12, 14, -4.092109028064244e-14
36, 0, -1.535215496959278
1, 16, 0.07366465119506754
33, 4, -0.3199367216890818
34, 3, 0.8115771393247245
32, 5, 0.1796169307641487
8, 15, 0.1796169307642671
19, 12, 0.17961693076402
16, 13, -0.179616930764211
35, 2, 1.995305018534077
26, 9, -1.995305018534428
24, 10, 0.1640229693200858
2, 16, 0.1640229693200508
31, 6, -0.580020263876417
28, 8, 0.3656571873047644
22, 11, -0.3617906603276928
13, 14, -0.7851370990462554
36, 1, -0.3163019539338522
3, 16, 0.3163019539340503
9, 15, -1.228892036955988
30, 7, -2.292956653323339
17, 13, 2.292956653323541
20, 12, 0.3973335448675522
4, 16, -0.3973335448670554
37, 0, 0.8584325621998848
34, 4, -0.1787381575307026
14, 14, 0.07908532936246496
-8, 17, -0.7544417581209393
35, 3, 0.7412587841055422
25, 10, 0.6475481676362027
10, 15, -0.6475481676363948
-7, 17, -0.7412587841051843
27, 9, 0.5559688925938993
33, 5, -0.5748833375632145
-6, 17, 0.5748833375630578
5, 16, 0.03771492710874725
-5, 17, 0.03771492710873747
23, 11, 9.741678523622639e-14
36, 2, -0.1828377383236022
29, 8, 0.5219726824633169
-4, 17, 0.5219726824631905
32, 6, -0.2655939906425145
18, 13, 0.2106400575536346
-3, 17, 0.2106400575534156
37, 1, -0.1324205115809598
11, 15, -0.1324205115810222
6, 16, 0.242555700135422
21, 12, -1.533084097527631
15, 14, 0.2099561691966244
-2, 17, -0.2099561691966168
31, 7, -1.016780574032018
-1, 17, -0.1012133494964799
26, 10, -0.3272327019723575
28, 9, 0.9185384313744491
7, 16, -0.918538431374271
38, 0, 0.2193530626481905
35, 4, 1.06700122584584
24, 11, -1.067001225846091
0, 17, -0.1438919105281006
36, 3, 1.141004024004658
12, 15, -1.141004024004761
34, 5, -0.1691700401519668
19, 13, 0.3541216717507593
30, 8, -0.1600608038577006
16, 14, 0.1600608038573943
37, 2, -1.524350347203819e-14
1, 17, -1.207388256676247e-13
33, 6, 2.6679656137725
22, 12, -0.07722784283974617
8, 16, 0.6652493748905021
2, 17, 1.138655641609178
38, 1, 0.672515045532926
13, 15, 1.413054755418199
32, 7, -0.3027517174240708
27, 10, 0.7890450555628135
25, 11, 1.022550225761638
20, 13, -1.022550225761718
9, 16, -1.022550225761633
3, 17, 1.022550225761536
29, 9, 1.815053979661374
17, 14, 1.815053979661245
36, 4, -5.49553755268114e-14
39, 0, 2.325538929402426
37, 3, 0.06320980423734092
35, 5, -0.1987768862406308
23, 12, 0.06320980423736293
31, 8, -0.671975113554561
4, 17, 0.6719751135545791
14, 15, -0.68795343215773
-9, 18, 1.648799601940544e-15
38, 2, 0.1383985405213667
34, 6, -0.1383985405213861
10, 16, -0.1383985405214238
-8, 18, 0.1383985405214245
-7, 18, 1.610111917343049
-6, 18, -0.6590693894222414
5, 17, 0.8291951904820132
-5, 18, 0.829195190482108
18, 14, 0.05380283869142306
21, 13, -1.288747754451792
28, 10, -0.1174885921501637
-4, 18, 0.1174885921500338
39, 1, 1.070921274711818
33, 7, -1.070921274711834
26, 11, -0.4923031098102381
30, 9, 0.3423975564246692
15, 15, -1.076743093000749
-3, 18, 0.3423975564247423
11, 16, 2.600770654241807e-13
6, 17, 1.122571155827834
24, 12, 1.764715626119262
-2, 18, 0.0313946405359318
37, 4, 1.080547809219873
40, 0, -0.6277827724240921
32, 8, 0.1996309877824245
36, 5, 0.311304567565416
38, 3, 0.8144028770385251
-1, 18, -0.8144028770385187
19, 14, -0.2685581578977425
7, 17, -1.598651057521951
35, 6, 3.152382841537754e-14
22, 13, 7.601262242273203e-14
12, 16, 0.6820251144449923
39, 2, -0.9445156639306701
0, 18, -0.4283854700273615
16, 15, -0.6096911848489394
29, 10, -0.4601658164146873
27, 11, 0.4601658164146256
34, 7, 0.8719573861536213
1, 18, -0.8719573861535924
40, 1, -0.9054548195500531
31, 9, 0.9054548195499846
25, 12, -0.9054548195500046
8, 17, 0.9054548195499547
13, 16, -0.6815906652906095
20, 14, 0.102032728540235
2, 18, -0.1020327285400485
17, 15, -0.3887537602098734
33, 8, 0.2512639269948359
23, 13, -0.2512639269949175
38, 4, -0.0172918003521591
37, 5, -0.9363154511432392
9, 17, 0.9363154511432307
41, 0, 1.348791650810705
39, 3, -0.6390809592132608
3, 18, -0.6390809592132578
36, 6, -0.5835973041086581
28, 11, -0.4665166806449526
40, 2, -0.03525649867445274
30, 10, 0.1108716774372092
14, 16, -0.03525649867449576
26, 12, 0.01350964312809818
4, 18, 0.01350964312818782
35, 7, -0.4365741756980631
21, 14, 0.4365741756981808
10, 17, 0.9866869673456761
-9, 19, -0.9866869673456958
32, 9, -0.2469912193759574
-8, 19, 0.2469912193759899
18, 15, 1.125409254358815
-7, 19, 1.081773194436085
41, 1, 1.087796130362454
-6, 19, 1.087796130362449
24, 13, 0.3439261663974041
5, 18, 1.009317853753465
-5, 19, 1.009317853753429
15, 16, 1.466156599087385
-4, 19, -1.466156599087382
34, 8, 9.621781789293804e-14
11, 17, 0.4237847889254039
39, 4, -0.0480827378588715
-3, 19, 0.04808273785897747
38, 5, -0.5407715864946055
42, 0, 0.07317960957284127
6, 18, 0.2813873276497596
40, 3, -1.338978489457104
29, 11, 1.338978489457052
37, 6, 0.8095966581623255
31, 10, -0.8095966581623119
19, 15, -0.8095966581623308
-2, 19, -0.8095966581623496
22, 14, 0.1815097103532837
27, 12, 2.045447460006748
41, 2, 0.5265682051533442
-1, 19, 0.8766543438553269
33, 9, -1.857190194558717
16, 16, -0.3897776469238863
36, 7, -1.893048577884432
12, 17, -1.893048577884348
25, 13, 1.806420334562362
7, 18, -1.80642033456244
0, 19, -1.210893136374102
42, 1, 0.9469877706534903
35, 8, -0.2809737001529816
20, 15, 0.8835825060017442
1, 19, -0.2809737001530012
8, 18, 0.02676573779653218
23, 14, -0.7529957154737418
30, 11, 0.4263203061899333
13, 17, -0.4263203061899239
40, 4, -1.790921984535565
28, 12, 1.790921984535494
39, 5, 0.7485992772159903
17, 16, -0.7485992772158727
32, 10, 0.1031719593700152
2, 19, -0.4012647518144947
43, 0, 3.455141282853032
41, 3, -2.455141282852917
38, 6, 0.1009188824977729
26, 13, -1.650080548412569
9, 18, -2.505947271068542
34, 9, 0.1987908462945854
42, 2, -0.1483267189144261
3, 19, 0.6726183889014503
37, 7, -0.04041197052865934
14, 17, -1.38774862095435
21, 15, -2.61723884939296e-14
24, 14, 0.4676410984955023
18, 16, -0.4676410984955548
43, 1, -0.8602723280007389
4, 19, 0.8602723280005103
10, 18, -2.787856795046763e-15
-10, 20, -5.037752456041643e-15
-9, 20, 1.360752576765871
36, 8, 0.1490717467947692
-8, 20, 0.1490717467947368
31, 11, -1.123421068114794
29, 12, 0.5968658031952975
-7, 20, -0.5968658031952424
-6, 20, -0.1651397297332961
33, 10, -2.67039866623721e-14
41, 4, -0.2429473618081993
40, 5, 0.7640004692824512
27, 13, -0.2429473618082383
15, 17, 0.2429473618081151
5, 19, -0.2429473618081164
-5, 20, -0.7640004692824537
42, 3, 3.638256017089527
39, 6, -3.638256017089507
44, 0, -1.252149723800766
-4, 20, -0.300265489893728
22, 15, 0.01414990034683178
11, 18, 0.01414990034695161
35, 9, -0.297007424025114
19, 16, 0.2970074240250181
-3, 20, 1.611834688937191
43, 2, -0.6485714314606386
38, 7, 0.6485714314606872
25, 14, 0.6485714314607014
6, 19, -0.6485714314606383
-2, 20, -0.255715632698246
16, 17, -1.132618902951659
30, 12, 0.4924250272726419
12, 18, -0.4924250272725755
32, 11, 0.07877143346396751
-1, 20, 0.07877143346407664
44, 1, -0.173307608678762
37, 8, 0.173307608678818
7, 19, 1.389770722217745
28, 13, 1.89249522885883
34, 10, 0.2967802317378364
23, 15, 0.1024939171834189
20, 16, 0.6152022601844648
0, 20, 0.5374278252763149
41, 5, 0.8826609131811403
42, 4, -0.01453568650825302
40, 6, 0.1903118160287791
26, 14, -0.1903118160288869
1, 20, -3.059482309981648
8, 19, 3.059482309981708
43, 3, 0.4003179158260763
17, 17, -0.0539854203833502
13, 18, -0.4003179158258068
45, 0, 2.364813233591084
36, 9, -0.7519957897532873
39, 7, 0.2865310722440521
44, 2, -0.06005167178207035
2, 20, 0.06005167178214543
31, 12, -0.1599912921518035
33, 11, 0.4534583559647203
21, 16, 0.1087393087361416
9, 19, -0.1087393087361747
24, 15, -2.897663208194236
29, 13, -1.895079083975665
38, 8, 0.4140900620671166
14, 18, 0.4140900620671567
3, 20, 1.397225270807019
45, 1, 0.1791101417944569
35, 10, -0.5632505385766178
18, 17, 0.1791101417944675
27, 14, -1.712130733049134
10, 19, 0.09545580129708828
-10, 21, 0.09545580129697906
4, 20, 0.762334195782845
-9, 21, 1.637280016424154
42, 5, -1.488534615064772
43, 4, -0.7985314269058799
-8, 21, 0.7985314269058958
41, 6, -1.475160260570842
37, 9, 1.475160260571031
-7, 21, -0.3836407731206338
44, 3, -0.01549559028570784
15, 18, 3.221628006562589
-6, 21, -3.221628006562574
46, 0, 0.5295623924331436
22, 16, -0.3102093297852042
40, 7, -0.2227917318404286
25, 15, -0.1946261964261393
5, 20, 0.1946261964260832
-5, 21, -0.2227917318403853
32, 12, -1.349599711106193e-14
19, 17, 0.6551237759000414
45, 2, -0.07457718593641088
34, 11, 0.07457718593638374
30, 13, -0.07457718593647526
11, 19, 0.074577185936332
-4, 21, 0.4859823614303225
-3, 21, -0.8940025352649817
39, 8, -0.2885265521623862
36, 10, -0.1996577008685625
28, 14, -0.05192441578584101
6, 20, 0.1996577008685426
16, 18, 0.4028085310397397
46, 1, -1.451342320648453
-2, 21, -1.451342320648507
23, 16, 0.3110977592396557
12, 19, 0.311097759239624
20, 17, -3.902860692886851e-14
-1, 21, 1.46527617872821e-14
43, 5, 1.317764831196084
7, 20, 1.317764831196178
38, 9, 0.4017886412140764
26, 15, -0.4017886412139536
44, 4, 1.506390662192973
42, 6, -0.04806760505411392
45, 3, -1.553340443943277
33, 12, 1.553340443943388
0, 21, -0.403972873159854
47, 0, 2.70913147648812
31, 13, 1.709131476488126
41, 7, -0.8277465976917164
35, 11, -1.001986750487834
17, 18, 1.001986750487703
13, 19, -0.1492036654119447
8, 20, -0.5577007888621303
29, 14, -0.2760746614758318
1, 21, 0.276074661475858
46, 2, -0.111978663449281
37, 10, -0.4467987380862977
40, 8, -0.2355317734982197
24, 16, 0.2355317734982874
21, 17, -0.1784670333428226
2, 21, 1.296798263791707
27, 15, 0.1710794305514306
47, 1, -1.118192016307734e-13
9, 20, -9.399901204765945e-14
14, 19, 0.1877717542742001
18, 18, -0.1607218195982238
39, 9, 2.880562576552931
3, 21, -2.880562576553031
44, 5, -0.7162143638543796
34, 12, -0.1661712600808065
45, 4, -0.1477547101308425
32, 13, 0.147754710130786
43, 6, -0.5472277783429317
36, 11, -0.498544908206586
46, 3, 2.495429314402226e-14
-11, 22, -7.551383917323139e-15
10, 20, -0.4997376313926157
-10, 22, -0.1589134352981814
30, 14, 0.1589134352982109
42, 7, -0.33970887516968
-9, 22, -1.306235071776323
22, 17, -1.306235071776215
48, 0, 1.386837373383868
25, 16, -0.5695394263446443
4, 21, 0.5695394263446704
-8, 22, 0.0149853298063429
-7, 22, 0.557101782268222
15, 19, -0.5571017822684202
47, 2, 1.113276264946918
19, 18, -1.113276264946946
38, 10, 0.03828067695302752
-6, 22, 0.03828067695320288
41, 8, -0.5455301551678738
28, 15, -0.5455301551679497
-5, 22, 0.8188069211627756
5, 21, 0.8188069211628854
11, 20, 0.9208921237017059
-4, 22, 0.3300427396256936
48, 1, -1.965862710147218
-3, 22, -0.201967926064086
33, 13, 0.2019679260640566
40, 9, 2.581515797496195
35, 12, -2.581515797496161
23, 17, -2.581515797496228
16, 19, 2.581515797496145
6, 21, -2.663532564076124
26, 16, 0.1230885707528547
45, 5, -1.169444309309467e-14
31, 14, 9.722703552425481e-14
46, 4, 0.04159687707977393
44, 6, -0.04159687708002576
20, 18, 0.04159687707983717
-2, 22, -0.04159687707995869
37, 11, 1.40774698165096
12, 20, 0.7236746008938443
47, 3, 0.9116196640377202
43, 7, -0.9116196640376728
-1, 22, 1.182009069369105
49, 0, 0.6298144174790155
29, 15, -0.423422896188124
7, 21, 0.3701855825210572
39, 10, -1.441886580217849
17, 19, 0.9300868996356586
48, 2, -0.08378587454068853
42, 8, 0.08378587454074167
0, 22, -0.3493989925436333
24, 17, 0.378676246880731
13, 20, 0.3786762468806754
8, 21, -1.171618474413063
21, 18, 3.060867715668901
27, 16, 0.1117379640480101
34, 13, 0.5500731768661111
1, 22, 0.5500731768661979
36, 12, -0.530400528101
32, 14, -0.1867217463511315
49, 1, 1.411625170672764
41, 9, -1.411625170672803
38, 11, 0.2369112527213437
2, 22, -0.204668157515011
46, 5, -0.5023584465052152
18, 19, 0.5023584465054175
45, 6, 0.8644120148485176
30, 15, -2.718330341530006
9, 21, 0.8644120148485154
14, 20, 0.1284765489499088
47, 4, 0.5389859769229558
44, 7, -6.490108703673579e-14
48, 3, -0.05034565420981069
3, 22, 1.638313781831293
25, 17, -1.638313781831189
50, 0, 0.04768744963586974
40, 10, 0.1716656130121017
22, 18, -0.2739416518847052
28, 16, 0.9028083745768446
43, 8, 0.6777334513972736
-11, 23, -0.6777334513971532
10, 21, 0.0802412458382903
-10, 23, 0.0802412458381697
49, 2, 2.056029952988547
-9, 23, 2.056029952988545
4, 22, -0.1226969314177823
35, 13, 0.334076887306323
15, 20, -1.050576951232873
-8, 23, 0.3340768873063058
19, 19, -0.4543033362091891
33, 14, -0.2771777657402154
37, 12, -0.2620743258869285
-7, 23, 0.2620743258870306
-6, 23, -0.5393839511375937
42, 9, -0.2802704791949431
31, 15, 0.2253311688593621
50, 1, -0.33150281245688
39, 11, 0.3315028124568217
5, 22, 0.3315028124567996
-5, 23, 0.3315028124568349
11, 21, -1.558673911410195
23, 18, 1.161728093754417
26, 17, -1.161728093754422
47, 5, 0.1599470106634033
-4, 23, -0.1599470106633077
46, 6, 0.1580037364249784
48, 4, -0.6719187746833226
16, 20, 0.6719187746834564
45, 7, -2.28589839569626
29, 16, 2.285898395696232
20, 19, -2.285898395696321
-3, 23, 2.285898395696369
6, 22, 0.2917883622061418
41, 10, 1.864992106056281
49, 3, 1.290065401410439
51, 0, 0.1920813037800796
12, 21, -1.424339880143938
-2, 23, 2.723306546904093e-14
44, 8, -1.57112170368326
36, 13, 0.6114514069049385
34, 14, 0.07309852138163744
50, 2, 0.2127212065180335
38, 12, -0.2127212065180196
7, 22, 0.2519922321623798
-1, 23, -0.2519922321625245
24, 18, 0.2136651586331885
32, 15, 0.6343373465054117
17, 20, -0.6343373465053723
27, 17, 1.139795618935113
43, 9, 1.224092685467739e-13
40, 11, 1.712446335336588
21, 19, -1.712446335336607
0, 23, -2.923339471710721
13, 21, 0.06960864957578929
51, 1, 0.05906157516809564
30, 16, 4.852372362958576e-14
8, 22, 2.311730763465739e-14
48, 5, -0.3269465252479721
1, 23, -0.3269465252481686
47, 6, 0.2252294428641152
49, 4, -0.6707034246814537
46, 7, 0.7039469411048687
42, 10, 0.03410625343910322
18, 20, 0.03410625343898251
50, 3, -1.102168972192684
37, 13, 1.102168972192643
35, 14, 0.2866379795493457
25, 18, 1.102168972192709
14, 21, -0.2866379795494411
2, 23, -1.10216897219263
9, 22, 0.03919977278864037
52, 0, -1.369472179807484
45, 8, -2.223621040987716
28, 17, 2.223621040987717
22, 19, -0.3551524602601335
39, 12, 1.365002242474182
33, 15, -1.365002242474234
51, 2, -0.1114313555509668
3, 23, 0.1114313555510802
-12, 24, -4.063956587515561e-15
44, 9, 0.243331270309243
41, 11, -0.2433312703093349
31, 16, 0.2433312703093095
-11, 24, 0.2433312703093245
10, 22, 0.4203422080784561
-10, 24, 0.4203422080784645
19, 20, -1.153524341249878
15, 21, 0.2653472549659189
-9, 24, -0.2653472549660863
-8, 24, 0.7958489798687624
4, 23, -0.6474592627295898
52, 1, -0.1213889980585551
-7, 24, -0.1213889980585864
26, 18, 0.07914057419243122
49, 5, 0.5689721055163347
23, 19, 0.5689721055163424
48, 6, 0.1847482044475933
-6, 24, -0.184748204447603
43, 10, -0.06502161293035318
29, 17, 0.06502161293022367
50, 4, -0.155620442240578
36, 14, 0.155620442240597
47, 7, -0.4901262959405441
38, 13, 0.4901262959404729
11, 22, -2.043896240978812
5, 23, 0.618155011624282
-5, 24, 0.6181550116243555
34, 15, -1.928010169218252
16, 21, 1.523852617455679
51, 3, -1.106892616070752
40, 12, -0.2016323709010292
20, 20, 0.6340765540501608
-4, 24, -0.201632370901043
46, 8, 0.03921307685373136
53, 0, 1.999983867590396
32, 16, -0.9840271193482785
-3, 24, -1.429572753168407
6, 23, 1.519470820805221
52, 2, 0.07140125775343163
12, 22, -0.07140125775331875
42, 11, -3.529660961843162e-14
45, 9, 0.8872315064476792
27, 18, -0.8872315064476242
-2, 24, -0.03230663343915371
24, 19, 0.7054861230870413
17, 21, -1.195636438488197
30, 17, 0.9173140136068011
7, 23, -0.9173140136068441
-1, 24, 0.5105915385212001
21, 20, -0.5593092186881403
53, 1, 0.2231358180285647
37, 14, 0.2231358180285268
39, 13, 0.4959459650799085
50, 5, 0.8772486955836309
49, 6, 1.004200666367596
35, 15, -0.8772486955835751
13, 22, -1.004200666367492
44, 10, -0.2429768485203964
0, 24, 0.8380271898205575
51, 4, -0.08272340850757179
48, 7, 0.08272340850757445
41, 12, 1.889903118145174
8, 23, -1.889903118145184
33, 16, -1.122974183776145
52, 3, -0.211320546058553
47, 8, 0.2113205460585321
25, 19, -0.2113205460585081
1, 24, 0.2113205460583701
18, 21, 1.969707659684495e-14
28, 18, -0.09118153025605406
54, 0, 0.2172848041381892
22, 20, -0.1405535724468043
14, 22, 0.1405535724468688
43, 11, -0.2102550985286271
2, 24, -0.07654637416164348
31, 17, 0.03581314294968566
9, 23, 0.035813142949747
53, 2, -1.821932565237875
46, 9, 1.821932565237856
38, 14, 0.1292023084750913
36, 15, 1.208691590894118
3, 24, 1.208691590894015
40, 13, -0.6794849531233247
19, 21, 0.6794849531232159
-12, 25, -0.9870136379665453
-11, 25, 1.608000484204598
54, 1, 0.07301992859151574
45, 10, -0.2296269418023817
26, 19, 0.07301992859148781
15, 22, 0.07301992859164345
10, 23, -0.07301992859145645
-10, 25, -0.2296269418022737
50, 6, 0.2019336599093411
34, 16, -0.2019336599094055
51, 5, -2.171831318337609
-9, 25, 2.171831318337514
29, 18, -1.17616415564853e-13
42, 12, -0.1362034839504336
49, 7, -0.02797989629161525
23, 20, -0.1075871857117199
-8, 25, -0.1075871857117124
52, 4, 0.3763444177269252
4, 24, 0.3763444177269052
-7, 25, -0.5507041843201443
48, 8, 0.7047138383050231
-6, 25, -1.330422152319687
53, 3, 1.244365563888553
32, 17, -1.244365563888533
11, 23, -1.088431401157218
55, 0, 1.928784749206888
44, 11, -0.6133414639858626
20, 21, -0.1470792762680693
5, 24, 0.1470792762679934
-5, 25, 0.4625225614891719
16, 22, 0.3358219021125403
47, 9, 0.7867388408567695
-4, 25, 1.08045809583889
54, 2, 0.3560343311993575
39, 14, 0.03572263773279025
27, 19, 0.03572263773286573
37, 15, 0.8177389280797831
24, 20, -0.6627352676215765
41, 13, 3.962644888872823e-14
-3, 25, 2.733236418230819e-14
30, 18, -0.1480025963672875
6, 24, 0.1480025963671893
35, 16, 1.030758715374851
12, 23, -1.030758715374859
46, 10, 0.1462080838867651
-2, 25, -0.7859298936652199
17, 22, 1.944642031956349
55, 1, 1.129828160034003
43, 12, -1.129828160033836
51, 6, -1.31712838070491
21, 21, 0.5827828441287857
52, 5, 1.009014421753622
50, 7, -0.7092281704689931
33, 17, 0.7092281704689749
7, 24, -1.198744421586077e-14
53, 4, -0.3759257608371455
-1, 25, 0.3759257608372858
49, 8, 0.1988652437362518
13, 23, 0.1988652437361219
28, 19, 0.1797719412266165
54, 3, -1.347338349777833
45, 11, 0.8659386799753728
25, 20, -1.51223813349122
0, 25, 0.3013449971171261
56, 0, -0.08836689817583014
8, 24, -0.3397848864659697
38, 15, -1.120129871223195
31, 18, 1.120129871223429
40, 14, 0.2519190241719468
18, 22, -0.2519190241721824
48, 9, -1.957172366846022
22, 21, 2.458896211353975
1, 25, 2.45889621135392
36, 16, -1.204530853610484
55, 2, 0.6773229893147615
42, 13, -0.6773229893149093
14, 23, -0.5932274985615523
9, 24, 1.787402315003488
47, 10, 1.010636932729276
34, 17, -0.1362908266441469
2, 25, -1.010636932729198
44, 12, 1.093669201535621
52, 6, -0.1244583457816217
26, 20, -0.1244583457816633
56, 1, -0.9103404523272525
29, 19, 0.9103404523273582
53, 5, -0.05543466697150562
19, 22, 0.05543466697159148
51, 7, 0.4296286312168159
3, 25, 1.896105452480559
-13, 26, 1.863214328086709e-14
54, 4, -0.1516055988901188
-12, 26, 0.1516055988901406
15, 23, -0.8722268914280477
-11, 26, 0.8722268914279537
23, 21, 1.359053529133724
50, 8, 0.1874917499746762
32, 18, -0.1874917499745397
10, 24, -0.1874917499745789
-10, 26, -0.1874917499746425
46, 11, -0.2136800133048447
-9, 26, -0.2136800133047731
39, 15, -2.411390409397491
55, 3, -1.610757200306268
41, 14, 1.610757200306382
-8, 26, -0.3330040778778329
37, 16, -0.2090136533852082
4, 25, -0.2090136533853128
49, 9, 0.2400055194542935
-7, 26, 0.2400055194543404
57, 0, 1.616421183923835
43, 13, -0.3315290647945635
20, 22, -0.4384047131073857
-6, 26, 0.4384047131072965
35, 17, -0.4035252426001495
11, 24, 0.4035252426002675
56, 2, -1.160711480297431e-13
27, 20, 0.3072002845017965
16, 23, 0.3072002845020043
30, 19, 0.3734147464958841
5, 25, -1.174283348609118
-5, 26, -0.3734147464958616
48, 10, 0.08786851182363416
45, 12, -1.179494240691223
24, 21, 1.179494240691462
-4, 26, 0.04810264695963694
33, 18, -0.5690949542632762
53, 6, -1.273314934928094
57, 1, 0.9685340547812563
54, 5, -0.9685340547814405
6, 25, -0.9685340547814797
-3, 26, 0.9685340547815149
12, 24, 2.390701662763434
52, 7, -0.7801278435791524
21, 22, 0.09850030010572983
55, 4, 2.593066836689905e-14
40, 15, -9.48367651597233e-15
17, 23, -8.30280040831104e-14
51, 8, -0.4164278742540026
47, 11, -1.146359295879976
42, 14, 0.01560633177749914
38, 16, 0.06000884698544237
-2, 26, -0.06000884698514448
28, 20, -3.298716703947447e-14
56, 3, 0.4362134736801184
7, 25, 0.4362134736801821
44, 13, 0.3420218038120538
36, 17, -0.3420218038119759
50, 9, -0.1882765059136138
31, 19, 0.1882765059136816
25, 21, -0.1882765059136206
-1, 26, 0.1882765059136464
13, 24, 0.9534897056298722
58, 0, 0.4195915298431439
0, 26, -0.3821365694901268
57, 2, -0.3960656051514811
18, 23, -0.3960656051514616
46, 12, -0.03143481549930068
22, 22, -0.131087643667806
34, 18, 0.03143481549912135
8, 25, -0.5509595396147832
49, 10, -1.51367181635744
1, 26, 1.206552651091134
14, 24, -0.03402105301239158
54, 6, -1.56050701368399e-13
41, 15, 0.7853929907891684
29, 20, 0.7853929907891511
55, 5, -2.320412072420538
53, 7, 0.7378764987301104
39, 16, 0.7378764987301257
58, 1, 1.181261129035754
26, 21, -1.181261129035682
43, 14, -0.9918603163632108
9, 25, -0.9918603163630917
2, 26, 0.276166060568493
48, 11, 0.5296140553196222
32, 19, -0.5296140553196634
56, 4, -2.142509994318361
52, 8, 2.142509994318339
37, 17, 1.014349905185217
19, 23, -1.014349905185182
45, 13, -0.4368791433391458
23, 22, 0.4368791433390567
-13, 27, 0.6712415866603084
57, 3, 1.019864186177426
51, 9, -1.019864186177302
15, 24, -1.019864186177305
-12, 27, 1.019864186177388
3, 26, -1.706463469760579
-11, 27, 0.2216883896960137
35, 18, -0.2731790071145387
10, 25, 0.8590704096573935
-10, 27, 0.2731790071146906
59, 0, 0.03643345045300463
-9, 27, -2.997906731761604
47, 12, -0.6146631725671372
-8, 27, -0.6146631725671661
58, 2, 0.06440556838677496
50, 10, 0.0562633572626889
30, 20, -0.05626335726268326
4, 26, -0.06440556838679097
27, 21, 0.3964751946769164
20, 23, -0.2164676665336214
-7, 27, 0.2164676665336286
42, 15, -0.8657779696728503
-6, 27, 0.8657779696729727
40, 16, -0.5946201749110479
16, 24, 0.5946201749109081
33, 19, 0.0301049403872399
11, 25, 0.03010494038748717
24, 22, 0.06699889533109912
44, 14, 0.2653181806720387
55, 6, 0.3941558503822604
38, 17, -0.3941558503823874
5, 26, -0.3941558503824424
-5, 27, -0.3941558503823091
54, 7, 1.668066103742597
56, 5, -1.661616507275881
59, 1, 0.1783420765525072
49, 11, -0.1783420765525415
53, 8, 1.575112340289412e-13
-4, 27, -1.600702136065923e-14
57, 4, 0.8303407342313129
46, 13, 1.104931168668084
36, 18, -0.4057560262979474
21, 23, 0.7140405666213475
12, 25, -0.714040566621663
6, 26, 4.510976148234564e-14
-3, 27, 0.2313483176907913
52, 9, 0.478235457666358
28, 21, 0.1243733481824287
17, 24, -0.4782354576663335
31, 20, -0.4320182665793855
58, 3, -0.5040678005445791
25, 22, 1.341303351863261
-2, 27, -1.341303351863318
60, 0, -2.256058215965606
48, 12, 0.7174123756353427
34, 19, -0.6415426235342235
51, 10, 1.473662939860735
7, 26, -1.473662939860724
41, 16, -1.09109963935496
59, 2, -0.8576242082846086
43, 15, -0.8576242082846693
13, 25, 0.8576242082847059
-1, 27, -0.8576242082847325
39, 17, -1.431353361219933e-13
45, 14, 0.5033487466209204
22, 23, -0.5033487466208302
18, 24, -0.2540472331860927
0, 27, -1.199475743776943
56, 6, 0.0966428541149129
8, 26, 0.09664285411492674
55, 7, -0.775896876543402
50, 11, 0.7758968765432365
37, 18, 0.7758968765430969
29, 21, -0.7758968765433332
57, 5, 1.223703332178655
32, 20, 1.706386893765398
60, 1, 0.4225583995394862
47, 13, -0.4225583995396388
54, 8, 0.07980882119211252
26, 22, -0.07980882119208399
14, 25, -0.5889526593509378
1, 27, 1.112698418445993
58, 4, 0.2576153284471377
53, 9, -0.9478120060532134
35, 19, -0.7132345755635847
9, 26, 0.7132345755637592
19, 24, 0.581662688458222
59, 3, 0.6424762514983621
23, 23, -1.096779587707797
2, 27, -0.6424762514982831
49, 12, 0.075145360290544
42, 16, 0.254291389310492
61, 0, 0.01837843372258739
44, 15, -0.9816215662772109
52, 10, -2.992212043236216e-13
-14, 28, -4.98565283411655e-15
40, 17, 0.354478087344214
15, 25, -1.114732932540337
-13, 28, 0.3544780873440866
-12, 28, -0.9641676622560261
-11, 28, -1.078476516421259
30, 21, 0.7518831142591078
3, 27, -0.7518831142592404
60, 2, 0.1050148859227002
46, 14, -0.1050148859228266
10, 26, 0.1050148859227807
-10, 28, 0.1050148859226835
27, 22, -1.667759854528225e-14
38, 18, 0.1188700614107
33, 20, -2.564557323489249
-9, 28, -2.564557323489318
20, 24, -1.897164512231814
-8, 28, 1.897164512231751
51, 11, 1.885458085156409
4, 27, 0.02637671144249463
57, 6, -0.1274239441201062
56, 7, -0.4135121639492862
48, 13, 0.9345652714236082
24, 23, 0.9345652714238033
-7, 28, 0.413512163949427
58, 5, 0.6637852364373431
16, 25, -8.432182517122878e-14
55, 8, -1.853835234408553
36, 19, 1.853835234408608
61, 1, -0.8342589672368856
11, 26, 0.8342589672368894
-6, 28, 0.3136252464259621
59, 4, -0.9199554761744897
5, 27, -1.965413761534615
-5, 28, -1.965413761534475
54, 9, -2.654607109213871
43, 16, 0.9560006822459981
31, 21, 0.956000682245963
50, 12, -0.1849291905182454
28, 22, 0.1849291905182226
41, 17, -0.1987501654338275
-4, 28, 0.526463601723988
60, 3, -0.2598064993510619
45, 15, 0.8170176697934051
21, 24, -0.25980649935118
34, 20, 0.1577041455958271
12, 26, 0.1577041455957759
53, 10, 1.38870694082665
17, 25, 1.388706940826462
39, 18, 0.09955308157587948
6, 27, 0.09955308157567662
62, 0, 0.3255058906489588
25, 23, -0.8071114354362119
-3, 28, 0.8071114354361111
47, 14, 1.349361342719802
61, 2, 1.945980065474383
-2, 28, -0.2127357480281464
37, 19, 1.075603469826988
52, 11, 1.464715435375213
49, 13, -1.268247009278218
7, 27, 1.268247009278257
13, 26, -2.235402833406287
58, 6, -0.05838573526306805
22, 24, 0.05838573526301942
57, 7, -0.6179575659193391
-1, 28, -0.6179575659193031
29, 22, 0.2319196266289732
18, 25, 0.2319196266290587
59, 5, 0.6322735608609771
32, 21, 0.6322735608609507
56, 8, 0.05804328809843851
62, 1, -0.5492828504683784
26, 23, 1.378996479754916
60, 4, 0.914737008636576
44, 16, -0.9147370086365603
0, 28, 0.2378930768242873
42, 17, 0.3303382913571684
55, 9, 0.4422233217295816
35, 20, -1.3906667798919
8, 27, 0.4422233217294406
46, 15, -1.986994105003335
51, 12, -7.190829271146312e-14
40, 18, -0.3361114559539956
14, 26, 0.3361114559539602
61, 3, 1.710996259347923
1, 28, 1.710996259347759
54, 10, 0.6335243680072592
48, 14, -0.6335243680073818
23, 24, 0.3491674155977927
19, 25, -0.3491674155979557
63, 0, 0.3328718457979166
9, 27, 1.279945598039547
38, 19, -1.146927759373461
30, 22, 0.3051766972661255
2, 28, -0.3051766972663958
33, 21, 1.3375520604152
62, 2, 0.003271600603989872
50, 13, 0.6870465123771421
27, 23, -0.6870465123771834
15, 26, 0.6870465123770506
-14, 29, -0.6870465123770169
53, 11, 0.3441582119961357
-13, 29, 0.3441582119961475
-12, 29, -0.4292440589956708
-11, 29, 0.371024150549568
3, 28, 0.7481492325089264
59, 6, -0.8369072987437406
58, 7, 0.8369072987437
10, 27, 0.8369072987440803
-10, 29, 0.8369072987438094
36, 20, -0.1007459035474146
60, 5, 1.035009360846822
57, 8, -0.3291264911142234
45, 16, 0.3291264911141258
43, 17, -0.3291264911138959
20, 25, -1.035009360846736
-9, 29, 0.3291264911140769
24, 24, 0.3144113520287524
63, 1, 0.4037999546499612
-8, 29, 0.403799954649829
47, 15, -0.03103619909877641
41, 18, 0.03103619909828085
61, 4, 1.838280019523917
56, 9, -1.838280019523697
52, 12, -1.696316608983866
4, 28, 1.696316608983731
-7, 29, -0.5965202641426566
16, 26, 0.2519096968759472
31, 22, -0.1906555699968737
11, 27, 0.1906555699968164
49, 14, -0.07928332088115865
39, 19, -0.3048570759013088
-6, 29, 0.3048570759010257
28, 23, -0.849980320522903
62, 3, -0.7695837546586195
55, 10, 2.420122389209336
34, 21, -0.7695837546582932
5, 28, -7.331485451581049e-14
-5, 29, 1.809678953478917e-13
21, 25, -0.195247523702566
64, 0, -0.7227696440692322
25, 24, -0.4850599147604515
-4, 29, 0.4850599147607338
51, 13, -0.683553335858106
37, 20, 0.6835533358578335
17, 26, 0.150277230298997
12, 27, 0.1972377547660205
63, 2, -0.2655406965444771
54, 11, 0.2655406965444939
6, 28, -0.08646989866050576
-3, 29, -1.468141101559663
44, 17, -1.420839784434432
46, 16, 0.06286233926829671
59, 7, -0.5026766380600342
60, 6, 0.6670997378061305
42, 18, -0.6670997378064875
58, 8, -0.01025092913988825
32, 22, -0.01025092913959024
48, 15, 0.7602781502092182
61, 5, -0.2549294168371634
-2, 29, 0.2549294168372063
29, 23, 0.2096985552841619
22, 25, 0.3013444128367775
64, 1, 0.3312664070378699
53, 12, -0.3312664070377386
40, 19, -0.3312664070376752
35, 21, -0.08615152122903699
13, 27, 0.3312664070376823
7, 28, 0.08615152122911936
57, 9, 0.7436751397870296
62, 4, 0.07576154545278577
18, 26, -0.07576154545277496
-1, 29, 0.1557958088982553
50, 14, -4.290159561159028e-14
26, 24, -9.846389727775015e-14
56, 10, -0.3605153034668128