d = 19, symClass = C, D = 16.000000, Y = 0.1164018883848166
[16.5250432782643, 16.52504327826475], 16.52504327826453
1, 0, 1
2, 0, -0.2551997497493277
0, 1, -0.9895987410512957
1, 1, 1.191056436113329
3, 0, -0.5044422398125376
2, 1, 0.1310304674743705
4, 0, -0.9348730877277388
3, 1, -0.6512248272574948
-1, 2, 8.554615183022852e-16
0, 2, 0.252545351068811
1, 2, -0.4662301877632013
5, 0, 0.2541677034070255
4, 1, -0.7044436331755084
2, 2, -0.3039573044340784
5, 1, -1.432602387204965
3, 2, 0.9247335121942701
6, 0, 0.12873353336323
-1, 3, 0.002604157590359822
4, 2, -0.03343894250933517
0, 3, 0.4991954054517939
6, 1, -0.8221835189871299
7, 0, 1.329690702889938
1, 3, -0.5075401651273141
5, 2, -1.423182942464402
2, 3, -1.163847771160297
7, 1, -1.568976266303802
3, 3, -0.600819176376725
8, 0, 0.4937791277845157
6, 2, 0.1661924129473435
4, 3, 0.6734353161974401
-2, 4, 7.309640059810335e-15
8, 1, -0.2969085599540291
-1, 4, -0.6090379231788057
0, 4, 0.9251492306579601
9, 0, -0.7455380266925535
7, 2, 0.3396609468548978
5, 3, 1.321644806698354
1, 4, 0.03274226830563756
2, 4, 0.1189818272426957
9, 1, 0.7034775676453157
6, 3, -0.06609730249658441
10, 0, -0.06486353430363888
8, 2, 0.1797738388981746
3, 4, 1.241107904631802
4, 4, -1.113486608087565
10, 1, -0.06707918873072452
7, 3, -0.9898408024316763
9, 2, -0.5385006358479378
-2, 5, -1.0127904078784
11, 0, -2.290229138519916
-1, 5, 1.324567105333278
5, 4, 1.142709025755272
0, 5, 0.738074701742905
1, 5, 0.5932202484417859
8, 3, 0.2463492315783202
11, 1, 0.6343111526647462
2, 5, -0.2509207014643887
10, 2, 0.3655997707048457
6, 4, -0.235991760897428
12, 0, 0.4715894743144113
3, 5, -0.2611091344456524
9, 3, 0.328505310483164
7, 4, 1.593198457952014
12, 1, -0.7403666864111805
4, 5, 0.3702462452803345
11, 2, -0.9415492972628682
13, 0, -1.6800720507383
-3, 6, 4.145877687288314e-15
-2, 6, -0.0006645803654835424
10, 3, -0.3364457238432925
5, 5, 0.302728078996396
-1, 6, -1.341618522501603
8, 4, -0.1224968577142079
0, 6, -0.1273945425475417
13, 1, 1.122660851191759
1, 6, -1.293321438284389
12, 2, 0.2098210282933442
6, 5, 0.03828514393000197
14, 0, -0.3393367346217009
2, 6, 0.1295241231279438
9, 4, -0.1084414884837905
11, 3, -0.3509968965412213
3, 6, 0.2351862001838909
7, 5, 1.254877114409177
14, 1, -0.1697606698981376
13, 2, -0.1646065277510556
10, 4, 0.3631959307662857
4, 6, 0.2970136599472118
15, 0, -0.1282129255932936
12, 3, 0.3553511241357394
8, 5, 0.9088963055890726
-3, 7, 0.07972328726332045
5, 6, 0.4390790492579428
-2, 7, -1.188184501347304
-1, 7, -0.4034980955977608
14, 2, 0.4004023505236667
15, 1, -0.1026393838389914
11, 4, -1.107161600724919
0, 7, -1.315860245568554
9, 5, -0.2211579812446501
6, 6, 0.1533289034560906
13, 3, -1.003767688250274
1, 7, -0.8815869693437173
16, 0, 0.8088607778849899
2, 7, 0.02034600602174283
7, 6, 0.9395385024171524
12, 4, 0.6088125650632897
15, 2, 2.467818758701481
10, 5, 0.03330371299404054
3, 7, -2.65242591583063
16, 1, -1.200696000718773
14, 3, 0.104450294952816
17, 0, -0.2083253079605644
4, 7, 0.0565128592365925
8, 6, -0.1718605241663118
13, 4, -0.05544395083592428
11, 5, -0.06164734815393071
-4, 8, 4.54816187804818e-15
5, 7, 1.301183422062874
-3, 8, -1.804130453685376
16, 2, 0.07577099019860734
-2, 8, 0.1554263255836313
17, 1, -0.6131977920085856
-1, 8, -0.2111776369623885
15, 3, 0.7226651569620925
9, 6, -0.4664746441212859
0, 8, -0.4886432032135271
6, 7, -0.6569652751020076
18, 0, 0.1902611178409821
12, 5, -1.11043075100209
1, 8, -0.8481031929095627
14, 4, -0.08668138863709282
10, 6, -0.3372834239267599
2, 8, -0.008355818678517792
17, 2, 0.3747187091965583
7, 7, 0.3926802336038953
18, 1, 0.1391499628660962
16, 3, 0.2809003572312441
3, 8, 0.642615916411743
13, 5, -0.8410863572817984
19, 0, 0.3175358178091337
15, 4, -0.4344339889157612
8, 7, 0.8984274932623859
11, 6, -0.09200446964779091
4, 8, 0.4358660552264709
18, 2, -0.1795272992175973
19, 1, -0.971219776967603
17, 3, -2.176626101029702
5, 8, 1.801196980028114
-4, 9, 1.21355630575182
-3, 9, -0.001313647087972861
9, 7, -0.1250429190289092
14, 5, 0.7971401293250807
-2, 9, 0.1898987823484891
12, 6, 0.01686801505627141
-1, 9, -0.314759942799279
20, 0, -0.2376145456851527
16, 4, 0.6585653944767349
6, 8, -0.3167304266746747
0, 9, 0.7377834926209688
10, 7, -0.1723474070557021
1, 9, 0.499908683727682
19, 2, -1.138011371202377
18, 3, 0.4147440958545581
20, 1, -0.8815485609933923
15, 5, -0.1655203187468129
7, 8, 1.799050927647029
13, 6, -1.956802226561208
2, 9, -1.780676333620972
17, 4, 0.5126745120134997
21, 0, -0.6707521564241109
3, 9, 0.2560246976915133
11, 7, -0.3824847865981986
8, 8, 0.5881188081673505
4, 9, -0.3233562992009345
20, 2, 0.01711859217766548
14, 6, 0.2526071250725021
16, 5, 0.4159435394465884
19, 3, -1.270931654138214
21, 1, 0.289300272607928
12, 7, -0.297884166160127
9, 8, -0.2985666141328499
5, 9, -1.392321030599025
-5, 10, 3.874705344597924e-15
18, 4, 0.1374252275082264
-4, 10, 0.2584638586387441
-3, 10, -0.1520093363724245
22, 0, 0.5844659030192905
-2, 10, -0.3380291938075545
-1, 10, -0.7249255615689211
15, 6, 0.7179135911602457
6, 9, 0.5870939764858606
17, 5, 0.7211637308516857
10, 8, -0.291619057409319
0, 10, -0.1883564791814747
21, 2, 0.9847993525492699
20, 3, -1.690553713292936
13, 7, 0.7658439265751916
22, 1, 0.8833418899594069
1, 10, -0.7208570453657347
19, 4, -0.7758656066649315
7, 9, 0.5604034249796562
2, 10, -0.1513896589496128
23, 0, -0.1677560781884698
11, 8, 0.3975027458467819
16, 6, -0.06286826224878572
18, 5, -1.14553661460944
14, 7, 0.1742299943961566
3, 10, -1.012530164412187
8, 9, -0.1036636457370194
22, 2, -0.1618760474235472
21, 3, 0.7914579019876455
4, 10, 0.06403490022048638
23, 1, -0.7395449177690111
20, 4, 1.339301417212639
12, 8, -0.8645084738709085
9, 9, -0.8879778650596308
17, 6, 0.7062668910337215
5, 10, -0.1185006560830604
-5, 11, 0.7174938052835331
15, 7, 1.374359580010935
24, 0, -0.2490830491929103
-4, 11, -0.2131901648962192
19, 5, 0.4619093312416228
-3, 11, 0.3472013824534927
-2, 11, -0.8816090622060462
13, 8, 0.3633233984640523
23, 2, 1.974200244120085
22, 3, -0.03031198105059055
10, 9, -0.1083077598470134
-1, 11, -1.174106862427939
6, 10, 0.06663498576772445
24, 1, -1.649769783653335
21, 4, 0.9718100960999796
0, 11, 2.266407872199523
18, 6, -0.08383447302687412
16, 7, 0.02574276423954931
1, 11, 0.369842046146138
7, 10, 0.04310827528018612
25, 0, -2.344286044893998
20, 5, 0.07512088298368462
11, 9, 1.632324076361677
14, 8, -0.4065838477703941
2, 11, -0.01352097337298952
23, 3, -0.3777439236411634
24, 2, 0.1889413930951524
8, 10, -0.09448674914109709
3, 11, 0.537927325898869
22, 4, 0.2402831450382467
17, 7, -0.8224199402011858
25, 1, -0.2786583818562304
19, 6, 0.8954416401928309
12, 9, -0.3397092192717936
15, 8, 0.5940945951759603
4, 11, 1.081668374033677
21, 5, -0.6541670947013627
9, 10, 0.2429997074409356
26, 0, 0.4287539669094281
-6, 12, 4.058003240411854e-15
5, 11, -0.3854344512220197
-5, 12, -0.8699925850015257
-4, 12, -0.002434556847457643
13, 9, -0.06064814621748843
24, 3, 0.1497732190030308
-3, 12, 0.3072244540995209
25, 2, 1.637809561931245
18, 7, 1.141187941386338
20, 6, 0.08586086452929706
10, 10, -0.07725613000178511
-2, 12, 0.3423807112024058
23, 4, 0.489360197699253
16, 8, 0.06470010994258284
26, 1, 1.31631853463854
6, 11, -1.640140580810796
-1, 12, -0.5192398548055001
22, 5, -0.2972208841355718
0, 12, -0.4666843500749185
14, 9, -0.6781545983310826
27, 0, 0.8805231118629122
11, 10, 0.154433917949336
7, 11, 0.1578257021040957
1, 12, -0.1546460370548736
19, 7, 0.8940828420458068
25, 3, -0.2183669193522275
17, 8, -0.7351534608021182
21, 6, -0.1713393288079506
26, 2, -0.2865027682778221
2, 12, 0.3300553073965994
24, 4, 0.7686372450744834
8, 11, -0.9175648235588595
27, 1, 0.3963955590201901
12, 10, -0.009770359150252546
15, 9, -0.6666934665272246
3, 12, -0.01651658316058864
23, 5, -1.433265731604561
28, 0, -1.2430920531333
4, 12, 0.4744856413186157
20, 7, -1.57543472804546
9, 11, 1.577819648423106
18, 8, 0.02767424072227509
22, 6, 0.08957432016226045
26, 3, 0.8852144953565121
13, 10, 0.1856381448792159
27, 2, 0.5020809115001814
-6, 13, 0.3255998229135997
25, 4, -0.8774289966968142
16, 9, -0.1446385602861239
5, 12, -0.01515163865371037
-5, 13, 1.48048352023583
-4, 13, -0.6142906951878895
10, 11, 1.331224710438389
-3, 13, -0.5322872879807127
28, 1, 0.1621897034044897
24, 5, 1.282767520342474
-2, 13, -0.0315130541349307
6, 12, -0.06001945943157606
21, 7, -0.8659275982955944
19, 8, 0.8954286419201901
-1, 13, 0.2343831291988239
14, 10, -0.3202443255628905
29, 0, -0.2642134096540977
0, 13, 1.662597186286709
23, 6, 1.458927584680476
11, 11, -2.72779215561004
17, 9, -1.696340767063976
7, 12, -0.3111913978808237
27, 3, -0.3548637998807047
1, 13, 0.01219449190138497
28, 2, 0.04332288047565648
26, 4, 0.04200754468941378
29, 1, 1.783337868018309
25, 5, 0.5606122535430061
15, 10, -1.1975649941462
2, 13, -0.938724011446568
20, 8, 1.330495431822879
8, 12, 1.088049959469355
12, 11, -0.5852592122801007
22, 7, 0.9282768317008798
18, 9, -0.09768819615747609
3, 13, 0.3633645643074326
30, 0, 0.03271990652655934
24, 6, -0.09068551795360642
9, 12, -0.6260672512623553
28, 3, 0.3366610549780862
4, 13, -0.2476491896793631
16, 10, -0.2319501097347773
27, 4, 0.8145537678646435
13, 11, -0.598563822015131
29, 2, -0.1525372666220639
21, 8, -1.213153982762917
26, 5, 0.5868316756058618
-7, 14, -3.811619266741455e-15
-6, 14, -0.02034536295873347
30, 1, 2.210971567688132
23, 7, -0.3487669665161642
5, 13, -0.3573474359607819
-5, 14, -1.864620093974254
19, 9, 0.3339341643196357
10, 12, -0.1120528634913437
-4, 14, 0.3032243874001267
-3, 14, 1.293323023525517
25, 6, -0.04964521944342863
14, 11, 0.02612864102595751
-2, 14, 0.1029726130210486
17, 10, 0.8403435439042474
6, 13, 0.6706572178553831
31, 0, 0.7957886742653085
-1, 14, 0.9927951007643634
29, 3, 0.1877247348935663
11, 12, 0.7854461677585546
28, 4, 1.466793686650682
30, 2, 0.02619354507082238
22, 8, 0.2825473634377317
0, 14, 0.3358072053741726
20, 9, 0.5584661190047912
7, 13, 0.3438389980427176
27, 5, -0.123052805073451
24, 7, -0.1206245313088518
15, 11, 0.05307486476105121
1, 14, -0.6416173090999384
31, 1, 0.6585660759424348
18, 10, 0.05643946146866152
12, 12, 0.561689678585332
26, 6, 0.2561612628482146
2, 14, 0.2249807739592915
8, 13, -0.04430123629990137
32, 0, -0.7002001958835896
3, 14, -0.5312494833091621
23, 8, -1.375662382232105
30, 3, 0.0338375762083353
21, 9, 0.4993175114367362
29, 4, 1.25660297270733
16, 11, 0.7869096232836567
31, 2, -0.4779512967438211
9, 13, 0.1440401334759843
25, 7, -1.149647818047994
13, 12, 1.334001807141042
28, 5, 1.207642685127106
19, 10, -0.2276504609563608
4, 14, -0.00519229564513542
32, 1, -0.2504173393350801
-7, 15, -0.9718744498914613
27, 6, 0.2716424668872389
-6, 15, 0.510894261810325
-5, 15, 0.0006618927542328298
10, 13, 0.3290548756091243
5, 14, 0.332723840077753
17, 11, 0.1103633659705391
-4, 15, 0.6562901868955496
14, 12, -0.2397699906968054
22, 9, -0.4608960476858723
24, 8, -0.3215612271957862
33, 0, 1.155288316320086
-3, 15, -0.6681675973967726
31, 3, 1.898006862309135
-2, 15, -1.897171692390665
30, 4, -0.6297867296478622
20, 10, -0.008499099222114869
6, 14, 0.676898429948722
26, 7, -0.6981124541475194
32, 2, 0.306417318908798
11, 13, 1.409167229658157
29, 5, -0.6621347990036515
-1, 15, -0.9873806968638206
0, 15, -0.3723160556967894
15, 12, -0.576430700406908
33, 1, -0.2042037870623717
18, 11, -0.6774648800311651
7, 14, -0.6199419460754299
28, 6, -0.02665568913329821
23, 9, -0.9815492984097505
1, 15, -1.261327402437396
25, 8, -0.5647617339955152
12, 13, 1.234123545521075
21, 10, -0.02013448176682768
34, 0, 0.05316456645842806
8, 14, -0.01442206753419292
2, 15, 0.243961819401205
27, 7, 0.6098080903588795
32, 3, -0.5981021412237432
31, 4, -0.4403140118086291
16, 12, -0.6295765534381371
33, 2, 1.320495757554155
30, 5, -0.208972496799543
19, 11, -0.1621318670497495
3, 15, -0.2992453508259539
13, 13, -2.001060629166707
9, 14, -0.6436645545823639
34, 1, 0.7300339668236607
29, 6, -0.06856844801721461
24, 9, -0.1242689581535445
4, 15, -1.245350150067435
26, 8, 0.01414928237848912
22, 10, 0.01573238782169975
17, 12, 0.8871504775986434
-8, 16, 7.482926304623097e-16
-7, 16, -0.4323123464658474
10, 14, -0.3320616836884208
-6, 16, 0.4604136402959723
14, 13, 0.4828837950463839
35, 0, 0.3379644321963401
28, 7, -0.9366921497428766
20, 11, 1.554750969154538
5, 15, -0.1290003181573378
-5, 16, 0.8396840933454663
32, 4, 0.2775718222166327
-4, 16, 0.5693731637850343
33, 3, -0.3199733385875804
31, 5, -0.6552154666235716
-3, 16, -0.2219001282974227
34, 2, 0.1564879230676377
6, 15, 0.1265750006612358
-2, 16, 0.05389248010566949
25, 9, -0.2869696703117727
11, 14, -0.7246849899382873
23, 10, 0.8692002205817414
30, 6, -0.1844239672101937
18, 12, 0.1190442124442467
35, 1, 1.406248902408799
27, 8, -0.338585807571689
15, 13, 0.3210069726576151
-1, 16, -1.665647508544196
21, 11, -0.3929577206729475
7, 15, 0.6650380602246813
0, 16, -0.800447607481681
29, 7, 0.932866148321801
12, 14, 0.1676573737989305
36, 0, 0.6969834370318266
1, 16, 1.200229995931775
33, 4, 0.01890190382031084
34, 3, 0.3295227411220559
32, 5, -1.214358196767659
8, 15, 1.07323821666423
19, 12, 1.60106664810054
16, 13, 1.866479449297902
35, 2, 0.1390135968984664
26, 9, 0.1792823607824409
24, 10, 0.2833816497731642
2, 16, 0.2164357225954598
31, 6, -0.5032615696399687
28, 8, -0.3175398781677498
22, 11, -0.4311202621140603
13, 14, -0.6472070886646406
36, 1, 0.04148215815808761
3, 16, -0.04971737601007191
9, 15, 0.1317144766135304
30, 7, -1.300793683222614
17, 13, 0.5587385551005668
20, 12, -1.235570161317703
4, 16, -0.03060986546964095
37, 0, -0.2078430354928701
34, 4, -0.09562812081289619
14, 14, -0.100211897347839
-8, 17, 0.113122205424673
35, 3, 2.300916840437706
25, 10, -1.525574911175802
10, 15, -1.718995457576731
-7, 17, 2.001457444773994
27, 9, 0.4855128726464082
33, 5, 0.02882816977560474
-6, 17, 0.2871480353754525
5, 16, 1.30221081390682
-5, 17, 1.074203687486913
23, 11, -0.225066840827443
36, 2, -0.03551103570067452
29, 8, -0.5211072919501307
-4, 17, -0.3150069334135679
32, 6, -0.07168570087071771
18, 13, 0.5482373286478431
-3, 17, 0.9147708698215642
37, 1, -0.3741474867727824
11, 15, -0.06824379611014585
6, 16, -0.1639954210532305
21, 12, -0.8036765985951915
15, 14, 0.9471977608760621
-2, 17, 1.15392552165153
31, 7, -0.6961949345625856
-1, 17, -0.5096936034519848
26, 10, 0.2146450278960599
28, 9, 0.6278449770644449
7, 16, 0.4723851241271211
38, 0, -0.08103506124118615
35, 4, -0.9379355433125107
24, 11, -0.8260854346062563
0, 17, 0.2061584624879609
36, 3, 0.3734722295761602
12, 15, -0.1867678452518298
34, 5, -0.8564974099772706
19, 13, -0.5815371383330155
30, 8, 0.1108674452531927
16, 14, -0.229278471448963
37, 2, 1.526908718626055
1, 17, -1.462350208674229
33, 6, 0.4749572364054134
22, 12, 0.02347951762992969
8, 16, -0.2302147354605685
2, 17, 0.8811685217337623
38, 1, -0.01880932374085292
13, 15, -0.3731114548366776
32, 7, -0.5696426666330948
27, 10, -0.1255832482183796
25, 11, -0.1387802485634708
20, 13, -0.1435965521542021
9, 16, -0.2607925248087575
3, 17, -0.2533310800470033
29, 9, 0.5152962491959771
17, 14, -0.3490680754798452
36, 4, -0.6576622458115816
39, 0, 0.8474993083208709
37, 3, 1.602971090709927
35, 5, -0.3987830943074774
23, 12, 0.6075395920916711
31, 8, 2.445736931721099
4, 17, 2.511493445345324
14, 15, -0.3089444287677617
-9, 18, -1.647382472675617e-15
38, 2, 0.2478550440334426
34, 6, 0.5554744362806655
10, 16, -0.4596650185524768
-8, 18, -0.3096992655346153
-7, 18, -0.0792088874043376
-6, 18, 0.0003352424076561908
5, 17, 0.0851170750013696
-5, 18, 1.128522450973492
18, 14, 0.03191092164423993
21, 13, -0.04860965902619249
28, 10, -0.2034299615191311
-4, 18, -0.04846212173329863
39, 1, -0.2612421326335955
33, 7, -0.6792043799868247
26, 11, 0.8908169221987778
30, 9, 0.1697174345110662
15, 15, -0.1527088302229137
-3, 18, 0.6767690524657766
11, 16, -0.1588883918141621
6, 17, 1.277445985925473
24, 12, 0.06179258927554361
-2, 18, 0.0803266586336953
37, 4, -0.7493793214325428
40, 0, 0.1255027069003903
32, 8, -0.3478395627628008
36, 5, 1.35017379148675
38, 3, 1.199747950263767
-1, 18, -0.9653456388022355
19, 14, 0.1437649137671945
7, 17, -0.1393306126387006
35, 6, 0.1920099516865356
22, 13, -1.108254066624664
12, 16, -1.160278379007204
39, 2, 0.1583175841717219
0, 18, -0.1882821626862271
16, 15, -0.777851438048622
29, 10, -0.08686537737670662
27, 11, -0.2767752461819339
34, 7, -0.8846674513509619
1, 18, -0.8162409474544418
40, 1, 0.6019491263869096
31, 9, -1.076614577584488
25, 12, 1.753775017656716
8, 17, -0.4439867287778284
13, 16, -0.1708563482562733
20, 14, 0.04398301515095189
2, 18, -0.1275765709848889
17, 15, 0.639524112650565
33, 8, -0.3647704405091709
23, 13, 0.5964075669339061
38, 4, 0.2904202171429751
37, 5, -0.144903216621584
9, 17, 0.483048531212363
41, 0, 0.5752233583384936
39, 3, -0.5663175543253041
3, 18, 0.6524059631263729
36, 6, -0.1058425894723778
28, 11, -0.09263013386549809
40, 2, 0.2249709721572501
30, 10, 0.04224074392220051
14, 16, -0.4591173465226878
26, 12, 0.4993754385278364
4, 18, 0.4544281547252856
35, 7, -0.9801845630101647
21, 14, -0.2029928333886863
10, 17, -0.9662392762489739
-9, 19, -0.2245969505109073
32, 9, -0.3764552123357647
-8, 19, 1.240025349270803
18, 15, -0.01931264375597591
-7, 19, -0.9091256600514017
41, 1, 0.2108846726537132
-6, 19, 0.2066304047964848
24, 13, -0.7093833080702706
5, 18, -1.310971038546088
-5, 19, 1.035565782406117
15, 16, -1.195852780701112
-4, 19, -0.639895500945218
34, 8, -0.1308344071689601
11, 17, -0.3989255440797606
39, 4, -0.4405461751716787
-3, 19, 0.08627709874706292
38, 5, 1.114472047049729
42, 0, 0.1711757824634509
6, 18, -0.06533743878075161
40, 3, -0.4568037913025789
29, 11, 0.8150600124187928
37, 6, -0.8630785615754206
31, 10, -1.430982292132562
19, 15, 1.236961106086342
-2, 19, -0.9601056387749898
22, 14, 0.09761002182309389
27, 12, 0.05470246733925783
41, 2, 0.4738381692491408
-1, 19, 0.8155824774274231
33, 9, 0.1770576606587825
16, 16, 0.9633988354200352
36, 7, 0.5892084954354877
12, 17, -0.8359517845768241
25, 13, 0.3166977744749729
7, 18, -1.347978226089547
0, 19, -0.3142330455426669
42, 1, 0.01215354194538059
35, 8, -0.9335646086090281
20, 15, 0.1711655077120384
1, 19, -0.01522983309180847
8, 18, 0.08252044663604818
23, 14, 0.8559433365654109
30, 11, 1.297390997204342
13, 17, 1.115295982535466
40, 4, 0.06271052829112753
28, 12, 0.9253755273285689
39, 5, 0.07996491517736919
17, 16, 0.03149843233552795
32, 10, -0.1061486871765181
2, 19, -1.073435994080805
43, 0, -0.03853809819253661
41, 3, 0.9614483385337503
38, 6, 0.3243414400848924
26, 13, -0.2201406261991584
9, 18, 0.3475923341693647
34, 9, -0.3590892964420393
42, 2, -0.07382935717175225
3, 19, 0.9223839041787011
37, 7, -0.6343407788688599
14, 17, -0.5951740968729418
21, 15, -0.6330130222825664
24, 14, 0.07601996465828274
18, 16, 0.07619412521025309
43, 1, 0.9891140698030987
4, 19, -1.248972690758679
10, 18, 0.3553199785801567
-10, 20, -1.968702636066442e-15
-9, 20, 0.6441946265363668
36, 8, 0.5034297521783845
-8, 20, 0.9468304958342194
31, 11, -1.021310967902277
29, 12, -0.03900149998831174
-7, 20, 0.2777188740678127
-6, 20, 0.03879274460201691
33, 10, 0.4485440171674768
41, 4, -2.774240711494625
40, 5, -0.07546456680579525
27, 13, 3.192551400884352
15, 17, 3.544137205235325
5, 19, 2.68607143054471
-5, 20, -0.154797770223418
42, 3, 0.08563445255557894
39, 6, 0.08303448554673981
44, 0, 2.141073586332225
-4, 20, -1.238302139665819
22, 15, -1.390174047371157
11, 18, -1.470019351573936
35, 9, -0.06987680306091169
19, 16, -0.3173614335577747
-3, 20, -0.007464824346917224
43, 2, -0.1595053967450745
38, 7, 0.216341795133038
25, 14, -0.1289745289454778
6, 19, 1.448723207899328
-2, 20, 0.1850008218999047
16, 17, 0.1229805283162422
30, 12, -0.1832113688058227
12, 18, -0.1498262358783172
32, 11, 0.4923000208990539
-1, 20, -0.2434876287839486
44, 1, 1.124994572167364
37, 8, 0.5020224859110932
7, 19, -0.9917072848761149
28, 13, -0.1374454893434333
34, 10, -0.1840408036414309
23, 15, 0.3095048728053084
20, 16, -1.06828791528222
0, 20, -0.6900061753923739
41, 5, -1.193110031372911
42, 4, -0.2513205483240813
40, 6, 0.4314288845709773
26, 14, -0.195443178408853
1, 20, -0.08421360630482122
8, 19, -0.08849579720803938
43, 3, -0.2415592701441539
17, 17, -0.2481271988532644
13, 18, -0.3761792795765378
45, 0, -0.1894916880469902
36, 9, 0.5251895161936563
39, 7, -0.7239904955073909
44, 2, -0.2254286292611559
2, 20, 0.1839625375827952
31, 12, -0.06273115248788878
33, 11, 1.491454075114031
21, 16, -0.5460236955625761
9, 19, 1.179158273162596
24, 15, -0.4584856881491298
29, 13, -0.4259741037888415
38, 8, 0.1980007086610984
14, 18, -0.1430148138148623
3, 20, -1.078474612975877
45, 1, -0.5634262184618078
35, 10, 0.08633084279887432
18, 17, 0.08488223556047252
27, 14, -1.03596727323507
10, 19, 0.5845089809654715
-10, 21, 1.667840259523364
4, 20, -0.5545856453636631
-9, 21, -0.04021579359217144
42, 5, -0.01980002987575645
43, 4, -0.01595814713352101
-8, 21, -0.02599118774637237
41, 6, -0.1407840598492065
37, 9, -0.1381406307018576
-7, 21, 0.003462724137005309
44, 3, -0.6975195162809626
15, 18, -0.2214900190628757
-6, 21, 0.5993704511703561
46, 0, 0.04281130917270506
22, 16, -0.1014426012646214
40, 7, -1.870370565935551
25, 15, 0.3686616935440624
5, 20, 1.329966833837575
-5, 21, 0.3820495901256595
32, 12, -0.2303052667850737
19, 17, -0.3386868849454655
45, 2, 1.861053014096258
34, 11, -1.663257101848432
30, 13, 2.634385275054293
11, 19, -1.238512764730463
-4, 21, -0.4713574708225157
-3, 21, 0.203541483103632
39, 8, 0.106062063366559
36, 10, 0.2923406573769848
28, 14, -0.04446345096899503
6, 20, 0.2583974445718457
16, 18, 0.02645493645028598
46, 1, 0.7905656639043493
-2, 21, -0.8189839417640132
23, 16, -0.9130470709576667
12, 19, -0.5476592826075724
20, 17, -0.8353245301081338
-1, 21, 0.1793595732077682
43, 5, -0.5709180784431441
7, 20, 0.4789355035717601
38, 9, -0.4161909111277706
26, 15, 0.08685805620783663
44, 4, -0.5930004258715464
42, 6, -0.2019798585246186
45, 3, 0.05177564067720362
33, 12, 0.5584990777053236
0, 21, 0.6637754895550482
47, 0, 0.4825194588461719
31, 13, -0.1305479810578007
41, 7, -0.2009434068228695
35, 11, 0.9836042760440845
17, 18, 0.2265913494657047
13, 19, 0.5484640144293416
8, 20, 0.2345790109527316
29, 14, -0.6743212492649761
1, 21, 0.09831825836980819
46, 2, 0.1887316779431465
37, 10, 0.6112551286568975
40, 8, -0.7073891572164311
24, 16, 0.4566141070853613
21, 17, 0.863892533579708
2, 21, -0.5234394526125514
27, 15, 0.1115614274114662
47, 1, -0.9429114549928179
9, 20, 0.6220539834340543
14, 19, 0.7654215129007698
18, 18, 0.226611728946567
39, 9, 0.5063428209126688
3, 21, 0.4447097054052628
44, 5, 0.7993570927161654
34, 12, -0.1802391338479076
45, 4, -0.7298000131829596
32, 13, -1.369785986383607
43, 6, 0.2274627654135113
36, 11, 0.1755655207142716
46, 3, 0.3288542698478468
-11, 22, 1.397688987891567e-14
10, 20, 0.03024133777767085
-10, 22, -0.1831042395551226
30, 14, -0.3507362208846685
42, 7, -1.093249781266072
-9, 22, 0.7297380854274406
22, 17, 0.1048442325551711
48, 0, -0.4080235424927789
25, 16, -1.204790414797595
4, 21, -0.38155600882793
-8, 22, 0.05440607673020758
-7, 22, -0.9354629593808689
15, 19, 1.579961770416178
47, 2, -0.9155931127589441
19, 18, 0.2416908300632818
38, 10, -0.1178791457398847
-6, 22, -0.08860570591521841
41, 8, -0.639339312084805
28, 15, -0.1868190295584067
-5, 22, -0.8093114213868517
5, 21, 0.2367290502695888
11, 20, -0.2534174090173263
-4, 22, 0.2249864120521083
48, 1, -0.7688731454772635
-3, 22, -1.46103413232368
33, 13, -1.134222551392277
40, 9, 0.2701864825227561
35, 12, 0.2762481685378714
23, 17, -0.3207358084091926
16, 19, -0.3133234230834736
6, 21, -0.01026338484864541
26, 16, -0.09272004036590818
45, 5, 0.8822788454116494
31, 14, -1.169921864985533
46, 4, -0.503815408255659
44, 6, 0.007735609978090958
20, 18, 0.02764011320851531
-2, 22, 0.2996317774706574
37, 11, 0.8959662957588966
12, 20, 0.2441039027531753
47, 3, 0.3882164612361961
43, 7, 0.08735996543073926
-1, 22, -0.1971054561999701
49, 0, -0.2470029649017557
29, 15, 0.7453431617907995
7, 21, 0.6548192639770387
39, 10, 0.7548350621342163
17, 19, 0.4717766567812136
48, 2, 0.4210208359330675
42, 8, -0.2480056933286681
0, 22, -0.5783867218159593
24, 17, -0.2451287742751921
13, 20, 0.5765996919887324
8, 21, -0.3481286398257966
21, 18, -0.4739429065495251
27, 16, 0.300542735134788
34, 13, 0.01313989171997241
1, 22, 0.6559964650559509
36, 12, -0.3071107739469943
32, 14, -0.00656954699210262
49, 1, 0.8982608269697948
41, 9, -0.5365100192018069
38, 11, 0.5848756397504571
2, 22, -0.09438359762296197
46, 5, 0.8281202944599058
18, 19, -0.70266335192287
45, 6, -1.244872022091372
30, 15, -0.01679979957743667
9, 21, 1.337995669918672
14, 20, -0.0110012210637955
47, 4, -0.8452833197095239
44, 7, -0.2991797474071205
48, 3, 0.6056817799367668
3, 22, 0.4852407812402992
25, 17, -0.9420846590450439
50, 0, 0.5982612119984309
40, 10, -0.01917083053821152
22, 18, -0.4165686957973066
28, 16, -1.489438361747911
43, 8, -1.18235221331046
-11, 23, 0.8212104250261496
10, 21, -0.6897408078041934
-10, 23, -1.259371591138249
49, 2, 0.7161034867975432
-9, 23, -0.4779172711825203
4, 22, 0.003450549021553375
35, 13, 0.04080107927488347
15, 20, 0.3154495458020178
-8, 23, -1.789382202278209
19, 19, 0.3782030794980976
33, 14, -0.3247910773195983
37, 12, 0.6152786716104114
-7, 23, 0.2751971696600292
-6, 23, 0.2419550074548576
42, 9, -0.05268914073509869
31, 15, -0.2009829251758434
50, 1, 0.8186720311935318
39, 11, -0.6080464179536349
5, 22, -1.321483665271247
-5, 23, -0.426824379174244
11, 21, 0.1026476002508939
23, 18, -0.9366197532894162
26, 17, -0.9157273940927921
47, 5, 0.3128642052753051
-4, 23, 0.5320292367255839
46, 6, 0.09640015478268028
48, 4, 0.6921488901760523
16, 20, -0.3461332505445836
45, 7, 0.4598546652944166
29, 16, 1.569003712984731
20, 19, 1.880380454299734
-3, 23, 0.3447891991302581
6, 22, -0.1372789189531506
41, 10, 0.9542402484550411
49, 3, 1.145576878744125
51, 0, 0.1050880849577985
12, 21, -0.02850747329121706
-2, 23, -0.2350420153416683
44, 8, 0.8802290987797413
36, 13, 0.2641740564177545
34, 14, 0.2098813629283706
50, 2, 0.07111354931580055
38, 12, -0.2285164824922802
7, 22, -0.06206413513145324
-1, 23, -0.05389241222478397
24, 18, 0.08669370774583325
32, 15, 0.5370970538094721
17, 20, 0.6428381419917079
27, 17, 1.057042219819713
43, 9, -1.347993415596963
40, 11, 0.09939978907592795
21, 19, 0.8861362227849012
0, 23, 0.1660112037806622
13, 21, -0.9048270787917766
51, 1, -0.9284375703484719
30, 16, -0.1516127920165765
8, 22, -0.276041498366097
48, 5, -1.038644008076425
1, 23, -1.036416773058175
47, 6, -0.04280242665062244
49, 4, 0.8871457177342502
46, 7, 0.7311676036876301
42, 10, 0.1669432788621593
18, 20, -0.06201346452838372
50, 3, 1.579249179491083
37, 13, -0.4247479724669672
35, 14, -1.89239312710747
25, 18, 0.397850199576131
14, 21, -1.547557560891455
2, 23, -1.869392983716365
9, 22, -0.1921787833586614
52, 0, 1.570654145678735
45, 8, 0.5055108492274474
28, 17, 0.300340022598942
22, 19, -0.171380433267601
39, 12, 0.02796827074417054
33, 15, 0.03109752638125947
51, 2, -0.2167362182703831
3, 23, 0.08113012872876614
-12, 24, 2.253727385021478e-15
44, 9, 1.180518796421919
41, 11, 0.2361318723625206
31, 16, -0.2162284614896278
-11, 24, 0.7183589666136031
10, 22, 0.09836277549682021
-10, 24, 0.222021889976516
19, 20, 0.6071021700599637
15, 21, -0.6563718798328803
-9, 24, 0.9100796069712414
-8, 24, 0.001285878663938107
4, 23, -0.5642600898458204
52, 1, -0.9312831689018648
-7, 24, 0.8733263015650841
26, 18, 0.01547739173754808
49, 5, 0.2401035047490248
23, 19, 0.9862170521807881
48, 6, -0.03822208800875568
-6, 24, -0.07840360380305723
43, 10, -0.09001612854253679
29, 17, 0.6597775828616845
50, 4, -0.4179685903420184
36, 14, -0.2912308770586029
47, 7, -0.8645920723641273
38, 13, 0.370514268084862
11, 22, 1.067773961272804
5, 23, 0.4961099100148604
-5, 24, 0.9675955291360999
34, 15, 0.7982401746728611
16, 21, -1.113350760155578
51, 3, 0.3093228676489885
40, 12, 0.3145340527024031
20, 20, -0.2830123339534653
-4, 24, 1.254243050683756
46, 8, -0.1248845999897259
53, 0, -0.5478924543032035
32, 16, 0.1059854058478758
-3, 24, 0.1065269201877929
6, 23, -1.238247257339548
52, 2, -0.3359241606304688
12, 22, 0.4185634657773253
42, 11, 0.4625190172178914
45, 9, 1.068059556792386
27, 18, -0.6894239978982785
-2, 24, 0.1325098810062808
24, 19, -0.9048461343663233
17, 21, -0.3847965703187026
30, 17, -0.2269480796263791
7, 23, 1.170893572800447
-1, 24, 0.8315973937196636
21, 20, 0.4966076234847843
53, 1, 1.160093779214578
37, 14, 1.41987907645877
39, 13, 1.094104631023
50, 5, -1.006890165778062
49, 6, 0.3460925783336684
35, 15, -0.3186647522241282
13, 22, 1.411623465606207
44, 10, 0.07585069525125947
0, 24, 0.246492271898016
51, 4, -1.155342537007772
48, 7, -1.577287974578492
41, 12, 0.2865572399345177
8, 23, 0.2812253465739369
33, 16, 0.9927495676161056
52, 3, -0.2347696790501743
47, 8, 0.4524104228858493
25, 19, -0.7384284875597288
1, 24, 0.1757812977943713
18, 21, 0.3314010348515337
28, 18, 0.1730648837857618
54, 0, -0.2247092777955627
22, 20, -0.03941149721392125
14, 22, -0.040277079681003
43, 11, 0.6259865863720316
2, 24, 0.03946562995627703
31, 17, -1.545120443354622
9, 23, -1.165751092728561
53, 2, 1.036283509632813
46, 9, -0.708594926485155
38, 14, -0.2281697175456996
36, 15, 0.5601481751927357
3, 24, 0.4278190742241784
40, 13, 0.5650611527544764
19, 21, 1.284149908182957
-12, 25, 0.08225862273539822
-11, 25, 0.5756151155278728
54, 1, 1.648419240092967
45, 10, -0.1368694698964478
26, 19, -0.8897325513250239
15, 22, -1.210215623310019
10, 23, -2.63712313245242
-10, 25, -0.2574186120025427
50, 6, 0.05572718317207037
34, 16, 0.187610979224037
51, 5, -0.5387380933961347
-9, 25, -0.7849544317597897
29, 18, -0.001156840538360374
42, 12, 0.04372575383452477
49, 7, -2.086253154359499
23, 20, 0.5865425949281275
-8, 25, 1.006094351632911
52, 4, -1.049545416424364
4, 24, 1.209091406433669
-7, 25, 1.12116533305395
48, 8, -0.4059770608841123
-6, 25, -0.723222971939278
53, 3, -0.05183010949445039
32, 17, 0.501324266136872
11, 23, 0.9695418054518308
55, 0, -0.5821022804146777
44, 11, 1.613337335143034
20, 21, -0.2621748107777656
5, 24, 1.603990917353193
-5, 25, 0.3366621791719487
16, 22, 0.2341623133518222
47, 9, 0.7792366799280084
-4, 25, -0.61978751578304
54, 2, -0.1011600474640379
39, 14, 0.04603403891319565
27, 19, -0.3606895554512345
37, 15, -1.071865313169701
24, 20, -0.03579175072024107
41, 13, 0.4957688286714041
-3, 25, 0.7254797256598475
30, 18, 0.170140005817843
6, 24, 0.004215027889008527
35, 16, -0.6681402496451135
12, 23, -0.6171902354791707
46, 10, 0.3657690560298847
-2, 25, 0.3395571712073181
17, 22, -0.6047870178826147
55, 1, -0.3809135509028948
43, 12, 0.3510768956051933
51, 6, -0.1890239449666403
21, 21, -0.1980844965692918
52, 5, -0.3391750744443435
50, 7, -1.327855845071091
33, 17, -1.24253605517837
7, 24, -0.3875362909327649
53, 4, -0.2436631209237113
-1, 25, 0.6674588126639363
49, 8, 1.887698679023296
13, 23, -1.860326337072197
28, 19, -0.4798480439153688
54, 3, -0.07019311893797917
45, 11, -1.0594682456729
25, 20, 1.028514430483765
0, 25, 1.581827816950067
56, 0, 0.6565735154969916
8, 24, -0.2506127400524275
38, 15, 0.05524155583233865
31, 18, 0.05173409245120433
40, 14, 0.4020505483436795
18, 22, -0.4026591794279111
48, 9, -0.141698005366165
22, 21, -0.1191688909870105
1, 25, -0.4723011246266479
36, 16, 0.1013790291766242
55, 2, -0.47948873105852
42, 13, -0.5062494075150706
14, 23, 0.3510613331895208
9, 24, -0.324162612214176
47, 10, -1.56594274275888
34, 17, -0.02729696248879459
2, 25, -1.580752555487505
44, 12, 0.3281375524520221
52, 6, -0.225906517691344
26, 20, -0.04737480812040504
56, 1, 1.129614112175915
29, 19, 0.8956405006617428
53, 5, -0.7527602573270139
19, 22, 0.01751094531653349
51, 7, 1.193951314271736
3, 25, -0.0293444357279265
-13, 26, 5.828918766761293e-16
54, 4, -0.1281309229710344
-12, 26, -0.08309299332688917
15, 23, 0.7561343636771787
-11, 26, 0.008504541125726753
23, 21, -0.634007531171738
50, 8, 0.2239196603798304
32, 18, 0.03691172438782683
10, 24, 0.00386669439335084
-10, 26, -0.3778190238714294
46, 11, 0.21765268168738
-9, 26, 0.7731717777475833
39, 15, 0.4242794859430598
55, 3, 0.4592132699592615
41, 14, 1.523877678933342
-8, 26, 0.156766831685153
37, 16, -1.400903529980166
4, 25, -1.626599123065345
49, 9, -0.01395137763457938
-7, 26, -0.03591309485187093
57, 0, -0.1601784791565582
43, 13, -0.9109723705967652
20, 22, -0.3397282129640612
-6, 26, 0.1358395826879028
35, 17, 1.469223766362164
11, 24, -0.1585077085164283
56, 2, -0.04139077172055158
27, 20, 0.527728234957529
16, 23, 0.1614176683601783
30, 19, -1.02825816303581
5, 25, 0.1507774281612638
-5, 26, -0.1924777088649423
48, 10, -0.3273619501785136
45, 12, 0.2191468544189095
24, 21, -0.4532047770105869
-4, 26, 0.008042123529281166
33, 18, 0.04641094074181295
53, 6, -0.85638499508154
57, 1, -0.3644605648987511
54, 5, -0.361288503437194
6, 25, 0.3467588098440091
-3, 26, 0.34830520320408
12, 24, -0.2198692491561708
52, 7, -0.3005881552225588
21, 22, 1.024586073402963
55, 4, -1.831872072355796
40, 15, 0.06261401842620601
17, 23, 1.48479377690914
51, 8, 1.05708791139981
47, 11, 0.05889214436309451
42, 14, 0.220984506386602
38, 16, -0.2285131653373084
-2, 26, -0.05981451591686689
28, 20, -1.173150842666483
56, 3, -0.3507036162229575
7, 25, 0.4919431954328481
44, 13, -0.09778117734584432
36, 17, 0.2643222195262847
50, 9, 1.756071998044453
31, 19, 2.237016407164354
25, 21, 2.709808520626752
-1, 26, 1.415082653918664
13, 24, -0.1097616715726767
58, 0, 0.06742719602364018
0, 26, -0.4242943858748984
57, 2, 0.5033925900747243
18, 23, -0.04623680343761557
46, 12, -0.3723179545130926
22, 22, 0.6961318754803885
34, 18, 0.4329057392447959
8, 25, 1.312907317149115
49, 10, 0.6809882999477794
1, 26, 0.5670449538807414
14, 24, 0.0794159668633882
54, 6, 0.09056115292451956
41, 15, -1.010971104010294
29, 20, 0.8502759173273975
55, 5, 0.161221408917938
53, 7, -0.9263545721021548
39, 16, 0.03268166620879488
58, 1, -0.2257123525135107
26, 21, -0.4691862740727124
43, 14, -0.4338550273250947
9, 25, -0.6735198088373479
2, 26, -0.003112031281981442
48, 11, -0.8000869038120223
32, 19, 0.926767607810501
56, 4, 0.1587046816424087
52, 8, 0.1538862128595752
37, 17, -0.8664641929349506
19, 23, -0.8111227839536114
45, 13, -1.076290669741595
23, 22, -1.196325328029902
-13, 27, -1.108899151842533
57, 3, 0.4899242796436787
51, 9, 1.097982145637568
15, 24, -0.9085998389489082
-12, 27, -0.6121690610121989
3, 26, -0.1661358899672663
-11, 27, -0.1260327028131254
35, 18, -2.573332940090677
10, 25, -0.06377593842796415
-10, 27, -2.92685192124734
59, 0, -0.9176616447751932
-9, 27, -0.001941498511475612
47, 12, 0.7789561366672639
-8, 27, 0.9389372695774092
58, 2, -0.4551073776367033
50, 10, -0.1430681068099518
30, 20, 0.3056182868147053
4, 26, 0.2395621328049858
27, 21, 0.06307693014734969
20, 23, 0.06540280805998189
-7, 27, 1.033943279186503
42, 15, -0.4021111522816242
-6, 27, -0.09579296710535502
40, 16, -0.7027380320093867
16, 24, -0.5746837373187923
33, 19, 1.272690470327581
11, 25, 1.073212743940932
24, 22, 0.1493580045127178
44, 14, -0.2368960151484825
55, 6, 0.7572302447676109
38, 17, -2.488931863070293
5, 26, -1.538157898560834
-5, 27, -1.067096430841644
54, 7, -0.3068240523212583
56, 5, 0.385684319190685
59, 1, -0.2786285141921508
49, 11, -1.306306727431115
53, 8, -0.9032895991727412
-4, 27, -0.7311246649504355
57, 4, -0.6687032566991373
46, 13, -0.2432243175745224
36, 18, 0.02493000321247451
21, 23, 0.03864484364983679
12, 25, 0.03687578238464465
6, 26, -0.092730545878754
-3, 27, 0.1587782105493403
52, 9, -0.1482668516618888
28, 21, 0.8954606789465535
17, 24, 0.5353240915087889
31, 20, 0.449230677198828
58, 3, 0.4295405216452424
25, 22, -0.6947888807679179
-2, 27, -1.283047706276784
60, 0, 0.1198628136383313
48, 12, -0.3322082026528686
34, 19, 0.1066338962905497
51, 10, -0.7419281850072545
7, 26, 0.7436662473821152
41, 16, -0.2430115443652963
59, 2, 1.022712788621107
43, 15, -0.5344861393398433
13, 25, -0.3122314236736899
-1, 27, -1.313713309424844
39, 17, 0.01140706057688313
45, 14, 1.442093570511655
22, 23, 0.09989169701689318
18, 24, 0.1597722058485983
0, 27, -0.8713645629666475
56, 6, -0.08591581698048696
8, 26, 0.06320001123152112
55, 7, -0.04554648715114616
50, 11, -0.04571701920446773
37, 18, 0.2668217450639327
29, 21, 0.2599382023535083
57, 5, 0.414953910346782
32, 20, -0.8497026956316064
60, 1, -0.1089745534593336
47, 13, -0.4150496006163149
54, 8, -0.2078739177165094
26, 22, 0.1527533375872417
14, 25, -0.8200839719387673
1, 27, -0.09415193029790728
58, 4, 0.03892747226955399
53, 9, 0.06393182856801763
35, 19, -1.382420197214422
9, 26, 0.3871463125554092
19, 24, 0.2922839725780658
59, 3, 0.6460095265772555
23, 23, -0.1998069566256196
2, 27, -0.300886881049948
49, 12, 1.287765942030985
42, 16, 0.3095965928089335
61, 0, 2.374477010702096
44, 15, 1.548896037748222
52, 10, -0.1497592967596373
-14, 28, 2.047946169294408e-14
40, 17, 1.127539235092332
15, 25, -0.0663655090414266
-13, 28, -0.7596659004436453
-12, 28, -0.07453115572673531
-11, 28, 0.824069982685867
30, 21, 0.08693931204174936
3, 27, -0.2521750561214195
60, 2, -0.5642393907767079
46, 14, 0.08900524257586633
10, 26, 0.09119497623111336
-10, 28, 0.4758505813600032
27, 22, -0.4376763042025056
38, 18, -0.0852199151671062
33, 20, 0.7301001799001112
-9, 28, 0.1478572314023618
20, 24, -0.4104831865364432
-8, 28, 1.110801713564927
51, 11, 0.7970482951945803
4, 27, 0.727313463166297
57, 6, 0.5740610050210716
56, 7, -1.00383447495845
48, 13, -1.013018967977084
24, 23, 1.111218103252278
-7, 28, -1.106740624112264
58, 5, -0.4435358523525653
16, 25, 0.2854811272120656
55, 8, 0.6504976586844622
36, 19, -1.165544329772409
61, 1, 0.01763030223204822
11, 26, 0.2645688071241254
-6, 28, -0.3300557119494119
59, 4, -0.6069334880452738
5, 27, -1.050201634162356
-5, 28, 0.2656565418326731
54, 9, 0.6129690783253363
43, 16, -2.07466637050622
31, 21, 2.111132139871673
50, 12, 0.01266944757820893
28, 22, -0.006668022650926557
41, 17, -0.4662708491403101
-4, 28, 0.3772195105232402
60, 3, 0.4446903306108624
45, 15, 0.08349544032165061
21, 24, -0.9075172794799021
34, 20, -0.2144554621083455
12, 26, -0.1711515541641061
53, 10, -1.600515431216212
17, 25, 1.674128441460418
39, 18, 0.9870936980379768
6, 27, 0.8982483581146561
62, 0, -0.2030850705274661
25, 23, 1.333151976092916
-3, 28, -1.503563951084237
47, 14, -0.02495268691658422
61, 2, 0.3888338440526183
-2, 28, -0.2533610612676911
37, 19, -0.6332281502750481
52, 11, 1.183570209683577
49, 13, 0.4037345089192839
7, 27, 0.2353299810511557
13, 26, 0.7833003076706759
58, 6, -0.04790730536625534
22, 24, -0.2004456654538897
57, 7, -0.9044484261216941
-1, 28, -0.2793432530835317
29, 22, -0.9633939798342606
18, 25, -0.7982854883728169
59, 5, -0.1946666488934953
32, 21, -0.3638606162014673
56, 8, -0.774727732291447
62, 1, -0.2166834041378772
26, 23, 0.5008445819139932
60, 4, 0.09595479769188235
44, 16, 1.03505558428384
0, 28, 1.230162330792369
42, 17, 0.1264171829347881
55, 9, -1.124678624294544
35, 20, 0.4049395931300623
8, 27, -1.119958395884223
46, 15, -1.234548092086897
51, 12, -0.2586146791348152
40, 18, -0.1425204138143328
14, 26, -0.08774762625490433
61, 3, -1.030017110039126
1, 28, 0.8096012328763017
54, 10, 0.03140304506106288
48, 14, 0.03078335020370168
23, 24, 0.4329614680591978
19, 25, 0.5367970360129798
63, 0, -0.991334982744024
9, 27, 0.3783904931760623
38, 19, 0.04160686664686333
30, 22, -0.01354469220499644
2, 28, 0.1637405767178324
33, 21, 0.192941482446273
62, 2, -0.1680658977732642
50, 13, -0.4965666058568585
27, 23, -0.1291520569064901
15, 26, -1.676702550186908
-14, 29, 0.07531175015637502
53, 11, 1.006482803715171
-13, 29, 0.6759246486431874
-12, 29, 0.3386675183166298
-11, 29, 1.540326860330193
3, 28, 0.9465875629591883
59, 6, -1.162913455278058
58, 7, -0.5184871055863947
10, 27, 0.4046389282772667
-10, 29, -1.398356204146332
36, 20, 0.2067546448032724
60, 5, -0.1881773003648793
57, 8, 2.001625268764908
45, 16, 0.7506191574600282
43, 17, -0.9585320718493473
20, 25, 0.09410463785759536
-9, 29, -1.272254377849034
24, 24, -0.2966719688677668
63, 1, 2.13984384334653
-8, 29, -2.163954620682134
47, 15, -0.7323883929227214
41, 18, -0.2245453568915603
61, 4, 0.1777686850309048
56, 9, -1.038033912162358
52, 12, 0.9383953980760827
4, 28, 0.8241719321301882
-7, 29, -0.5348103519052907
16, 26, 0.01130566441728435
31, 22, -0.04609750476435458
11, 27, -0.5716334599743524
49, 14, 0.4516440031672883
39, 19, -0.03576793237732197
-6, 29, 0.309015213731438
28, 23, -0.3009404551695194
62, 3, -0.1273590596653841
55, 10, -0.2393114225303813
34, 21, 1.453895875219985
5, 28, -0.1586707598531501
-5, 29, -0.1623346927474713
21, 25, 0.7552183765430143
64, 0, -0.6301698631210879
25, 24, -1.259746166152764
-4, 29, 1.279104080233164
51, 13, -0.992669882698384
37, 20, 1.107422412655308
17, 26, -0.2124784163152162
12, 27, 0.163114575826324
63, 2, 0.6538212441832763
54, 11, 0.5914506867863983
6, 28, 0.1355747351947849
-3, 29, 0.2481249938836413
44, 17, 0.2894724435606996
46, 16, 0.3510686956853284
59, 7, 0.2947190054425716
60, 6, -0.008635340980894378
42, 18, -0.1274257039643049
58, 8, -0.3206847641694082
32, 22, -0.2008191389366337
48, 15, -0.2098194906736472
61, 5, 0.7565242090399967
-2, 29, -0.1089531352207844
29, 23, -0.4124776545614567
22, 25, -0.8598151723319913
64, 1, -0.1817219508292718
53, 12, 0.2821685483269143
40, 19, -0.1484859183043402
35, 21, 1.757378811989424
13, 27, 1.623744195191267
7, 28, 0.04353708975655607
57, 9, 0.6411116102627318
62, 4, 0.1219730513218975
18, 26, -0.03675900601741619
-1, 29, 0.2858860138944922
50, 14, 0.2933898354661245
26, 24, -0.340436927347161
56, 10, -0.3081901110318474
63, 3, -0.1459352774926061
38, 20, 0.05809634066650624
0, 29, 0.2614652575618918
8, 28, -0.01902093347094392
14, 27, 0.1217020194056059
65, 0, -0.4270200546942776
52, 13, 1.183516059417544
23, 25, 0.5402901751042091
55, 11, 3.280987731091809
45, 17, 0.9385993600071139
33, 22, -2.117851634995046
30, 23, -1.511143822899949
19, 26, -2.418794014956644
1, 29, 1.376361979272035
47, 16, -0.6263721680401206
43, 18, -0.7706320200913841
64, 2, 0.06390644233139757
9, 28, -0.2057914647089479
36, 21, 0.1502653559819727
27, 24, 0.150609611566418
49, 15, 0.4516780199435952
60, 7, 0.484087176807015
41, 19, -0.1318220543338464
61, 6, 0.6164067774542441
2, 29, -0.3283596411879319
59, 8, 0.03039739080162016