d = 19, symClass = C, D = 16.000000, Y = nan
[17.10542198500369, 17.1054617185189], 17.10542198500369
1, 0, 1
2, 0, -0.08444053701752134
0, 1, -0.7289273425407825
1, 1, 0.1716767229394478
3, 0, -0.799617559977822
2, 1, -0.5639861501642651
4, 0, 0.1792616854867989
3, 1, 0.004631298993951568
-1, 2, 0.0008488105562375097
0, 2, -0.06686593505755892
1, 2, 0.2066342136140334
5, 0, 0.3109536994203889
4, 1, 0.5456823587702962
2, 2, -0.3978409727838958
5, 1, -0.3140893117671719
3, 2, 0.06623057003936825
6, 0, 0.4257568211932395
-1, 3, 0.230163473314807
4, 2, 0.920539796342293
0, 3, 0.6877449659011158
6, 1, 0.7680961722494213
7, 0, 0.407317706495428
1, 3, -0.1879951292121526
5, 2, 0.1919043737949294
2, 3, -0.3868410366967009
7, 1, 0.2788262994063709
3, 3, -0.4466928947524291
8, 0, 0.3098051230760405
6, 2, -0.7688157112698564
4, 3, -0.2902016870889466
-2, 4, -0.003476637239485291
8, 1, -0.5649400489486305
-1, 4, -0.07651150807606143
0, 4, 0.08734108817134148
9, 0, -0.4086327530143299
7, 2, -0.01184793868575814
5, 3, 0.09388388548811372
1, 4, -0.09287166496236754
2, 4, 0.492312915629078
9, 1, -0.1070038455424598
6, 3, 0.4959740804085274
10, 0, 0.08554684059168184
8, 2, -0.1739885512140353
3, 4, -0.1010602242639432
4, 4, 1.100129651836334
10, 1, -0.3977360434785168
7, 3, -0.06965435801436366
9, 2, -0.0654276029677185
-2, 5, 0.422183401867078
11, 0, 0.6442960385204339
-1, 5, -0.1270785090716089
5, 4, -1.061894669263243
0, 5, 0.3806823468113999
1, 5, 0.6206917784350363
8, 3, -0.6426074520221327
11, 1, -0.6309465523266313
2, 5, -0.3207820790518564
10, 2, 0.2289355246971633
6, 4, -0.1370621141095691
12, 0, -0.6314204389384064
3, 5, 0.3990966129306027
9, 3, -0.04242012104469971
7, 4, -1.055292740240492
12, 1, -0.1305278126519532
4, 5, -0.2493051426658144
11, 2, 1.544249382219593
13, 0, -0.9434632374375594
-3, 6, 0.000464270484540565
-2, 6, -0.2779796782829152
10, 3, 0.150589986993174
5, 5, 0.1673294323765449
-1, 6, -0.2162334078550984
8, 4, 0.4102031544993483
0, 6, -0.1754997115879472
13, 1, -0.6010349625884961
1, 6, -0.3185644335404774
12, 2, -0.3047111670354057
6, 5, 0.1462038632134019
14, 0, -0.51423693879813
2, 6, 0.1005052418778763
9, 4, 0.2997982347711598
11, 3, 0.7362477314762951
3, 6, -0.1126810849698273
7, 5, -0.4314785025937117
14, 1, 0.09287706524285209
13, 2, 0.01670361326926667
10, 4, -0.7686054714845636
4, 6, 0.8335626767021127
15, 0, -0.7475613207365005
12, 3, -0.2929784213667013
8, 5, 1.32284549979683
-3, 7, 0.1303242439460765
5, 6, -0.496960528491912
-2, 7, 0.463038245533092
-1, 7, -0.2360367846237707
14, 2, 0.1926270093629842
15, 1, -0.5262354833614814
11, 4, 0.2948505598921773
0, 7, 0.08655468076341839
9, 5, 0.2840997748076171
6, 6, 0.4549309161811902
13, 3, -0.185343420474948
1, 7, -0.6876773674245447
16, 0, 0.4891561489861516
2, 7, -1.129994527075039
7, 6, 0.4178564886797936
12, 4, -0.1827537521306037
15, 2, -0.2120255089264972
10, 5, -0.1273729798738596
3, 7, -0.2900175206489386
16, 1, -0.1005395285004392
14, 3, 0.2566730025535277
17, 0, 0.3280878993383829
4, 7, -0.4918131729008172
8, 6, 0.5157533064511135
13, 4, 0.51521065608543
11, 5, -0.06721920083087815
-4, 8, 0.0001784731589020965
5, 7, -0.1929929298251892
-3, 8, 0.2178077002186552
16, 2, 0.9809538350825823
-2, 8, -1.058144190792282
17, 1, 0.1391306532635417
-1, 8, -0.9281557902976872
15, 3, 0.4051013793685918
9, 6, -0.3661534478136971
0, 8, -0.2790622197285432
6, 7, -0.3135819880608228
18, 0, -0.8241369927685167
12, 5, -0.01135718631786707
1, 8, -0.4378916289941336
14, 4, 0.1554913237920666
10, 6, 0.603151146258213
2, 8, -0.7124383047363071
17, 2, 0.4849903125456909
7, 7, 0.3460579279542731
18, 1, -0.3736874067721561
16, 3, 0.05641133220936621
3, 8, -1.257838385932737
13, 5, 1.168991348672274
19, 0, -1.142800477871098
15, 4, 0.1798976521257445
8, 7, -0.9404391630779658
11, 6, -0.06792419910420654
4, 8, 0.1304291172010573
18, 2, -0.06259319549647482
19, 1, 0.1016687967933035
17, 3, -0.04428601964859638
5, 8, 0.2220744188685509
-4, 9, -0.1949804862516415
-3, 9, -0.3163935414879173
9, 7, -0.8611139806751742
14, 5, -0.6993809586576315
-2, 9, -0.1007657914969325
12, 6, -1.119367812647828
-1, 9, -0.217346913879218
20, 0, 0.08909431494801334
16, 4, -0.09095092517573472
6, 8, 0.8726394163494133
0, 9, 0.0894219419876362
10, 7, 0.1678554814616146
1, 9, 0.07926485582078384
19, 2, 0.3340477820079321
18, 3, -0.4244241332533281
20, 1, 0.07709504806648516
15, 5, 0.01830883672787736
7, 8, 0.06355518208620185
13, 6, 0.4543240158429365
2, 9, 0.6028187431874182
17, 4, -1.118607861908016
21, 0, -0.6914200156017946
3, 9, 0.1315199008347899
11, 7, -0.181148233434887
8, 8, 0.8270458393556885
4, 9, 0.4419284745473042
20, 2, -0.5687018057597892
14, 6, 0.4106295130888925
16, 5, 0.6963621384461994
19, 3, -0.8411673985486752
21, 1, -0.8582618287267603
12, 7, -0.4718817005490685
9, 8, 0.737804921230835
5, 9, 0.1791548716293929
-5, 10, -0.0002282951678763538
18, 4, -0.6781718464670971
-4, 10, -0.6555476224186636
-3, 10, 0.2790991716845003
22, 0, -0.2645796578060957
-2, 10, -0.4232348483653067
-1, 10, -0.2226520238489525
15, 6, -0.1134614038156992
6, 9, 0.2067589897806545
17, 5, -0.2804275072748175
10, 8, 0.07111259703237188
0, 10, -0.02765089251849022
21, 2, -0.975613029256734
20, 3, 0.3144344433072859
13, 7, -0.3524951815165493
22, 1, 0.0009976432532715839
1, 10, -0.2741797462598003
19, 4, -0.2230020483180785
7, 9, -0.8725838859175679
2, 10, -0.3100822097375574
23, 0, 0.4786709408424769
11, 8, -0.04141402740263461
16, 6, -0.01643680398458145
18, 5, 1.60565344875149
14, 7, -0.1841167043055376
3, 10, 0.5041936841186526
8, 9, -0.7902633292213098
22, 2, 0.2448548018755891
21, 3, -0.3490156844138889
4, 10, -0.8117562028259786
23, 1, 0.211334214024865
20, 4, -0.4989440693344822
12, 8, 0.8276979494461475
9, 9, 0.6761819522344615
17, 6, 0.1941994730617961
5, 10, 0.101303564012316
-5, 11, 0.2587240485676685
15, 7, 0.2707216623163018
24, 0, -0.2358070625390304
-4, 11, 0.7446948117560815
19, 5, 0.2961005314982403
-3, 11, -0.6980893294722362
-2, 11, -0.4493970568832388
13, 8, -0.6917568498872645
23, 2, -0.0823365660049071
22, 3, 0.2626448383438728
10, 9, 0.02753292728359389
-1, 11, -0.02385122880433418
6, 10, 0.2668889119487176
24, 1, 0.04141315077193904
21, 4, 0.001096546753584446
0, 11, -0.349389577459193
18, 6, 0.8547211821921705
16, 7, 0.8580393148806179
1, 11, 0.08123993306724221
7, 10, -0.07905703017596288
25, 0, 0.152544347093154
20, 5, 0.7016835149045636
11, 9, -0.1599051296131866
14, 8, -0.2416866594013108
2, 11, 0.4356150638986507
23, 3, 0.2362198711593638
24, 2, 0.3460013512721595
8, 10, -0.786614971734833
3, 11, -0.462867698402298
22, 4, 0.2882222078969854
17, 7, -0.0271712218085259
25, 1, -0.4809052281011542
19, 6, 0.3288966051489159
12, 9, 0.4128188453400656
15, 8, 0.5871902245694152
4, 11, -0.309642385426282
21, 5, -0.1897592742237729
9, 10, 0.07112076352769463
26, 0, -0.7940282446773859
-6, 12, -0.0005388194564580615
5, 11, 0.3536435436875061
-5, 12, 0.6248676678879792
-4, 12, -0.1322977625240613
13, 9, 0.7933063473789101
24, 3, 0.7160339912554694
-3, 12, -0.5483293489280544
25, 2, 0.3297076019954348
18, 7, -0.3071205465055473
20, 6, -0.1755256054781635
10, 10, -0.1385433816374555
-2, 12, -0.3534409988244522
23, 4, 0.1518353934903942
16, 8, 0.3306268683757065
26, 1, -0.7439150919337529
6, 11, 0.8872810028665625
-1, 12, -0.5794573593942773
22, 5, -0.1348341471222898
0, 12, 0.4296783251787326
14, 9, 0.5701194376947675
27, 0, 0.3522061373013555
11, 10, 0.4717144170018181
7, 11, -0.3113098708015032
1, 12, -0.3652558777943039
19, 7, -0.2131229937354592
25, 3, -0.07372782555128263
17, 8, 0.3592501710648064
21, 6, -0.04108335532112236
26, 2, -0.1731247222847362
2, 12, -0.09631164094564028
24, 4, -0.6085980716053354
8, 11, -0.1284555573728408
27, 1, -0.5260124058316156
12, 10, -0.9711605403884054
15, 9, -0.1237106657981766
3, 12, 0.003830300121824991
23, 5, 0.2370537084574409
28, 0, 0.8991695070360971
4, 12, 0.1080483109010598
20, 7, 0.6624891637790693
9, 11, -0.3516486955108106
18, 8, 0.1003869858668442
22, 6, 0.3008597621805489
26, 3, 0.5971187106691845
13, 10, -0.01378938039239838
27, 2, 0.2982632919034123
-6, 13, -0.7749571634045563
25, 4, 0.6167135027435081
16, 9, -0.366062865757924
5, 12, 0.6317817504157265
-5, 13, 0.3173409034596036
-4, 13, 0.4317821930679939
10, 11, -1.207618937432974
-3, 13, 0.9574367386414617
28, 1, 0.4668291221290952
24, 5, 1.996527092906677
-2, 13, 0.1039296109218583
6, 12, 1.925560824279979
21, 7, -0.9564683254390688
19, 8, 0.8329583012145744
-1, 13, 0.9689432516990322
14, 10, 0.0584223814564447
29, 0, 0.9567780408662376
0, 13, 0.649772172501621
23, 6, 0.9305081511302462
11, 11, 1.006157851576962
17, 9, -0.3611864465271413
7, 12, 0.3961401744098134
27, 3, 0.006814836251360321
1, 13, -0.4791533603507154
28, 2, 0.5303948808157093
26, 4, -0.3443963643746545
29, 1, -0.1936805799742818
25, 5, -0.1678910623467715
15, 10, -0.1409413098672157
2, 13, 0.0208637816805495
20, 8, -0.1184125263414397
8, 12, 0.2205659202853607
12, 11, -1.090898206670296
22, 7, -0.8918214349603697
18, 9, -0.3334468405482467
3, 13, 0.3275352603806353
30, 0, 0.1766178655701209
24, 6, 0.2967509968718549
9, 12, 0.5625787586415553
28, 3, 0.3626661700759589
4, 13, -0.3452319989995957
16, 10, -0.4940227039093424
27, 4, 0.3629526621152908
13, 11, -1.115419451584
29, 2, 0.8395951101208909
21, 8, 0.1483113973984216
26, 5, 0.9203517014861002
-7, 14, 0.000345723686675496
-6, 14, 0.121863106247288
30, 1, 0.3169567693364422
23, 7, -0.2588300452351219
5, 13, 0.4774302682555515
-5, 14, 0.4527647120740044
19, 9, -0.237804798720943
10, 12, 0.3114227126852975
-4, 14, -0.2915152640198234
-3, 14, 0.1536580217885521
25, 6, -0.1222925501778814
14, 11, 0.1180424207216118
-2, 14, 0.2565155769868502
17, 10, -1.447613455703767
6, 13, -0.48746810683067
31, 0, 1.226168254128878
-1, 14, 0.2810330052986574
29, 3, 0.7695438069004825
11, 12, -0.5019002235389218
28, 4, 0.8660964497877034
30, 2, -0.04415261199147911
22, 8, 0.2156263916511191
0, 14, 0.2179489126689482
20, 9, -0.00535438514998534
7, 13, 0.1864041573014641
27, 5, 0.02589091245530731
24, 7, 0.6481631083564671
15, 11, -0.583271381522671
1, 14, 0.459124756278988
31, 1, 0.2800161329573912
18, 10, 0.2801877771658305
12, 12, -0.8587262095514471
26, 6, 0.0802458550547674
2, 14, -0.4591541180259564
8, 13, 0.04654108224761429
32, 0, 1.287154265732688
3, 14, -0.1706876606994341
23, 8, -0.2893451559446459
30, 3, 0.06998278218917396
21, 9, 0.08791190211991545
29, 4, -0.1144641019526554
16, 11, -0.02599776261633563
31, 2, 0.8856899119292703
9, 13, 0.5541386974092066
25, 7, 0.3088295889152894
13, 12, -0.2274846847147752
28, 5, 1.241046795142067
19, 10, -0.171025348310892
4, 14, 0.8532432606069368
32, 1, 0.3765822449821626
-7, 15, 1.157506219308898
27, 6, -0.2319012359898097
-6, 15, -0.3679677945440138
-5, 15, -0.008742380287341664
10, 13, 0.06755029069833805
5, 14, -0.2795767246669641
17, 11, 0.04003761971356318
-4, 15, -0.4810455404789862
14, 12, -0.2931568468569654
22, 9, -0.6523673300313912
24, 8, -0.5014478836456091
33, 0, -1.340678952461988
-3, 15, -0.2751328269086958
31, 3, 0.3418600226399561
-2, 15, 0.04469083400563264
30, 4, 0.2358756931845578
20, 10, 0.6994465245175848
6, 14, 0.2622003670916071
26, 7, 0.8867714181261541
32, 2, 0.4640954229776255
11, 13, 0.09760889376690447
29, 5, 0.7704398565602123
-1, 15, -0.6533923434445219
0, 15, -0.2525140071406363
15, 12, 0.8623009596611378
33, 1, 1.024637635303116
18, 11, 0.8927026088670217
7, 14, 0.09888373606743808
28, 6, 0.3897629791120751
23, 9, -0.3636478195465978
1, 15, -0.3155180758206572
25, 8, -0.7544058679760215
12, 13, 0.8644028742652552
21, 10, -0.3965607779277737
34, 0, 0.2513239713612264
8, 14, 0.4343055257169338
2, 15, -0.02347513755232452
27, 7, -0.4939775824346616
32, 3, 0.1128812780506215
31, 4, -0.01976342938517475
16, 12, 0.5177486044725198
33, 2, 0.5096003541308917
30, 5, 0.2801787803282934
19, 11, 0.499190431444833
3, 15, -0.8937923106031145
13, 13, 1.160047868697262
9, 14, 0.4144602521179072
34, 1, 0.04420320670597867
29, 6, 0.02860448135422193
24, 9, 0.2634321261211739
4, 15, -0.2221775797754714
26, 8, -0.6689367064790681
22, 10, 0.7486007205027697
17, 12, 0.427532284849903
-8, 16, 0.001664040894298731
-7, 16, -0.427200812551437
10, 14, -0.2009311540011522
-6, 16, 0.2884639831664192
14, 13, -0.7533094488879002
35, 0, 0.1668642783429201
28, 7, 0.1328897153837793
20, 11, -0.3403816029676417
5, 15, -0.06419886275659274
-5, 16, -0.127748166553305
32, 4, 0.3156861085514254
-4, 16, 0.1421281134755068
33, 3, 0.9679419492042959
31, 5, -0.3364644412490247
-3, 16, -0.2086086978115559
34, 2, 0.6014781466352943
6, 15, 0.07033969320292734
-2, 16, -0.7275914597529357
25, 9, 0.06239637564170376
11, 14, 0.220630106159815
23, 10, -1.069150192201367
30, 6, -0.1345343992385342
18, 12, 0.2154807322677749
35, 1, 0.6957362947673961
27, 8, -0.7074727793513826
15, 13, -0.53634611250918
-1, 16, 0.4183507063955181
21, 11, -0.09448135673325336
7, 15, 0.6396181995116528
0, 16, -0.3934199281503075
29, 7, -0.5412728689856537
12, 14, -0.04993601551136751
36, 0, 0.8915701877560719
1, 16, -0.6269562700322503
33, 4, -0.5889194381374623
34, 3, -0.2498712393342559
32, 5, -1.052514737574705
8, 15, -1.069856523384531
19, 12, -0.7720979277870531
16, 13, 1.56954288667648
35, 2, 0.3860453588138203
26, 9, -0.9101374754451774
24, 10, -0.7843752219382347
2, 16, -0.8526801494942318
31, 6, -0.3200250209641251
28, 8, -0.3740168971539882
22, 11, 0.5422017841284575
13, 14, -0.05186855479863353
36, 1, 0.05016141989366042
3, 16, -0.4094892056955566
9, 15, -1.865720019251998
30, 7, 1.817145849966716
17, 13, 0.5392614516814895
20, 12, 0.8059372450657302
4, 16, -0.7231715835608868
37, 0, 0.6180830707312164
34, 4, -0.1951079318814828
14, 14, 1.063190446082573
-8, 17, -0.08980365889828029
35, 3, 0.05680018091149137
25, 10, -0.3309147050824546
10, 15, 0.03807198246559446
-7, 17, -0.2164868472922076
27, 9, 1.352013524357858
33, 5, -0.124862877156786
-6, 17, 0.9384994566377967
5, 16, 0.1425489252414914
-5, 17, -0.0931758795112991
23, 11, -0.1004054069681153
36, 2, 0.06472882067712728
29, 8, -0.7250846243160513
-4, 17, 0.3043354312955813
32, 6, 0.2486136251349836
18, 13, 0.3826165310953232
-3, 17, 0.2203925495641448
37, 1, 0.2168819872990909
11, 15, -0.3559028647391646
6, 16, 0.5778417038017691
21, 12, 0.5589755811731408
15, 14, -0.4029680639264265
-2, 17, 0.4050026116194381
31, 7, 0.300970912768825
-1, 17, -0.7126519855777048
26, 10, 0.8310466115954644
28, 9, -0.920762725360377
7, 16, 0.62249952991116
38, 0, -0.3409745271607196
35, 4, 0.4038993311894686
24, 11, -0.3813451342901946
0, 17, -0.2029694300300593
36, 3, 0.2342683350518596
12, 15, 0.3465885786090587
34, 5, -0.1954261227431889
19, 13, 0.3648404076443757
30, 8, -0.4535447576848939
16, 14, 0.2823636665878776
37, 2, 0.4517900224046963
1, 17, -0.06915671344709937
33, 6, -0.6250798405403215
22, 12, -0.8075890241309969
8, 16, 0.4550191220298173
2, 17, 0.4306133038773581
38, 1, -0.2264338153394601
13, 15, -1.180212239791218
32, 7, -0.3864359456411298
27, 10, 0.8510451455912795
25, 11, -0.04659552518337939
20, 13, -0.3335565463752528
9, 16, -0.04261557844391391
3, 17, 0.240868952961956
29, 9, 0.4064039409303607
17, 14, 0.8558449227005388
36, 4, 0.1530139774813744
39, 0, -0.155947253504296
37, 3, 0.04833573672198199
35, 5, 0.3212840269053132
23, 12, 0.01436588641319702
31, 8, -0.2969288660729266
4, 17, 0.7015139478823129
14, 15, 0.05290573965960606
-9, 18, -0.000245632949242769
38, 2, 0.8331808964839957
34, 6, -0.7393876689064285
10, 16, -0.6510752940310904
-8, 18, 0.596787622766046
-7, 18, 0.6317054355097138
-6, 18, 0.8924426562502497
5, 17, -0.1895928644579673
-5, 18, -0.03659648946132375
18, 14, -0.4411013536546444
21, 13, -0.1505829219480166
28, 10, -0.6031244332741958
-4, 18, 0.343734920184704
39, 1, 0.514406287587172
33, 7, -0.5789333459541555
26, 11, -0.6389346055196597
30, 9, -0.3819575983156521
15, 15, -0.211639629960703
-3, 18, -0.2324318458502215
11, 16, 0.9467244446352854
6, 17, 0.3864324519307301
24, 12, -0.04752596875531422
-2, 18, -0.5052083709996772
37, 4, -0.5752287493311423
40, 0, 0.3144068545228143
32, 8, 0.01999862713868321
36, 5, -0.641831249653919
38, 3, 1.066072325176196
-1, 18, -0.3782349365991649
19, 14, 0.9461779280830833
7, 17, 0.4347303112857294
35, 6, 0.2756307456402644
22, 13, -0.2235746762655872
12, 16, -0.6758629498063576
39, 2, 0.8795730819922477
0, 18, 0.3142434161908472
16, 15, 0.003094485955599937
29, 10, 0.4466957271716999
27, 11, 0.204160698932683
34, 7, 0.5464321035723132
1, 18, 0.3626712513909704
40, 1, 0.1011845719445977
31, 9, -0.4227098730658757
25, 12, -0.03771917510794428
8, 17, -0.1405257115153271
13, 16, -0.3731676619128746
20, 14, 0.09913412199122529
2, 18, -0.03245909250711656
17, 15, -0.1045999357476595
33, 8, -0.4777335775562452
23, 13, 0.02883463275894125
38, 4, 0.2942390928781354
37, 5, 0.05227625770938048
9, 17, -0.4687442426775694
41, 0, 0.511683220340872
39, 3, 0.6916469564402247
3, 18, 0.7314653664108997
36, 6, 0.5752669991772776
28, 11, 0.6405072669959896
40, 2, -0.1935402987290322
30, 10, -0.4469799453017336
14, 16, -0.2429237818331124
26, 12, 0.007289489059167057
4, 18, 0.04489347562337533
35, 7, -0.4913294371459415
21, 14, 0.3434684987279764
10, 17, -0.687925580899641
-9, 19, 0.5977662480576797
32, 9, -0.5834963424705045
-8, 19, 0.5537355029398214
18, 15, -0.2588486286922521
-7, 19, -0.07404197862192205
41, 1, 0.3888711693490591
-6, 19, 0.3440310032088835
24, 13, -0.0645685903829817
5, 18, 0.1117759727487001
-5, 19, 0.4738607833444771
15, 16, -0.08208548474757617
-4, 19, 0.2560737180925071
34, 8, -0.1334070016050047
11, 17, -0.3238989975255724
39, 4, 0.06626794711650473
-3, 19, 0.1211817217856834
38, 5, 0.2835777050647723
42, 0, 0.6129098324562661
6, 18, -0.1697311875546021
40, 3, 0.07982402648011423
29, 11, -0.05019711343960759
37, 6, 0.1345674818118411
31, 10, 0.837612484233177
19, 15, 0.2923663636521865
-2, 19, 0.3997585499612426
22, 14, 0.4836456389377221
27, 12, -0.1598463556126392
41, 2, -0.3535648071054527
-1, 19, 0.2351376294783319
33, 9, -0.6344803352096433
16, 16, -0.3362445678471626
36, 7, -0.3424748576355123
12, 17, -0.2578987983135053
25, 13, 0.4068219430644781
7, 18, -0.2102816527772859
0, 19, -0.07391169657618363
42, 1, 1.111291946718575
35, 8, -0.28095426258575
20, 15, -0.2482608524707992
1, 19, -0.3645519206374342
8, 18, 0.05954764009037587
23, 14, 0.2363956949346515
30, 11, 0.166675288797917
13, 17, -0.2775774726587118
40, 4, -0.3759503208911406
28, 12, 0.6355431141758165
39, 5, 0.01514624126614002
17, 16, -0.07263910532054633
32, 10, -0.2846880698663095
2, 19, 0.2634709150802099
43, 0, 0.2873351981207518
41, 3, 0.482968391569105
38, 6, 0.5931618031050602
26, 13, -0.338075727161916
9, 18, -0.09359742830930858
34, 9, -0.5150096558931598
42, 2, 0.7151697804271988
3, 19, 0.1139819318811047
37, 7, -0.7095823230035659
14, 17, 0.2981409832105439
21, 15, 0.1970330622351562
24, 14, 0.3772733084043836
18, 16, -0.273393442963
43, 1, 0.8159167180083589
4, 19, 0.3831174247299222
10, 18, 0.08606091339407233
-10, 20, 0.0009201384831647712
-9, 20, -0.3098278585757314
36, 8, -0.1719547816405814
-8, 20, -0.5685234614727125
31, 11, 0.5491108211216255
29, 12, 0.7277693903857936
-7, 20, 0.9037079408888931
-6, 20, -0.5492997295584781
33, 10, 0.1326054168689284
41, 4, -0.3732758836597925
40, 5, -0.01025832989163662
27, 13, -0.4049810835392103
15, 17, 0.04883296770751633
5, 19, -0.2578747210042885
-5, 20, -0.119027677902206
42, 3, 0.1605866217737503
39, 6, -0.2242295778415673
44, 0, 1.158183876307668
-4, 20, 0.6340144595354682
22, 15, -0.118365439267856
11, 18, -1.139939536231772
35, 9, 0.655534396796341
19, 16, -0.5938004891974218
-3, 20, -0.1988135323249635
43, 2, -0.261019355186714
38, 7, 0.1799016463212045
25, 14, 0.6698854455243964
6, 19, -0.6104851611415658
-2, 20, -0.3421938779157649
16, 17, -0.3383381274565003
30, 12, 0.9151445949913033
12, 18, -0.7868241716287075
32, 11, -0.2916634134831637
-1, 20, -0.2215807859492418
44, 1, 0.03275541030261256
37, 8, -0.07408184546453866
7, 19, 0.3859156520934707
28, 13, -0.06146127728981289
34, 10, -0.3926110643161516
23, 15, 0.6113518048334021
20, 16, -0.1726787100284756
0, 20, -0.03396570867905761
41, 5, -1.170564181827717
42, 4, -0.1119716649393209
40, 6, -0.7341952160042597
26, 14, 0.6464599172331706
1, 20, -0.3793497712997632
8, 19, 0.1402777032411338
43, 3, 0.2974817640326746
17, 17, 0.5095143893437063
13, 18, -0.1603270314441152
45, 0, -0.1704227931716891
36, 9, -0.01986739062597158
39, 7, 0.1399104444973901
44, 2, 0.6225944966533243
2, 20, -0.7323091543220283
31, 12, 0.2519109671102018
33, 11, 0.221954854986226
21, 16, 0.279038490256185
9, 19, -0.1940039602482164
24, 15, -1.417871512481081
29, 13, 0.8139406990840549
38, 8, 0.2309755695949307
14, 18, 0.1265632944065645
3, 20, 0.2676255179455638
45, 1, -0.09781510032789049
35, 10, -0.02495443997075114
18, 17, 0.304112348826218
27, 14, 0.8793849187650532
10, 19, 0.007131078974280923
-10, 21, -0.3975385244803685
4, 20, 0.6243944336348706
-9, 21, 0.1375453445662648
42, 5, 0.7217768600118712
43, 4, -0.5345685620798346
-8, 21, 0.4966771757190831
41, 6, -0.322733565296178
37, 9, -0.2761451194547238
-7, 21, 0.2838283119189228
44, 3, 0.001022127044104161
15, 18, 0.4179788477878772
-6, 21, -0.3464635810346786
46, 0, 0.4928163249020795
22, 16, -0.8895632952730465
40, 7, 0.04175726570519418
25, 15, -0.1349106383822866
5, 20, -0.04469207218521196
-5, 21, 0.1063836271600581
32, 12, 0.6015941003863871
19, 17, -0.2057797621602161
45, 2, -0.417864243945768
34, 11, 0.5914550154081751
30, 13, -0.4463440006935814
11, 19, 0.502106372109025
-4, 21, -0.5182484894624541
-3, 21, 0.3366732727900211
39, 8, -0.1795776684858435
36, 10, 0.07346566027596105
28, 14, 1.084302184473142
6, 20, 0.1784732442413229
16, 18, 0.2726615148380645
46, 1, 0.09186017960765498
-2, 21, -0.318853076560463
23, 16, -0.9540209839851821
12, 19, -0.2562790251387745
20, 17, 0.6955092339175925
-1, 21, -0.6409965751989611
43, 5, -0.3737556059487372
7, 20, 0.2417216479583934
38, 9, 0.2296443565166536
26, 15, -0.5514055451605716
44, 4, -0.8844127010889453
42, 6, 0.1938778644193715
45, 3, -0.1280455803215715
33, 12, 0.008008398700811388
0, 21, 0.5469243478028381
47, 0, 0.8357175265512283
31, 13, -0.07424202125655412
41, 7, -1.17997692587548
35, 11, 0.2338639702033225
17, 18, -0.2846688503492603
13, 19, 0.9845625302183935
8, 20, 0.3801537554102148
29, 14, 0.1322792511910688
1, 21, -0.4804679772783544
46, 2, -0.3445472620503058
37, 10, -0.1486310123823832
40, 8, -0.6774915671688516
24, 16, 0.711957385193855
21, 17, -0.3346706063931163
2, 21, -0.09742320521461159
27, 15, -0.09056809683377312
47, 1, 0.3427272507120699
9, 20, -0.1768107281719467
14, 19, 0.1641637058578325
18, 18, -0.539139370763457
39, 9, -0.08149825800819123
3, 21, 0.6450094569277467
44, 5, -0.003335935384815799
34, 12, -0.4569772666880879
45, 4, -0.02907067206867325
32, 13, 0.2745962465162523
43, 6, -1.402367066816603
36, 11, -0.9257920720405151
46, 3, 0.2700596119869883
-11, 22, -7.21225885234602e-05
10, 20, 0.3846782850976392
-10, 22, -0.2334120240693497
30, 14, 0.1137504163996315
42, 7, 0.0983286880436795
-9, 22, 0.03507405382182461
22, 17, -0.4713864034969568
48, 0, -0.07532116413936446
25, 16, -0.5175406922313729
4, 21, 0.4596244481738413
-8, 22, -0.006151689249240398
-7, 22, -0.5260164612773054
15, 19, 0.3117989075179901
47, 2, 0.4105939855206545
19, 18, -0.1955974430871511
38, 10, 0.1121968419772263
-6, 22, -0.1339424062221434
41, 8, -0.6275373742801996
28, 15, -0.2005960681676332
-5, 22, 0.4452348120214193
5, 21, 0.4896198762816476
11, 20, -0.5306770191239127
-4, 22, -0.4646635303254488
48, 1, 0.9737823556391215
-3, 22, -0.4160509084790104
33, 13, 0.6424059370656168
40, 9, -0.567105312339246
35, 12, 0.3836750124814368
23, 17, 0.5893670706866545
16, 19, -0.4908587358880641
6, 21, 1.003004131033884
26, 16, -0.2833947508622232
45, 5, -0.09408831238878412
31, 14, -0.1280411360921027
46, 4, 0.4550340971625506
44, 6, -0.4727074346953744
20, 18, 0.5538175769519856
-2, 22, -0.6115652624421942
37, 11, -0.01112160250111593
12, 20, 0.4637561077263965
47, 3, -0.3202890936018782
43, 7, 0.2003997865608936
-1, 22, -0.06889626824069613
49, 0, -0.9247776051662975
29, 15, 0.4603409023289509
7, 21, 0.4405495518608534
39, 10, 0.8018924595481789
17, 19, 0.5513861609837066
48, 2, 0.1075849462732479
42, 8, 0.016562778564814
0, 22, 0.2520557552732978
24, 17, -1.414063690319278
13, 20, 0.02621851390480585
8, 21, -0.2864192625629359
21, 18, -0.432548296726726
27, 16, -0.7123770763703731
34, 13, -0.5250327433559103
1, 22, -1.09646434288478
36, 12, 0.1738423724872514
32, 14, -0.6991471943877301
49, 1, 0.2364584217224558
41, 9, 0.03191654448720418
38, 11, 0.36725736643656
2, 22, -1.3346456336535
46, 5, -1.096390123710618
18, 19, 1.315099192066446
45, 6, 0.4655998978607206
30, 15, 0.1117956343334102
9, 21, 0.4604014140440566
14, 20, 0.5559602004482516
47, 4, -0.2220892825072425
44, 7, -0.5878991869287578
48, 3, 0.5147402600717556
3, 22, -0.1963837147139911
25, 17, 0.2466407108828428
50, 0, 0.1419712595621444
40, 10, 0.03083742760135889
22, 18, -0.2125719001827528
28, 16, 0.1192779420729163
43, 8, -0.2508734574885713
-11, 23, 0.8822175813087716
10, 21, 0.6271272955170913
-10, 23, 0.7150843000049729
49, 2, -0.5905668642837467
-9, 23, -1.152426056025972
4, 22, -0.4146962884484376
35, 13, -0.1634243586913443
15, 20, -0.125065620988982
-8, 23, -0.02199845401763607
19, 19, 0.8500874076659366
33, 14, -0.274751345637413
37, 12, 0.2425833163577627
-7, 23, 0.6701729002353414
-6, 23, -0.1533820904502946
42, 9, -0.03393025264976823
31, 15, -1.26812628619467
50, 1, 0.2017343170132527
39, 11, -0.09132424723722733
5, 22, 0.001863895681105092
-5, 23, 0.03229494825573683
11, 21, 0.1070708735921963
23, 18, -0.01287476414541653
26, 17, 0.5714550179428023
47, 5, 0.2638934117761096
-4, 23, -0.9065049600450942
46, 6, -0.593837466228499
48, 4, 1.173648007404872
16, 20, 0.114451407872091
45, 7, 0.3514411831269473
29, 16, -0.6465115049814031
20, 19, 0.3899079990599804
-3, 23, -0.5441007845561013
6, 22, 1.127124976410059
41, 10, -0.8010205501577717
49, 3, 0.615484595603684
51, 0, -0.7743948320405757
12, 21, 0.04207826301932561
-2, 23, -0.6438046653107596
44, 8, -0.3305241631053293
36, 13, -0.04418280039131221
34, 14, -0.1888360377056022
50, 2, 0.1336989924988776
38, 12, -0.3225975266584064
7, 22, -0.03541172095534151
-1, 23, 0.09816232467679051
24, 18, -0.7224258312235547
32, 15, 0.2545362960589302
17, 20, -0.5506215774293002
27, 17, -0.01442264367558435
43, 9, 0.1100504743868154
40, 11, 0.2435932453979839
21, 19, -0.2225093192950064
0, 23, 0.2848054058301099
13, 21, -0.5537450088454853
51, 1, 0.1659586323215063
30, 16, 0.1839957201644092
8, 22, -0.1813708085212265
48, 5, 0.1870603777389975
1, 23, -0.0723973120625131
47, 6, -0.3503408399672518
49, 4, 0.583777126567911
46, 7, -0.2780746381920298
42, 10, 0.9558431330983785
18, 20, 1.007419274017647
50, 3, -0.1964233485429045
37, 13, 0.05818986150476325
35, 14, 0.3522984754364006
25, 18, -0.3386134665072394
14, 21, -0.2783701600706612
2, 23, 0.3258845572016748
9, 22, 0.6089140521066645
52, 0, 1.345262343250608
45, 8, 0.1115666883152106
28, 17, -0.1914846114251779
22, 19, -0.5332346022697865
39, 12, -0.3999296448978321
33, 15, 0.2504532586947841
51, 2, 0.542182420666296
3, 23, 0.2405512440286027
-12, 24, 0.0007878904278494217
44, 9, 0.01664913755054587
41, 11, 0.6819008474809921
31, 16, -0.4887741107294343
-11, 24, -0.2339909822275748
10, 22, -0.455880315755863
-10, 24, -0.4204653280900184
19, 20, -0.3985391853592449
15, 21, 0.4252377411178887
-9, 24, -0.4481598065613289
-8, 24, -0.3468254114891114
4, 23, -0.5672198449236187
52, 1, 0.3212259201893128
-7, 24, 0.3145112513946775
26, 18, -0.3605344297087768
49, 5, -0.1668200720922617
23, 19, -0.2471896655091645
48, 6, -1.348898783547592
-6, 24, 1.498433524538394
43, 10, 0.4355210374803395
29, 17, -0.7000780351639431
50, 4, 0.7164859343089814
36, 14, -0.7800139330518059
47, 7, 0.3338181354291258
38, 13, 0.1388091254702322
11, 22, 0.2276788484503262
5, 23, -0.1135734034624598
-5, 24, -0.4121459767064644
34, 15, -0.2047810662687139
16, 21, -0.6388585921168679
51, 3, 0.3296345648868494
40, 12, 0.2516564761222778
20, 20, 0.5870448687997093
-4, 24, 0.4701921195905384
46, 8, -0.2253739271149141
53, 0, 0.6787030681590198
32, 16, 1.035087626375098
-3, 24, 0.4569812119146573
6, 23, -0.823829262477067
52, 2, 0.7855978633701085
12, 22, -0.8041791706558388
42, 11, 1.213332690392949
45, 9, -0.4874772271635833
27, 18, 0.6971812630438444
-2, 24, 0.5354679907731662
24, 19, -0.09192131043897728
17, 21, 0.03773308773727313
30, 17, -0.01944801124931416
7, 23, -0.004248993504663547
-1, 24, 0.1556309274489836
21, 20, 0.5826771185157245
53, 1, -0.2756336197782035
37, 14, -0.1642877681339974
39, 13, 0.5009465959751407
50, 5, -0.3047588217043287
49, 6, -0.2487527932654666
35, 15, -0.1161860978114153
13, 22, 0.01466389615202148
44, 10, 0.002214389436227897
0, 24, 0.6484788985107653
51, 4, -0.4661133728041765
48, 7, 0.3550873337942793
41, 12, 1.11874378155956
8, 23, -1.176104834278779
33, 16, 0.0197234727506927
52, 3, 0.399653801046735
47, 8, -0.5139588423288067
25, 19, -0.1260004514234993
1, 24, 0.2964429326649367
18, 21, 0.06824759548463574
28, 18, -0.6045229631694662
54, 0, 0.3506292954198672
22, 20, 0.121739428571786
14, 22, -0.1330467640761476
43, 11, 0.7382898586402993
2, 24, 0.3069067446697408
31, 17, 0.7501189356246125
9, 23, -0.629395511960348
53, 2, 0.3231447156508125
46, 9, -0.07032205958276536
38, 14, 0.9934797246110321
36, 15, -0.1851011904193262
3, 24, -0.09905424275149992
40, 13, 0.4371084016261084
19, 21, -0.4198333350426035
-12, 25, -1.14066831864861
-11, 25, -0.2712746227855182
54, 1, 0.07709060073384437
45, 10, -0.1222094353298812
26, 19, 0.08653264106346414
15, 22, 0.1916355793244089
10, 23, -0.3690059973626151
-10, 25, 0.1570603585708434
50, 6, -0.1138501622244327
34, 16, 0.2768726736446489
51, 5, 0.1925554770784784
-9, 25, 0.6472965880421845
29, 18, 0.3666729425796149
42, 12, -0.04882712951964922
49, 7, 0.6769647119565793
23, 20, 0.1258209660461726
-8, 25, -0.086349540363509
52, 4, -0.7909631715077381
4, 24, -1.095975938564446
-7, 25, 0.3035493517601399
48, 8, -0.376108717081116
-6, 25, -0.06882860535941081
53, 3, -0.6707294592062795
32, 17, -0.599592023751703
11, 23, -0.3212527821004055
55, 0, 0.2880304934577927
44, 11, 0.5071643973972472
20, 21, 0.05212085189692955
5, 24, 0.0004805698199736043
-5, 25, -0.09033645926539553
16, 22, 0.2829577529471999
47, 9, -1.084195325333747
-4, 25, -0.4464709200131648
54, 2, 0.5638882262729438
39, 14, 0.7030651963110305
27, 19, 0.1344836467507235
37, 15, 0.09381045260918434
24, 20, 0.1567913652391262
41, 13, 0.7185201745184875
-3, 25, 0.6669558255078146
30, 18, -0.5917203832467572
6, 24, 0.7344713811916205
35, 16, -0.5296094885658392
12, 23, 0.6053324450672164
46, 10, -0.3734705504712328
-2, 25, -0.2505849112238505
17, 22, 1.265757984923237
55, 1, 0.130055957131915
43, 12, 0.1242023453130928
51, 6, -0.5404274714006084
21, 21, -0.5092517216885365
52, 5, -0.6798992769837392
50, 7, 0.1406664347110334
33, 17, -0.02823371303334324
7, 24, 0.06477093048148436
53, 4, -1.206897332727553
-1, 25, 0.7476805185102494
49, 8, 0.2031251335785089
13, 23, 0.3920579406789463
28, 19, -0.4901987632065092
54, 3, 0.8758797375976188
45, 11, -0.7739400702035385
25, 20, -0.3095267571747374
0, 25, -0.6728752622625027
56, 0, 0.6211796845130279
8, 24, 0.1332266785233428
38, 15, -0.408556899170206
31, 18, 0.5388993552942735
40, 14, 0.1488785482081451
18, 22, -0.1716227819179765
48, 9, 0.2875643861920563
22, 21, -0.6905640143707571
1, 25, 0.5790903106482403
36, 16, -0.4441281592954804
55, 2, -0.3326991614754045
42, 13, 0.0918669236892775
14, 23, -0.9598076561660864
9, 24, 0.8451664045097049
47, 10, 0.5556073834922628
34, 17, 0.0852946294706358
2, 25, -0.4373583352278638
44, 12, 0.6995551906919711
52, 6, 0.1000170747770946
26, 20, 0.04915909421748328
56, 1, -0.4883294292499166
29, 19, 0.3934977394409737
53, 5, -0.3137039563473385
19, 22, 0.8294239483836121
51, 7, 0.0921905150659329
3, 25, 0.4839498309600003
-13, 26, 0.00201984947870475
54, 4, -0.1547122309658815
-12, 26, 0.1901400541239331
15, 23, -0.4827367472073479
-11, 26, 0.1971679391541919
23, 21, -0.7954890280610047
50, 8, 0.6722707405217558
32, 18, -0.6514983570907883
10, 24, -0.4115087137045046
-10, 26, -0.4574710753076774
46, 11, 0.4143131439406506
-9, 26, 1.077773167429259
39, 15, 0.5625649071315068
55, 3, 0.2781516171278343
41, 14, -0.303076542714304
-8, 26, 0.4371697908920761
37, 16, -0.02396024848956997
4, 25, 0.1122590717818771
49, 9, 0.340128340232853
-7, 26, 0.5529920478763433
57, 0, -0.4849587229939463
43, 13, -0.3570040753548946
20, 22, -0.2079023303901387
-6, 26, 0.1703082289059654
35, 17, -0.2349384169388419
11, 24, 0.04934263238819067
56, 2, 0.06624265590354429
27, 20, -0.004082693835010842
16, 23, -0.3845958598387164
30, 19, 0.2311545213785669
5, 25, 0.5039324722633889
-5, 26, -0.1461081734536366
48, 10, 0.2261381800847601
45, 12, -0.3111113243941706
24, 21, 0.3253368989414903
-4, 26, -0.4667600861231324
33, 18, -0.05020832593356175
53, 6, 0.1757639365754688
57, 1, 0.3354751046484867
54, 5, -0.8314766486272778
6, 25, -0.8094365001736228
-3, 26, 0.6237728324392369
12, 24, -0.5515030629306752
52, 7, 0.1118304676951088
21, 22, 0.4679730735195938
55, 4, -0.5579713097110035
40, 15, -0.1352033459645093
17, 23, -0.423234140244804
51, 8, -0.0138653826232896
47, 11, 0.04007422900897601
42, 14, -0.7437347776064053
38, 16, 0.2148836359621712
-2, 26, 0.0537753504378282
28, 20, 0.3421113649025174
56, 3, 0.002760001340487713
7, 25, -0.2045483807215473
44, 13, 1.27812755053126
36, 17, -0.9202138708457072
50, 9, 0.1457841577891988
31, 19, 0.02556491597685177
25, 21, 0.1684724604026652
-1, 26, 0.0646510020642839
13, 24, 0.06453002580457119
58, 0, -0.3448771678657515
0, 26, 0.5847317660828498
57, 2, -0.3154079341202525
18, 23, -0.2546546233654496
46, 12, -0.3756035932046761
22, 22, -0.5619116095791383
34, 18, 0.1993775884432869
8, 25, -0.06738403274642754
49, 10, 0.4121242247716729
1, 26, 0.1760745360709057
14, 24, -0.1909849358846582
54, 6, -0.05732650058280194
41, 15, 0.3608055140457582
29, 20, 0.3933586963029885
55, 5, -0.2248164529571704
53, 7, -0.3768644686793666
39, 16, -0.2305085745640472
58, 1, 1.438861460138325
26, 21, 0.9315621759457622
43, 14, -0.6946831508855043
9, 25, -0.6274024938315992
2, 26, 0.6482007012734099
48, 11, -0.1576278404498852
32, 19, 0.5304330149682767
56, 4, 0.1741058435615744
52, 8, -0.2590199846630177
37, 17, -0.03537887933447312
19, 23, 0.1590567375745107
45, 13, -0.5970862329555706
23, 22, 0.5678077967794843
-13, 27, 1.182205355885642
57, 3, 0.3275394336581864
51, 9, -0.4126674452396605
15, 24, -0.4167234581853664
-12, 27, 0.4668652978164533
3, 26, -0.186175525084452
-11, 27, 0.1734178361761521
35, 18, -0.1438570751001449
10, 25, -0.08482162188987463
-10, 27, -0.09804671075925139
59, 0, -0.1016380612412177
-9, 27, 0.3087891483766513
47, 12, 0.5290355070922155
-8, 27, -0.09570595014495908
58, 2, 0.2481401435741922
50, 10, -0.279423892320448
30, 20, 0.1937643802950717
4, 26, -0.5680319510207691
27, 21, 0.3985854010642622
20, 23, 0.06119417889015966
-7, 27, 0.1666300052846206
42, 15, 0.6139351477849884
-6, 27, -0.3002918204931725
40, 16, -0.4201003763858069
16, 24, 0.4739653520532168
33, 19, -0.9333382350322565
11, 25, -0.1077067278977229
24, 22, 0.8824694928906572
44, 14, 0.1026752982397374
55, 6, -0.8004885567536251
38, 17, 0.5196213990719433
5, 26, 0.3793112291925411
-5, 27, 0.4395722578049651
54, 7, -0.7007823838026307
56, 5, -0.9041169815147646
59, 1, 0.775716911120693
49, 11, -0.1866124644331354
53, 8, 0.3730087676655596
-4, 27, 0.03160767745331097
57, 4, -0.1258423338504763
46, 13, 0.6075535228574461
36, 18, 0.839121911735409
21, 23, -0.5089012160245316
12, 25, -0.1769775894814241
6, 26, 0.2363030374330767
-3, 27, -0.2042680494659629
52, 9, 0.3045600032193732
28, 21, 0.133878949348815
17, 24, -0.06447619074880417
31, 20, 0.06739048191622153
58, 3, -0.0561467903914352
25, 22, 0.07145690508117249
-2, 27, 0.03188451223503475
60, 0, -0.3902617109162385
48, 12, 0.1940839190278047
34, 19, -0.9635080213076939
51, 10, 0.1117353452385197
7, 26, 0.6339045835449985
41, 16, 0.1163670869354013
59, 2, -0.5188352586298759
43, 15, -0.3655997013812944
13, 25, 0.005010520276217224
-1, 27, -0.1803668969212554
39, 17, -0.2545753925543831
45, 14, -0.2708684958225676
22, 23, 0.2862735642291748
18, 24, -1.009738009836128
0, 27, -0.507910808761657
56, 6, -0.3171549780234047
8, 26, -0.398626295750141
55, 7, 0.2019293433668514
50, 11, -0.6308060682819119
37, 18, -0.5146281575449377
29, 21, 0.6078174081292878
57, 5, -0.6137935582951896
32, 20, 0.7641845540975204
60, 1, 0.27979473370047
47, 13, -0.4528784259325649
54, 8, -0.7157234129018013
26, 22, 0.2453869060407764
14, 25, 0.3470853458512831
1, 27, 0.01440743555279864
58, 4, -0.7402434368201465
53, 9, -0.511868078767122
35, 19, 0.5123573781175208
9, 26, -0.4762756130803558
19, 24, 0.5835575340871733
59, 3, 0.2610990299057876
23, 23, 1.067546643562489
2, 27, -0.4062911673680112
49, 12, -0.2496589074044357
42, 16, -0.5192075874511393
61, 0, 0.3280035759865889
44, 15, -0.7347193701242803
52, 10, 0.2464305793306138
-14, 28, -0.007759666037355025
40, 17, 0.06157958236725099
15, 25, 0.1788726436956521
-13, 28, 0.1833863875866492
-12, 28, 0.7484092709724881
-11, 28, -0.4817966605009246
30, 21, -0.3658727742082685
3, 27, -0.034795469974296
60, 2, -0.06566062572484133
46, 14, -0.1691600963155112
10, 26, 0.1242302223148786
-10, 28, -0.1513962488666984
27, 22, 0.5603126475027567
38, 18, -0.634459643435182
33, 20, -0.02218801017515515
-9, 28, 0.08326536264604097
20, 24, 0.2841499068849092
-8, 28, -0.3823810011725166
51, 11, -0.1054597871043105
4, 27, 0.3274730329896546
57, 6, 0.05270774435589867
56, 7, -0.2589709970820285
48, 13, -0.3814631386064548
24, 23, -0.4036667654243712
-7, 28, -0.1928480282970104
58, 5, -0.288160517128559
16, 25, -0.6968372706456938
55, 8, -0.3148072558016095
36, 19, -0.2568981737994933
61, 1, 0.2601968377232803
11, 26, 0.04389746443567338
-6, 28, 0.01562549351372809
59, 4, -0.08317583701435856
5, 27, 0.5066401716377813
-5, 28, 0.5463660676887634
54, 9, -0.3162038851517173
43, 16, 0.1899661284237026
31, 21, 0.8471210242367241
50, 12, 0.6462036059921691
28, 22, -0.7848912369522751
41, 17, -0.02728601456782695
-4, 28, 0.02067570874888275
60, 3, 0.1120903752965185
45, 15, 0.1433773494651317
21, 24, 0.05128907886379314
34, 20, 0.5378129469589584
12, 26, 1.217670278170736
53, 10, 0.3446716835976409
17, 25, -0.02482140414802692
39, 18, -0.7043282817627148
6, 27, -0.8182122367147492
62, 0, 0.4316914348001815
25, 23, 0.1076066001307878
-3, 28, -0.04296531340893388
47, 14, 0.4867576860941688
61, 2, 0.07108848656078275
-2, 28, -0.8741186247822381
37, 19, 0.1580566898322555
52, 11, 0.4096084425607954
49, 13, 0.2830834918275981
7, 27, -0.7004936952355802
13, 26, -0.3625784395154631
58, 6, -0.5232177881774406
22, 24, 0.536663890591127
57, 7, 0.2146776000338889
-1, 28, -0.1351091801519022
29, 22, 0.7545771404483665
18, 25, 0.03788707848480458
59, 5, -0.2139582163945069
32, 21, 0.3305913857967889
56, 8, 1.163488025752204
62, 1, -0.2584210691975232
26, 23, -0.01542058606934095
60, 4, -0.07720808386955429
44, 16, 0.2158006602054392
0, 28, -0.6572241015153125
42, 17, -0.9548710063715703
55, 9, -0.3431377468970573
35, 20, -0.2403444677915308
8, 27, -0.2583566291906453
46, 15, -0.5264971203494871
51, 12, 0.3255820650975739
40, 18, -0.1234101614584364
14, 26, -0.2199107562283678
61, 3, 1.266213507431614
1, 28, 0.9582916148726706
54, 10, -0.4845405177501294
48, 14, 0.5801453294528707
23, 24, 0.3105212968360899
19, 25, 0.1826472497131887
63, 0, 0.3387353370607258
9, 27, -0.1819597441928394
38, 19, -0.5344159922517531
30, 22, -0.1159790743643138
2, 28, 0.2920262530577344
33, 21, 0.6980727407282498
62, 2, -0.6073290538581348
50, 13, 0.1643971193387967
27, 23, 0.2198655609690285
15, 26, -0.03601446396936705
-14, 29, 0.03263101306416084
53, 11, -0.2221428002100971
-13, 29, -0.7002736261753304
-12, 29, -0.6437690232859214
-11, 29, -0.1843205181657425
3, 28, -0.1066839802576678
59, 6, 0.774266474224223
58, 7, -0.4447881635363239
10, 27, -0.394872016663877
-10, 29, -0.1763456333114874
36, 20, 0.001052250662976479
60, 5, -0.191145198051386
57, 8, -0.7443074141568531
45, 16, -0.3106929873535054
43, 17, -0.5820221828473855
20, 25, -0.2786291597659605
-9, 29, -0.2400928751867821
24, 24, -0.5707640934104016
63, 1, -0.6622854958399993
-8, 29, 0.01197570123887656
47, 15, -0.04639441722383726
41, 18, 0.208380127482768
61, 4, -0.5393482974220483
56, 9, 0.7940788740945672
52, 12, 1.108273713458846
4, 28, -0.5867381611152409
-7, 29, 0.01860570959005492
16, 26, -0.335729181232894
31, 22, -0.01084564913218517
11, 27, -0.1571146148285765
49, 14, -0.3914371932560772
39, 19, -0.6064566671531019
-6, 29, -0.9660577066867757
28, 23, 0.6383301365642098
62, 3, 0.5261924206712078
55, 10, 0.5680577946338532
34, 21, 0.906531279426149
5, 28, -0.4726249750458716
-5, 29, -0.1653121876836429
21, 25, -0.3694182470120533
64, 0, -0.6186624237386766
25, 24, -0.6697706359060791
-4, 29, 0.06367333905815302
51, 13, 1.004819205038217
37, 20, -0.4729976165425764
17, 26, -0.6711151330364024
12, 27, -0.05927649104521944
63, 2, -0.3331944394051716
54, 11, 0.2474158113743817
6, 28, 1.076059947487905
-3, 29, 0.4890588720140598
44, 17, -0.279894438876743
46, 16, 0.181641414460592
59, 7, -0.546828895194291
60, 6, 0.3375972646133025
42, 18, -0.1425084582944626
58, 8, -0.6746438149233515
32, 22, -0.7791663612596689
48, 15, -1.150881966985616
61, 5, -0.02561764621440803
-2, 29, 0.06827885307938336
29, 23, -0.5516118499236019
22, 25, 1.045507436360707
64, 1, -0.3287080321532897
53, 12, -0.03960023154675332
40, 19, -0.2202069202557741
35, 21, -0.3036962812688203
13, 27, 0.3114730092475075
7, 28, 0.1656878892956843
57, 9, 0.5348506316239235
62, 4, 0.3513562070557531
18, 26, 0.03754104445916976
-1, 29, -0.4914536710607749
50, 14, -0.1162860032264302
26, 24, 0.07716740425322788
56, 10, -0.9654242540762681
63, 3, 0.5100321858772588
38, 20, -0.6467625481536255
0, 29, -1.004648635362025
8, 28, 1.049893081857124
14, 27, 0.3662347663278285
65, 0, -0.02559426279812888
52, 13, -0.007948972374225007
23, 25, 0.1190984753016706
55, 11, -0.5262468675978219
45, 17, 0.1518172428748945
33, 22, 0.7005020210656694
30, 23, -1.010326129268795
19, 26, -0.3476445365207328
1, 29, 0.7780318715328415
47, 16, 0.1543984573176636
43, 18, 0.3204336048397983
64, 2, 0.7688047758840867
9, 28, 1.051771849168636
36, 21, 0.5045779070313406
27, 24, -0.6542853486389305
49, 15, 0.1624358880572964
60, 7, -0.007706536859629909
41, 19, 0.1370029236175905
61, 6, -0.4429622932019992
2, 29, -0.7188850105226626
59, 8, 0.8513687073398841
15, 27, -0.129787154957656
-15, 30, -0.01265200000348349
-14, 30, -0.02311126666694904
62, 5, 0.5735117608380463
-13, 30, 0.3672497667192851
54, 12, 0.9354391706247045
-12, 30, 0.5368998807877627
58, 9, -0.6674077476545214
-11, 30, -0.07912496129891089
65, 1, 0.6459635054518357
51, 14, -0.2066418170617317
-10, 30, -0.5121802929455425
20, 26, -0.3159526076569633
10, 28, -0.06394078663714815
63, 4, 0.1284036024591186
39, 20, 0.7503157848965223
24, 25, -0.6954387922993659
3, 29, -0.5008178344528179
-9, 30, -0.7439177346451172
57, 10, 1.712453882989409
31, 23, -0.1987251188606685
34, 22, -0.2575580695721342
-8, 30, -0.2978239088154482
64, 3, 0.8377567573971807
16, 27, 0.5235404357356169
28, 24, -0.06620082935868268
4, 29, 0.9773517819048588
-7, 30, -1.628528649167565
53, 13, -0.6316539999008254
46, 17, 1.387998296903399
44, 18, 0.6694202467803612
11, 28, 0.641441840578588
37, 21, 0.504202661430816
48, 16, -1.650332783267178
66, 0, 1.12163674041875
-6, 30, 0.5242064757021944
56, 11, -0.4513151026361668
42, 19, -0.4230393545927088
21, 26, -0.0233192246911302
65, 2, 0.09332158076098165
50, 15, 0.08662418179765148
25, 25, 0.06082902522934894
5, 29, 0.6982320931991659
-5, 30, 0.3004292327115691