d = 19, symClass = C, D = 16.000000, Y = 0.1246960100532707
[17.27514606150088, 17.27514606150122], 17.27514606150105
1, 0, 1
2, 0, -1.074386609422892
0, 1, 0.8700542125835199
1, 1, 0.5284845219576741
3, 0, 0.7464266481093321
2, 1, 0.02089363755460311
4, 0, 0.1543065864977902
3, 1, -0.2753023662492866
-1, 2, -1.19566562268415e-15
0, 2, -0.934774595470576
1, 2, 0.3698297076711486
5, 0, -0.3899876567919576
4, 1, -0.9039763224532025
2, 2, -0.5677966936773811
5, 1, -0.7004955819380563
3, 2, -1.620115951163757
6, 0, -0.8019507956352607
-1, 3, 1.068794605955896
4, 2, -0.0224478444104618
0, 3, 0.6494316495713705
6, 1, 0.4869927609802712
7, 0, -0.8944884275671456
1, 3, -0.4530802074616487
5, 2, -0.9068828871874376
2, 3, -0.9432400819319146
7, 1, -0.9425631952266729
3, 3, 0.3944749303024029
8, 0, 0.9086016791451169
6, 2, 0.2957811758412889
4, 3, 0.05232500040501384
-2, 4, 1.852083189304597e-14
8, 1, -0.9247653848455171
-1, 4, -0.946849312959445
0, 4, 0.1342550956113197
9, 0, -0.4428472590041936
7, 2, -1.285940581003304
5, 3, -0.8673263629788437
1, 4, -0.3882703959995213
2, 4, -0.3973400856850317
9, 1, 0.8447005975839907
6, 3, 0.01559556784435839
10, 0, 0.4189975162933941
8, 2, 0.9712200560734094
3, 4, 1.259577059630553
4, 4, 0.08154864259940889
10, 1, 1.910501403703943
7, 3, 1.266957613513032
9, 2, -0.7805841625104528
-2, 5, 0.4895980836670851
11, 0, -0.7456420848258977
-1, 5, -0.2534848269985346
5, 4, -1.912327218495104
0, 5, -1.209364616227174
1, 5, 0.5179525193781943
8, 3, 0.8545129594469455
11, 1, -0.3229670447673753
2, 5, 0.04695391876958407
10, 2, 0.7526030731899523
6, 4, 1.740630883636406
12, 0, 0.1151785481396651
3, 5, -0.4377599537705907
9, 3, -0.2054930224565179
7, 4, -1.063579964046365
12, 1, 1.802634068182911
4, 5, 1.411735515657118
11, 2, -0.987077027460906
13, 0, 0.1111128177324757
-3, 6, 2.549942239010652e-15
-2, 6, -1.148298612854935
10, 3, -2.496795334772931
5, 5, -0.2061024403670016
-1, 6, 1.541320345507685
8, 4, 0.003224025891244809
0, 6, -0.6977406680269912
13, 1, -0.5120826869829969
1, 6, 0.5005785512677665
12, 2, -0.523218501283591
6, 5, 0.8312419334393919
14, 0, 0.9610263888567966
2, 6, 0.4867833078856854
9, 4, 0.3596546765809776
11, 3, 0.1789251100015815
3, 6, 0.2760507490646779
7, 5, 0.6812661365881194
14, 1, 0.617159929468645
13, 2, -1.242658569126007
10, 4, 0.974342830302011
4, 6, 1.013404513490924
15, 0, -0.2910971794598957
12, 3, -0.6747520163323573
8, 5, 0.0465848679849718
-3, 7, 0.1973414699096021
5, 6, 1.652538381642542
-2, 7, 0.8051181752596621
-1, 7, -0.408216785292885
14, 2, 1.012677275479481
15, 1, -1.62061161985777
11, 4, -0.8322029335791256
0, 7, -0.778253424509043
9, 5, 0.3881491341158515
6, 6, -0.4238185828659042
13, 3, 1.289065845659221
1, 7, 1.273611669919968
16, 0, -1.130496063862022
2, 7, 0.1856582309251959
7, 6, -0.5748012946536102
12, 4, -0.04248096839077366
15, 2, -1.628594636714291
10, 5, -0.008148260753792241
3, 7, 1.590819929438155
16, 1, -0.6133840985237621
14, 3, 0.1593390643268003
17, 0, -0.267832839126096
4, 7, -0.5805843751500017
8, 6, -0.0562172797690533
13, 4, 0.2484590720942947
11, 5, -0.8812237407031608
-4, 8, -1.667261772893673e-15
5, 7, -1.289271858454387
-3, 8, 0.350890298805931
16, 2, 0.9935555463312007
-2, 8, 1.017282222978909
17, 1, 0.5520885348135847
-1, 8, 0.3418091900452567
15, 3, -0.5228685692378841
9, 6, -1.209297718967469
0, 8, 0.7905327185001697
6, 7, 0.462345242657499
18, 0, 0.4757891650872504
12, 5, 1.500470949332795
1, 8, -0.9857346763657291
14, 4, 1.381597340744942
10, 6, 0.9318438303792292
2, 8, 0.4171525142901024
17, 2, -0.951615042735768
7, 7, -1.001207810993181
18, 1, 0.9361846995761072
16, 3, 0.5380568104176704
3, 8, 0.3260234857764494
13, 5, -0.3960012134547465
19, 0, 0.3779160387751448
15, 4, -0.1698898847732014
8, 7, -0.260941058824682
11, 6, -0.1694318591618965
4, 8, 0.05706715977493431
18, 2, -0.9075350110109924
19, 1, -1.336933918003913
17, 3, 0.3106865488300464
5, 8, -0.3399583504288526
-4, 9, 1.269233687045336
-3, 9, 0.7977767752335896
9, 7, 0.95391629774968
14, 5, 0.7677730382408876
-2, 9, 0.9714030255037255
12, 6, -0.01675566925965368
-1, 9, 0.2416717494521722
20, 0, -0.06017766409509385
16, 4, -0.1394895005918087
6, 8, -1.353272726397738
0, 9, -0.3853011232248162
10, 7, -0.838887637532296
1, 9, 1.398788401730913
19, 2, 0.907429727941527
18, 3, 0.3635043742332386
20, 1, -0.8435704288483717
15, 5, 0.1073645247236077
7, 8, 1.341304070057833
13, 6, -0.9727711371560576
2, 9, -0.02348898212938026
17, 4, -1.17002775759347
21, 0, -0.667669998756009
3, 9, -0.3381911405743709
11, 7, 0.5920093300621143
8, 8, 0.480181924052323
4, 9, 0.3064529674787037
20, 2, -2.052617125411066
14, 6, -1.361202294658921
16, 5, 0.1438787140792631
19, 3, -0.5139730030468944
21, 1, -1.302367912738407
12, 7, -0.2299069117977559
9, 8, -0.2745689260312681
5, 9, 1.469870626596006
-5, 10, -4.436148695703605e-15
18, 4, 0.8386491717258102
-4, 10, -0.5260176250884487
-3, 10, 0.03445557938167303
22, 0, 0.8011078713661576
-2, 10, 0.2723407038095491
-1, 10, 0.009149924453371452
15, 6, -0.6769215537021129
6, 9, -0.7040595327115877
17, 5, 0.400622670364912
10, 8, 2.054578756373089
0, 10, 1.299325149580067
21, 2, 0.2066143198340314
20, 3, 1.019899754179732
13, 7, -1.171900899428235
22, 1, -0.1902648666257052
1, 10, -0.2455707722803395
19, 4, 1.001247030294256
7, 9, -0.9808969297994772
2, 10, -0.5564812511328894
23, 0, -2.063837221290711
11, 8, -1.337385246637697
16, 6, -0.9180772812048111
18, 5, -0.9985858924934191
14, 7, -0.01868911700320541
3, 10, -0.9796529052191491
8, 9, 0.8649159661864763
22, 2, 0.3469914681840439
21, 3, -0.7035542864366825
4, 10, -0.05044666158402377
23, 1, 0.157592483408083
20, 4, -0.1080910821044785
12, 8, -0.2499945621539438
9, 9, -0.2340379219733901
17, 6, -1.015078406316816
5, 10, -0.1442290211030226
-5, 11, 3.098878902307472
15, 7, 2.430244304162299
24, 0, 0.6782045058215102
-4, 11, 0.9622723716348603
19, 5, -0.3963973015166837
-3, 11, -0.9628020849162702
-2, 11, 0.2792699691147869
13, 8, -0.4473377091389931
23, 2, 0.4136300718030577
22, 3, -0.4383236785322521
10, 9, -0.0279338892917742
-1, 11, 1.330367188439697
6, 10, 0.4703234324747174
24, 1, -0.2592013403001496
21, 4, 0.1818897428035185
0, 11, -0.6487490369766565
18, 6, 0.2207789516530173
16, 7, 0.3092373064391201
1, 11, -0.8306424367570345
7, 10, 0.009543701943093365
25, 0, -2.655862272462105
20, 5, -0.0374480490050997
11, 9, 2.386232333113419
14, 8, 1.142696071415082
2, 11, 1.005554835196897
23, 3, 0.669581969205867
24, 2, -1.936725904535146
8, 10, -1.516749734061485
3, 11, -0.3443397993564776
22, 4, 1.06050234076891
17, 7, -0.8112517616544892
25, 1, 0.7351823599220942
19, 6, -0.16611118288276
12, 9, 0.03905677465992017
15, 8, 1.189883791583136
4, 11, -0.2970614085618534
21, 5, -0.3981043276090968
9, 10, 0.3587171800611136
26, 0, -0.1193781235024629
-6, 12, 1.028796403286975e-15
5, 11, -1.78406756732564
-5, 12, 1.222069891674747
-4, 12, 0.1649220473114408
13, 9, -0.0220204557367026
24, 3, -0.6902695264925762
-3, 12, -0.7067535589307218
25, 2, 1.152715876385389
18, 7, 1.071010966743268
20, 6, 2.682523474138028
10, 10, 0.2214337020977178
-2, 12, -1.655973940037991
23, 4, 0.7009745254736767
16, 8, 0.01898399416443889
26, 1, 0.5887835561857009
6, 11, -0.7425504042687139
-1, 12, 0.5772767741828748
22, 5, -0.1872011981624732
0, 12, 0.1002115810067121
14, 9, 1.016300450070849
27, 0, -1.07697964326542
11, 10, -0.465424420968414
7, 11, 0.1230589471409555
1, 12, 0.5272361382489464
19, 7, 0.5117264097643676
25, 3, -0.498306582341395
17, 8, 0.2634432014130841
21, 6, -0.9598603175470265
26, 2, 0.5501747818119562
2, 12, -0.5378148924478425
24, 4, 0.07514619059633738
8, 11, -0.2275186516735698
27, 1, -1.268745647561144
12, 10, -0.8930752024788613
15, 9, -0.6473955099323274
3, 12, -0.2898153702408164
23, 5, -0.1360593079005796
28, 0, -0.1380254559167627
4, 12, -0.06991326022176392
20, 7, -0.3774842212467851
9, 11, 1.473260235027522
18, 8, -0.3864081685292813
22, 6, -0.1922347422720059
26, 3, 0.5385265283535711
13, 10, -0.8066670472406554
27, 2, -0.1726431704005711
-6, 13, -0.1748296895867562
25, 4, 1.638789844872416
16, 9, -0.8177830200220439
5, 12, 2.837123862089805
-5, 13, 0.2996548674413173
-4, 13, -0.8152540278818496
10, 11, -0.8330946033216594
-3, 13, 0.8845264484461489
28, 1, 0.2303257939032039
24, 5, -0.7110191116615907
-2, 13, -0.192746884316727
6, 12, -0.2965852283166527
21, 7, 0.2462547806924694
19, 8, -0.5465376039537332
-1, 13, -0.7960057103844607
14, 10, -0.7319432146021739
29, 0, 0.2788540732304839
0, 13, 0.09667417514222992
23, 6, -0.1730676467558194
11, 11, -0.3940603007484117
17, 9, 0.09485796847876669
7, 12, -0.9587698437794604
27, 3, 0.6305070357057517
1, 13, 1.391045678751939
28, 2, -0.6630683640892066
26, 4, 1.335095726746304
29, 1, 0.6346376165840774
25, 5, -1.346931320575129
15, 10, -0.06867035841583762
2, 13, 2.655908288364143
20, 8, -0.1399380026748204
8, 12, -0.1455481572892281
12, 11, 1.442580542261368
22, 7, -0.6973006178254633
18, 9, -0.009252690122102303
3, 13, -0.9049767045406268
30, 0, 0.3127509116531231
24, 6, 0.7249445310270348
9, 12, 0.9401818826478955
28, 3, 0.1989170127198055
4, 13, -0.2526529655548936
16, 10, -0.05005015836079137
27, 4, 0.5615707512135882
13, 11, 0.01411097201518647
29, 2, -0.6561404210373392
21, 8, 0.6654006739205108
26, 5, 0.9031937457577119
-7, 14, -7.936474922838095e-16
-6, 14, -0.2120210327539333
30, 1, 0.677085101083863
23, 7, -0.1939758534294977
5, 13, -0.1777510915775952
-5, 14, -0.7133283064263239
19, 9, 0.3063732085998947
10, 12, -1.775465108785959
-4, 14, -0.8650081865005149
-3, 14, -0.5862439413823566
25, 6, 1.358278265893386
14, 11, -0.08817282583237918
-2, 14, 0.4385826478530911
17, 10, -1.691212029039265
6, 13, 1.34984586051641
31, 0, 0.4107317636858326
-1, 14, 0.4703148827656042
29, 3, 1.149593667227496
11, 12, 1.099964828601083
28, 4, -0.145443709212903
30, 2, 1.741163423439801
22, 8, 0.8941076881585617
0, 14, 0.8361450580255528
20, 9, -0.07615368255913849
7, 13, -0.7019918154277199
27, 5, 0.8284732829263975
24, 7, 0.03792928957042063
15, 11, 0.3933119615354881
1, 14, 0.08196287014771599
31, 1, 0.9750637322707028
18, 10, -0.4170222321486887
12, 12, 0.06087007995332832
26, 6, -1.3849550832421
2, 14, -1.36835132376684
8, 13, -0.7745748199771912
32, 0, 0.3059881538713912
3, 14, 0.5684547529835371
23, 8, 0.3044539164342137
30, 3, 1.426049158961061
21, 9, 0.94569092474525
29, 4, 0.002679209718434407
16, 11, 0.5163005462536183
31, 2, -0.350145181330082
9, 13, 0.1125535384716062
25, 7, 0.610387340156113
13, 12, -0.5750896038993988
28, 5, -0.2972360585147676
19, 10, 0.6288182958069202
4, 14, -0.1994687172369165
32, 1, -1.420627661936004
-7, 15, 0.4572645255723961
27, 6, -0.5826488199864462
-6, 15, 0.3654490565091802
-5, 15, -0.4168167039652949
10, 13, -1.510382743743896
5, 14, 0.4219472909476486
17, 11, -1.52199360644462
-4, 15, 1.882202387307113
14, 12, 0.6175588140495003
22, 9, -1.233959620350699
24, 8, -0.2501401922470934
33, 0, -0.5565671220744682
-3, 15, -0.1892078297544262
31, 3, -0.007833067507008113
-2, 15, 1.116338030216406
30, 4, 1.749740269851857
20, 10, 0.008754382243783439
6, 14, -1.709155630178847
26, 7, -0.666253085075401
32, 2, 0.6590116618817896
11, 13, 0.4578039547162214
29, 5, -0.03497867428098861
-1, 15, -0.08761296739166255
0, 15, -0.9027019768271095
15, 12, -1.427411995777243
33, 1, 1.531182052232044
18, 11, 1.86630709358095
7, 14, -0.3308083936788701
28, 6, -0.1711917570756749
23, 9, -0.4956402825404519
1, 15, -0.5476695794437273
25, 8, 1.43875437360424
12, 13, 1.357691652335892
21, 10, 0.05479934584838884
34, 0, 0.2877560159193722
8, 14, 0.6237720783013733
2, 15, 0.3455378861087937
27, 7, -1.311208611344993
32, 3, 0.4585700261202368
31, 4, 0.1151744716992172
16, 12, 0.008074092201091898
33, 2, 1.698064515277273
30, 5, -0.1899211657289057
19, 11, -2.578524365543069
3, 15, 0.3866135629173209
13, 13, 0.05872140436348588
9, 14, 0.4618115701928478
34, 1, 0.4526603145432807
29, 6, 1.163001781927387
24, 9, 0.6378312440817547
4, 15, -0.7056428373198684
26, 8, -0.2669411000453037
22, 10, 0.9467749869112689
17, 12, -0.9346848209129713
-8, 16, -3.622021529691772e-15
-7, 16, -0.6015381767089848
10, 14, 1.38517642062228
-6, 16, -0.3769918384077522
14, 13, 0.3832498722756801
35, 0, 0.3488394458893644
28, 7, 0.8085963592256261
20, 11, -1.724507855183505
5, 15, 0.1766956884441946
-5, 16, -2.543655414613525
32, 4, -0.1426973898453902
-4, 16, -0.1461050854097781
33, 3, -0.2410712086775699
31, 5, -0.1323124393788069
-3, 16, 0.1035020465277303
34, 2, -0.5931565290197794
6, 15, 0.03504765620153039
-2, 16, -0.3672352167614451
25, 9, 1.848796771252318
11, 14, 1.173375192760616
23, 10, -0.7340882902273054
30, 6, 0.5617629892769064
18, 12, 1.299253276054958
35, 1, 0.7991903187285162
27, 8, -1.417032078491573
15, 13, 1.496866726240596
-1, 16, -0.7462476123767943
21, 11, 1.013355440001942
7, 15, -0.2819476973389828
0, 16, -0.9835928626781627
29, 7, -0.6774796838129483
12, 14, -0.4967375376433588
36, 0, -0.06833424887715844
1, 16, 1.07541745264326
33, 4, 1.118389841630944
34, 3, 0.3363604689057332
32, 5, 0.5089086301368186
8, 15, -0.5415271152792298
19, 12, 0.0002715672141731086
16, 13, -0.02018740260468669
35, 2, -1.0244826090863
26, 9, -1.347548060916966
24, 10, -1.612085895784242
2, 16, 1.059060136725528
31, 6, -0.9017158341522256
28, 8, -0.198429101492931
22, 11, -0.03647281302484201
13, 14, -0.004986735265969005
36, 1, 1.081728228620819
3, 16, 0.2031312369724521
9, 15, -0.3267556949714346
30, 7, -0.0889318120535187
17, 13, 0.9112847635679684
20, 12, -0.1338341704498612
4, 16, -0.05991267944456833
37, 0, 0.7275449103949694
34, 4, 1.022402459231666
14, 14, 1.075684265380382
-8, 17, -0.4381838037583018
35, 3, 1.271749325164913
25, 10, -0.5895669497736307
10, 15, -0.5390308978507404
-7, 17, 1.351660268745676
27, 9, 0.1219168982919212
33, 5, -0.2035204354898569
-6, 17, -0.5836642951334133
5, 16, -1.637512534195259
-5, 17, 0.5701576964917277
23, 11, 0.1586437968553085
36, 2, -1.0058243051688
29, 8, 0.3349570532353431
-4, 17, -0.1458387507856307
32, 6, -0.5780810322215871
18, 13, 0.3013065858265714
-3, 17, -0.9984823277227732
37, 1, 0.5072527864231088
11, 15, 0.2007921831892197
6, 16, -0.3502752674724705
21, 12, -0.7938844275522283
15, 14, 0.4281042170706327
-2, 17, 0.150836968778005
31, 7, -0.7532781955552025
-1, 17, 0.3767024092733156
26, 10, 0.4254584010513799
28, 9, 0.2403049523218911
7, 16, 0.2186611278989035
38, 0, -0.4060279315494267
35, 4, -0.1594711225566721
24, 11, 0.850808640161496
0, 17, -0.23302908994863
36, 3, 1.345534105269788
12, 15, 1.053757008962046
34, 5, -1.19818709925289
19, 13, -1.08931654097945
30, 8, 0.182527417280599
16, 14, 0.2803515794465554
37, 2, 0.3778924925805507
1, 17, -0.3421847244590562
33, 6, -0.7367805970289116
22, 12, 0.1820353206884733
8, 16, 0.3360278933840795
2, 17, 0.3101711871510841
38, 1, 0.4550191759824171
13, 15, 0.02445232053550241
32, 7, -0.416691895100978
27, 10, 0.1084601546100531
25, 11, -2.172124147151617
20, 13, 1.291018232091917
9, 16, -0.638699291501696
3, 17, 0.8586725074338851
29, 9, -1.21899976406039
17, 14, 1.205503851306787
36, 4, 0.1303428658249993
39, 0, 0.08293756809719792
37, 3, 0.03561198191542483
35, 5, 0.3675880118795002
23, 12, 1.668497639877437
31, 8, 0.8977187696092181
4, 17, 0.8957566932850994
14, 15, -1.343360733672992
-9, 18, 6.287728791367744e-15
38, 2, 1.43638389917916
34, 6, -0.3337974677896978
10, 16, 0.3652466994610368
-8, 18, -1.363647677582994
-7, 18, -0.2747643035102434
-6, 18, -0.8571206846186246
5, 17, 0.756803194833518
-5, 18, 0.2038907160342584
18, 14, -1.024874896807311
21, 13, 0.1835978579144958
28, 10, -0.8248850713603938
-4, 18, -1.043662402950482
39, 1, 0.9519822101381203
33, 7, 0.3571971587459561
26, 11, 0.03320888219471449
30, 9, -1.863674572737059
15, 15, -0.1538403537270867
-3, 18, 1.150482579152238
11, 16, -0.2061708528928701
6, 17, 0.1758604401487062
24, 12, 0.002406498839024985
-2, 18, -0.2596488914890711
37, 4, -0.314543178400692
40, 0, -0.3543434398037703
32, 8, -0.8213544044833088
36, 5, -0.2576823515494845
38, 3, 1.439084682408138
-1, 18, 1.389845919033142
19, 14, -1.246495163413292
7, 17, -0.2732817324711049
35, 6, 0.1697173527536776
22, 13, -0.6348134993286971
12, 16, 0.1943610365019528
39, 2, -0.2603583488383905
0, 18, 0.4139623673833327
16, 15, -0.7811382596030708
29, 10, 0.3944965779219939
27, 11, 0.1859127531493739
34, 7, -0.1038571560438536
1, 18, -0.08556436042260634
40, 1, -0.7732863911902702
31, 9, 0.9419988241293366
25, 12, 0.09101383618550196
8, 17, -2.519968304460994
13, 16, 1.095028864434246
20, 14, 0.9012896445762925
2, 18, -1.502839528234243
17, 15, -0.03195181909009701
33, 8, 0.6014788668280199
23, 13, 1.032951372089219
38, 4, -0.9749303486911362
37, 5, 0.3177317150192897
9, 17, 0.279029035815514
41, 0, 1.760712344602751
39, 3, -0.3822321636000875
3, 18, 0.3736451701391486
36, 6, -0.3905442321365892
28, 11, 0.09016507682213004
40, 2, 0.9063207728550505
30, 10, -0.1153510076883248
14, 16, -1.441079132026445
26, 12, 1.045132283788106
4, 18, 0.02523624786751133
35, 7, -0.993530759562236
21, 14, 0.7486793876902033
10, 17, -0.8414997509215782
-9, 19, 0.81441360245346
32, 9, -0.3883633118096351
-8, 19, 0.3051657781693179
18, 15, 0.6204611301467458
-7, 19, 0.03726383591366864
41, 1, 0.4196594204126845
-6, 19, -0.4641035289710839
24, 13, 1.08939871495661
5, 18, 0.1989819223055262
-5, 19, 1.430080960930901
15, 16, 0.1284104231084306
-4, 19, -0.8078667659159684
34, 8, 1.257062155407756
11, 17, -0.7737798634985499
39, 4, 1.733770138313797
-3, 19, 1.323508519134114
38, 5, -1.15420732690658
42, 0, 0.7173357061743846
6, 18, 0.3633480328619271
40, 3, -0.1895213380610761
29, 11, -0.7568375524540487
37, 6, 0.3605746327863305
31, 10, 1.060920642016977
19, 15, -0.985593476290095
-2, 19, 0.3015820524082993
22, 14, -0.6360468968705839
27, 12, 0.2684558347100228
41, 2, 0.8567851478343669
-1, 19, -0.1363843219236037
33, 9, 0.133554470119847
16, 16, -0.597449671884324
36, 7, 0.0001167217381036503
12, 17, -0.04136398103846616
25, 13, 0.6325291029853327
7, 18, 1.321614150892685
0, 19, 0.3288074415407832
42, 1, -0.6227994814019835
35, 8, -0.4221468388229044
20, 15, -0.02040610429823906
1, 19, 0.3275457159515216
8, 18, -0.3292489646772002
23, 14, -0.7512528424577954
30, 11, -0.1451865764503402
13, 17, 0.1496432291654977
40, 4, 0.2948029501032858
28, 12, 0.1954999045770121
39, 5, -1.101675036626044
17, 16, -1.29791003946216
32, 10, -0.1545813637839866
2, 19, 0.1735682202319616
43, 0, 1.057044078032914
41, 3, -0.2275997413967768
38, 6, 0.5522057120760466
26, 13, 0.002321550939600593
9, 18, -0.1637780723363754
34, 9, -0.04651389085292573
42, 2, 1.399246645977154
3, 19, 0.2746854691242419
37, 7, -0.2903735317550621
14, 17, 0.2345321149981452
21, 15, 0.5085151988029885
24, 14, 0.2470089074483836
18, 16, 0.2949931774915404
43, 1, 0.1121792699070941
4, 19, 0.7197264447575774
10, 18, -1.579209318790772
-10, 20, 4.08090506770659e-15
-9, 20, 0.5920834665573677
36, 8, -0.1204492775905879
-8, 20, 0.07554820904610553
31, 11, -1.53045169992845
29, 12, -0.863349226952558
-7, 20, 0.08780883135544675
-6, 20, -0.03701861310673154
33, 10, 0.05597100014850803
41, 4, 1.644485932993565
40, 5, 0.3606470855178227
27, 13, 0.0274460904504682
15, 17, -0.03696148685793397
5, 19, -1.748820206543301
-5, 20, 0.3692595448894844
42, 3, 0.4606646174963117
39, 6, -0.9275534704892324
44, 0, -0.1150574848586866
-4, 20, -0.03911437838147237
22, 15, -1.440821683933282
11, 18, 0.7924936797651596
35, 9, 0.9747063163954952
19, 16, -0.6852114702202169
-3, 20, 0.6691169623992858
43, 2, 0.1756138102415325
38, 7, -1.514732778664916
25, 14, 0.4628016643388256
6, 19, -0.873206668118531
-2, 20, -0.00983055631553517
16, 17, -1.022552328858371
30, 12, 0.7272754529277765
12, 18, 0.7564321341834881
32, 11, 0.3770414221372542
-1, 20, -0.2086249636570529
44, 1, -1.317121404226541
37, 8, -1.737656451571154
7, 19, -0.404991863981164
28, 13, -0.5030491584366605
34, 10, -0.43042363247386
23, 15, 0.5298963929775751
20, 16, -0.2950846853506176
0, 20, -0.1866129257607934
41, 5, 0.1189818102295108
42, 4, -0.2219836585450689
40, 6, -1.095766638839565
26, 14, 1.259074633909111
1, 20, -0.1854287644581036
8, 19, 0.8555617076937536
43, 3, 0.0428543219837586
17, 17, -0.1415455099497621
13, 18, 0.6565140338982327
45, 0, 0.1727049648507042
36, 9, 0.4003234365994819
39, 7, -0.02287777220932045
44, 2, 0.2044180249510007
2, 20, 0.2638379494016522
31, 12, -0.7535944896499254
33, 11, 0.2052770303272679
21, 16, 0.04862679580326036
9, 19, -0.09094314956059295
24, 15, 0.03477218685863818
29, 13, 1.047254193708046
38, 8, -1.075726402053903
14, 18, 1.053862526598144
3, 20, -0.9881560572337691
45, 1, 1.649603855827356
35, 10, 0.5015009539571821
18, 17, 0.6753158187903893
27, 14, 0.5963307636727232
10, 19, 1.161799390987581
-10, 21, 0.4172267238469654
4, 20, 0.07992348523234194
-9, 21, 0.1473009319173789
42, 5, -0.8288595027114035
43, 4, 0.5295490421767544
-8, 21, 0.4948137068168589
41, 6, -0.8186560151967776
37, 9, 0.1498433483953562
-7, 21, -0.9560244064698176
44, 3, 0.3414051408139654
15, 18, 1.233498685074242
-6, 21, 0.6009616608885902
46, 0, 2.217359074576371
22, 16, 1.436868800621408
40, 7, 1.416664330004974
25, 15, -0.05002382003179503
5, 20, -0.7159057010422846
-5, 21, -0.3637279134133557
32, 12, 0.1318569778896553
19, 17, 0.676470376551591
45, 2, 0.8252647579215906
34, 11, 0.8661381336240047
30, 13, 0.4952579499758863
11, 19, 2.187985201497491
-4, 21, -0.2212057424302928
-3, 21, -0.3047038867401358
39, 8, 0.07110744715399747
36, 10, 1.072867311249288
28, 14, 0.02007933704986628
6, 20, 1.052525963242785
16, 18, -0.9292541323488828
46, 1, -0.3062796348698641
-2, 21, 0.3213086237830795
23, 16, 0.5714379051167394
12, 19, 0.01210258568313333
20, 17, -0.7055922042604177
-1, 21, 1.330382954403417
43, 5, 0.1953972216224595
7, 20, -0.187920428826774
38, 9, 0.8428345123818836
26, 15, 0.4815527795807043
44, 4, -0.04983594222881328
42, 6, 0.7558893043497626
45, 3, -1.209667699286144
33, 12, -0.6211784462565978
0, 21, -0.5809090950307616
47, 0, -1.079353001798694
31, 13, 0.5536769002918618
41, 7, -1.334420094554128
35, 11, 0.006044060552189433
17, 18, -1.024116362461838
13, 19, -0.9160671599613653
8, 20, 0.00724529892759768
29, 14, 0.01314645131777573
1, 21, 0.2983335596979368
46, 2, -0.1693152539166282
37, 10, 0.07296046303428023
40, 8, -0.6364714619788424
24, 16, -1.472040073631015
21, 17, -0.3631674263063913
2, 21, -0.01400524595689902
27, 15, 0.2897248571403343
47, 1, 0.009092864817876262
9, 20, -0.4795917442717607
14, 19, -0.3289331799721437
18, 18, 0.2514472094630295
39, 9, 0.9621930983704409
3, 21, 0.9506576897700917
44, 5, -0.3627798454501987
34, 12, 1.090586647255201
45, 4, 0.9771804566631956
32, 13, 0.4439190660350155
43, 6, -0.402899004992232
36, 11, -0.6894982443508562
46, 3, 0.02846825547324833
-11, 22, 2.43790225418107e-15
10, 20, 0.1549577289633787
-10, 22, -3.32939399684548
30, 14, -2.611021938004154
42, 7, -0.4356093890051554
-9, 22, -1.534567972761081
22, 17, 1.093274410405001
48, 0, -0.8438323876476213
25, 16, -0.3654521734580741
4, 21, -0.6158167360289553
-8, 22, -1.033852550697122
-7, 22, -0.09626642498301335
15, 19, -0.9906351778944441
47, 2, 0.5711003744024353
19, 18, -0.3605576570965089
38, 10, 0.4258839527610891
-6, 22, 1.034421667556368
41, 8, -0.7337881780221598
28, 15, 0.911615361312618
-5, 22, -1.339841011855805
5, 21, -0.9264203657611596
11, 20, -0.5619526761802346
-4, 22, -0.3000439152296968
48, 1, 0.3972357495952633
-3, 22, 0.6215028239505661
33, 13, 0.5956497740652176
40, 9, -1.234125046542517
35, 12, 0.782134776825629
23, 17, -0.7563453450642895
16, 19, 1.182197731044955
6, 21, 0.138580251004633
26, 16, 0.4806136445850798
45, 5, 0.5152777908448056
31, 14, -1.197755872810984
46, 4, -0.4443986103975263
44, 6, 0.4709290908054944
20, 18, 0.03001179660467448
-2, 22, -1.429328692869011
37, 11, -0.001372651540760008
12, 20, -0.06754924417211296
47, 3, -1.132706521019584
43, 7, -1.192662964997411
-1, 22, -1.367229336838981
49, 0, -1.10605086787775
29, 15, -0.06353400919515528
7, 21, -0.489213425235931
39, 10, -1.118570659494931
17, 19, 0.03619521421036741
48, 2, 0.2784824491577307
42, 8, -0.1954199040517802
0, 22, 0.6970072782099136
24, 17, -0.1279408520988627
13, 20, 1.117459098934415
8, 21, -0.1960316240390357
21, 18, -0.4290470036911546
27, 16, -0.7787164873848557
34, 13, -0.05931988619201107
1, 22, 0.6280292786707864
36, 12, -0.03170892684448123
32, 14, -0.3322404211708925
49, 1, 0.7257556009268575
41, 9, 0.7098337402964893
38, 11, -1.262238163196463
2, 22, 0.8924311112662663
46, 5, -0.3063777107687432
18, 19, -0.6509744428198284
45, 6, -1.215626435797869
30, 15, -0.006082078964625855
9, 21, 1.187430387663442
14, 20, -0.01025362557109652
47, 4, -0.1429593664872655
44, 7, -0.2095476509942227
48, 3, -0.4578462366601185
3, 22, -0.2606676855045239
25, 17, 0.4364591985128485
50, 0, 2.853422861993337
40, 10, 0.04023368239726772
22, 18, -2.563736065656417
28, 16, -0.1641173937183457
43, 8, 0.7791411487962626
-11, 23, 1.197702172768879
10, 21, 0.03707722307091598
-10, 23, 0.3224540956285789
49, 2, 1.128665189836955
-9, 23, -1.126718535145282
4, 22, -1.080354649968115
35, 13, -1.270877074946506
15, 20, -0.4912195060308699
-8, 23, -1.00637860146794
19, 19, 0.1997227770928622
33, 14, 1.120122187805932
37, 12, 0.05624034187212745
-7, 23, -0.1847923603722311
-6, 23, 0.229029524536322
42, 9, 0.1189349237034718
31, 15, 1.30671839871736
50, 1, -0.3882166272470518
39, 11, 0.03910314257073515
5, 22, -0.112410005784799
-5, 23, -0.2186714916514593
11, 21, -0.549133288853242
23, 18, 0.2272444173490104
26, 17, 0.2354907796454772
47, 5, -0.08728790365238816
-4, 23, 0.0917963265324292
46, 6, -0.7193899016257433
48, 4, 0.2781583097642696
16, 20, 0.2178400884574333
45, 7, -1.278257059663489
29, 16, 0.4286099521129801
20, 19, 0.3949662574266517
-3, 23, -1.347312135647157
6, 22, 0.3699540695145414
41, 10, 0.3023755582290958
49, 3, 0.8342349526847802
51, 0, -0.1999175683608199
12, 21, -0.4333636490877939
-2, 23, 1.106942450276953
44, 8, -0.1523124867172659
36, 13, 1.153293761756527
34, 14, 0.8715980295832803
50, 2, -0.7898700829827517
38, 12, 0.1784676305620838
7, 22, -1.135341420827864
-1, 23, 0.8794714968224612
24, 18, -0.04196207570704383
32, 15, 0.6430010521979123
17, 20, 0.6600593193061678
27, 17, 0.09674467186675509
43, 9, -0.8188373532682837
40, 11, 0.01152107178279191
21, 19, 2.338716407145942
0, 23, -1.795650268465118
13, 21, 1.47518681581445
51, 1, -0.5406552221339621
30, 16, -1.278395212439926
8, 22, 0.3191587995339112
48, 5, 0.5926915244899509
1, 23, -0.007079362894745222
47, 6, -0.2624155127016201
49, 4, -0.9929379163873041
46, 7, -0.2424246861997878
42, 10, 0.4277179587298376
18, 20, -0.3854009348208642
50, 3, -0.4588481968530322
37, 13, 1.245854077252907
35, 14, 0.8111962477457637
25, 18, -1.313575020857165
14, 21, 0.8437173376982842
2, 23, 0.4240727039193952
9, 22, 0.5348120905944529
52, 0, 0.01714543961984505
45, 8, 1.439182148377352
28, 17, -0.06586541144300741
22, 19, -0.2786008502303341
39, 12, 0.1854564723743111
33, 15, -0.6577688830026076
51, 2, 0.6505588625457239
3, 23, -0.3577011346612833
-12, 24, 4.121007108399994e-15
44, 9, 0.1981699552655443
41, 11, -0.1639658770506692
31, 16, -1.190708804170453
-11, 24, 0.6133423789077554
10, 22, 1.916778304632573
-10, 24, -1.312975527384404
19, 20, -0.376260333821477
15, 21, -0.9623468718004079
-9, 24, 0.2619138695864878
-8, 24, 0.9711085736263088
4, 23, 0.9562996121145672
52, 1, 1.226827712517045
-7, 24, -1.210608017863744
26, 18, 0.02365848277887579
49, 5, 0.2858202019379425
23, 19, 0.2576690807217767
48, 6, 0.7416163361537196
-6, 24, 0.7593265598743504
43, 10, -1.417411876827417
29, 17, -1.672851434785848
50, 4, -1.238462502054289
36, 14, -1.150679841212208
47, 7, -0.04020256427952948
38, 13, 0.1472898746443465
11, 22, -0.2757605942579851
5, 23, 0.1102515821497387
-5, 24, 0.1639764259709579
34, 15, -0.01054878738529669
16, 21, -0.4188057019161202
51, 3, 0.4120935944996537
40, 12, -0.3852719652904117
20, 20, -0.03180296404218252
-4, 24, 0.2378358812138362
46, 8, -0.7531176437119378
53, 0, -0.1849276874071097
32, 16, -0.02362017501602491
-3, 24, 0.2551354880199574
6, 23, 0.6539380230257718
52, 2, -0.6325811686114887
12, 22, 0.7977862111643356
42, 11, 0.08648315318686615
45, 9, 0.3102125484012161
27, 18, 0.7174639082372423
-2, 24, -0.6202184361104477
24, 19, -0.417859253503619
17, 21, 0.02761560691281262
30, 17, -1.53883142754472
7, 23, 0.2275150594895674
-1, 24, 0.8253769018014021
21, 20, -0.8356174532761967
53, 1, 0.04364982138113575
37, 14, -0.9616927270657586
39, 13, -0.03058962164295472
50, 5, 0.5218856477902546
49, 6, -2.959998234967447
35, 15, 1.416403572762112
13, 22, -1.545527402606206
44, 10, 0.201126460569105
0, 24, 0.5900746872830207
51, 4, 0.2972128519147287
48, 7, -1.377245409264904
41, 12, -0.9526634998035325
8, 23, -0.9604216513749879
33, 16, -1.212473339849942
52, 3, 0.8023437055700207
47, 8, 2.477723725298316
25, 19, 0.9992476856826384
1, 24, 1.689021969764618
18, 21, 0.3451068097444284
28, 18, -1.091899594696846
54, 0, 1.157092507339673
22, 20, 0.5000457655841384
14, 22, -0.1322128849760875
43, 11, 0.391682050737307
2, 24, -0.5664554469361747
31, 17, 0.8561735185132491
9, 23, 0.1029516134481668
53, 2, 1.239827804051889
46, 9, 0.7538677778991163
38, 14, -0.5497920023370212
36, 15, 1.119991501289652
3, 24, -0.7357786303990096
40, 13, 0.8942039861874276
19, 21, 1.672620102756201
-12, 25, 1.221109073267295
-11, 25, -0.3295201798894569
54, 1, 1.838817179119607
45, 10, 0.3044181884629961
26, 19, -0.427557977940627
15, 22, -0.4640698517106359
10, 23, 0.4211002985926919
-10, 25, -0.1909372094183835
50, 6, 0.5353739194568554
34, 16, -0.2830398479431252
51, 5, 0.3196114903011617
-9, 25, 0.3436308701323149
29, 18, -0.4034948508464698
42, 12, 1.031261072074429
49, 7, 0.8431118703755676
23, 20, -0.07462419786688335
-8, 25, 0.9287376539352735
52, 4, -0.07901773143268663
4, 24, 0.07724256752033049
-7, 25, 0.9936880166649916
48, 8, 0.442482440359344
-6, 25, 0.3171980846065802
53, 3, -0.202567117299639
32, 17, -0.585675574954723
11, 23, 0.7867769587118049
55, 0, 0.2907912094638814
44, 11, 0.6740427897116341
20, 21, 0.1618790006196721
5, 24, -0.296409562786185
-5, 25, 0.09885595370614313
16, 22, 0.2444429927479845
47, 9, -0.6733715761959749
-4, 25, 0.8503685998036856
54, 2, 1.363123334498577
39, 14, -0.9030785839537839
27, 19, 0.8774469338811166
37, 15, -0.2351451722310939
24, 20, 0.1282661053028548
41, 13, -0.3023172821569788
-3, 25, -0.9343658381394175
30, 18, 0.6955530668672966
6, 24, 0.3113737529938599
35, 16, 1.918274458957852
12, 23, 1.38016801664848
46, 10, 0.1461802984971516
-2, 25, 1.040352821218978
17, 22, 1.212437830997097
55, 1, -0.5108085434012241
43, 12, 0.9345993590964811
51, 6, -0.7103108266296385
21, 21, -0.7473281904190655
52, 5, -0.533638774412862
50, 7, -0.5543076038040252
33, 17, -0.5709146799595575
7, 24, -0.01893861922112659
53, 4, -0.2020815397649027
-1, 25, -0.8278170753480193
49, 8, 0.2367923820624023
13, 23, -0.2301340367435087
28, 19, 0.01854307079297963
54, 3, 0.6987932073132767
45, 11, 1.776395163475766
25, 20, -0.4635806052757058
0, 25, -1.101379541963183
56, 0, -0.8127336872599001
8, 24, -0.41166943728172
38, 15, -0.002812985435169955
31, 18, -0.1146623418073548
40, 14, 0.4055639925742979
18, 22, -1.582851068697561
48, 9, 0.4016199414924201
22, 21, 1.96251633861764
1, 25, -2.201401954125978
36, 16, 0.05549708546018921
55, 2, 0.9875179721221198
42, 13, -0.7622564685724813
14, 23, -1.500888788301359
9, 24, 0.2433526176900632
47, 10, 0.2666575155947225
34, 17, -0.005596002266342517
2, 25, 0.2909185546035893
44, 12, 0.02760932296298175
52, 6, -0.5785856908763948
26, 20, 0.8666722738160376
56, 1, -1.522720455631558
29, 19, -1.557450363733108
53, 5, 0.8807594263428151
19, 22, 0.5568481263015456
51, 7, -0.1001267216860462
3, 25, 0.07964334763348625
-13, 26, -1.410510729329462e-15
54, 4, 0.1854855104784209
-12, 26, 0.1878346774140364
15, 23, -0.059367518773935
-11, 26, -1.22451274472917
23, 21, 0.9633028009458218
50, 8, -1.76069386498127
32, 18, 0.8786151261206558
10, 24, -3.048167886689055
-10, 26, -0.3219451770257926
46, 11, -0.4202961768483499
-9, 26, 0.5723715237060588
39, 15, -0.2955858584080461
55, 3, 0.8402684907532071
41, 14, 1.439457076735812
-8, 26, 0.8758980108302474
37, 16, -0.8213905084618005
4, 25, 0.2781369548320936
49, 9, 0.1187520100893304
-7, 26, -0.5764377524935586
57, 0, 0.2820866020919449
43, 13, 0.362391098292789
20, 22, 0.8950656861904175
-6, 26, -0.9503233718883757
35, 17, -1.926584316082646
11, 24, -0.5149182907001663
56, 2, -0.2474589487738725
27, 20, -0.4791697353738281
16, 23, -0.8973928321742426
30, 19, 0.02690596117006768
5, 25, -0.201995089359691
-5, 26, 0.9633395885145811
48, 10, 0.763909412606202
45, 12, -0.1268103372422913
24, 21, -0.1947733598902067
-4, 26, 0.2070846715134912
33, 18, -0.1264684547118209
53, 6, 0.7017320189772969
57, 1, -1.151901652158006
54, 5, 0.8720732245207531
6, 25, -0.8616907969193841
-3, 26, 1.115077713269136
12, 24, 0.04259644878807094
52, 7, -1.597505133665317
21, 22, -0.5256404929529661
55, 4, 0.004344392867496197
40, 15, -0.3332495067503081
17, 23, -1.549263358001792
51, 8, -0.1311690180580732
47, 11, -0.6104559202358821
42, 14, -0.2645728388802751
38, 16, 0.5871926832325092
-2, 26, 0.855217876255748
28, 20, 0.1051238520329977
56, 3, -0.3119720021360998
7, 25, 0.1139444351443932
44, 13, -1.157981688664495
36, 17, -1.194400169461403
50, 9, 1.174229200201894
31, 19, 0.5500224129245875
25, 21, 0.5353596634770861
-1, 26, 1.228104358041091
13, 24, -1.021837424111668
58, 0, -0.2995970822645456
0, 26, -0.1038654392461028
57, 2, 0.08081187499315595
18, 23, -0.1793288873228235
46, 12, 0.1859415621948465
22, 22, 0.4233731104318603
34, 18, -0.1019141311279505
8, 25, 0.3225352144495804
49, 10, 0.1544077901328261
1, 26, -0.2285526168964269
14, 24, 1.030089481675193
54, 6, -0.6774083163072879
41, 15, 0.2345020383168191
29, 20, -0.2114317628297648
55, 5, 0.125953161010151
53, 7, -2.323547998398602
39, 16, 2.907457121207003
58, 1, 0.0007625808673860752
26, 21, 0.3245558523348923
43, 14, 0.2562689756858891
9, 25, -0.2053051828539028
2, 26, -1.494520850344145
48, 11, 0.7309684386439288
32, 19, 0.7212972517420182
56, 4, 0.09523184203844975
52, 8, -0.1917504019826272
37, 17, 0.5350799229781547
19, 23, 0.5207966483149634
45, 13, 0.7435084729136872
23, 22, 0.7818264534672175
-13, 27, 0.1970164236043792
57, 3, -0.9979231031494072
51, 9, 0.2319047192530618
15, 24, -0.2537539720075873
-12, 27, 0.9473898466823776
3, 26, -0.6851076253156669
-11, 27, -1.406675107269038
35, 18, 1.89231767668198
10, 25, -0.0183114487550413
-10, 27, 1.977208138308432
59, 0, -0.4304348865442037
-9, 27, -0.4733127616804244
47, 12, 0.3006396673149086
-8, 27, 0.1228060935532257
58, 2, -0.6818461570920733
50, 10, 1.4471249746328
30, 20, 0.07377851354621723
4, 26, -2.853472300861025
27, 21, 0.7120285447004863
20, 23, 1.25816982743143
-7, 27, 0.03839814983013232
42, 15, 0.5730862554410487
-6, 27, 0.725081104286622
40, 16, -0.8239953140793138
16, 24, -0.8570295222734697
33, 19, -0.03515348911603836
11, 25, 0.253538429209435
24, 22, -1.549889217616262
44, 14, 0.7491704465271489
55, 6, -2.14771875927812
38, 17, -0.855600544705348
5, 26, 1.933603012765204
-5, 27, -0.9090557860522165
54, 7, 1.149660264001673
56, 5, -1.090435598202166
59, 1, 0.9691805878831108
49, 11, -0.03534359052452644
53, 8, -0.1778941055218804
-4, 27, -0.1972142533736722
57, 4, 1.338095149896042
46, 13, 0.4497664399554938
36, 18, 0.009940966369457316
21, 23, -1.298071861002619
12, 25, 1.450740852110054
6, 26, 0.9722948531922109
-3, 27, 0.1803902338888329
52, 9, -0.2540398113165067
28, 21, -0.04680410733233523
17, 24, -0.2066249672455219
31, 20, -0.3452763968239022
58, 3, 0.1586632470422872
25, 22, 1.236780643351421
-2, 27, 1.562531025476404
60, 0, -0.04491821210080536
48, 12, -0.1041186803724541
34, 19, -0.31665622974947
51, 10, -1.15224452389663
7, 26, -0.365557589527492
41, 16, -0.6087467591697404
59, 2, -0.9481473100105776
43, 15, 0.0474392139593097
13, 25, 0.08863038006601774
-1, 27, 1.010847902364734
39, 17, -0.4676877378729736
45, 14, 0.05025242861831253
22, 23, -1.71822054704291
18, 24, -1.010118825133514
0, 27, -0.9370306754865396
56, 6, -0.2137137748519229
8, 26, 0.271446963020387
55, 7, -0.4778189384749797
50, 11, 0.3521436713118607
37, 18, -0.6919548491873253
29, 21, 1.162032627517299
57, 5, -0.4501991548860564
32, 20, 0.007188351961332618
60, 1, 0.08001602296592801
47, 13, -0.8374320232507019
54, 8, -0.6033440953459175
26, 22, -0.01516063938067946
14, 25, 0.5858646731691353
1, 27, 0.7020344232142736
58, 4, 0.7049484822578697
53, 9, -0.7668343323231238
35, 19, 0.1598242928902766
9, 26, -0.730635144123734
19, 24, -0.1255520067820239
59, 3, 0.4819819607873263
23, 23, -1.090706027290017
2, 27, 1.895556766269979
49, 12, -0.1461984016235218
42, 16, -0.7148975739565072
61, 0, 0.6964956083757835
44, 15, 0.08035514560124039
52, 10, -0.9703792661521732
-14, 28, -5.296571482946819e-14
40, 17, 0.1913807591710001
15, 25, 0.1707209786081255
-13, 28, 0.6000685070857964
-12, 28, 0.030451088596325
-11, 28, -0.381007351570826
30, 21, -0.6261680874247583
3, 27, 1.044092938115835
60, 2, -0.7274511660438262
46, 14, 0.2084050594795601
10, 26, 0.1909733926027702
-10, 28, 0.7663903805438698
27, 22, 0.2865345633593406
38, 18, -0.3291632728043347
33, 20, -0.4006705362786863
-9, 28, -0.3294302807489508
20, 24, 0.2549975567258885
-8, 28, 0.1242350373518366
51, 11, 1.319203354489722
4, 27, 0.5617751317232279
57, 6, 0.6773297302213344
56, 7, -0.1196573779998296
48, 13, -0.03080543133552586
24, 23, -0.008959968251595238
-7, 28, -0.07781963176008345
58, 5, 0.7681359486250974
16, 25, -0.1750092581971231
55, 8, -1.232742577584079
36, 19, -0.8368354549213993
61, 1, 1.151729552901463
11, 26, 0.2375401510543514
-6, 28, 0.629852640471716
59, 4, -1.03182082455325
5, 27, -0.9293136738688155
-5, 28, -1.278441316840096
54, 9, -0.2156634093552239
43, 16, -0.4768913905661626
31, 21, 0.5160119981611562
50, 12, -1.459315980744641
28, 22, 0.0947317033919199
41, 17, 0.3617454170685712
-4, 28, -0.06299053868844637
60, 3, -0.6296634476448487
45, 15, 0.08013974231479765
21, 24, 1.00118510109961
34, 20, 1.817015557688202
12, 26, -1.450256317315861
53, 10, -0.2627548811573227
17, 25, 0.2852388091198859
39, 18, -0.7261022992799659
6, 27, -0.01753280219678329
62, 0, -0.4412847069691465
25, 23, -0.7139427163367349
-3, 28, -0.477184768339782
47, 14, -0.6682345831576867
61, 2, 0.287999749906148
-2, 28, -0.5053000122555
37, 19, -0.4046913591913155
52, 11, 0.6488051062017892
49, 13, -0.3748158672853489
7, 27, -0.3884395003804998
13, 26, 0.04109282090004714
58, 6, -1.235108042341813
22, 24, -1.181787482679302
57, 7, 0.7524897445854983
-1, 28, -0.7781395933604005
29, 22, 0.05611072228721441
18, 25, 0.1104596542297471
59, 5, -0.9261708227752957
32, 21, -0.326316685222219
56, 8, -0.8564145018766778
62, 1, 0.4965452049026757
26, 23, 1.254199552816179
60, 4, -0.2500710470970094
44, 16, -0.1284143939542101
0, 28, -0.1200896293662046
42, 17, 0.4492133773884365
55, 9, 1.914835641365365
35, 20, 0.4147830579857392
8, 27, 0.008066567694791299
46, 15, 0.7181740431395225
51, 12, -0.8733398972909424
40, 18, 0.08181849680492334
14, 26, 0.754210606412505
61, 3, 0.779751832951682
1, 28, -0.7962996446043837
54, 10, -0.890100601438875
48, 14, -0.04075072081890437
23, 24, 0.1026903984382136
19, 25, 0.2113475456892559
63, 0, 0.3961217483520988
9, 27, 0.2006453279803331
38, 19, 0.007896040739725633
30, 22, -0.422569104796558
2, 28, -0.08805981015724486
33, 21, 0.4418915398857104
62, 2, -1.04759541728521
50, 13, -1.345876661541111
27, 23, 0.05781146366548594
15, 26, 0.5011133411866791
-14, 29, -0.4359812079791299
53, 11, -1.199727783971721
-13, 29, 0.1268213313511016
-12, 29, -1.257064442059691
-11, 29, 1.156374931503301
3, 28, 0.5808610398384573
59, 6, -0.2050159632503028
58, 7, 0.09920665256524365
10, 27, -0.1063058879196007
-10, 29, -0.1941119474389335
36, 20, 0.0598939679350125
60, 5, -0.7030050362972436
57, 8, 0.5781970724126805
45, 16, -0.5618550331967981
43, 17, -3.837274103768969
20, 25, -0.5505594257541723
-9, 29, -1.990495926236044
24, 24, 0.3584205840504862
63, 1, -0.00174286280226339
-8, 29, -0.005337232907544859
47, 15, -0.03774325785170846
41, 18, -1.054835366481545
61, 4, -0.8270346937703864
56, 9, 0.591595708797285
52, 12, 0.198911350413784
4, 28, 0.1965266693093159
-7, 29, -0.7830571808323945
16, 26, 0.8321928145759083
31, 22, 0.5545478128794911
11, 27, 0.3297817190083933
49, 14, 1.15025896824486
39, 19, 0.8819703864144384
-6, 29, -0.2832980640374925
28, 23, 0.9280692856792336
62, 3, 0.9370427547705376
55, 10, 0.384947857009848
34, 21, 0.8475457677503743
5, 28, 1.10320736959298
-5, 29, -0.7024155150897121
21, 25, 0.5972951145754314
64, 0, 0.801746488701551
25, 24, -0.6648033640634343
-4, 29, 0.572446982597054
51, 13, 1.156017408349434
37, 20, 0.8608376961007674
17, 26, -0.3175495749050629
12, 27, 0.2287446613176022
63, 2, 0.8929344391130393
54, 11, 1.228334916433073
6, 28, -0.6107401746643222
-3, 29, -0.2617755813580062
44, 17, 0.4295658679909412
46, 16, -0.3271012110028318
59, 7, 0.80310041851587
60, 6, -1.532128120764893
42, 18, -1.016037666192264
58, 8, -0.002878507044918003
32, 22, -0.5547063933288993
48, 15, 0.1073949062822952
61, 5, 1.061909589185152
-2, 29, 1.534731699924283
29, 23, 0.0322355501648546
22, 25, 0.8596565948599736
64, 1, -0.07049227627293875
53, 12, 1.314643966846634
40, 19, -0.4223275394095237
35, 21, 0.7758133946040362
13, 27, 0.5287071498990095
7, 28, 0.3473033759871294
57, 9, -0.3836431458818115
62, 4, 0.3761912941743263
18, 26, -0.1209260145800231
-1, 29, 0.1479766169998983
50, 14, -0.6557919848242363
26, 24, 0.6178685696465676
56, 10, 0.3193464411044771
63, 3, -0.9721221156999921
38, 20, -0.6755939567743869
0, 29, 0.2426181611085817
8, 28, 0.02864828786954057
14, 27, -1.200028749683912
65, 0, -0.043332627428623
52, 13, -0.1004433563493584
23, 25, 1.539285578261225
55, 11, 0.522318986126778
45, 17, 0.3562224902460935
33, 22, 1.20802663548819
30, 23, -0.4651271329390451
19, 26, 0.1911593400966614
1, 29, -0.163970662688374
47, 16, -0.9008620155803722
43, 18, 1.397175369559098
64, 2, 1.52630333695213
9, 28, -0.8648554601896064
36, 21, -0.1716086455502221
27, 24, -0.2049455631308705
49, 15, -0.8732389893256086
60, 7, -1.273771435939351
41, 19, 0.3945920470101743
61, 6, 0.7202316222790812
2, 29, -0.9339483724421946
59, 8, 0.1322390646722521
15, 27, 1.09715060495675
-15, 30, -1.248165358867607e-13
-14, 30, -0.4912788832342599
62, 5, 0.1366721664297757
-13, 30, 0.09681060366321234
54, 12, 0.6259900901847081
-12, 30, -0.3926335727402581
58, 9, 1.831806345999707
-11, 30, 1.504952085872001
65, 1, 0.9146331283528587
51, 14, -1.505937177035036
-10, 30, 0.4478222853235785
20, 26, 1.622734994975858
10, 28, -0.4533345192751098
63, 4, -0.1494579155440943
39, 20, -0.5197155541051315
24, 25, -0.5603078395763748
3, 29, 0.1815410587139745
-9, 30, 0.025718562627379
57, 10, -0.2246248060006604
31, 23, 0.6533385362151058
34, 22, 1.635209550381399
-8, 30, -2.022213041132687
64, 3, -0.564102947099792
16, 27, -0.5741903446145663
28, 24, -0.08869562568930518
4, 29, 1.281216734292545
-7, 30, 1.052109188506573
53, 13, 1.325505975634006
46, 17, -1.366952358591928
44, 18, 1.325749692662033
11, 28, 0.1805432039024449
37, 21, -1.029728300267433
48, 16, 0.3112282414164044
66, 0, 0.5979682631835672
-6, 30, 0.2032823586972954
56, 11, -0.4374182130474807
42, 19, -1.226817080634148
21, 26, -1.236915884517891
65, 2, 2.892389975995868
50, 15, 0.7676169217197966
25, 25, -1.403582103443475
5, 29, 0.3702162683077406
-5, 30, -0.8071983502735944
61, 7, -0.5722183407734055
17, 27, -1.187054263269392
62, 6, 0.008415742840050189
-4, 30, -1.199378631248824
60, 8, -0.2513028791791651
40, 20, -0.001257330304658984
12, 28, 0.2454739930442141
55, 12, 0.9720931386521545
32, 23, -1.538153416914236
63, 5, 0.05395089593418115
52, 14, 0.7158133930907884
35, 22, -0.9231402879687604
6, 29, 0.2902383919821531