d = 19, symClass = C, D = 16.000000, Y = 0.1207182354368608
[18.74569832457151, 18.74569832466297], 18.7456983246171
1, 0, 1
2, 0, -0.5082950072721965
0, 1, -1.338617269305541
1, 1, 0.8341395983959532
3, 0, 1.567899228659089
2, 1, 0.8512382568298317
4, 0, -0.7416361855851431
3, 1, 0.9913112513596618
-1, 2, 5.72194631471591e-15
0, 2, 0.6804124746340265
1, 2, 1.253124379396858
5, 0, 1.791896193683082
4, 1, -0.7918961936833114
2, 2, -0.4239889932287347
5, 1, -1.116593671422583
3, 2, 1.116593671422417
6, 0, -0.7969553498341075
-1, 3, -0.4084283964757531
4, 2, -0.4326801559458305
0, 3, -2.098816984014686
6, 1, 1.84269885300927
7, 0, 0.6957888696076117
1, 3, 0.3042111303922999
5, 2, -1.139482230886451
2, 3, 1.139482230886209
7, 1, -1.825138534179962
3, 3, 1.307846832919864
8, 0, 0.8852649776142354
6, 2, -0.5038785597171352
4, 3, 1.601021565966719
-2, 4, 4.636768031480842e-15
8, 1, 0.7100515376913975
-1, 4, -0.7100515376917885
0, 4, 0.992767005564092
9, 0, 1.458307991230373
7, 2, -1.216777069589018
5, 3, -1.326986360325595
1, 4, 1.326986360325069
2, 4, -0.6369568655371523
9, 1, -1.044749732671658e-13
6, 3, 1.334655806288696
10, 0, -0.9108118887968476
8, 2, 0.4025168815246916
3, 4, -0.1753272936318521
4, 4, -0.6186281099961958
10, 1, -1.677453934848373
7, 3, 1.677453934848452
9, 2, 0.8268919690923823
-2, 5, 0.8268919690923159
11, 0, 0.7246065698901204
-1, 5, -0.2753934301087061
5, 4, -0.2785713489457473
0, 5, -1.060045920359761
1, 5, 0.8971925968067931
8, 3, -5.360543126229808e-14
11, 1, 0.50133117470189
2, 5, 0.5575978343921335
10, 2, 0.5675589883345759
6, 4, -0.5675589883347628
12, 0, -1.162810803325325
3, 5, 1.718934656886939
9, 3, 1.554276146368675
7, 4, 1.76771813438528
12, 1, 1.045280666568756
4, 5, -1.045280666568735
11, 2, 0.6715812838556693
13, 0, 1.853778610794899
-3, 6, -1.543746851525153e-14
-2, 6, 0.2076021147577303
10, 3, -0.6605519729667527
5, 5, 1.494691571362756
-1, 6, -0.6605519729664026
8, 4, -0.6313090938196662
0, 6, 1.066818194148794
13, 1, 0.8438420615831592
1, 6, 0.8438420615833563
12, 2, -0.9366346268866187
6, 5, 0.5196484357223872
14, 0, -0.3536660085412451
2, 6, -0.1546289987313584
9, 4, 0.3247956314918318
11, 3, 0.9242636080056332
3, 6, 1.964772747870798
7, 5, 4.78508478959825e-14
14, 1, 0.5467293047989613
13, 2, -0.5467293047989753
10, 4, 0.5791931288329487
4, 6, -0.5791931288329645
15, 0, 2.809512659913991
12, 3, -1.2416134312551
8, 5, 0.7525658525355007
-3, 7, 1.02493692525442
5, 6, -2.466668506766604
-2, 7, 2.466668506766939
-1, 7, -0.1667486330201746
14, 2, 0.9277088045006648
15, 1, -0.4072222726550683
11, 4, 0.4072222726555886
0, 7, -0.9313949966501301
9, 5, -0.7436935957868123
6, 6, -0.6647720154423404
13, 3, 1.066707412309138
1, 7, -1.06670741230886
16, 0, 0.2916604173508034
2, 7, -0.5102801393822123
7, 6, 0.55211952770156
12, 4, -0.7351922951838772
15, 2, -0.6740923355011504
10, 5, 1.525330592330929
3, 7, -0.6740923355013163
16, 1, -0.1205303053038048
14, 3, -1.87615828358954
17, 0, 0.9826979970714869
4, 7, -0.01730200292841899
8, 6, -0.8137912685132606
13, 4, -0.340686298611422
11, 5, 0.3406862986113778
-4, 8, -1.259822671400628e-14
5, 7, 2.443161960727623
-3, 8, -2.443161960727684
16, 2, -0.3609156515110098
-2, 8, 0.3609156515112725
17, 1, 0.3353978477674077
-1, 8, -1.792278518334172
15, 3, -1.75070635614951
9, 6, 1.750706356149569
0, 8, -1.185030986946383
6, 7, 2.553125364625944e-13
18, 0, -0.7412506710100042
12, 5, 1.537068081209653
1, 8, 1.537068081210079
14, 4, 0.6184817094325286
10, 6, 0.6745005416723479
2, 8, -0.6745005416722961
17, 2, 1.087894148523046
7, 7, -0.2537545501271317
18, 1, -1.119249351968627
16, 3, -0.8119247835865265
3, 8, -0.4658254622235098
13, 5, -0.3463564774233855
19, 0, 1.000000000000091
15, 4, -2.143155116732071
8, 7, 2.143155116732156
11, 6, -1.178782976349448
4, 8, -0.92936238479793
18, 2, 1.115420907105733e-13
19, 1, 0.9504872504491672
17, 3, -0.9504872504489664
5, 8, -0.9504872504490021
-4, 9, 0.9504872504488128
-3, 9, -0.6403745677966958
9, 7, -1.034877155140601
14, 5, 1.242236296648139
-2, 9, -1.242236296648495
12, 6, -0.6783988827641637
-1, 9, -0.03330090273097074
20, 0, -1.328935058044563
16, 4, 0.5872988724595655
6, 8, 0.08911798798862573
0, 9, -1.952116261028471
10, 7, 1.62879879824614
1, 9, -1.628798798246293
19, 2, -0.7328968982689922
18, 3, 2.889166110285438
20, 1, -0.7850156067057291
15, 5, 1.776326858065524
7, 8, -0.7850156067057569
13, 6, -1.522420323914834
2, 9, -1.522420323914808
17, 4, 1.131036507762319e-13
21, 0, 1.090926831966835
3, 9, 0.4769723966925836
11, 7, 1.179277419672677
8, 8, 0.7384345729010849
4, 9, -0.9214338993384512
20, 2, 0.8526414600099793
14, 6, -0.8526414600099174
16, 5, 0.7689787652771405
19, 3, 0.5370251852780422
21, 1, -1.200422116214442
12, 7, -0.3476698762559998
9, 8, 0.3476698762561041
5, 9, -5.6641514055868e-14
-5, 10, -1.416056189133795e-15
18, 4, -0.4203050594429762
-4, 10, -0.420305059442615
-3, 10, -0.5059682686705962
22, 0, -0.3683139017122333
-2, 10, 0.1399811055605716
-1, 10, -0.4403116808996392
15, 6, -1.786593310877726
6, 9, 1.786593310877079
17, 5, 1.141566596658628
10, 8, 0.1415964258363637
0, 10, 0.5388160487976498
21, 2, -1.262364915616699
20, 3, 0.234696143034514
13, 7, -0.2346961430350278
22, 1, 1.335475486055247
1, 10, -1.335475486055306
19, 4, 1.568575759498275
7, 9, 1.568575759498822
2, 10, -0.4560385175191363
23, 0, 1.570320710238708
11, 8, -0.5703207102387106
16, 6, 3.133451696430466e-14
18, 5, 0.2589561523434841
14, 7, 0.5922821044863503
3, 10, -0.2589561523433242
8, 9, -0.8493388750113103
22, 2, -0.2548241330912971
21, 3, -2.861633299937595
4, 10, -0.2834241952874594
23, 1, -0.2331193808266674
20, 4, 0.828106271320888
12, 8, -0.8281062713205365
9, 9, 1.216432442145239
17, 6, 0.1303678802270636
5, 10, 2.24546880565203
-5, 11, 0.9923444262549538
15, 7, -0.9923444262548108
24, 0, 1.388006275560288
-4, 11, -0.5128880079613438
19, 5, -1.014961936161408
-3, 11, -1.014961936161312
-2, 11, -0.7356693470104051
13, 8, 0.609340127982985
23, 2, -1.106891869677574
22, 3, 1.106891869677356
10, 9, -1.106891869677501
-1, 11, 1.106891869677543
6, 10, -0.8737259039200095
24, 1, 0.3686464013971428
21, 4, -0.3686464013970079
0, 11, -0.9699708679085592
18, 6, -0.7900308051190064
16, 7, -0.6479614517024921
1, 11, -1.199103365018864
7, 10, 1.677233836028854
25, 0, 0.6270995815681264
20, 5, 0.372900418431958
11, 9, -1.164796612115387
14, 8, -0.8985223019707893
2, 11, -0.4370877743213477
23, 3, -0.6734978828403373
24, 2, -0.5313109440126097
8, 10, 0.5313109440129757
3, 11, 0.3047623901359311
22, 4, -0.3413614135626754
17, 7, -0.9168378106176125
25, 1, -1.200997503980546
19, 6, 1.200997503980443
12, 9, 2.510240478346986
15, 8, -4.249389958152894e-14
4, 11, -8.24755815930343e-14
21, 5, -1.553627744308827
9, 10, -1.553627744308691
26, 0, -0.9422664124528586
-6, 12, -4.213015631285353e-15
5, 11, -0.6710905680969753
-5, 12, -0.6710905680972149
-4, 12, 0.3029052780479235
13, 9, -0.7900123262505628
24, 3, 1.113289258255631
-3, 12, -1.11328925825518
25, 2, -0.7464100904453825
18, 7, 0.7464100904447004
20, 6, 0.3357552699039391
10, 10, -0.759744263132067
-2, 12, 0.3357552699038097
23, 4, 1.356037383454109
16, 8, 0.7535714163792286
26, 1, -0.1462474383013642
6, 11, 0.1462474383074663
-1, 12, 1.022625830153063
22, 5, 1.738259344588639
0, 12, 1.556558622261779
14, 9, -0.05094206225225508
27, 0, 0.718580745937577
11, 10, -0.4048796648014205
7, 11, 0.4048796648011752
1, 12, -0.8777532315017538
19, 7, 0.1207676342008882
25, 3, -2.300995616515662
17, 8, 2.30099561651534
21, 6, -1.907783828859688
26, 2, -0.4289207068274176
2, 12, -0.4289207068277216
24, 4, -1.36661214852389
8, 11, 0.8736817877631828
27, 1, -1.425103013010169
12, 10, -0.2641347054118439
15, 9, -2.080580890795663
3, 12, 2.080580890795849
23, 5, -0.5868492273307363
28, 0, -0.516022203232362
4, 12, -0.2256139823520391
20, 7, -2.366298021952304
9, 11, 2.366298021952556
18, 8, -0.1650919978684847
22, 6, -0.4697985773507348
26, 3, 1.826688105853012
13, 10, 1.826688105852968
27, 2, 1.362850806960736
-6, 13, -1.362850806960503
25, 4, 1.399230751539494
16, 9, -1.399230751539388
5, 12, -1.399230751539525
-5, 13, -1.399230751539326
-4, 13, 0.2016589402029849
10, 11, -0.8989903043141446
-3, 13, 0.8989903043139212
28, 1, -5.731887523502261e-14
24, 5, 0.2121482874617816
-2, 13, 0.2891851686557541
6, 12, -0.9986841781653907
21, 7, 0.6897433350151702
19, 8, 0.3015679163445706
-1, 13, -0.3015679163446535
14, 10, -2.013379684223036e-13
29, 0, 0.4190570715578686
0, 13, -2.481500061877402
23, 6, -0.2297165651920343
11, 11, 0.6044230332041569
17, 9, 0.2297165651919071
7, 12, 0.815690852925301
27, 3, -2.119830367290993e-15
1, 13, -0.7357310240920303
28, 2, -0.2778997759579893
26, 4, 0.2778997759580958
29, 1, -0.2323673931331665
25, 5, -0.8842262782893353
15, 10, 0.8842262782895141
2, 13, 0.2323673931330327
20, 8, 0.8450812552548252
8, 12, -0.8450812552546426
12, 11, 1.265161567776435
22, 7, -0.4750331069309985
18, 9, 1.241367552375847
3, 13, -1.13369138008689e-13
30, 0, -1.428061257898825
24, 6, 0.631105908064611
9, 12, -0.2748955284486712
28, 3, -1.035767191668067
4, 13, -1.035767191667817
16, 10, -0.3825254654866277
27, 4, 0.7483838723855214
13, 11, -0.7483838723857632
29, 2, -0.1969492390500637
21, 8, 0.4721430731435073
26, 5, 4.323637906797593e-14
-7, 14, -1.813011335176264e-15
-6, 14, -0.5209703218737247
30, 1, -1.129581556200685
23, 7, 1.129581556200865
5, 13, -1.129581556200571
-5, 14, -1.129581556200784
19, 9, 0.8000338603163157
10, 12, 1.253795286581925
-4, 14, -1.253795286581989
-3, 14, -0.9400896806990114
25, 6, -0.6956103700234514
14, 11, 0.6956103700238503
-2, 14, 0.08475749763193116
17, 10, 0.4181801847293907
6, 13, 0.4181801847293578
31, 0, 0.9677249962360601
-1, 14, 1.056688776603325
29, 3, 0.4651144336467255
11, 12, -0.4651144336469721
28, 4, 1.35358878065099
30, 2, 0.206989048040351
22, 8, -0.206989048040557
0, 14, 0.4734234265936964
20, 9, -0.4347770413080033
7, 13, 0.4347770413080077
27, 5, -0.5118115808627898
24, 7, 0.5118115808627159
15, 11, -1.237235227065886
1, 14, 1.237235227065697
31, 1, -0.5897463626513616
18, 10, 0.3780157416767245
12, 12, -0.9699465364889621
26, 6, -0.5422020518958687
2, 14, 0.5422020518956117
8, 13, -0.6271422753967324
32, 0, -1.033514511571628
3, 14, 0.6459478541389716
23, 8, -0.1477383599270332
30, 3, -2.630078730560673
21, 9, 2.630078730560219
29, 4, -1.809280364221259
16, 11, -1.809280364220964
31, 2, 1.43383146436116
9, 13, -1.433831464361112
25, 7, -6.057416269156376e-13
13, 12, -2.875582885069682e-13
28, 5, -1.02774432392661
19, 10, 0.001814729992328291
4, 14, 0.2593728471579943
32, 1, 0.4664001741781378
-7, 15, 0.3701356237612731
27, 6, 1.2964832805238
-6, 15, 1.296483280524171
-5, 15, -0.7318612890382449
10, 13, 0.3234328925617097
5, 14, -0.3234328925623258
17, 11, 2.309130856591462
-4, 15, 2.309130856592086
14, 12, -0.2806395993493309
22, 9, -0.2044877184492289
24, 8, 0.8775731327432459
33, 0, 1.136110082013163
-3, 15, -0.4317891466459061
31, 3, 1.474523694691651
-2, 15, -1.474523694691313
30, 4, 0.3426377685733564
20, 10, -0.7753179245196613
6, 14, 0.3426377685736978
26, 7, -0.2603575708786313
32, 2, 0.06126495241002314
11, 13, 0.1988380545470022
29, 5, -0.149245299805771
-1, 15, 0.1492452998060989
0, 15, -1.662045180876099
15, 12, -0.436771803138544
33, 1, 0.3812143839764386
18, 11, -0.3812143839767572
7, 14, 0.8719099954201135
28, 6, 0.953641888400251
23, 9, 0.560192542408106
1, 15, 0.5601925424082957
25, 8, -1.007397646494147
12, 13, 1.007397646494457
21, 10, -0.8897762071771501
34, 0, -0.499500485567178
8, 14, 0.008794521705202922
2, 15, 2.87668852491194e-14
27, 7, -1.309122108254882
32, 3, -1.371998268093862
31, 4, 1.371998268093928
16, 12, -1.187375527219606
33, 2, -1.459226207799175
30, 5, 3.301925060808464
19, 11, -1.459226207799183
3, 15, 1.406707580492101
13, 13, 1.546310145920013
9, 14, 0.8346356792388431
34, 1, 0.2232125997940287
29, 6, -0.2232125997937617
24, 9, -8.01904493197769e-14
4, 15, -0.9690451464569477
26, 8, 0.1731691446275233
22, 10, -0.1731691446273528
17, 12, -0.2315071836177101
-8, 16, -2.838760497541696e-16
-7, 16, 1.716217581237801
10, 14, -1.24184702659166
-6, 16, 1.241847026591807
14, 13, -1.211595379068265
35, 0, 1.246781427060528
28, 7, -0.5509925574527471
20, 11, -0.2409036362304236
5, 15, 0.5451147666228181
-5, 16, 0.2409036362304303
32, 4, -0.52659991397883
-4, 16, 0.5265999139786566
33, 3, 0.7860367621177321
31, 5, 1.587110692010731
-3, 16, 1.587110692010725
34, 2, -0.1704810514720312
6, 15, 0.8742572144455808
-2, 16, 0.9110062225095289
25, 9, 0.9955210903912917
11, 14, -0.9955210903913806
23, 10, 0.1488529161114421
30, 6, 0.8898753000288427
18, 12, -0.8898753000291666
35, 1, 1.427912963413118
27, 8, -1.427912963412649
15, 13, -1.427912963413268
-1, 16, 1.427912963412644
21, 11, -0.3242799228755014
7, 15, -1.632318525901307
0, 16, -0.3904216714387074
29, 7, 1.479238085402319
12, 14, 1.336866313779001e-13
36, 0, -1.081533976026374
1, 16, -0.3283739978662498
33, 4, 1.227334083791242
34, 3, 0.9423380704778049
32, 5, 0.7038820783568019
8, 15, 0.7038820783566374
19, 12, 0.7038820783565595
16, 13, -0.7038820783567902
35, 2, 0.6830698067609198
26, 9, -0.6830698067608109
24, 10, -0.7812840315166174
2, 16, -0.7812840315166585
31, 6, -0.3471113341772198
28, 8, 0.9024059045944137
22, 11, -0.2344254233885604
13, 14, 1.085663680218347
36, 1, 0.4334593374773862
3, 16, -0.4334593374771844
9, 15, 2.695116322649426
30, 7, -0.7390767345026252
17, 13, 0.7390767345030026
20, 12, 0.9841411025939952
4, 16, -0.9841411025939266
37, 0, 1.107349739170362
34, 4, -0.5529711641373195
14, 14, 0.1289821709085776
-8, 17, 1.486403462096136
35, 3, -0.2371305894793979
25, 10, -0.9023516414071583
10, 15, 0.9023516414072312
-7, 17, 0.2371305894791858
27, 9, 1.445637119656026
33, 5, 0.2709248976100759
-6, 17, -0.2709248976099255
5, 16, 0.1613439481534236
-5, 17, 0.1613439481534055
23, 11, -5.812451390719988e-14
36, 2, 0.5689088574987641
29, 8, 0.7709648747911827
-4, 17, 0.7709648747912334
32, 6, 0.412697313777219
18, 13, -2.287125592956729
-3, 17, -2.287125592956786
37, 1, -1.206204799478084
11, 15, -1.20620479947831
6, 16, 0.2367767567058472
21, 12, 2.771603899389905
15, 14, 2.511457878364489
-2, 17, -2.51145787836462
31, 7, -1.412773972481776
-1, 17, 1.422572843110045
26, 10, 0.1760512682112067
28, 9, 0.7637246621466731
7, 16, -0.7637246621466416
38, 0, -0.5082950072722908
35, 4, 0.0231607599159769
24, 11, -0.02316075991582069
0, 17, -1.315456509389731
36, 3, 1.638894750846428
12, 15, -1.638894750846508
34, 5, 0.7564269510377069
19, 13, 0.7110602089742696
30, 8, 1.089355045641632
16, 14, -1.089355045641715
37, 2, 1.31518125172019e-13
1, 17, -1.180506551113445e-13
33, 6, 1.052971776939068
22, 12, 0.5991695015361372
8, 16, 1.109347125674617
2, 17, -1.244970562010523
38, 1, 0.2421684450927145
13, 15, -1.79341206689743
32, 7, -0.6441742064657693
27, 10, -1.124617007291089
25, 11, -0.4560485627345833
20, 13, 0.4560485627344753
9, 16, 0.4560485627345346
3, 17, -0.4560485627346842
29, 9, 0.4267522752475626
17, 14, 0.4267522752477371
36, 4, -1.665217280832591e-14
39, 0, 2.90653805397094
37, 3, 1.445320258159494
35, 5, -3.270458792339129
23, 12, 1.445320258159388
31, 8, 0.4746486085601713
4, 17, -0.4746486085602725
14, 15, -0.9430154546206628
-9, 18, -3.331239982354872e-15
38, 2, -0.4831279238782278
34, 6, 0.4831279238781343
10, 16, 0.4831279238780217
-8, 18, -0.4831279238780737
-7, 18, -0.004981236101112991
-6, 18, 0.3254991955963913
5, 17, -0.4489693511122544
-5, 18, -0.4489693511122758
18, 14, 0.5260228910973046
21, 13, -1.590784916342919
28, 10, -0.6314225074368718
-4, 18, 0.6314225074369518
39, 1, 2.399174976048299
33, 7, -2.399174976048049
26, 11, -1.018963337011357
30, 9, -1.035678928904267
15, 15, 2.343525761824259
-3, 18, -1.035678928904195
11, 16, 3.583418053570128e-13
6, 17, 1.179107896394948
24, 12, -0.9898290412454193
-2, 18, 0.01692668259469041
37, 4, 1.787163372544537
40, 0, 1.586302943787292
32, 8, -0.7010379661736222
36, 5, -0.2655472597178823
38, 3, 0.627744978000141
-1, 18, -0.6277449780000613
19, 14, 0.7012129560180896
7, 17, 0.4971055722463369
35, 6, 6.295380466212036e-13
22, 13, 5.430114540766638e-13
12, 16, 0.1300290652754593
39, 2, -1.623041978661279
0, 18, 0.9922509490912689
16, 15, 0.4390632510321176
29, 10, 0.8549404752101598
27, 11, -0.8549404752102038
34, 7, 1.463222940934328
1, 18, -1.463222940933375
40, 1, -2.05754587760613
31, 9, 2.057545877607388
25, 12, -2.057545877607204
8, 17, 2.057545877606903
13, 16, -0.9429078094708493
20, 14, -0.8279102969993418
2, 18, 0.8279102970015181
17, 15, -1.048225532502877
33, 8, -0.1390916377750062
23, 13, 0.13909163777912
38, 4, 0.3725278342305546
37, 5, 2.006279156250264
9, 17, -2.006279156250815
41, 0, 1.639732384188969
39, 3, 1.323059317466828
3, 18, 1.323059317467085
36, 6, -1.468548709029569
28, 11, -1.35765358842723
40, 2, 0.3990195135186124
30, 10, -0.9028980732362929
14, 16, 0.3990195135187968
26, 12, 0.7738386496139953
4, 18, 0.7738386496135443
35, 7, 0.3396802229706143
21, 14, -0.339680222971066
10, 17, -1.456273894393313
-9, 19, 1.456273894393829
32, 9, -0.1738039188456783
-8, 19, 0.1738039188457973
18, 15, 0.8147563815441037
-7, 19, -0.1241466986590664
41, 1, 1.504749303280717
-6, 19, 1.504749303280704
24, 13, 0.2911381740346879
5, 18, 1.498246511204836
-5, 19, 1.498246511205095
15, 16, 1.086856536686426
-4, 19, -1.086856536686632
34, 8, 2.640894720537651e-14
11, 17, -0.3564755250355511
39, 4, -0.6203442773170014
-3, 19, 0.6203442773169346
38, 5, 1.740007443925705
42, 0, -0.5545126619970389
6, 18, -0.2424426878380115
40, 3, 0.6235620082127598
29, 11, -0.6235620082128381
37, 6, -0.8897828925080831
31, 10, 0.8897828925076819
19, 15, 0.8897828925085033
-2, 19, 0.8897828925084844
22, 14, -0.5994208246051786
27, 12, 0.509246820088314
41, 2, -0.2839950441031085
-1, 19, 0.497106610484671
33, 9, 1.449152198070199
16, 16, 0.2432855033961945
36, 7, 0.5716756813890657
12, 17, 0.5716756813891459
25, 13, 0.4636387620161067
7, 18, -0.4636387620163669
0, 19, -1.338617269305495
42, 1, -1.513740685780356
35, 8, -1.267842884091481
20, 15, 2.868864450058163
1, 19, -1.267842884091421
8, 18, 0.4683602505618634
23, 14, -1.818753710580875
30, 11, 1.577939248905419
13, 17, -1.577939248905542
40, 4, 1.24406053773291
28, 12, -1.244060537733008
39, 5, -0.4256448705339791
17, 16, 0.4256448705340775
32, 10, -0.3908680670851827
2, 19, -1.362090643922851
43, 0, 0.1668137550483864
41, 3, 0.83318624495145
38, 6, -0.2729672204580837
26, 13, 1.578007273201518
9, 18, 1.82744129648113
34, 9, -0.344886988074283
42, 2, 0.6101685682893228
3, 19, -0.7844823183875257
37, 7, -0.4290736448017494
14, 17, 0.02940585494229413
21, 15, 4.112754723449155e-14
24, 14, 0.1767188622805181
18, 16, -0.1767188622805561
43, 1, 0.4605447611047143
4, 19, -0.4605447611044984
10, 18, 5.05841763004608e-14
-10, 20, 5.190754567050463e-15
-9, 20, 0.7628350352511846
36, 8, -0.6132530058481969
-8, 20, -0.6132530058484409
31, 11, -0.7625001300713341
29, 12, -1.524773010192596
-7, 20, 1.524773010192392
-6, 20, 0.2571811448045787
33, 10, -9.971044772274338e-14
41, 4, -0.5622871100140862
40, 5, 1.27233864770589
27, 13, -0.5622871100140476
15, 17, 0.5622871100141795
5, 19, -0.5622871100141451
-5, 20, -1.272338647705494
42, 3, 0.857216455280288
39, 6, -0.8572164552801178
44, 0, -0.5373944525434465
-4, 20, 0.2042417330408495
22, 15, -0.1005391004595007
11, 18, -0.1005391004594386
35, 9, 1.385304431481543
19, 16, -1.385304431481404
-3, 20, -1.274036284106602
43, 2, 1.662878959250974
38, 7, -1.662878959251178
25, 14, -1.662878959251013
6, 19, 1.662878959251229
-2, 20, 0.223808229041849
16, 17, 0.9058420180449773
30, 12, 0.9081164599420123
12, 18, -0.9081164599421114
32, 11, -1.564977917200453
-1, 20, -1.56497791720044
44, 1, 0.0445771634782381
37, 8, -0.04457716347806718
7, 19, 0.545624453948683
28, 13, 0.2064832279882298
34, 10, -0.5802526015503421
23, 15, 0.5003207943133867
20, 16, 0.206598592644309
0, 20, 0.7861684129198021
41, 5, -1.482799418254297
42, 4, 0.6416537839620085
40, 6, -0.1192948777307766
26, 14, 0.1192948777309207
1, 20, 0.7526105377246622
8, 19, -0.7526105377246735
43, 3, -0.01443228577627553
17, 17, 0.8197073126193428
13, 18, 0.01443228577644668
45, 0, 2.613136538705644
36, 9, -1.154828547475318
39, 7, 0.7277371617717209
44, 2, -0.6788155218953624
2, 20, 0.6788155218955636
31, 12, -0.517205625220028
33, 11, 0.7183106455419354
21, 16, -0.2730006058178292
9, 19, 0.2730006058177155
24, 15, 1.179947419705742
29, 13, 0.9180948215079455
38, 8, -0.7972992270775966
14, 18, -0.7972992270775708
3, 20, -0.2344816899159052
45, 1, 0.9635611299662186
35, 10, -2.180338199555439
18, 17, 0.9635611299662823
27, 14, -0.2352794368037407
10, 19, 0.9810684446415955
-10, 21, 0.981068444641914
4, 20, -0.6653904952319969
-9, 21, 1.606997814531519
42, 5, 1.707050869854296
43, 4, 0.4423446285885997
-8, 21, -0.4423446285885255
41, 6, -0.1242484641770079
37, 9, 0.1242484641768597
-7, 21, -0.2841799322988036
44, 3, -1.384398762241638
15, 18, -3.867487649118567
-6, 21, 3.867487649118556
46, 0, -0.7981861768281755
22, 16, 0.2898911695559068
40, 7, -0.2761509125156127
25, 15, -1.050835447809822
5, 20, 1.050835447809728
-5, 21, -0.2761509125157303
32, 12, -1.181260297141363e-13
19, 17, 0.2720249752039681
45, 2, 2.037938136733941
34, 11, -2.037938136733671
30, 13, 2.037938136733988
11, 19, -2.037938136733806
-4, 21, -0.8387872258376057
-3, 21, -0.2614450530943443
39, 8, 0.2000125147831153
36, 10, -0.1316261193350611
28, 14, -0.3010540366108236
6, 20, 0.1316261193352457
16, 18, 0.4317147096504874
46, 1, 0.2764784671770926
-2, 21, 0.2764784671769542
23, 16, 0.2797686260432847
12, 19, 0.2797686260428973
20, 17, 1.145146120229345e-13
-1, 21, 1.440413680202441e-13
43, 5, 0.7867685425302317
7, 20, 0.7867685425299695
38, 9, -1.495010483496581
26, 15, 1.495010483496504
44, 4, -0.3718053401210844
42, 6, 1.454553918997784
45, 3, -0.6384834871887985
33, 12, 0.6384834871890661
0, 21, -1.460333496825812
47, 0, 3.395539062878478
31, 13, 2.395539062878668
41, 7, 1.452458499211675
35, 11, -1.578601119274612
17, 18, 1.578601119274437
13, 19, -1.00807887027536
8, 20, -0.4135347309893202
29, 14, 0.88939711585129
1, 21, -0.8893971158513013
46, 2, 0.1184934173715398
37, 10, 1.427836020592276
40, 8, -0.9884812715360718
24, 16, 0.9884812715360634
21, 17, -1.532707629551951
2, 21, 1.302508477262019
27, 15, -1.166036615193523
47, 1, 1.068989100106772e-13
9, 20, -4.888624560296888e-14
14, 19, -0.1630107519400174
18, 18, -0.6183065370164349
39, 9, 1.672489728964901
3, 21, -1.672489728964579
44, 5, -1.882283888778134
34, 12, -0.06626534262616553
45, 4, 1.233447330176789
32, 13, -1.23344733017668
43, 6, -0.56742016869446
36, 11, 1.630306467645467
46, 3, 6.324562018934657e-15
-11, 22, 4.717307138601439e-15
10, 20, -1.141360582895063
-10, 22, -0.5044037173579888
30, 14, 0.5044037173579557
42, 7, 1.282129351968354
-9, 22, 0.5605695010410845
22, 17, 0.560569501041064
48, 0, 0.4572941433947258
25, 16, -1.029368254927003
4, 21, 1.029368254926958
-8, 22, 0.2606984137353043
-7, 22, 0.7188711870667985
15, 19, -0.718871187066868
47, 2, -0.2197069060225728
19, 18, 0.2197069060224907
38, 10, 0.5159000847229638
-6, 22, 0.5159000847229217
41, 8, 0.4969752341395937
28, 15, 0.4969752341397083
-5, 22, 1.606905775221829
5, 21, 1.606905775221615
11, 20, 1.109535783416771
-4, 22, 0.373937056087482
48, 1, 0.969586962399813
-3, 22, -0.5527530069668112
33, 13, 0.5527530069668969
40, 9, -0.4653969003747354
35, 12, 0.4653969003747813
23, 17, 0.4653969003748422
16, 19, -0.465396900374775
6, 21, -0.8000678369378703
26, 16, -0.3097245447836056
45, 5, 1.725923234199096e-14
31, 14, -6.250892171754981e-14
46, 4, 0.5626276109456895
44, 6, -0.5626276109457744
20, 18, 0.5626276109458205
-2, 22, -0.5626276109458465
37, 11, -1.298231223949839
12, 20, -1.274824142200488
47, 3, 0.6772978621647282
43, 7, -0.6772978621648831
-1, 22, 1.568698587121342
49, 0, 0.09254441184948155
29, 15, 0.6032444577580689
7, 21, 0.9074555881502833
39, 10, 0.8549904623286159
17, 19, 0.02895604234686514
48, 2, -0.1873811252784094
42, 8, 0.1873811252783814
0, 22, 0.4930313493557739
24, 17, -0.9336102049568203
13, 20, -0.9336102049569092
8, 21, -0.925605713868507
21, 18, 0.8656677816107559
27, 16, -0.7640289954966661
34, 13, -0.6772586129082375
1, 22, -0.6772586129080823
36, 12, -1.152707432534914
32, 14, 0.3293555708046172
49, 1, 0.5894088199255599
41, 9, -0.5894088199254188
38, 11, 0.965270021529449
2, 22, 0.6094982536388058
46, 5, -0.3885634639785038
18, 19, 0.3885634639784786
45, 6, -1.05690885287805
30, 15, 2.391564659166819
9, 21, -1.05690885287813
14, 20, -0.8525295848794662
47, 4, 0.1621921797441634
44, 7, -3.456701603175312e-16
48, 3, -0.1889793727157629
3, 22, 1.528120760351212
25, 17, -1.528120760351223
50, 0, -0.3187515863739294
40, 10, -0.1895434208984127
22, 18, 0.5920603024229041
28, 16, -1.311003734373177
43, 8, -0.2889096529813488
-11, 23, 0.2889096529810053
10, 21, 1.689823476209584
-10, 23, 1.689823476209507
49, 2, 0.6406128444622563
-9, 23, 0.6406128444621801
4, 22, 0.2221695334254606
35, 13, 0.1388410164734997
15, 20, -0.3141683101052016
-8, 23, 0.1388410164736614
19, 19, 0.8341395983958307
33, 14, -1.051522452833682
37, 12, 1.703999265722414
-7, 23, -1.703999265722225
-6, 23, -0.7158287702614422
42, 9, -2.941627125683075
31, 15, 0.9302180977932878
50, 1, 1.787690548368366
39, 11, -1.787690548368438
5, 22, -1.787690548368324
-5, 23, -1.787690548368357
11, 21, -0.2225717634991346
23, 18, -0.8724655216144931
26, 17, 0.8724655216144596
47, 5, -0.9832695584885411
-4, 23, 0.9832695584884125
46, 6, 0.3423356112569141
48, 4, -0.7752179664179748
16, 20, 0.7752179664175222
45, 7, -2.099722599877581
29, 16, 2.099722599877498
20, 19, -2.099722599877447
-3, 23, 2.099722599877448
6, 22, -0.1549092013103938
41, 10, 1.467467992111366
49, 3, -0.5958799440327534
51, 0, 1.540771431614075
12, 21, -0.027127797045352
-2, 23, -5.263118720348598e-15
44, 8, -0.4980689816711528
36, 13, 1.916600846352914
34, 14, 0.4660240816122129
50, 2, 0.6104610350178273
38, 12, -0.6104610350179152
7, 22, 0.7454384048628864
-1, 23, -0.7454384048627289
24, 18, -1.27594270219182
32, 15, -0.141942815701834
17, 20, 0.1419428157019575
27, 17, -0.9871784060586408
43, 9, -3.141982614053217e-13
40, 11, 0.7634411517674747
21, 19, -0.7634411517674673
0, 23, -2.102058421073065
13, 21, 0.05642247729691229
51, 1, -0.3424605622917337
30, 16, -5.055518796421143e-14
8, 22, -2.149653178980096e-14
48, 5, 1.752358875847234
1, 23, 1.75235887584739
47, 6, -0.07047514467639619
49, 4, 0.4335067836887173
46, 7, -0.3979291617410524
42, 10, 0.7897012255891808
18, 20, 0.7897012255894382
50, 3, 0.3466431775173938
37, 13, -0.3466431775173185
35, 14, -0.792839053368906
25, 18, -0.3466431775173224
14, 21, 0.7928390533692007
2, 23, 0.34664317751725
9, 22, -0.2218327653287791
52, 0, -1.374829297825853
45, 8, 1.136939685583789
28, 17, -1.136939685583907
22, 19, 0.1345493036225841
39, 12, -0.5341617848081748
33, 15, 0.5341617848082224
51, 2, -0.8632320145776783
3, 23, 0.8632320145775954
-12, 24, 3.362669100858233e-16
44, 9, 1.036198485597079
41, 11, -1.036198485597189
31, 16, 1.036198485597123
-11, 24, 1.036198485597002
10, 22, 0.3411119851899713
-10, 24, 0.3411119851898303
19, 20, 0.3810249472911711
15, 21, 3.830631753715326
-9, 24, -3.830631753715482
-8, 24, -0.3615673552633355
4, 23, -0.3663352027037244
52, 1, -0.6330604400932308
-7, 24, -0.6330604400933859
26, 18, 0.4015593211150287
49, 5, 0.6657460828895624
23, 19, 0.6657460828894505
48, 6, -0.5658793716145049
-6, 24, 0.5658793716148351
43, 10, -0.0277776016286399
29, 17, 0.02777760162885637
50, 4, 0.3793965223495951
36, 14, -0.3793965223496368
47, 7, -0.3451022211953838
38, 13, 0.3451022211954231
11, 22, 0.9080221582018028
5, 23, 0.3120576289834409
-5, 24, 0.3120576289835305
34, 15, -1.951497037114594
16, 21, 0.06779527964230098
51, 3, 0.5258700268080942
40, 12, 0.4898892456138994
20, 20, -1.108517355610056
-4, 24, 0.489889245614066
46, 8, -0.6892670316816821
53, 0, 1.454360913659707
32, 16, 0.2482725052518623
-3, 24, -2.810112106439
6, 23, 0.008890893413149623
52, 2, 0.07433684271594011
12, 22, -0.07433684271584866
42, 11, -1.674182324840909e-13
45, 9, -1.628337473993588
27, 18, 1.628337473993612
-2, 24, -0.519795603770921
24, 19, -0.890683996688016
17, 21, -1.104127862148989
30, 17, -0.1745126958333778
7, 23, 0.1745126958335492
-1, 24, -1.725686299577677
21, 20, 1.61303120524741
53, 1, -3.363180683514193
37, 14, -3.363180683514274
39, 13, 1.837671594409453
50, 5, -1.328369386083293
49, 6, -0.349084548764969
35, 15, 1.328369386083244
13, 22, 0.3490845487648992
44, 10, -0.8835485461964493
0, 24, -1.858009170370341
51, 4, 0.6865607446770278
48, 7, -0.6865607446771524
41, 12, -0.4343699763427646
8, 23, 0.4343699763427927
33, 16, -1.089105819977403
52, 3, 1.358645575434317
47, 8, -1.358645575434402
25, 19, 1.358645575434259
1, 24, -1.358645575434336
18, 21, -8.019106775494674e-14
28, 18, 0.02589359590382834
54, 0, -0.3652510054873516
22, 20, 0.2057983121634165
14, 22, -0.205798312163217
43, 11, 1.304317731560085
2, 24, 0.4461575851894996
31, 17, -0.6113383243842246
9, 23, -0.6113383243839919
53, 2, 0.9847796924070509
46, 9, -0.9847796924069816
38, 14, -0.06138558550513598
36, 15, 2.409967858925397
3, 24, 2.409967858925445
40, 13, -0.8156732181990345
19, 21, 0.8156732181989734
-12, 25, -1.264954740038955
-11, 25, 1.336958759429443
54, 1, -0.6548126029107768
45, 10, 1.481704572002907
26, 19, -0.6548126029107533
15, 22, -0.654812602910792
10, 23, 0.6548126029108886
-10, 25, 1.481704572003055
50, 6, 1.169584583626671
34, 16, -1.169584583626817
51, 5, 0.4699852643223432
-9, 25, -0.4699852643221403
29, 18, -4.227407940738517e-14
42, 12, 0.9697169951588164
49, 7, -1.269911077577982
23, 20, -0.5552274566016279
-8, 25, -0.5552274566017619
52, 4, -0.6258238077871637
4, 24, -0.6258238077869277
-7, 25, 0.06109461164218834
48, 8, 1.63127675885916
-6, 25, 0.412352373074852
53, 3, 1.124293916074159
32, 17, -1.124293916073919
11, 23, 1.61135486480985
55, 0, 1.298419754505377
44, 11, -0.5738131846144575
20, 21, 0.2180830090686993
5, 24, -0.2180830090687424
-5, 25, -0.4934764391780994
16, 22, -0.4440880906644273
47, 9, -0.7914229711417534
-4, 25, 0.9753509679072293
54, 2, 0.7243727463597225
39, 14, -0.1026000069816481
27, 19, -0.1026000069820432
37, 15, -0.3178094784427409
24, 20, -0.3853900837115863
41, 13, 1.407736961967987e-13
-3, 25, -7.670517640026776e-14
30, 18, 1.057548879013788
6, 24, -1.057548879013965
35, 16, 0.8673723890927769
12, 23, -0.8673723890927544
46, 10, 0.2982925322751408
-2, 25, 0.1884470732890978
17, 22, 1.284677274764485
55, 1, 1.605140472095552
43, 12, -1.60514047209547
51, 6, 1.705708396333257
21, 21, -0.3978615634131628
52, 5, 0.7956279173509611
50, 7, -2.245174177571586
33, 17, 2.245174177571295
7, 24, 4.100357561700462e-14
53, 4, 0.9836819932394874
-1, 25, -0.9836819932396601
49, 8, -1.597057706859997
13, 23, -1.597057706859753
28, 19, -0.5698957895749508
54, 3, -1.754870195628079
45, 11, 1.280645511258652
25, 20, -1.559216860204336
0, 25, 0.2205995908987169
56, 0, 0.6159575180774596
8, 24, 0.2693074595364492
38, 15, -0.6539026709118604
31, 18, 0.6539026709117994
40, 14, 1.202777470272959
18, 22, -1.20277747027291
48, 9, -1.273016241915318
22, 21, 0.6282303171704979
1, 25, 0.6282303171706096
36, 16, -0.2408801932312045
55, 2, 0.5850932429084884
42, 13, -0.5850932429083451
14, 23, -1.530909980154216
9, 24, -0.7303673829103776
47, 10, -0.01472812681280474
34, 17, 0.8365101300171834
2, 25, 0.01472812681246129
44, 12, -0.6854673367141509
52, 6, -0.9284964440459145
26, 20, -0.9284964440459907
56, 1, 0.6987394401761859
29, 19, -0.6987394401759757
53, 5, -0.7686045027393683
19, 22, 0.7686045027393507
51, 7, -1.018756661468688
3, 25, -1.672349572097098
-13, 26, 2.751565298511634e-15
54, 4, -0.6927302608325915
-12, 26, 0.6927302608325674
15, 23, 0.9015558968118507
-11, 26, -0.9015558968118642
23, 21, -0.1349453687695178
50, 8, -0.7112220050274116
32, 18, 0.7112220050274595
10, 24, 0.7112220050273077
-10, 26, 0.7112220050272381
46, 11, 0.6414356384391278
-9, 26, 0.6414356384391674
39, 15, -0.5430520537931572
55, 3, -0.4079601984703863
41, 14, 0.4079601984703254
-8, 26, -0.1025022324781267
37, 16, 0.4479539723786661
4, 25, 0.4479539723786086
49, 9, 0.5151333410816006
-7, 26, 0.5151333410816339
57, 0, 1.567899228659297
43, 13, 1.867691030626236
20, 22, 0.4569522832676116
-6, 26, -0.4569522832674988
35, 17, 1.227294926442843
11, 24, -1.22729492644295
56, 2, -2.772738340510506e-14
27, 20, -1.001319621923764
16, 23, -1.001319621923592
30, 19, -0.7104834024126845
5, 25, 1.607675999219602
-5, 26, 0.7104834024127984
48, 10, -0.1078339153194106
45, 12, -3.360251254421966
24, 21, 3.360251254422017
-4, 26, -0.1469913774021856
33, 18, -1.848212919375066
53, 6, 0.3447943807121814
57, 1, 0.2900052109556377
54, 5, -0.2900052109556791
6, 25, -0.2900052109557774
-3, 26, 0.2900052109557559
12, 24, -1.457146566270239
52, 7, 0.7505606269674185
21, 22, -0.5690900274894428
55, 4, -1.246136275041016e-13
40, 15, 7.683133780762566e-14
17, 23, -5.195051613092156e-14
51, 8, 1.067819698347015
47, 11, 0.9756153429589211
42, 14, -0.3505930934853627
38, 16, -0.1532854662318907
-2, 26, 0.1532854662319506
28, 20, 4.133594099554062e-14
56, 3, 0.3219735638886499
7, 25, 0.3219735638886757
44, 13, -0.4220481684317749
36, 17, 0.42204816843172
50, 9, 2.079712928603192
31, 19, -2.079712928603112
25, 21, 2.079712928603143
-1, 26, -2.07971292860305
13, 24, 1.490888468796762
58, 0, -0.2130046172373069
0, 26, 1.261334091994053
57, 2, 0.9162329138371257
18, 23, 0.9162329138372233
46, 12, 0.1167637831737197
22, 22, -0.3072252100549713
34, 18, -0.1167637831736841
8, 25, 1.092093379350968
49, 10, -0.9503137711704551
1, 26, 1.003482902751111
14, 24, -0.4146115880168326
54, 6, -1.232858755553856e-13
41, 15, 0.2855034792783432
29, 20, 0.2855034792779587
55, 5, 0.8983334237234653
53, 7, -0.3970022490217556
39, 16, -0.3970022490216968
58, 1, 2.154038925134259
26, 21, -2.154038925134153
43, 14, 2.950200603246636
9, 25, 2.950200603246714
2, 26, 0.3739684062400757
48, 11, -0.3672814086702303
32, 19, 0.3672814086700867
56, 4, -0.4054742361572328
52, 8, 0.4054742361572179
37, 17, -1.525656041700407
19, 23, 1.525656041700615
45, 13, 1.057524142881524
23, 22, -1.057524142881456
-13, 27, 0.9521247627913345
57, 3, 1.490268226830062
51, 9, -1.490268226829893
15, 24, -1.490268226829716
-12, 27, 1.490268226829704
3, 26, -0.9746324716709162
-11, 27, -0.8096624796582583
35, 18, -0.4415596026614106
10, 25, 0.9991574370536084
-10, 27, 0.4415596026614249
59, 0, -0.04464275359691582
-9, 27, -0.5956143944250872
47, 12, 0.9522259024800965
-8, 27, 0.9522259024799202
58, 2, 0.1181111857828687
50, 10, 0.4494478025516487
30, 20, -0.4494478025518351
4, 26, -0.1181111857829412
27, 21, -1.622583093302042
20, 23, -1.81521505931451
-7, 27, 1.815215059314466
42, 15, 1.947701331327931
-6, 27, -1.947701331327998
40, 16, -1.0087437116174
16, 24, 1.00874371161767
33, 19, -1.05298856373975
11, 25, -1.052988563740054
24, 22, -0.6430753082921495
44, 14, 0.2414569565414222
55, 6, -0.1957693464958948
38, 17, 0.1957693464958729
5, 26, 0.1957693464957341
-5, 27, 0.1957693464959033
54, 7, -0.2556002460843438
56, 5, -0.9435355581230753
59, 1, -1.368904596276583
49, 11, 1.368904596276494
53, 8, 9.039328920510322e-14
-4, 27, 6.771473588125234e-14
57, 4, -0.4097506702998465
46, 13, -1.058100271462724
36, 18, -0.6309809290646929
21, 23, 0.4969663074024697
12, 25, -0.496966307402405
6, 26, -7.093285026446464e-15
-3, 27, -0.05221245970553906
52, 9, 0.4870485803612397
28, 21, 1.113972985605407
17, 24, -0.487048580361278
31, 20, 0.3731636362214846
58, 3, -0.2117754513300394
25, 22, -2.326863977198313
-2, 27, 2.326863977198625
60, 0, -2.083636252446792
48, 12, 0.9208254491218746
34, 19, -0.4064479140843171
51, 10, 2.215170690099801
7, 26, -2.21517069009979
41, 16, -1.825531691555773
59, 2, 1.30841115407778
43, 15, 1.308411154077765
13, 25, -1.3084111540776
-1, 27, 1.308411154077906
39, 17, 4.779166056472485e-14
45, 14, 0.06819192426455543
22, 23, -0.06819192426444216
18, 24, 0.1397280246262156
0, 27, -0.9619045959058402
56, 6, 0.5264752922185484
8, 26, 0.526475292218355
55, 7, -0.5419789112949408
50, 11, 0.5419789112949581
37, 18, 0.5419789112949859
29, 21, -0.5419789112950716
57, 5, 0.0200348134073778
32, 20, -0.5581300682753945
60, 1, 1.174975633878259
47, 13, -1.174975633878043
54, 8, -0.380399785852018
26, 22, 0.3803997858518967
14, 25, -0.9081810118764545
1, 27, -0.3081928749408661
58, 4, 0.1001083148971946
53, 9, -0.4640756210137738
35, 19, -0.1616616407158341
9, 26, 0.1616616407158304
19, 24, 1.531477646293711
59, 3, -0.475727088193042
23, 23, 1.309866686588673
2, 27, 0.4757270881931829
49, 12, 1.330835214183876
42, 16, -0.2399879667985786
61, 0, 3.331130668946578
44, 15, 2.331130668946756
52, 10, 1.170962402224275e-13
-14, 28, 9.813496517063495e-15
40, 17, -1.361217811976624
15, 25, 3.080152468863256
-13, 28, -1.36121781197664
-12, 28, -0.7601303117090666
-11, 28, -0.4428054904706965
30, 21, 2.553792379412048
3, 27, -2.553792379412135
60, 2, 0.5741606653220825
46, 14, -0.5741606653219817
10, 26, 0.5741606653218155
-10, 28, 0.5741606653217733
27, 22, -1.308233181027111e-13
38, 18, -0.4066532168486117
33, 20, 0.841574879547406
-9, 28, 0.8415748795474433
20, 24, 1.829370622457604
-8, 28, -1.829370622457452
51, 11, -0.867382229328619
4, 27, -0.9247899974048889
57, 6, -1.149108481483791
56, 7, -0.2160055809133294
48, 13, 0.9260571186049859
24, 23, 0.9260571186051076
-7, 28, 0.2160055809135264
58, 5, -1.463224849068402
16, 25, -1.924253366492453e-13
55, 8, -1.169525528977557
36, 19, 1.16952552897753
61, 1, -0.7084671881043172
11, 26, 0.7084671881044028
-6, 28, 0.4778428910842387
59, 4, 0.0944310645585232
5, 27, 1.907667503754843
-5, 28, 1.907667503754684
54, 9, 2.687222462777062
43, 16, -0.9527478673273913
31, 21, -0.9527478673274562
50, 12, 0.3535752780889813
28, 22, -0.3535752780888731
41, 17, 0.6927361410660384
-4, 28, 0.1236668201428037
60, 3, -1.230825364239783
45, 15, 2.785101510608608
21, 24, -1.23082536423965
34, 20, -0.2125589000356039
12, 26, -0.2125589000352898
53, 10, -0.6911414374573941
17, 25, -0.6911414374574817
39, 18, -2.387001651561907
6, 27, -2.38700165156163
62, 0, -0.4918897839991758
25, 23, 0.7855665101840915
-3, 28, -0.7855665101840577
47, 14, 0.0277332372676369
61, 2, -0.7051688059233857
-2, 28, -0.5371096293849803
37, 19, -0.7075629017423064
52, 11, -1.146113483800653
49, 13, -0.3965284544502025
7, 27, 0.3965284544497958
13, 26, 2.323015171190161
58, 6, -0.2364153444303871
22, 24, 0.2364153444303629
57, 7, 0.7460269970072066
-1, 28, 0.7460269970071021
29, 22, -0.1944541066994306
18, 25, -0.1944541066995413
59, 5, -2.242153710497415
32, 21, -2.24215371049763
56, 8, -1.615731223603508
62, 1, -0.6989676960397386
26, 23, -1.751359490226524
60, 4, 0.3020107729771405
44, 16, -0.3020107729773789
0, 28, 0.6907562325868021
42, 17, 0.8691606617159059
55, 9, -1.399849262122943
35, 20, 3.16756739650815
8, 27, -1.3998492621231
46, 15, 0.6673105191206965
51, 12, 1.792898982654762e-13
40, 18, 0.2209949993732084
14, 26, -0.2209949993732153
61, 3, -0.2948318840838494
1, 28, -0.2948318840837245
54, 10, 0.2601512712160675
48, 14, -0.2601512712159266
23, 24, 1.016031505937378
19, 25, -1.016031505937431
63, 0, 1.014674468755211
9, 27, 0.4436335224754034
38, 19, 0.85123825682974
30, 22, 0.6288804887369661
2, 28, -0.6288804887366217
33, 21, 1.848988156681006
62, 2, 0.2997651316935859
50, 13, -2.44523624413062
27, 23, 2.445236244130853
15, 26, -2.445236244130727
-14, 29, 2.44523624413049
53, 11, 0.1087450112540968
-13, 29, 0.1087450112537724
-12, 29, -1.830956634584668
-11, 29, 0.9800623160564471
3, 28, 0.7269000506627549
59, 6, 1.824335625683268
58, 7, -1.824335625683598
10, 27, -1.824335625683479
-10, 29, -1.824335625683653
36, 20, 0.5515500816212989
60, 5, 1.873034447753462
57, 8, -0.8277537811848604
45, 16, 0.8277537811846144
43, 17, -0.8277537811849774
20, 25, -1.873034447753668
-9, 29, 0.8277537811846992
24, 24, 1.157790997267723
63, 1, -1.003425165968602
-8, 29, -1.00342516596818
47, 15, -0.4278201969819929
41, 18, 0.4278201969822601
61, 4, -0.269944139866836
56, 9, 0.2699441398669929
52, 12, -0.7911088163989556
4, 28, 0.7911088163988803
-7, 29, 1.59945881202404
16, 26, 0.3187732874329601
31, 22, -0.1652997960610466
11, 27, 0.1652997960611084
49, 14, -0.8466199418179992
39, 19, -0.3701571277711657
-6, 29, 0.3701571277711612
28, 23, -0.1141842602616591
62, 3, -0.5318226624353564
55, 10, 1.203403946291362
34, 21, -0.5318226624355252
5, 28, -2.200637827809564e-13
-5, 29, 3.101017971175179e-13
21, 25, -1.201680789988807
64, 0, 0.2336698488247088
25, 24, -0.2839853612509723
-4, 29, 0.2839853612510903
51, 13, -0.6136509336664737
37, 20, 0.6136509336665616
17, 26, 0.4899912182880271
12, 27, -1.444715500033641
63, 2, -0.3871082607882468
54, 11, 0.3871082607883381
6, 28, -0.3283320692168236
-3, 29, 0.1917622861517609
44, 17, 0.5964868901563709
46, 16, 0.07509467073555177
59, 7, -0.3482408678672048
60, 6, 1.336855887473102
42, 18, -1.33685588747302
58, 8, 0.9196481758864534
32, 22, 0.9196481758861483
48, 15, 1.205681212933686
61, 5, 0.5082747296413431
-2, 29, -0.5082747296414788
29, 23, 0.2366918405442431
22, 25, 0.06684314801872342
64, 1, 0.4036840206868831
53, 12, -0.4036840206871679
40, 19, -0.4036840206872785
35, 21, -0.923302339638282
13, 27, 0.4036840206870535
7, 28, 0.923302339638143
57, 9, 0.8420013737677733
62, 4, -0.7288093746033651
18, 26, 0.7288093746029959
-1, 29, -0.0861295783952539
50, 14, 2.893299646310545e-13
26, 24, 6.69623225382607e-14
56, 10, 0.5223973086023658
63, 3, -1.882140910078646
38, 20, -0.000922418194854127
0, 29, -0.5609570328142579
8, 28, 0.378442216152122
14, 27, -0.5633141415742153
65, 0, 3.321778836612206
52, 13, -1.468000225817604
23, 25, 0.09769081719217815
55, 11, -0.809091110211055
45, 17, -0.3075025612112793
33, 22, 0.80909111021137
30, 23, 0.3075025612111836
19, 26, 0.3075025612109915
1, 29, -0.3075025612111684
47, 16, 0.5982366332058446
43, 18, 1.141646448491494
64, 2, -0.2370688799265788
9, 28, -0.6674695673197065
36, 21, -0.545111330809735
27, 24, 0.5451113308099977
49, 15, 0.1001440923018512
60, 7, -1.091897862139154
41, 19, 1.091897862138889
61, 6, -0.7372318290662436
2, 29, -0.7372318290663169
59, 8, -1.315699280120526
15, 27, 9.541514293082984e-14
-15, 30, 1.457367166741356e-13
-14, 30, -0.1881380895727894
62, 5, -0.8809270255754228
-13, 30, 0.8809270255751751
54, 12, -0.6589959785016872
-12, 30, -0.6589959785014452
58, 9, -0.540490305098127
-11, 30, 0.540490305098165
65, 1, 0.9848622544135854
51, 14, -0.9848622544135621
-10, 30, 0.3720014392323436
20, 26, -0.1643993244745105
10, 28, 0.1643993244745494
63, 4, 1.057439059730138
39, 20, -1.057439059729766
24, 25, 1.057439059730107
3, 29, 1.057439059729993
-9, 30, -0.7933072581744568
57, 10, -1.000219599328418
31, 23, 1.000219599328621
34, 22, -1.173719685539897
-8, 30, -1.173719685540061
64, 3, 1.399047158398769
16, 27, -1.399047158399044
28, 24, -0.4094718205123305
4, 29, 1.467057079352035
-7, 30, 0.2651351759757242
53, 13, 0.07160864539756526
46, 17, -0.07160864539736804
44, 18, 0.1039400863360379
11, 28, 0.6294651586894349
37, 21, -2.201355427516654e-13
48, 16, 0.2891262532952629
66, 0, -0.5774790824002077
-6, 30, 0.2194762674345401
56, 11, 1.363702098154299
42, 19, -0.02834700239106554
21, 26, 0.0283470023913594
65, 2, -0.9716029782385719
50, 15, 0.3110510052718033
25, 25, 0.5230885931232885
5, 29, 0.9716029782392418
-5, 30, 0.3110510052719049
61, 7, 0.6511841235176777
17, 27, -0.6511841235183449
62, 6, -0.7494930321126555
-4, 30, 0.7494930321128378
60, 8, 0.4999312684306903
40, 20, -1.131240362250172
12, 28, 0.499931268430739
55, 12, -1.693567123087606
32, 23, 1.693567123086793
63, 5, 1.560488218237487
52, 14, 0.1323384533822686
35, 22, 0.635887520428699
6, 29, -0.6358875204288907
59, 9, -0.3645922205346733
29, 24, 0.3645922205340424
-3, 30, -0.6903643448512941
66, 1, -7.586261671302152e-14
64, 4, 0.08938963587169717
22, 26, -0.1010683903811454
58, 10, 0.07586064074770386
-2, 30, -0.07586064074763295
38, 21, -1.185853910863702
26, 25, -1.429773560425987
47, 17, -2.922086154096569
13, 28, -2.922086154096925
45, 18, -1.66171604316778
18, 27, 1.661716043167646
7, 29, -1.19399129107183
54, 13, 1.02208289404941
65, 3, -3.766416385303815e-13
49, 16, 2.744654574576434e-13
43, 19, -0.5058464435152211
-1, 30, 0.5058464435159628
57, 11, 1.182472862174756
67, 0, 1.992526837146738
51, 15, 1.789861386365108
33, 23, 1.386466712134011
0, 30, 0.8448092672979739
30, 24, 0.222008926851178
41, 20, -0.5617912535142181
8, 29, -0.5617912535143413
23, 26, -0.3211999606618174
66, 2, -0.1937693680739717
36, 22, 0.1937693680739852
14, 28, -0.4431874974630964
19, 27, 0.4621627761099499
62, 7, -1.861294997881359
63, 6, -1.979260977483295
56, 12, 1.391426872994753
61, 8, 0.2542143777134256
27, 25, -0.254214377713309
53, 14, 0.4070093241430389
1, 30, -0.4070093241428621
64, 5, -2.480736667613475e-13
60, 9, 0.3679799016341214
39, 21, -0.3679799016340303
9, 29, -1.429309026803613
67, 1, 1.256737050953337
46, 18, -0.284743072411709
2, 30, -0.2847430724118473
65, 4, 1.386495849745591
48, 17, -1.386495849745772
15, 28, 1.386495849745602
-15, 31, 1.386495849746112
-14, 31, 0.4859918470698708
59, 10, -0.7647707231386843
-13, 31, 0.7647707231387024
44, 19, 1.158217260180431
-12, 31, -1.158217260180322
50, 16, 0.5120551940492174
24, 26, -0.5120551940493334
34, 23, -0.1384814662621132
55, 13, 1.001799575642202
31, 24, -1.001799575641873
20, 27, -1.001799575641626
-11, 31, 1.001799575642075
10, 29, 0.2636396525710247
-10, 31, 0.2636396525706194
66, 3, 2.09389098447984
3, 30, -2.093890984479737
37, 22, 0.274744070408125
42, 20, 0.4522688036971469
58, 11, 0.5473222999056621
-9, 31, 0.5473222999063371
52, 15, -0.6238698781189006
28, 25, -0.6238698781181623
-8, 31, -0.7593967595866808
68, 0, -0.7288043941273765
16, 28, 0.01283179145742443
4, 30, -1.439348334587585e-13
-7, 31, -0.7833357811825122
67, 2, -0.2657423444136834
11, 29, 0.632018871294588
40, 21, -0.6320188712945611
54, 14, 0.6654202315323077
57, 12, 2.459368723412305
21, 27, 2.459368723411767
63, 7, 1.551766346211155e-13
25, 26, 3.931386854556456e-13
-6, 31, 3.55518742803504e-13
64, 6, 0.6973798696558978
62, 8, -0.6973798696560758
32, 24, 1.417328320754832
65, 5, 1.51207737822007
61, 9, -0.6682353166368576
47, 18, -0.6682353166366275
35, 23, -0.668235316635982
5, 30, 1.512077378219941
-5, 31, 0.6682353166363107
49, 17, 0.1072094446341005
45, 19, -1.070939141450648
17, 28, 1.070939141451292
29, 25, 1.349604413725646
68, 1, -1.295942422692197
51, 16, -1.295942422692163
12, 29, 1.295942422691658
-4, 31, -1.295942422691668
66, 4, 0.7417173959043454
60, 10, -1.678352022790639
38, 22, 0.7417173959044556