d = 19, symClass = C, D = 16.000000, Y = 0.1367267299418589
[21.20673063993954, 21.20675648423002], 21.20674876669604
1, 0, 1
2, 0, 1.41706129356591
0, 1, 0.1611725111277951
1, 1, 6.265973620036142
3, 0, 7.227970920320256
2, 1, 0.6956975670044206
4, 0, -3.846699210255828
3, 1, -4.348051074174288
-1, 2, -0.009506518419819662
0, 2, -6.160265448086808
1, 2, -5.089719479921228
5, 0, -1.38341292321404
4, 1, 1.373000577446873
2, 2, 4.534611164703042
5, 1, -3.627660260093041
3, 2, -0.2947519371233546
6, 0, 9.544785643084769
-1, 3, -1.07724815047845
4, 2, 2.470513572657275
0, 3, -2.696424153029223
6, 1, 6.246232812143737
7, 0, 7.95995616302763
1, 3, -1.245112876536014
5, 2, -1.62465124432018
2, 3, 4.364954315150992
7, 1, 5.754855903639747
3, 3, 8.066440542268825
8, 0, -3.78610305894703
6, 2, -6.771965510521512
4, 3, 1.263651952760542
-2, 4, 0.01687267237100011
8, 1, 5.649366920959856
-1, 4, -0.9929108794850089
0, 4, -0.9676840841619025
9, 0, 8.677121006043087
7, 2, 3.430064172082792
5, 3, -1.190432060305574
1, 4, -4.756754747879701
2, 4, -2.865888819721109
9, 1, 4.047527069006949
6, 3, 2.339997616185395
10, 0, 2.910738010178344
8, 2, -0.6411892326858942
3, 4, 2.858252865072458
4, 4, 0.110914955310798
10, 1, -0.8446750714214141
7, 3, -0.7055541564105247
9, 2, -6.365679070090996
-2, 5, 4.672544720081057
11, 0, 3.973064557203977
-1, 5, 6.824161207508494
5, 4, -5.638736304161371
0, 5, 0.1725060076194706
1, 5, -4.369174383551887
8, 3, -0.0694087459923384
11, 1, -3.066156688444681
2, 5, -5.634132230248892
10, 2, -2.619535139831693
6, 4, 6.13499037164185
12, 0, 2.019079915584504
3, 5, -2.602197321956453
9, 3, -9.010474834789971
7, 4, 0.2400862046369766
12, 1, -11.98774341127102
4, 5, 8.020678949916846
11, 2, 1.261007862800818
13, 0, 2.700942620336836
-3, 6, -0.02477295863445721
-2, 6, -3.263071905979601
10, 3, -3.631800544606739
5, 5, 4.350936689605127
-1, 6, 0.1814500232465054
8, 4, -0.5544202422764514
0, 6, -8.382836076626974
13, 1, -2.78331683216747
1, 6, -2.266130732086263
12, 2, 3.70329578543992
6, 5, -3.763431768411568
14, 0, 7.621325293327573
2, 6, -2.466933774113253
9, 4, -2.438329188194133
11, 3, -1.66684615618886
3, 6, -6.338573934302877
7, 5, -0.127816336499643
14, 1, 3.46637846769547
13, 2, -2.037608897451797
10, 4, -7.326450086943301
4, 6, 6.207388936596208
15, 0, 1.025933536194076
12, 3, -2.922934612978153
8, 5, -5.406315275702522
-3, 7, 2.336442209446615
5, 6, -1.151551960878648
-2, 7, 1.806582322232061
-1, 7, 2.530254855368641
14, 2, 8.586254610859095
15, 1, -0.3960877294931242
11, 4, -3.935125689901418
0, 7, -0.6629877713013593
9, 5, -2.671679841294835
6, 6, 9.941810523627572
13, 3, 0.4727317660647046
1, 7, -0.8415141880073477
16, 0, -3.138318954676354
2, 7, 6.38961364003258
7, 6, -3.553419613904323
12, 4, -2.395145088763136
15, 2, 5.867238112120618
10, 5, 2.941860472346707
3, 7, -2.359833569620536
16, 1, -4.449162983432027
14, 3, -0.8142871252608499
17, 0, 2.496432494000603
4, 7, 2.060345793136776
8, 6, 6.302071313980593
13, 4, -4.701188595985553
11, 5, -0.1709564500871879
-4, 8, 0.1534619821682395
5, 7, 7.153028113546071
-3, 8, 2.238329466280894
16, 2, 14.66364764370955
-2, 8, -3.009626147988743
17, 1, 0.9330458420701331
-1, 8, 5.655526231179373
15, 3, -8.685008144471333
9, 6, 2.776674731105213
0, 8, 2.105689452583966
6, 7, -1.833557220415149
18, 0, 11.06778224082622
12, 5, 4.624402004967044
1, 8, 6.03110770853587
14, 4, 0.7572391377670441
10, 6, 5.185039267168556
2, 8, -2.281846023024507
17, 2, 3.065936508140839
7, 7, 4.264053939059552
18, 1, -1.256343070496158
16, 3, -4.290153370253497
3, 8, 0.8294820756040219
13, 5, -3.771722710388182
19, 0, 5.806987159234001
15, 4, -6.312004484478856
8, 7, 3.42866301141733
11, 6, 0.4115394680713327
4, 8, 2.648594318165
18, 2, -3.583810184018737
19, 1, 3.012090796471515
17, 3, -3.728705012363424
5, 8, -5.955083737197064
-4, 9, 2.402506798009795
-3, 9, -0.7014867310679864
9, 7, -0.5673871146860602
14, 5, 6.640114542470335
-2, 9, -4.798955167876743
12, 6, 3.785305688705436
-1, 9, 5.804973916732439
20, 0, 2.924543670102296
16, 4, -0.68863252043106
6, 8, 2.229115096408818
0, 9, -8.008664505633476
10, 7, 3.376098365950988
1, 9, 7.18963971801404
19, 2, -13.74602257723562
18, 3, 1.175412195570911
20, 1, 7.376714029539828
15, 5, -11.54731789316346
7, 8, -4.929348748979918
13, 6, 7.398175809735123
2, 9, -0.9517249589487575
17, 4, -1.184859515638589
21, 0, 9.812852276583074
3, 9, -2.392592726772877
11, 7, 5.632134310089418
8, 8, 0.4644778749065654
4, 9, 5.661837798586006
20, 2, 0.4214169407634878
14, 6, -4.149363091231643
16, 5, 3.057921889319821
19, 3, 1.30838229518134
21, 1, 2.948059238475435
12, 7, -2.400332645462249
9, 8, -0.3849567496234384
5, 9, 4.553864920761704
-5, 10, 0.0007073744740738243
18, 4, -5.606778296454478
-4, 10, -4.529500992535231
-3, 10, 3.198463324361118
22, 0, -2.560892549607079
-2, 10, -2.323953089368602
-1, 10, -4.864980790999301
15, 6, -2.866446007648539
6, 9, 2.214542041723236
17, 5, 4.965277466628329
10, 8, -1.482705572933395
0, 10, 1.981379167454417
21, 2, 0.5170416919258094
20, 3, -2.433142954705087
13, 7, 1.071612934319245
22, 1, 3.376280302957728
1, 10, -4.810571175244873
19, 4, -1.443586823589739
7, 9, -0.1721007847024309
2, 10, -1.437799344788659
23, 0, 0.7692761787558141
11, 8, -2.224225031975668
16, 6, 0.4189854754711941
18, 5, 5.861124010683877
14, 7, -2.012129635143622
3, 10, 6.053638353346542
8, 9, 2.481570683634348
22, 2, -0.5565377395629377
21, 3, 12.44871720386136
4, 10, -5.974811658982599
23, 1, -1.424582749020026
20, 4, -0.2171380889424317
12, 8, 6.74591114706497
9, 9, 17.72133902181843
17, 6, 190.2115672174055
5, 10, 14.59522358914623
-5, 11, -8.731711890834989
15, 7, -24.72565402334724
24, 0, -6.915051363861314
-4, 11, 18.37745957113508
19, 5, 6.648494115922766
-3, 11, 8.513945829157297
-2, 11, 0.2372563556152763
13, 8, -1.125670743764574
23, 2, -2.757540067708829
22, 3, -3.353040428613411
10, 9, 6.926222054129095
-1, 11, -0.9083530686280227
6, 10, -4.795304545167685
24, 1, 0.8933569459171811
21, 4, -1.120390826834579
0, 11, 1.4845227048345
18, 6, -8.830519532258009
16, 7, 2.291804929317494
1, 11, 1.240863468224551
7, 10, -4.263846779272717
25, 0, -7.591159436542902
20, 5, 1.406917071410856
11, 9, 1.767385802798067
14, 8, -1.970900014219095
2, 11, -4.505279527516569
23, 3, -1.079283592818885
24, 2, -5.441143314533646
8, 10, 2.04382552872773
3, 11, 3.283468845111916
22, 4, -1.064055325731665
17, 7, -3.924737582405433
25, 1, 4.067163097418189
19, 6, 0.005464050481505559
12, 9, 7.725446658205656
15, 8, 1.361184268140811
4, 11, 1.388071592448537
21, 5, 4.944591112048754
9, 10, 3.425740277017053
26, 0, 4.02390080307853
-6, 12, 0.006256084434775913
5, 11, 0.6925698444375615
-5, 12, 5.267978284426197
-4, 12, 2.781863644136148
13, 9, 1.309536770061372
24, 3, 3.297261302185201
-3, 12, -5.231094104313081
25, 2, 2.169659946925217
18, 7, -0.7686358160630788
20, 6, 3.067970436630366
10, 10, 4.179851318001528
-2, 12, 2.148728990524047
23, 4, 1.024963184157402
16, 8, -6.945575637301697
26, 1, 6.071637723222076
6, 11, -4.915118591163899
-1, 12, -1.205412575286299
22, 5, 8.422347447154099
0, 12, 0.7167921442313313
14, 9, -9.407641486898852
27, 0, 10.89256105727658
11, 10, -0.1889014048877401
7, 11, 0.9020493439681062
1, 12, -1.273561154267383
19, 7, -0.6333889855709888
25, 3, -0.7482058797919939
17, 8, 1.571349014176777
21, 6, 5.723929055166477
26, 2, -7.330298316835101
2, 12, -1.510389367766064
24, 4, 0.06547143354422347
8, 11, 1.062550869814346
27, 1, 2.105579421266034
12, 10, -3.923860631358522
15, 9, 2.205940623560943
3, 12, -3.435042949450705
23, 5, 4.769578009810864
28, 0, 13.90694209281973
4, 12, 2.282608060694906
20, 7, 5.376984754442999
9, 11, -8.691622636243853
18, 8, 11.68861692971825
22, 6, -9.168054694004409
26, 3, -6.506768117225713
13, 10, -26.12431425840927
27, 2, 30.1938977056663
-6, 13, 17.78958196750074
25, 4, 9.137406023463313
16, 9, 2.508596615647165
5, 12, -22.36665812053229
-5, 13, -4.34353901934638
-4, 13, -17.24320037257326
10, 11, 6.18170170302801
-3, 13, -2.84097971358792
28, 1, 3.688352786251063
24, 5, 0.5731084464413202
-2, 13, 8.388639269371188
6, 12, -11.02165354205411
21, 7, -7.732860749419163
19, 8, 5.259850270384546
-1, 13, -7.767465035038006
14, 10, 4.276918416144663
29, 0, -0.234528945850361
0, 13, -4.299993034423963
23, 6, -0.6921453019897025
11, 11, 3.258447355895782
17, 9, 2.613236744032417
7, 12, 2.045980256648144
27, 3, -1.340049916495414
1, 13, -1.727698730118822
28, 2, 3.99873814663303
26, 4, -6.236142811741892
29, 1, -7.826270693184261
25, 5, 0.9908414474698528
15, 10, -1.900929738483215
2, 13, 7.751798484640124
20, 8, -0.3134837102839101
8, 12, -1.135127676906331
12, 11, -5.122836967975769
22, 7, -1.35722743039646
18, 9, 9.647224758012785
3, 13, 0.8515289919169826
30, 0, 8.61953236314239
24, 6, 4.573677374402926
9, 12, 3.469225062310476
28, 3, 4.125280695833146
4, 13, -0.9699128752388532
16, 10, 0.5179938484296523
27, 4, -4.715481182345259
13, 11, 6.660645182922369
29, 2, 3.210179672672672
21, 8, 0.4292807993023621
26, 5, 3.465240682971199
-7, 14, -0.0006850520072561841
-6, 14, -0.9285237524137451
30, 1, -0.08009323750906276
23, 7, 2.657555031203824
5, 13, 1.675836634643661
-5, 14, 3.268461656724817
19, 9, -3.518708314455286
10, 12, -2.753134797754016
-4, 14, 5.560055536431284
-3, 14, 9.999503971674763
25, 6, -3.225832505200947
14, 11, 0.3721928701594194
-2, 14, 1.968470661602615
17, 10, -1.229526111024523
6, 13, -4.680060625639893
31, 0, 6.486345930837417
-1, 14, -1.938954923408812
29, 3, -2.737186476465808
11, 12, 3.122159138720687
28, 4, 7.523821485815932
30, 2, 3.544369567779464
22, 8, 0.5430628342711045
0, 14, -4.195696738804904
20, 9, -0.4821965536579408
7, 13, -0.1580731284454811
27, 5, 1.9344927448974
24, 7, -0.8052531522312604
15, 11, -2.478290031406523
1, 14, 4.361207843286325
31, 1, 3.320795779287842
18, 10, -2.913995362211722
12, 12, 3.861132900885708
26, 6, -4.427721179081401
2, 14, -0.7062612556178692
8, 13, 0.6817961661476208
32, 0, -8.404776247719992
3, 14, 0.6404892787029148
23, 8, 6.10735475691501
30, 3, 2.252143910623332
21, 9, -1.755627603866917
29, 4, -5.833993690161972
16, 11, -6.807875495159021
31, 2, -4.009448325743747
9, 13, 3.577800499379424
25, 7, -2.795330568987062
13, 12, -1.473673972044041
28, 5, 5.23521586759677
19, 10, -2.911946233567523
4, 14, 4.011539193162867
32, 1, -5.653572869272182
-7, 15, -6.375921625408743
27, 6, -5.791207733019859
-6, 15, -10.53168072007044
-5, 15, 1.959019838191379
10, 13, 0.7225550932382004
5, 14, 0.09320944142946129
17, 11, -5.899770561449585
-4, 15, -5.183470262201272
14, 12, -0.7437164983813994
22, 9, 0.1518861164372384
24, 8, 0.7668531724900087
33, 0, -0.5798738275116252
-3, 15, -4.841841535129427
31, 3, -5.601595263065208
-2, 15, -1.707426906481716
30, 4, -3.185253845775228
20, 10, 6.42417672515397
6, 14, 2.504159747131117
26, 7, 1.538223311707635
32, 2, 1.420335065772486
11, 13, -6.041797915016679
29, 5, 5.345036009393319
-1, 15, -8.198305278142522
0, 15, -2.986066926467204
15, 12, -16.16599465962907
33, 1, 6.243534729612137
18, 11, -4.688871776116808
7, 14, -9.966564386996129
28, 6, -0.184459387390851
23, 9, 15.59747414135028
1, 15, -0.260082271121084
25, 8, 27.90433950707598
12, 13, 20.6191533089494
21, 10, -138.8996856243499
34, 0, -26.3502013912315
8, 14, 3.630285311449622
2, 15, -14.71247213030725
27, 7, 7.455751661658218
32, 3, 4.089506044994846
31, 4, -5.752146513704267
16, 12, -6.167725997087865
33, 2, -8.300011479034337
30, 5, 2.212673944010504
19, 11, 7.903803285038899
3, 15, -5.491841502454289
13, 13, 6.089770543791016
9, 14, -2.866891624070447
34, 1, -2.008526679663094
29, 6, -4.331788278960797
24, 9, -4.614647111744115
4, 15, -3.610808251826846
26, 8, 1.617631420144252
22, 10, -5.153262880238165
17, 12, 2.036504427567247
-8, 16, 0.003694454707134137
-7, 16, -2.622359950771677
10, 14, -0.6279534501944666
-6, 16, 3.824775822222387
14, 13, 2.66519151946038
35, 0, 1.525343646908746
28, 7, 1.88066630996494
20, 11, -0.7825145976824306
5, 15, -1.203508498044725
-5, 16, 0.1669579334054279
32, 4, 6.141505475435597
-4, 16, -3.080034756400281
33, 3, -8.955133487076964
31, 5, -5.33591432558661
-3, 16, -7.279903760290492
34, 2, 8.104240984349445
6, 15, -4.691667182249561
-2, 16, 5.13190319195272
25, 9, 2.819468620369709
11, 14, -1.745450036993906
23, 10, 6.721788570865225
30, 6, -4.943691561790701
18, 12, 7.13151945290065
35, 1, -0.4203439193684219
27, 8, 3.103749423545325
15, 13, 5.093545707411361
-1, 16, -0.2037805775245556
21, 11, -6.021740315730351
7, 15, -1.508405746395265
0, 16, 6.428158483682838
29, 7, 1.741776382616889
12, 14, -4.353837530797543
36, 0, 4.169987668353457
1, 16, -2.485384793379248
33, 4, -1.26686579050965
34, 3, -0.5537651778720408
32, 5, -3.542466239850398
8, 15, 1.068314921043407
19, 12, -5.603671763637387
16, 13, 0.09453882460708099
35, 2, -2.234777649463657
26, 9, 6.577760859664271
24, 10, 10.01328617743351
2, 16, 9.138509841607751
31, 6, 2.528932185189984
28, 8, -3.970898831554792
22, 11, -0.8201772410849691
13, 14, 1.498337892903115
36, 1, -3.573417314464796
3, 16, 3.725451093094456
9, 15, -6.482625765203365
30, 7, 1.805602215993023
17, 13, 1.156235459374138
20, 12, 0.9603082478845053
4, 16, 1.443164877374952
37, 0, 4.584452412463824
34, 4, -0.3181828710525278
14, 14, 5.543780589503178
-8, 17, -1.663710734419039
35, 3, 0.08629439430639631
25, 10, 1.110293236203448
10, 15, -0.2250911862819871
-7, 17, -2.119337920552075
27, 9, -9.001979543697729
33, 5, -0.03612248923202516
-6, 17, 0.753988929596785
5, 16, -0.7058733171673547
-5, 17, -2.193756828919483
23, 11, -2.017417337017021
36, 2, -5.195057748583628
29, 8, 0.861388364410683
-4, 17, 1.802643216155215
32, 6, 0.420036641313022
18, 13, -1.998075520238912
-3, 17, -3.533392008010857
37, 1, -3.4390389674056
11, 15, 1.72217777105409
6, 16, 1.223445394738409
21, 12, -0.9544245555670907
15, 14, 0.09254898581256871
-2, 17, 3.071277969970626
31, 7, -4.635666123626907
-1, 17, 3.986998721869407
26, 10, -7.302027160802606
28, 9, -2.839562870649045
7, 16, -2.677150738998258
38, 0, 7.263919004967982
35, 4, -0.7303571902926093
24, 11, 1.254447115554596
0, 17, -5.394987761553748
36, 3, -5.510634098567365
12, 15, 9.111154346385572
34, 5, 4.666031282754156
19, 13, -0.2989901358279495
30, 8, 0.3676498086083634
16, 14, 0.3151963408012003
37, 2, -1.324490068005856
1, 17, -0.4862581166530707
33, 6, 4.470810608342151
22, 12, 0.05151659919181064
8, 16, -0.6201229864737137
2, 17, -3.916147791460475
38, 1, 3.914800510628666
13, 15, -5.524607984273095
32, 7, -0.1005327142345696
27, 10, 3.297043841862988
25, 11, 1.183320083100788
20, 13, -0.1457790048052137
9, 16, 0.004911029366646271
3, 17, -0.07033625151486461
29, 9, -0.008087645404413703
17, 14, -6.396127595559731
36, 4, 0.8196564378883022
39, 0, 8.166630418942431
37, 3, 4.313040083265224
35, 5, 1.480888539282923
23, 12, -0.4428852420803945
31, 8, -0.4869486498298615
4, 17, 3.141148152074805
14, 15, 1.747789025159933
-9, 18, 0.009552698534690074
38, 2, 5.219953102524955
34, 6, -1.708808865116917
10, 16, -2.493274126345587
-8, 18, 1.627262607494701
-7, 18, -0.008718040293342433
-6, 18, -3.754900716885605
5, 17, 3.137582393098622
-5, 18, -0.9843067814956051
18, 14, -7.808316710315492
21, 13, 3.822008833052356
28, 10, 7.609783507439313
-4, 18, -1.956411323744509
39, 1, -2.847213810498475
33, 7, 0.6828923352294481
26, 11, -1.461491663310175
30, 9, 3.654132269727769
15, 15, 4.046072751519618
-3, 18, 5.436219493336614
11, 16, 1.498332795091724
6, 17, -2.06334406569228
24, 12, 2.598751299232001
-2, 18, -0.1755996805958849
37, 4, 2.770663563582926
40, 0, -2.245173599243906
32, 8, -0.7030217600735638
36, 5, 5.703301867535967
38, 3, -5.122792914701391
-1, 18, -0.322634391681841
19, 14, 2.404103482443118
7, 17, -1.679377840076965
35, 6, 1.26045863094369
22, 13, -3.904867574053879
12, 16, 2.337891673708504
39, 2, -6.0752643091827
0, 18, -6.346416928795906
16, 15, -4.299631199319691
29, 10, -6.204291575452977
27, 11, 7.971485007005454
34, 7, -2.489517998615249
1, 18, -3.418598897601713
40, 1, -3.591329227693441
31, 9, -0.3348178839279454
25, 12, -5.718492335653687
8, 17, 7.084124904198418
13, 16, -0.5478095164028904
20, 14, -0.8533874845182466
2, 18, 1.962737685715835
17, 15, 1.919124562860866
33, 8, 2.183629092300706
23, 13, -8.913414605181302
38, 4, -7.067461403292101
37, 5, 0.6690596253611233
9, 17, 2.508181941910671
41, 0, 4.75556866550246
39, 3, -11.95468331178447
3, 18, -7.918288458991132
36, 6, 6.684003094670568
28, 11, 4.908740985726125
40, 2, 3.534049238009892
30, 10, -5.171477122035673
14, 16, -10.04428742943124
26, 12, -1.052208936416108
4, 18, 3.518800922363582
35, 7, 13.35316996539197
21, 14, -2.654532543268747
10, 17, -2.761824067584906
-9, 19, -22.75120754893231
32, 9, -13.54887688194768
-8, 19, -21.01730976573563
18, 15, 18.70983376167053
-7, 19, -3.693162032876764
41, 1, -11.66428654850089
-6, 19, 0.3599139886705387
24, 13, 35.21819804249362
5, 18, -22.46482734113649
-5, 19, 3.593327301515695
15, 16, 31.97516985985792
-4, 19, -30.24226714790759
34, 8, -10.05818596755908
11, 17, -13.58125080608271
39, 4, 2.135180265330439
-3, 19, 3.095400713323163
38, 5, -9.80832708550256
42, 0, -7.184265293773684
6, 18, -20.798244365648
40, 3, -22.78467199063396
29, 11, 5.200453671295977
37, 6, 15.6739156273478
31, 10, -3.428680711345061
19, 15, -13.55924888230114
-2, 19, -7.50264883781619
22, 14, 10.98928987130038
27, 12, -0.7197286426371854
41, 2, 1.133793026346718
-1, 19, -1.220755123637714
33, 9, 11.37515737924351
16, 16, -6.877310860845316
36, 7, -4.073501189768351
12, 17, 7.201730143293294
25, 13, 3.433233965230063
7, 18, -0.8961616767260445
0, 19, 6.115664781670109
42, 1, 5.114082980060209
35, 8, 3.281442870186213
20, 15, 3.03842646077279
1, 19, 0.1419165680675449
8, 18, 5.989342218811247
23, 14, -3.171822179028239
30, 11, 1.388106491501988
13, 17, 2.687567087578771
40, 4, -4.208761890267994
28, 12, 1.628971115121116
39, 5, 1.338254736049414
17, 16, -3.654626815005988
32, 10, -0.9371112542228588
2, 19, 5.527392922293775
43, 0, 0.7561216339726755
41, 3, 3.28167882378263
38, 6, -2.821597863218249
26, 13, 0.737174484138809
9, 18, -6.761241269857456
34, 9, 2.041343082274028
42, 2, 7.492134353149157
3, 19, 3.172208153705113
37, 7, -3.5772976912131
14, 17, 8.567777924154102
21, 15, -0.1215908136617612
24, 14, -4.074320105245028
18, 16, 5.206925707072039
43, 1, -4.907900187728916
4, 19, 3.828009814124056
10, 18, -1.844747133889921
-10, 20, -0.0185033114555792
-9, 20, 2.319906360837649
36, 8, -1.177562660514428
-8, 20, -4.66726857249849
31, 11, -3.318107517038844
29, 12, -1.728465942529378
-7, 20, -2.334649686282546
-6, 20, -2.065852225417118
33, 10, 2.314416234405108
41, 4, 1.974717044756326
40, 5, 2.920761188248567
27, 13, -0.03046825182571467
15, 17, -0.02919973118177029
5, 19, 7.019785455890906
-5, 20, -2.954281163244083
42, 3, 3.983109496491149
39, 6, -4.943370223540712
44, 0, 1.06293797588816
-4, 20, 0.1834332605277118
22, 15, 3.524314835301661
11, 18, -0.3427923247944169
35, 9, 4.388460624246327
19, 16, -1.80524975151826
-3, 20, 1.22625519374896
43, 2, 2.705514736027706
38, 7, 1.869503757184393
25, 14, -5.441966029486287
6, 19, 2.672463440945629
-2, 20, -3.611586975003426
16, 17, -5.210879790517061
30, 12, -3.850249408530967
12, 18, 2.182160796821492
32, 11, 0.03163859487617579
-1, 20, 0.2067857751420056
44, 1, -6.191545771924775
37, 8, 4.865539370477652
7, 19, -2.619981922135789
28, 13, -4.44487393066152
34, 10, 3.305921745921236
23, 15, -2.80842375365005
20, 16, -0.1774036422772302
0, 20, 1.692854104168535
41, 5, -0.387554920851825
42, 4, -1.070333358729164
40, 6, -2.161579669012606
26, 14, 9.378727935233689
1, 20, 2.315710667746683
8, 19, -2.911733225584739
43, 3, 4.998473876414409
17, 17, 5.27401380233366
13, 18, 0.371591682660652
45, 0, 5.310782695537362
36, 9, 6.471495618282611
39, 7, -6.919536392842277
44, 2, 6.041502776288806
2, 20, -10.44166618080518
31, 12, -4.611684960377294
33, 11, -3.581687476237737
21, 16, -1.115382077427763
9, 19, -1.742818478722336
24, 15, -2.831587812612492
29, 13, 3.011713805901235
38, 8, -0.6643669267314857
14, 18, 2.02989589009849
3, 20, -0.5259888128173662
45, 1, -3.175111548039825
35, 10, 2.006124771787114
18, 17, 1.882017136997337
27, 14, 4.809744114280975
10, 19, 2.123659568040129
-10, 21, 4.947507521735104
4, 20, -2.799985848499003
-9, 21, -9.839738645325896
42, 5, 0.3369289398480188
43, 4, -2.40453253463459
-8, 21, 0.4418907403689841
41, 6, 2.667231057116331
37, 9, -4.57749201249095
-7, 21, -0.7130558863285777
44, 3, -0.69044540477269
15, 18, -8.314815433365553
-6, 21, 8.756290414999819
46, 0, 3.034182597071843
22, 16, 1.407534681581889
40, 7, 7.075299194552644
25, 15, -3.515273885712433
5, 20, 0.9983025804538814
-5, 21, 3.580196324912274
32, 12, 1.271133021392049
19, 17, 2.070124723149123
45, 2, -4.661098643157985
34, 11, 4.69395912553241
30, 13, -1.95386856985361
11, 19, 2.669869734556079
-4, 21, 2.319797404336492
-3, 21, 5.21078384441614
39, 8, -5.772256054152427
36, 10, -2.590016659877068
28, 14, 2.905657277382729
6, 20, 1.060897969892588
16, 18, -7.41741753282167
46, 1, 1.443849859525187
-2, 21, -2.248195899170164
23, 16, 1.311235985520096
12, 19, 0.4619083779074659
20, 17, -0.1180307651379399
-1, 21, -2.995958113033371
43, 5, 1.619411726994933
7, 20, 4.025915079714796
38, 9, 3.521532864115211
26, 15, -4.026745696071437
44, 4, -1.720435967257073
42, 6, 6.377262494754812
45, 3, 0.4979241348423332
33, 12, -4.040182769352664
0, 21, -8.272346354408148
47, 0, 3.021819264581262
31, 13, 1.271892702432282
41, 7, -2.213656680505057
35, 11, -6.988460056714564
17, 18, 3.126358946094138
13, 19, 1.608278603000676
8, 20, -2.601642473921474
29, 14, 5.932894944087275
1, 21, 0.6079760545227513
46, 2, -4.794996914753178
37, 10, 3.066407888109955
40, 8, 2.562244783613536
24, 16, -3.721020852340487
21, 17, 1.073385722854763
2, 21, -2.709681898479573
27, 15, -9.932382862709694
47, 1, 0.6940247621077865
9, 20, -3.473685824328106
14, 19, -5.228828826081318
18, 18, 12.30502501315304
39, 9, -1.332115474027858
3, 21, 6.301124119216352
44, 5, 3.35252657843865
34, 12, -1.129571484582375
45, 4, -5.070876112479267
32, 13, 6.17248531634976
43, 6, 1.30010843780657
36, 11, -8.303796298380588
46, 3, 0.4752314106208048
-11, 22, 0.01087044976073251
10, 20, -6.890315749843736
-10, 22, 1.011676845991058
30, 14, -1.449553772138896
42, 7, 6.715526928977787
-9, 22, -4.153888205485821
22, 17, -4.827831108941671
48, 0, -10.87132155003748
25, 16, -2.673723046731978
4, 21, 2.56862692741086
-8, 22, 6.389730108358196
-7, 22, -1.317161937712053
15, 19, 2.483514707724172
47, 2, -5.685421208447345
19, 18, 1.542445643666936
38, 10, 6.582625899719994
-6, 22, 3.25063703309792
41, 8, -0.8939085249249028
28, 15, 8.704969771948887
-5, 22, 4.163400758472776
5, 21, -1.449389666748448
11, 20, -0.8404700187299068
-4, 22, -4.640090314817958
48, 1, 2.827512548618698
-3, 22, -1.843379280988782
33, 13, 0.7494599335585683
40, 9, -0.6754414283128569
35, 12, 2.905744164983988
23, 17, -0.08732335857308249
16, 19, -0.0563968428778009
6, 21, 9.786915471206676
26, 16, -5.484554676472726
45, 5, -0.5756362454382785
31, 14, 1.654925908136834
46, 4, 4.194412094468235
44, 6, -4.831778164791726
20, 18, 4.373413871465121
-2, 22, -6.958304431970616
37, 11, 2.97401126026783
12, 20, -1.416967329219652
47, 3, 0.3188743826942081
43, 7, 2.414752559889012
-1, 22, -5.687050476893731
49, 0, 3.838785467985455
29, 15, 4.798457455972017
7, 21, 1.402830308384329
39, 10, -1.723498205362578
17, 19, -1.141640520480275
48, 2, 0.2943562739571771
42, 8, -1.178357749871682
0, 22, 0.5833751613828774
24, 17, -3.784403507495949
13, 20, -1.762614424414304
8, 21, 2.40583756220793
21, 18, -3.807404575644252
27, 16, 6.972558315051633
34, 13, -4.810170485698738
1, 22, -5.481623316272256
36, 12, -4.505727339828185
32, 14, 2.856016805120093
49, 1, 3.573240985664439
41, 9, -0.6402250762089212
38, 11, -1.241088504149122
2, 22, 1.795737361877339
46, 5, 1.277138483618969
18, 19, -3.284059882812647
45, 6, 4.290050688123926
30, 15, 2.518831046127161
9, 21, 1.552549631717892
14, 20, -0.0951560099995839
47, 4, 4.153950244637618
44, 7, -3.089869756578097
48, 3, 3.828518757552811
3, 22, 4.686277605137611
25, 17, -4.986298958500656
50, 0, -1.157361213496232
40, 10, 4.267505022693533
22, 18, -4.92600194911124
28, 16, -0.1552679267328298
43, 8, -7.078245025377144
-11, 23, 4.433750468248333
10, 21, -0.7277907631338798
-10, 23, -5.694927793482793
49, 2, 2.108557273192201
-9, 23, 1.28455096560431
4, 22, -4.583587777645446
35, 13, 0.6090739613128129
15, 20, 2.380189044332227
-8, 23, 7.485860575452617
19, 19, 3.854122266478496
33, 14, -2.544069145157731
37, 12, 2.866335999233572
-7, 23, -3.847335694214344
-6, 23, 0.8105783322367168
42, 9, -0.6934787686215942
31, 15, -4.042870878316469
50, 1, 6.290582856763282
39, 11, -4.523898583659093
5, 22, -4.119457897514565
-5, 23, -8.846663549822939
11, 21, 1.731862815959118
23, 18, 0.5393160879239838
26, 17, -2.478085341757722
47, 5, -3.619752797239799
-4, 23, 3.177785890188705
46, 6, -4.089639269529257
48, 4, -3.364948582142917
16, 20, 4.578552064754259
45, 7, -3.342235810363527
29, 16, 3.177687148181428
20, 19, -3.534785590045375
-3, 23, 1.485358004933892
6, 22, 1.964562685594745
41, 10, -1.791609764398307
49, 3, 4.374622407634743
51, 0, 3.832723311792546
12, 21, 5.378108157983566
-2, 23, 4.752125892209848
44, 8, -2.551505736799189
36, 13, -1.706250069031769
34, 14, -7.713418309398501
50, 2, -1.707280681939521
38, 12, -2.905598554974673
7, 22, -0.8056407228095216
-1, 23, 1.335558275451708
24, 18, 12.13297519275412
32, 15, 0.9750763695928751
17, 20, -1.475213707456654
27, 17, -2.664323013362702
43, 9, -1.360063754142061
40, 11, 1.987956001585093
21, 19, 3.050756685396278
0, 23, -1.466100939713994
13, 21, -2.445095178014914
51, 1, 6.034553055653412
30, 16, -1.473519189046875
8, 22, -0.2654251999233628
48, 5, 2.23475613330014
1, 23, 0.529388994274465
47, 6, 0.7628982645131009
49, 4, -3.939433238913457
46, 7, -1.597660037831752
42, 10, 5.841719615806397
18, 20, 4.945154465089436
50, 3, -3.718591682127444
37, 13, 2.952912174483843
35, 14, -2.345535661424371
25, 18, 1.135531979518339
14, 21, 3.891377843472201
2, 23, 0.6743973053925129
9, 22, -1.711025185088806
52, 0, -1.324057276871865
45, 8, 3.814698315445599
28, 17, -1.301964284586721
22, 19, 2.98097631090069
39, 12, -3.580130597139833
33, 15, 4.227821878310737
51, 2, -6.151310033256681
3, 23, 1.816606252010179
-12, 24, 0.007286509278831009
44, 9, 6.003445550397265
41, 11, -4.825537762082077
31, 16, 7.141148517565672
-11, 24, 6.102619140226262
10, 22, 2.9879027796352
-10, 24, -1.070510181654947
19, 20, 2.182395212596894
15, 21, -6.437009205496101
-9, 24, 5.04066347553956
-8, 24, -4.100985438066434
4, 23, -1.918571022632822
52, 1, -4.471963052438539
-7, 24, -0.3875809076239876
26, 18, 3.736347742196596
49, 5, 3.340285162105381
23, 19, -4.25651235288754
48, 6, 3.448488989503092
-6, 24, -9.047835752126907
43, 10, 5.497760089932052
29, 17, -4.56281853128267
50, 4, 1.368704401316072
36, 14, 1.623474646745068
47, 7, -1.338304450155421
38, 13, -1.20680886715684
11, 22, 0.522623736954281
5, 23, 3.736283934109721
-5, 24, 6.802764650212546
34, 15, -1.648424109692884
16, 21, -1.118018548704251
51, 3, -4.70268151803123
40, 12, 4.10726680009408
20, 20, 0.9716198216072378
-4, 24, 1.952097260264735
46, 8, -1.477816295510663
53, 0, -8.430993225425036
32, 16, -4.763057204987259
-3, 24, 9.645160599757189
6, 23, 1.181014026367603
52, 2, 5.722335695716282
12, 22, -2.302939337113815
42, 11, 0.08707118951394298
45, 9, -8.479144370362949
27, 18, 10.64597650909289
-2, 24, -2.493302401547586
24, 19, 0.6335121585941169
17, 21, -2.000657787417673
30, 17, 4.001397551392813
7, 23, -0.3642547644491486
-1, 24, 2.794480435762049
21, 20, -2.12598404298455
53, 1, 4.776014117287286
37, 14, 5.997757121194205
39, 13, -6.839772334215805
50, 5, -1.245074752705654
49, 6, 6.149130774648406
35, 15, -1.640936730234346
13, 22, -5.643903825774609
44, 10, 8.940314171288792
0, 24, 0.4782742349004755
51, 4, -4.082260907976291
48, 7, 5.656240933831207
41, 12, 3.361620346187289
8, 23, -4.562272020430509
33, 16, -2.823623660747614
52, 3, -4.897338934781435
47, 8, 0.1770560206220497
25, 19, -2.645965216305717
1, 24, 3.535199282146051
18, 21, 4.897185054855498
28, 18, -6.747327296368951
54, 0, 11.05342959127436
22, 20, 2.066503043095582
14, 22, 1.489643006626004
43, 11, -4.676588341859011
2, 24, -3.73719092322824
31, 17, -8.104323828756892
9, 23, -3.293863564887539
53, 2, 1.974434937723366
46, 9, -4.581424760091084
38, 14, 3.492056134731294
36, 15, 11.18124495199059
3, 24, 10.44842875005494
40, 13, 1.967044486781794
19, 21, -5.498216060380909
-12, 25, -0.598484139092241
-11, 25, 3.732974264447323
54, 1, -0.7809918594267468
45, 10, -0.587053446983782
26, 19, -4.354777576231596
15, 22, -7.655272372407749
10, 23, -2.461704231345412
-10, 25, -4.151503072613036
50, 6, 0.8291177465046032
34, 16, -1.693628182291022
51, 5, 0.5045959553221988
-9, 25, 0.4981868063786082
29, 18, -2.123903306826505
42, 12, 6.203478554258635
49, 7, 7.284731454363578
23, 20, -3.447027672751328
-8, 25, -5.979868159667589
52, 4, -4.745311786055919
4, 24, -1.60734138743555
-7, 25, -0.5896101268359941
48, 8, -4.581628611772916
-6, 25, 0.07330483154165202
53, 3, 5.562491817322925
32, 17, -2.522792044533807
11, 23, -2.223377064056803
55, 0, -1.682166047368132
44, 11, 2.101783414805928
20, 21, -4.965998138575356
5, 24, -3.362587080842528
-5, 25, -1.3608664260812
16, 22, 3.387419980550764
47, 9, 0.7557302117367375
-4, 25, 4.612827091094546
54, 2, 1.561140460511729
39, 14, -1.78944202037292
27, 19, 1.634019129273239
37, 15, -0.1459808504434015
24, 20, -3.598611500503522
41, 13, -0.5040991412112938
-3, 25, -1.860700505703149
30, 18, 5.655236878859067
6, 24, -7.220721883745855
35, 16, -2.396906339546528
12, 23, 1.952573472326085
46, 10, -0.9913006104293952
-2, 25, 2.152160792097066
17, 22, -1.344106849071613
55, 1, -0.3048020555894433
43, 12, -0.3020286691376025
51, 6, 4.27179920821732
21, 21, 8.173019580644748
52, 5, 1.810202913063337
50, 7, 4.673826498408294
33, 17, -0.7957041517198176
7, 24, -2.690977675973336
53, 4, 3.796801602159384
-1, 25, -6.280048816339135
49, 8, -1.148598973611888
13, 23, 3.736403100141172
28, 19, 6.183823951912747
54, 3, -4.849760687248311
45, 11, -2.168945916262124
25, 20, -0.5924661901463261
0, 25, -2.72659250977159
56, 0, -5.000997480246038
8, 24, 2.749068546836207
38, 15, 0.4126147779257073
31, 18, 0.4773951311525643
40, 14, -0.3180082890720984
18, 22, -2.491233521761633
48, 9, -8.187320320834347
22, 21, 0.7913957223093108
1, 25, 6.932835977715823
36, 16, -3.451530105872736
55, 2, -2.148215360145384
42, 13, -2.270999950723833
14, 23, 1.855101765136916
9, 24, 2.448109238595844
47, 10, -0.6651323036620483
34, 17, 3.74038084043151
2, 25, -1.497053317471783
44, 12, 2.258704585270104
52, 6, -7.149099745979707
26, 20, -8.314602679174717
56, 1, 2.569312075190539
29, 19, -0.303959604585992
53, 5, 9.197595186808945
19, 22, -7.031136828988895
51, 7, 4.711863905417986
3, 25, -5.379098043166179
-13, 26, -0.01416813435412518
54, 4, -0.8619406478021607
-12, 26, -3.281034740611291
15, 23, 2.141270410166058
-11, 26, -2.443901376007847
23, 21, 6.080178602531054
50, 8, -4.717239040419371
32, 18, 6.044681440222275
10, 24, 6.985846693692833
-10, 26, 1.091257131919451
46, 11, -1.976854021249564
-9, 26, -2.775255154102332
39, 15, -3.33267221661001
55, 3, 2.028143630073058
41, 14, 2.305405612660195
-8, 26, 1.10223191152952
37, 16, -0.757281957106549
4, 25, 2.000251932637076
49, 9, 0.6129333793352331
-7, 26, 3.365103043626939
57, 0, 4.190384338304732
43, 13, -2.809067997391436
20, 22, -0.681835758568982
-6, 26, -2.108749903909537
35, 17, -0.07785473012914182
11, 24, -2.513226019065784
56, 2, -1.087893919346766
27, 20, -1.009938504967279
16, 23, 3.606752817747234
30, 19, 3.463908743781473
5, 25, -3.248505496827091
-5, 26, -0.2086828087396376
48, 10, -0.3174728816398745
45, 12, -7.401827059360113
24, 21, 4.671552893507818
-4, 26, -3.463281636085358
33, 18, -1.749404876489673
53, 6, -1.943594082127276
57, 1, 0.1561309141020648
54, 5, -2.30742520877405
6, 25, -2.132649362524207
-3, 26, 4.348626129977858
12, 24, -1.639624225925091
52, 7, -1.265132020518329
21, 22, -1.077650280708856
55, 4, 1.406532104020864
40, 15, -0.7149393826154873
17, 23, -3.615480069856495
51, 8, 5.590349772325923
47, 11, -3.080089206373699
42, 14, -9.155465151275552
38, 16, 2.860059986950878
-2, 26, -1.448232971813086
28, 20, 1.474993253817252
56, 3, -1.863335372264606
7, 25, 1.714165002883721
44, 13, 6.929152892231677
36, 17, -4.957377185797824
50, 9, -0.1687450616480782
31, 19, -1.167668196706857
25, 21, -0.2676805602451831
-1, 26, -0.006655954636771032
13, 24, 7.760792644250567
58, 0, -0.3028523654134317
0, 26, -7.203124117086878
57, 2, -1.654210309513651
18, 23, -1.416403456242622
46, 12, 0.2961899642406286
22, 22, 3.261314871982386
34, 18, 3.18650858635924
8, 25, 8.90335316155455
49, 10, 1.478227082701188
1, 26, 2.524726221801884
14, 24, 2.896017979786589
54, 6, -0.001777331071967151
41, 15, -2.253868329917854
29, 20, -2.766135403697048
55, 5, -3.249438933464379
53, 7, -3.647549867169393
39, 16, 0.3364991277400698
58, 1, 6.535667028669065
26, 21, -4.571791522473329
43, 14, 6.643422079408914
9, 25, 6.570044268316656
2, 26, -4.577866990392742
48, 11, -7.197590308997119
32, 19, 6.687715515172974
56, 4, 0.7199866814781978
52, 8, -0.6691289346590295
37, 17, -0.8204103259460264
19, 23, -4.948986803993697
45, 13, -2.044798572418681
23, 22, 1.178799138017304
-13, 27, 2.678470628473448
57, 3, 0.8137348228048321
51, 9, -1.080961435502023
15, 24, -2.588454774625718
-12, 27, 3.613367900540724
3, 26, -2.382403983545099
-11, 27, 1.906400166231006
35, 18, -3.596086256331247
10, 25, -3.111620549856475
-10, 27, 4.20500861266437
59, 0, 6.286241797724821
-9, 27, -0.5171081521341057
47, 12, 5.431367264735601
-8, 27, 3.025728272907978
58, 2, -7.054548200682971
50, 10, 10.39227855114283
30, 20, -1.843016945964291
4, 26, 4.899274786299477
27, 21, -4.751795253134937
20, 23, 2.44178856971844
-7, 27, 1.826819444926793
42, 15, 4.91798945805424
-6, 27, -8.330356741401346
40, 16, 0.2327014494615676
16, 24, 3.564820262900025
33, 19, 0.4918470375164208
11, 25, -2.901347578353524
24, 22, -0.7930565032959831
44, 14, -2.984439925842492
55, 6, 1.742033038568252
38, 17, -5.241512569807436
5, 26, -7.777680145148935
-5, 27, -2.17884727263761
54, 7, -5.512932735687491
56, 5, -0.3080087283922795
59, 1, -0.5885727082841495
49, 11, 2.516646834040716
53, 8, 1.134696663339721
-4, 27, 3.661862268265788
57, 4, 0.1841901172012989
46, 13, -1.004333287787235
36, 18, 6.113772462695239
21, 23, -3.208759348349335
12, 25, 1.904510121901242
6, 26, 0.345373369032264
-3, 27, 5.474632781741529
52, 9, -4.405213940776969
28, 21, 7.217800322014499
17, 24, 3.760814718647157
31, 20, 2.618051518707169
58, 3, 2.834327346856321
25, 22, 2.017638661365496
-2, 27, -0.1279968102026901
60, 0, -1.046481306916336
48, 12, -0.5245389623603713
34, 19, -4.378535653164415
51, 10, -0.283682090289522
7, 26, 3.983894357772456
41, 16, -6.22186414920379
59, 2, 3.403021940578546
43, 15, 4.668444505358324
13, 25, -5.084114691824936
-1, 27, 9.172259536750415
39, 17, -0.1023270404675518
45, 14, 4.127945580952691
22, 23, 0.3913686971359197
18, 24, 6.511291511422459
0, 27, -6.523749545471279
56, 6, -2.915454199230751
8, 26, -0.8350244372552406
55, 7, 1.341685697175568
50, 11, -0.1251500499486436
37, 18, 3.857005302037222
29, 21, -2.452084823136759
57, 5, 4.034119579673549
32, 20, -2.237562419936368
60, 1, -3.730253369258755
47, 13, 1.125675805256141
54, 8, -5.567537158461774
26, 22, 4.130261564208078
14, 25, -4.379778240503019
1, 27, -4.477911130237857
58, 4, 3.491137135865575
53, 9, -5.213341872439334
35, 19, 2.528601231640576
9, 26, 1.314791007802387
19, 24, 0.4355109134085262
59, 3, -1.905007472994606
23, 23, 3.841086416547408
2, 27, 0.6294875296673782
49, 12, -8.968993300088549
42, 16, 7.2093492883734
61, 0, 0.4832197667676882
44, 15, 0.930363874754508
52, 10, 2.398631626199489
-14, 28, 0.003213678678952992
40, 17, 0.098484325226665
15, 25, -0.5880793667501919
-13, 28, 5.282977477923422
-12, 28, -0.8237504229347959
-11, 28, -5.263803404434788
30, 21, -4.474261200172814
3, 27, 2.725082697623161
60, 2, 0.4483859790352946
46, 14, -2.515457512820127
10, 26, -0.2095503405233494
-10, 28, -1.441621767897262
27, 22, 3.459741493911791
38, 18, 1.428766574415555
33, 20, 5.287872606255896
-9, 28, -4.89186411851731
20, 24, -4.563514720262067
-8, 28, 2.330316497930469
51, 11, -2.246987359361067
4, 27, -0.2740104225888865
57, 6, -1.755259852320472
56, 7, 3.970134714747388
48, 13, 2.739675810680685
24, 23, -0.1237848549268911
-7, 28, 0.1154744602784668
58, 5, 2.745066538779801
16, 25, -4.555569347612987
55, 8, -1.206582708352795
36, 19, -5.202367491051693
61, 1, -2.727001065357082
11, 26, 1.712872108995115
-6, 28, 7.020820897015451
59, 4, 1.408842209170475
5, 27, -0.5570093638826834
-5, 28, -1.530823508695378
54, 9, 10.82154996072478
43, 16, 0.3749442574478412
31, 21, -3.690755332169669
50, 12, 2.635492406803299
28, 22, -2.764954261516226
41, 17, 2.74842850379289
-4, 28, 6.244725492186954
60, 3, -5.62991877603443
45, 15, -5.257472432658443
21, 24, 1.62962367023738
34, 20, -2.135256100229125
12, 26, -2.984001754446821
53, 10, 3.428994172885659
17, 25, -1.086143773106705
39, 18, 8.92271121767247
6, 27, 9.684180501767985
62, 0, 3.559497906103017
25, 23, -1.102993389619668
-3, 28, 4.990334308038363
47, 14, -0.1182340214598674
61, 2, 2.034722170991531
-2, 28, -2.976175262550487
37, 19, -0.5363416098862339
52, 11, -1.263809221241118
49, 13, -2.542862650879443
7, 27, -6.449587035625709
13, 26, -5.64002451383025
58, 6, -5.890740965807987
22, 24, 4.849683521231398
57, 7, -3.907780768720183
-1, 28, -2.393212835853111
29, 22, -9.83179211103772
18, 25, -5.772196648030643
59, 5, 3.368307462054073
32, 21, 2.366490650884736
56, 8, -2.023386642931256
62, 1, -0.6747217427108296
26, 23, -0.5217749387662681
60, 4, 3.0484624779581
44, 16, -1.478976212697648
0, 28, -7.242443616063087
42, 17, 3.856277479676637
55, 9, 3.557839763179814
35, 20, -1.369468438754646
8, 27, 0.770976314263902
46, 15, -6.469545254314076
51, 12, 3.471616850093462
40, 18, 1.378074432668822
14, 26, 0.3466285742949355
61, 3, 0.4284894443817306
1, 28, 1.425401181227874
54, 10, 6.530884859703195
48, 14, -5.782675528272082
23, 24, 7.47783855612418
19, 25, -6.654715210717481
63, 0, 24.19705505353598
9, 27, -10.90570554050077
38, 19, 2.863299161486384
30, 22, 3.654848184245126
2, 28, 2.775271958573766
33, 21, 4.824596789720671
62, 2, 4.581717474838785
50, 13, 2.851435438229148
27, 23, 2.152051461191228
15, 26, 4.380020108836211
-14, 29, -4.351020326485631
53, 11, -1.643468900767582
-13, 29, -3.3579555556901
-12, 29, -3.568973891396975
-11, 29, -1.488559062551304
3, 28, 1.450454269982858
59, 6, -2.186369707987166
58, 7, -3.380121429306071
10, 27, 2.06323170681057
-10, 29, -2.873762411660052
36, 20, -4.880965851415563
60, 5, 0.05955357674356815
57, 8, -2.275207470863289
45, 16, 5.746351616128732
43, 17, -2.315894241831601
20, 25, -0.5804014444419825
-9, 29, 0.2537043135397437
24, 24, -6.142506942064257
63, 1, -1.269052154782561
-8, 29, 4.279736466436144
47, 15, 3.788868168564888
41, 18, -5.465994632286233
61, 4, 0.4222191295921259
56, 9, 2.325889208069213
52, 12, -1.993703018646833
4, 28, -1.754175181602055
-7, 29, -2.872897967222408
16, 26, -0.29518075804234
31, 22, 1.095903799048888
11, 27, 6.497920182629754
49, 14, 1.399427029222326
39, 19, -2.948698754700771
-6, 29, -0.9982375238757779
28, 23, -8.025577975004731
62, 3, 2.411656076556175
55, 10, -1.582193784692645
34, 21, -2.314613938462692
5, 28, -1.370691055071473
-5, 29, 0.9647461734242346
21, 25, 6.517301674517677
64, 0, -4.85434037252898
25, 24, 1.022951677428289
-4, 29, -3.443476717432404
51, 13, -0.438947685978765
37, 20, 5.035221997513133
17, 26, -2.403190146230792
12, 27, 10.57141585462742
63, 2, -2.909775931252129
54, 11, 0.4704459106898328
6, 28, 6.062017051332583
-3, 29, 2.099848093740707
44, 17, 2.065110687964354
46, 16, 0.3591139984215574
59, 7, 9.766481556249481
60, 6, 9.645161060368441
42, 18, -5.761831248052695
58, 8, -9.189272544178507
32, 22, -6.371888286886749
48, 15, 1.973084511611023
61, 5, -12.77130949237572
-2, 29, 8.28884330726188
29, 23, -0.106757467500815
22, 25, -1.481036576915622
64, 1, -2.441259341253398
53, 12, 2.035947700425176
40, 19, -2.944547515892775
35, 21, 6.561928319595054
13, 27, 3.433908297414654
7, 28, -2.174196698715666
57, 9, -2.120462307736278
62, 4, 0.4549460654446213
18, 26, 1.103701081563373
-1, 29, 5.043125660825758
50, 14, 1.833332638731747
26, 24, 2.490373774396726
56, 10, 5.874970947280673
63, 3, 2.511618975280107
38, 20, -4.10589380063792
0, 29, -5.011236460294898
8, 28, 3.065991853890019
14, 27, -7.322667255743838
65, 0, 0.6952198532152751
52, 13, -0.9159959775674769
23, 25, 4.248128247694328
55, 11, 0.07540564874617889
45, 17, -10.96073407277321
33, 22, -0.9641238161993844
30, 23, -1.256542010330276
19, 26, -1.931291828511068
1, 29, -7.379055760766693
47, 16, 4.811019919513218
43, 18, -6.575519147966042
64, 2, -7.840881762438906
9, 28, 1.486403167048029
36, 21, 3.859525591207554
27, 24, 1.269748048797295
49, 15, 6.321045278118896
60, 7, -1.907973909806021
41, 19, 3.453197041553823
61, 6, 7.137593441543875
2, 29, 5.486518177795465
59, 8, 2.652206547566312
15, 27, 0.2270114341956428
-15, 30, 0.1400985083369942
-14, 30, -1.571297262598128
62, 5, -8.574225230933106
-13, 30, 2.914934423822142
54, 12, -13.40238407577153
-12, 30, -13.82569052577405
58, 9, -0.7171459915604738
-11, 30, -0.1088755592722675
65, 1, 0.1160281555116315
51, 14, -3.410734300681416
-10, 30, -5.227372365217686
20, 26, -1.31489704146461
10, 28, 0.6107943493668713
63, 4, 5.237144856513353
39, 20, 2.925926409597707
24, 25, -0.3492175151877192
3, 29, 2.210111521789583
-9, 30, 6.725534348634196
57, 10, -3.969325645699767
31, 23, 9.554958805860034
34, 22, -8.556430339804185
-8, 30, 1.664473812501387
64, 3, -5.655759048702182
16, 27, 3.151235774097062
28, 24, 4.216266176596424
4, 29, -6.134275707960668
-7, 30, -4.2175827224884
53, 13, 2.339209403586386
46, 17, -0.5962700602677605
44, 18, 4.405612707746001
11, 28, -7.492121940280184
37, 21, -3.481964430918209
48, 16, 6.863235772780383
66, 0, 0.4800509259737036
-6, 30, -1.590317537017565
56, 11, -1.903269866058183
42, 19, -0.2570313178354455
21, 26, 3.127378990814885
65, 2, 3.987535527333998
50, 15, 1.30101065548899
25, 25, -3.959209440017562
5, 29, -0.9067931204863674
-5, 30, 3.43615404591136
61, 7, 2.216869960565252
17, 27, -0.2817450145716494
62, 6, -1.518068522642414
-4, 30, -6.031753658301672
60, 8, -9.045011046193867
40, 20, -3.170030568975196
12, 28, -5.980559791931443
55, 12, 1.126779588924412
32, 23, 3.117889448634535
63, 5, 5.020236317177556
52, 14, -7.541653938725592
35, 22, -2.304300716812613
6, 29, -7.642590569237967
59, 9, -0.2375276086158023
29, 24, -0.7794058058820951
-3, 30, -12.32710754715573
66, 1, 0.8162209269834284
64, 4, -1.920301946158023
22, 26, 0.2314985205469347
58, 10, 6.817266399000371
-2, 30, -4.838968649223234
38, 21, 9.491483783687267
26, 25, 2.087802534152785
47, 17, 6.807294646273975
13, 28, 7.989561492590531
45, 18, -6.947078744893309
18, 27, 1.413319318176679
7, 29, 8.534829581670577
54, 13, 1.546687608029477
65, 3, -2.202495067393534
49, 16, 0.389827107346093
43, 19, -3.740526295133122
-1, 30, 6.372996845121558
57, 11, -2.613160171464396
67, 0, -12.67875797976537
51, 15, 5.073697611290815
33, 23, 4.522743171893741
0, 30, 5.783849366150227
30, 24, -7.213167668569631
41, 20, -11.84397906191866
8, 29, -10.76272624542401
23, 26, -10.49054855098243
66, 2, -0.4312050849278996
36, 22, 9.225326282799651
14, 28, 0.3665639548162199
19, 27, -2.064397656986186
62, 7, -2.506542165620393
63, 6, 7.911547344723805
56, 12, -4.843544485729092
61, 8, 8.722895877120639
27, 25, -10.13293274187152
53, 14, 2.157038162603051
1, 30, -6.721645882535058
64, 5, 4.535074011181293
60, 9, -8.199068410133288
39, 21, -0.159780791809254
9, 29, 11.39910302687076
67, 1, -4.018246386433501
46, 18, 1.309889483458757
2, 30, 4.107589390369232
65, 4, -1.951587101145728
48, 17, -0.8313908678370724
15, 28, -6.369776847526509
-15, 31, 1.04855938894185
-14, 31, 0.6800299826567112
59, 10, -2.387217595291485
-13, 31, 10.62487048618461
44, 19, -5.070688814137651
-12, 31, 3.112732048511134
50, 16, -1.977227504833115
24, 26, 5.509275087356793
34, 23, -11.29087722634963
55, 13, -0.9239472577328971
31, 24, -5.0804642047191
20, 27, 7.939659580107735
-11, 31, -7.808801650571381
10, 29, 5.778296699721051
-10, 31, -0.2161407580825019
66, 3, 16.38568840912321
3, 30, -13.52695523215528
37, 22, -8.80221558052688
42, 20, -1.067647726208532
58, 11, 4.777033882687717
-9, 31, 4.614394348303166
52, 15, -8.273308273768745
28, 25, 0.7970312152707856
-8, 31, -5.791357958224983
68, 0, -3.836608946652964
16, 28, -2.712520764150268
4, 30, 6.771517509307336
-7, 31, -0.2309595555848459
67, 2, -3.10566802053666
11, 29, 14.1328063176517
40, 21, -1.510479398851583
54, 14, -0.762924586045637
57, 12, 5.746987261767948
21, 27, -2.784111530500374
63, 7, -4.759420232437489
25, 26, 7.815635946486708
-6, 31, -3.656944677655493
64, 6, 2.119661821037757
62, 8, 2.300890975245357
32, 24, -6.813486418184116
65, 5, -7.440646177768471
61, 9, -6.267018603483131
47, 18, 3.560731539804585
35, 23, -1.117467492723918
5, 30, 1.413973609281598
-5, 31, 7.23783026446441
49, 17, 10.07325709765061
45, 19, -1.705166641623271
17, 28, 4.482646651929063
29, 25, 2.877407060377445
68, 1, 5.171495110571855
51, 16, -0.7086379426369064
12, 29, -5.650844092551481
-4, 31, 3.157802329711976
66, 4, 5.106469437876593
60, 10, 3.232491670498168
38, 22, 3.614145983964038
56, 13, 4.049732359622036
43, 20, 7.724301502393382
6, 30, -3.618835324716362
-3, 31, 6.623857619374425
22, 27, -4.872229393041753
53, 15, 0.5640992155095554
26, 26, 8.911570781005009
67, 3, 3.583583540526627
59, 11, -6.66404321535419
-2, 31, 11.3797739066099
41, 21, 12.99745766597421
18, 28, 9.353890651390634
13, 29, -0.4640157496528345
7, 30, -0.4001623603778068
69, 0, 12.3944554877496
33, 24, 7.456026699472505
36, 23, 1.844685105301407
55, 14, -13.4209917928712
-1, 31, -7.682925199253376
30, 25, 4.170723241576766
68, 2, -6.318338170162014
58, 12, 3.301604715759266
48, 18, -0.9228903325477726
64, 7, 0.3952126378354863
63, 8, -0.1243063638349241
65, 6, -3.493530455064008
50, 17, 9.599309296158937
46, 19, 6.845948522828629
23, 27, -1.28755503269789
39, 22, -0.691810214099654
8, 30, -10.21960724584553
0, 31, -1.066262730252029
62, 9, -1.94268910161124
14, 29, -7.240466547008212
66, 5, 1.250990269328875
27, 26, 0.9161444429936761
19, 28, -9.218553773096472
52, 16, -1.008257039264099
44, 20, 3.005413524913985
61, 10, -2.122188347575257
69, 1, 4.25241515962998
57, 13, 9.739366050424598
67, 4, -0.3060971136419492
1, 31, 13.53760876710007
54, 15, 2.803067992944995
9, 30, 5.570181485790821
42, 21, 9.250915869440917
34, 24, 1.481447928712144
31, 25, -5.924771369935763
-16, 32, -0.5302681083295487
60, 11, 8.837544487168342
37, 23, 11.08639798687635
15, 29, 6.609660133977742
-15, 32, 6.665006893306526
-14, 32, -5.370061788281265
24, 27, -7.690037241939581
2, 31, 4.26046987755056
68, 3, 1.189819707407759
-13, 32, -4.58447168734773
20, 28, -8.570213471481672
-12, 32, 7.677531830947485
-11, 32, 9.592374064373056
28, 26, -3.648907615815501
70, 0, 6.216302889239427
56, 14, 6.577733782365351
40, 22, 0.2150196836686694
10, 30, -18.71343047638718
-10, 32, 8.290171379747717
49, 18, -18.58469997932746
47, 19, 5.748492011441542
3, 31, -15.30594933682825
59, 12, -2.422659439577999
51, 17, -2.829473080436778
-9, 32, 3.640702124155109
69, 2, 12.55535995718057
65, 7, 10.77617910019227
45, 20, -1.514444318462788
16, 29, 18.09203715712558
64, 8, 3.045873481174679
-8, 32, -5.225079382353568
66, 6, 2.051369189164682
53, 16, -7.201822058142153
63, 9, 9.255211358353007
35, 24, 0.9269411539188414
25, 27, 8.665804910127543
4, 31, 5.366945817430738
-7, 32, -11.75891860157567
67, 5, -4.572927901686793
32, 25, -0.3710258738924966
21, 28, 11.85529278266182
11, 30, -11.47211431111912
43, 21, 3.486827879492427
58, 13, -10.88712209405337
38, 23, 6.730343672446513
62, 10, 2.711227402427665
-6, 32, -2.219997136973695
70, 1, 5.279175886653551
55, 15, 10.23186447549845
29, 26, -4.904375017672264
68, 4, -10.50214791835359
5, 31, -2.923616850911884
-5, 32, 5.612936582175434
17, 29, -5.573320614467907
61, 11, -6.491243064066816
41, 22, -5.805278505554011
12, 30, 6.607616332870876
-4, 32, -2.06942569983233
69, 3, -16.60204760282532
50, 18, -1.888605228188555
22, 28, -10.01230222476198
48, 19, -7.073250308536821
26, 27, -9.200063531121971
57, 14, -1.436022276489782
6, 31, 2.315540997101281
52, 17, 7.201279539496302
-3, 32, -2.269320899408614
46, 20, 4.262296975168273
33, 25, -9.667974280117845
60, 12, -1.631947750653256
36, 24, -0.5401089779756995
71, 0, 1.166594694048622
18, 29, -4.596927917943538
13, 30, 7.200730978555829
70, 2, 8.502199479654447
54, 16, 7.269342816567256
30, 26, 13.73288601877708
-2, 32, -9.057708611822179
66, 7, 2.037083185940286
39, 23, -0.7265773581419128
65, 8, -14.00901134788532
44, 21, -12.12452104870709
67, 6, -7.409463284195016
7, 31, 0.2479397553928084
64, 9, -4.576084426439804
68, 5, -5.905280860841657
-1, 32, 14.84071586312842
59, 13, -3.785655555777145
23, 28, 0.4984991441622399
63, 10, 3.454026785440936
56, 15, 4.785688999169005
27, 27, 9.965342322806114
42, 22, 9.46449795929378
14, 30, 2.988373517698836
71, 1, -6.449079864953699
69, 4, -4.468703489231039
8, 31, 5.869922850920115
19, 29, 6.962354720669648
0, 32, -10.36728124688996
62, 11, 3.347467019138544
34, 25, 17.12316269269225
49, 19, 1.766877756293131
37, 24, 2.098844511686996
51, 18, 0.2793927260201908
31, 26, 1.49972373228985
47, 20, -23.25322440877529
1, 32, 6.273648794117675
70, 3, -12.91973082616928
53, 17, -11.89583459021279
58, 14, 6.363907803636355
40, 23, -5.597473884017773
9, 31, 2.895492598592854
24, 28, 11.05906030841646
61, 12, 3.540038942352748
-16, 33, -3.486996686853521
15, 30, -16.7954419482901
45, 21, 8.466605953651968
-15, 33, -9.709214898664483
-14, 33, 9.595640951244507
72, 0, -0.8074205268019214
55, 16, 5.584095639487928
28, 27, -1.541097861049776
20, 29, 14.26143686098034
-13, 33, 10.75537723391879
2, 32, -8.591145564358042