d = 19, symClass = C, D = 16.000000, Y = nan
[21.2169101646665, 21.21693599284501], 21.2169101646665
1, 0, 1
2, 0, -1.528952005214972
0, 1, -0.4574847740630621
1, 1, 0.645230365718229
3, 0, -0.8607709898983922
2, 1, -2.576334340665152
4, 0, -3.413488035393798
3, 1, -1.875148783137879
-1, 2, -0.008320480160135217
0, 2, -3.817588966398761
1, 2, -2.827598949333495
5, 0, -0.6359574571654217
4, 1, 0.5344537908155498
2, 2, -1.591603234716577
5, 1, 2.056725702148087
3, 2, -3.507221246777408
6, 0, -2.350416403456154
-1, 3, 1.648045587889254
4, 2, 1.191104338435799
0, 3, -2.217102525050281
6, 1, -0.7498368234937201
7, 0, 1.423608860145043
1, 3, -1.127739124629046
5, 2, 0.5276610522439428
2, 3, 4.628694078259908
7, 1, 0.1253984446909206
3, 3, -1.99539444663857
8, 0, 1.272032822495228
6, 2, -0.4397406881733034
4, 3, -2.531751516285309
-2, 4, 0.01729422409749808
8, 1, -1.652443481137286
-1, 4, 4.336835463227994
0, 4, 0.9997087776706115
9, 0, -7.453495529050376
7, 2, 0.3757722132517884
5, 3, -5.948743987858322
1, 4, 0.684007153986103
2, 4, -0.5057626992972668
9, 1, 2.72491029062396
6, 3, -3.164372243452119
10, 0, -5.140871177054255
8, 2, 3.582409803169017
3, 4, -1.202028532638052
4, 4, -2.71598635481769
10, 1, -4.40977925254878
7, 3, 3.892338145179822
9, 2, -2.025613636957598
-2, 5, -0.5102971552321992
11, 0, 1.131083682842899
-1, 5, -0.478273160254804
5, 4, -1.026926614476585
0, 5, -3.468790136330575
1, 5, -3.373526379378821
8, 3, 0.3387051791930439
11, 1, 0.2880956744277961
2, 5, -1.314061559115408
10, 2, 1.449151361079561
6, 4, 0.422652304513906
12, 0, -1.195879152717044
3, 5, -3.513493161857292
9, 3, -0.9079906402141505
7, 4, -1.343009430849161
12, 1, -0.5941658772699679
4, 5, 1.38686632959953
11, 2, 0.2801996308705376
13, 0, -0.2533636011075198
-3, 6, -0.001740925202819284
-2, 6, 0.7219635749426491
10, 3, -4.262910606811942
5, 5, -0.2074577765180028
-1, 6, -2.444771741195976
8, 4, 1.61941138989012
0, 6, -2.230992557485537
13, 1, -0.2809020629378198
1, 6, -2.51927555537399
12, 2, -2.249174778776699
6, 5, -1.232857481652004
14, 0, 1.303545245709103
2, 6, 3.843444924113603
9, 4, 6.064060087252121
11, 3, 5.680384786562082
3, 6, -0.1848190966605857
7, 5, -1.662765450828829
14, 1, 0.4500494967633418
13, 2, 1.461331065807557
10, 4, 0.4148195867947392
4, 6, 0.665597335097272
15, 0, -1.23798808474127
12, 3, -0.7005071649906541
8, 5, -0.3532817019499579
-3, 7, -3.681910897898139
5, 6, -1.124844300358278
-2, 7, 2.858153988372235
-1, 7, 1.136454571956983
14, 2, 0.6790121577527802
15, 1, -3.088583871544601
11, 4, -1.458977552845831
0, 7, -0.1443417549991955
9, 5, -0.6709113294038936
6, 6, 1.704508530760812
13, 3, 0.5737209567227849
1, 7, 1.274825738263034
16, 0, 2.73026609249578
2, 7, -4.707736201037933
7, 6, 1.058631380927382
12, 4, -11.28555530689485
15, 2, 9.880681787789914
10, 5, 0.3756438886709867
3, 7, -14.78010002722151
16, 1, -3.441565568388136
14, 3, -3.242760705455252
17, 0, -4.671289698320694
4, 7, -2.08037603681524
8, 6, 3.538223020836101
13, 4, -2.837125296333817
11, 5, 2.388256264818551
-4, 8, 0.01936138650556734
5, 7, 0.006198543166332615
-3, 8, -2.340209509416491
16, 2, -0.1806184797751781
-2, 8, -1.475403497065578
17, 1, -2.062724507962583
-1, 8, -0.7154112925235403
15, 3, 2.706917973767314
9, 6, -2.550456246078939
0, 8, 0.4710249262209357
6, 7, 5.473547453616644
18, 0, 0.1909890049770473
12, 5, -0.03488113695778507
1, 8, 0.4355178466423052
14, 4, 1.616922117792495
10, 6, -3.072598621293043
2, 8, 3.914113806583654
17, 2, 1.607577138609779
7, 7, -2.13316548636158
18, 1, 2.950397403684701
16, 3, 1.041471166491383
3, 8, 3.185856531241924
13, 5, 2.894085346461954
19, 0, -4.797251432528116
15, 4, -6.451203926506768
8, 7, -5.211903916049304
11, 6, 6.386981802803169
4, 8, 7.193331897188468
18, 2, -5.072385864893988
19, 1, 1.812169663388385
17, 3, -2.560863641816646
5, 8, 0.02045770449564326
-4, 9, -2.28792673160058
-3, 9, 0.5891274498125474
9, 7, 5.820377667571779
14, 5, -2.076517515941341
-2, 9, -1.566714109289354
12, 6, -0.5088446546195797
-1, 9, 1.625681239816174
20, 0, -3.363992195606555
16, 4, 3.671720281041809
6, 8, 0.3430358090418569
0, 9, -3.02716167922908
10, 7, -0.5028266240134064
1, 9, -2.671137155698055
19, 2, -1.09824830143465
18, 3, 0.4913465915709464
20, 1, -0.3032540069161527
15, 5, -4.223548519907836
7, 8, 4.836801515137217
13, 6, 0.1297404304367788
2, 9, 0.1192394544264134
17, 4, 0.9133358958010681
21, 0, -0.5952886617863683
3, 9, -0.8929212890836861
11, 7, -1.578243548671506
8, 8, 0.8027564413198296
4, 9, -1.557939881005729
20, 2, -1.24282104592473
14, 6, 3.432072037166602
16, 5, 0.1685772502896849
19, 3, 2.521433807372418
21, 1, 3.553410001381411
12, 7, 1.59881742699549
9, 8, -3.607764965177201
5, 9, 1.312424501304987
-5, 10, 0.003883919080947177
18, 4, 2.841658083454563
-4, 10, 1.201715816151247
-3, 10, 5.16238080615515
22, 0, -2.620829517460354
-2, 10, -1.62217323908992
-1, 10, -3.733900794516571
15, 6, -5.827424484195181
6, 9, 6.813144470277888
17, 5, -2.222758449336825
10, 8, -1.327594536248873
0, 10, -2.316572036869773
21, 2, 1.888345056202147
20, 3, -15.21457766128228
13, 7, 2.257984356822558
22, 1, -34.52785100472171
1, 10, 109.3607803223361
19, 4, 10.18511501914423
7, 9, 13.0713474278541
2, 10, -8.807508194145324
23, 0, 4.233898298422164
11, 8, -7.569903253085663
16, 6, -1.610123431485712
18, 5, -0.1129353624800806
14, 7, -1.261911358288223
3, 10, 3.418168774817678
8, 9, 0.5237218094981947
22, 2, 1.340033959404215
21, 3, 1.285783143733389
4, 10, 1.441033687765567
23, 1, -0.6174590834819622
20, 4, 0.138390819441359
12, 8, 2.663382437996945
9, 9, -4.156074552090648
17, 6, -0.07521438312823195
5, 10, -2.267769679909841
-5, 11, -5.124520551498439
15, 7, 1.030511631027982
24, 0, 0.48789032878927
-4, 11, -0.6938774743323977
19, 5, -2.384227764119303
-3, 11, -1.303180076109306
-2, 11, 1.699736320270402
13, 8, 2.344175465172342
23, 2, -1.037689523511037
22, 3, -4.267626315397848
10, 9, 2.040143937566977
-1, 11, 2.956653040282079
6, 10, 2.239371951064857
24, 1, -1.953206107804608
21, 4, -3.22333582941732
0, 11, -1.488065309066946
18, 6, 0.8558940565253177
16, 7, -2.874042535291458
1, 11, -0.3536208965041509
7, 10, 0.9922522809297309
25, 0, -8.260644391405181
20, 5, 2.488872175237908
11, 9, 5.369451635093238
14, 8, -2.460328043040348
2, 11, 0.3786513069331426
23, 3, 0.8909518534981552
24, 2, 4.852458246195489
8, 10, -5.297731162353525
3, 11, 0.1028825719437352
22, 4, 2.803357938885805
17, 7, -0.5267654378795377
25, 1, 1.323530431169647
19, 6, 2.869156460116659
12, 9, -1.014715891140092
15, 8, 0.7508473439479006
4, 11, 0.002784275765199048
21, 5, -3.572778619182139
9, 10, -1.753655719778294
26, 0, -4.048824891634879
-6, 12, -0.02229637231779036
5, 11, 0.3314111995205247
-5, 12, 6.996463548396167
-4, 12, 0.6890902704956517
13, 9, -3.303260567279024
24, 3, -7.239710069381143
-3, 12, 5.795633537380413
25, 2, -1.145390669349968
18, 7, 7.234478691746363
20, 6, -13.82929035766293
10, 10, 6.969830741793691
-2, 12, -14.46033885114727
23, 4, 2.671928006239808
16, 8, -28.20134030462609
26, 1, -44.58537102370131
6, 11, -27.48001809513359
-1, 12, 99.69772285566522
22, 5, -17.52370851814653
0, 12, -3.424472539805605
14, 9, -8.483740063680912
27, 0, -3.146424377865547
11, 10, 0.240043225526749
7, 11, -2.805857254406519
1, 12, -4.510240717193445
19, 7, 1.954712539054946
25, 3, -4.07220005327432
17, 8, 0.8385933873697256
21, 6, -0.6444249610232448
26, 2, -1.736062699070586
2, 12, 2.10425139452317
24, 4, 0.6971957017207118
8, 11, 1.504919314171203
27, 1, 3.285919620206247
12, 10, 3.35408202205524
15, 9, -4.332897625583453
3, 12, 2.876412470353213
23, 5, 0.3541070078296247
28, 0, -3.380306459360934
4, 12, -0.0944050702700692
20, 7, 1.061395181119815
9, 11, 2.826517114922259
18, 8, -1.948612269530929
22, 6, 2.787461978942417
26, 3, -2.114084175386834
13, 10, -0.9521789331748348
27, 2, 2.469796289261911
-6, 13, -1.714733654350949
25, 4, -0.003369797802182399
16, 9, 0.7029565065654999
5, 12, -3.037949577059149
-5, 13, 3.067423487743572
-4, 13, -0.7744791434576416
10, 11, 3.519650707315832
-3, 13, 0.3778233456418663
28, 1, 0.46078092527156
24, 5, 1.978922002851178
-2, 13, 1.349255808873934
6, 12, -0.9634713884178646
21, 7, -2.175046294909951
19, 8, -0.886450942079405
-1, 13, -0.97235442726179
14, 10, -0.1882933435021239
29, 0, -4.175999425755611
0, 13, -2.473361793445966
23, 6, -0.05010647634001936
11, 11, -1.088147764274227
17, 9, 0.07981692435654424
7, 12, -2.166342011401543
27, 3, 1.028746771469414
1, 13, -0.8445837447398011
28, 2, 2.743433303246055
26, 4, -2.890402519939475
29, 1, -2.443809143336477
25, 5, -1.711936032702692
15, 10, 0.5646298306658301
2, 13, 3.663851738936828
20, 8, -2.852279457670924
8, 12, 0.4110283158165776
12, 11, -0.501953173611754
22, 7, 3.671763570598628
18, 9, 0.2088672842360274
3, 13, 1.035505990879074
30, 0, -4.915772821241555
24, 6, 0.9844202353321384
9, 12, -1.473395933806668
28, 3, 2.941753363540352
4, 13, 0.4297656845788015
16, 10, 2.919056190650541
27, 4, 0.201654243730178
13, 11, -0.3964016137212202
29, 2, 3.094692508420326
21, 8, -5.830698451652791
26, 5, 0.910235150121905
-7, 14, 0.007248196745253249
-6, 14, -3.188619134579267
30, 1, 0.9574847306638339
23, 7, 6.220164478171317
5, 13, -1.932024517438016
-5, 14, 2.661227071955306
19, 9, 5.381267398134145
10, 12, -5.212088689148118
-4, 14, 0.1812189659192587
-3, 14, -1.175456427934365
25, 6, -5.194740415521817
14, 11, -3.790841300607153
-2, 14, -4.562912374662428
17, 10, -3.224181041470139
6, 13, 1.578317960060389
31, 0, -2.249466169718289
-1, 14, 6.921001289275669
29, 3, 2.01389707982721
11, 12, 4.767242765139931
28, 4, -7.737567846982729
30, 2, 1.575983949669917
22, 8, 5.899710274727891
0, 14, -3.474342687699258
20, 9, -24.12780034347955
7, 13, 7.398294003319235
27, 5, 41.94275245198892
24, 7, -52.1201052323463
15, 11, 5.204595628504653
1, 14, 48.56099729712656
31, 1, 5.589231531746223
18, 10, -2.903509052615907
12, 12, 2.261787266629509
26, 6, -11.13824044196838
2, 14, 9.133466891802478
8, 13, 0.6653217007782353
32, 0, 1.5680796892756
3, 14, -0.8964046343047165
23, 8, 3.625739430376642
30, 3, -3.478379736921001
21, 9, 2.63421341638942
29, 4, 2.361962990143326
16, 11, 0.2778034568453968
31, 2, -2.375018393877722
9, 13, 6.461463592427268
25, 7, -4.265795648923177
13, 12, -2.114480027961045
28, 5, 4.436533919962824
19, 10, 0.4800563472038564
4, 14, -2.321644142174201
32, 1, -0.1217690798036079
-7, 15, 1.899166171307257
27, 6, -1.663423163422514
-6, 15, 1.810318630595967
-5, 15, 1.144035477564486
10, 13, -2.216983325178357
5, 14, 2.776389303011473
17, 11, -0.21494900391243
-4, 15, -4.000478028014525
14, 12, 0.4628592510004164
22, 9, -1.962377460473964
24, 8, -1.351300134360079
33, 0, -1.101000813023953
-3, 15, 0.4807610769920071
31, 3, 2.592313220024743
-2, 15, 0.2518004940858856
30, 4, -0.4464070578035976
20, 10, -3.901261505654727
6, 14, 3.368459705298453
26, 7, 0.7159461220314688
32, 2, 0.9654653711927585
11, 13, -1.159365069009814
29, 5, 1.217314201564061
-1, 15, 2.08754945813645
0, 15, -4.387421801439698
15, 12, 0.05245092993019979
33, 1, -2.668179361239825
18, 11, 0.3009080655114939
7, 14, -0.7672027069460148
28, 6, 0.1796676160273077
23, 9, 1.572955413056716
1, 15, -2.900453326360626
25, 8, -1.525087197040576
12, 13, 0.00530935189290077
21, 10, -2.646241930882801
34, 0, -0.6977931400870991
8, 14, -1.790534508052211
2, 15, 0.4733931276491113
27, 7, 1.372530312578915
32, 3, -0.9424981054825503
31, 4, -0.09503565901231338
16, 12, 3.663613034051536
33, 2, 1.030906103699471
30, 5, -2.531249825053019
19, 11, 1.56535136668811
3, 15, -1.418653117077763
13, 13, -0.8362870295592388
9, 14, -1.964757691746661
34, 1, 1.251845317010114
29, 6, -0.9194340226632162
24, 9, 0.5461130133968954
4, 15, 1.818188715403791
26, 8, -2.297938140265104
22, 10, 2.439012180448011
17, 12, -3.113285840710235
-8, 16, 0.004570537830498775
-7, 16, 1.767911252173133
10, 14, 1.412243124192763
-6, 16, -0.8421284323712183
14, 13, -0.2471954857793556
35, 0, -1.953431156262443
28, 7, -1.079866276406642
20, 11, -1.620132214776525
5, 15, -1.595670623236576
-5, 16, -3.069979869547473
32, 4, -1.904785726478079
-4, 16, 1.877730498856201
33, 3, 1.545528405041709
31, 5, 1.997129811760102
-3, 16, 2.042813325718271
34, 2, -3.215771968837545
6, 15, -2.589819390474712
-2, 16, -0.7870852401958756
25, 9, 3.426680413261896
11, 14, -2.174162227681899
23, 10, -4.381228128716781
30, 6, 2.090640356709549
18, 12, -1.636342389344813
35, 1, 2.245640227253657
27, 8, -2.40393989692009
15, 13, 2.004294826620444
-1, 16, 1.407458567130457
21, 11, 1.708083484691764
7, 15, -2.960992605521732
0, 16, 1.657396847841108
29, 7, -1.689716382555672
12, 14, -0.7287551864307784
36, 0, 1.083279522938853
1, 16, 0.5230215003633557
33, 4, 0.1593897976891764
34, 3, -0.363363617773275
32, 5, -1.060927544780737
8, 15, 6.748335964805954
19, 12, 1.95465632045795
16, 13, 3.068044840636401
35, 2, 2.251454585085053
26, 9, 0.9107413859791879
24, 10, -1.605288310667994
2, 16, -1.573284918039015
31, 6, 0.7446155934540931
28, 8, 2.713520115734773
22, 11, 2.420722784278571
13, 14, -0.5431620294395781
36, 1, -2.500172547312211
3, 16, 0.1012115208179557
9, 15, 0.09750256325874382
30, 7, -4.698306392504429
17, 13, -1.025411236973724
20, 12, -1.330645717421315
4, 16, 1.457805258113317
37, 0, -6.477645767378966
34, 4, 3.095715917254782
14, 14, 0.09728090367487315
-8, 17, -2.536840193513659
35, 3, 3.982063541297902
25, 10, 5.757102698615648
10, 15, -2.29066523942902
-7, 17, -8.296815451647525
27, 9, -0.8316661918136228
33, 5, -0.7019931905029727
-6, 17, -4.423493239921546
5, 16, -3.567293612337195
-5, 17, -3.374295081510908
23, 11, 3.649818806569578
36, 2, -2.039781543406203
29, 8, 1.274521221390893
-4, 17, -9.775158359467301
32, 6, 5.283714229772095
18, 13, 13.73581086901307
-3, 17, 10.49521833532701
37, 1, -8.151555168900265
11, 15, 20.59893673225703
6, 16, -6.264548044683757
21, 12, -3.051090010015475
15, 14, 20.64905893613071
-2, 17, 10.28790582949558
31, 7, -46.23951859746732
-1, 17, -31.98430049248889
26, 10, -7.886260630038652
28, 9, 18.49379457559224
7, 16, -0.5389093454410236
38, 0, -5.765126416271018
35, 4, 3.887610468269096
24, 11, 7.803869231070724
0, 17, -4.997893628087483
36, 3, 4.213242726136374
12, 15, 6.502621817856689
34, 5, 5.137212142872414
19, 13, 3.841617725344961
30, 8, -3.730271499489399
16, 14, 0.0961187074775081
37, 2, 1.045308536214351
1, 17, 4.462512054154355
33, 6, -3.425801180671345
22, 12, 2.167202033015874
8, 16, -4.540409578710605
2, 17, 1.707765852349762
38, 1, -0.8326744706731688
13, 15, 2.581020164116091
32, 7, -0.5461726963531232
27, 10, -1.192091586910657
25, 11, 2.143740222209795
20, 13, -2.935551746845972
9, 16, 0.5498650365802339
3, 17, -0.07583921578637702
29, 9, -1.136168723643519
17, 14, 0.2264297520503573
36, 4, -3.806087943273027
39, 0, -2.644995505574808
37, 3, -3.485910327515259
35, 5, 1.762411233901721
23, 12, -0.2055867411334621
31, 8, -0.6898259394946807
4, 17, -1.733835104238251
14, 15, 3.364110379637792
-9, 18, 0.003706943116638832
38, 2, -4.331249707736303
34, 6, 1.252387056593205
10, 16, 1.922102457299852
-8, 18, -2.641525509646509
-7, 18, -2.545551316658573
-6, 18, 1.387610548110729
5, 17, 0.1581229209462634
-5, 18, -1.2301719876537
18, 14, 1.204141991047266
21, 13, -0.3561388561399875
28, 10, -2.512934142929501
-4, 18, 3.131643607351098
39, 1, -0.1843455051215677
33, 7, -0.9008169359682293
26, 11, 0.4048768368870735
30, 9, 0.2424697381697334
15, 15, -0.3126104896922425
-3, 18, -0.4972313117159528
11, 16, 1.431740503366594
6, 17, 1.47370044687632
24, 12, 1.248942747250321
-2, 18, -3.216122209083011
37, 4, -0.9439137701801295
40, 0, -0.1095901113786301
32, 8, -0.895202384423232
36, 5, -2.180794919736495
38, 3, -1.975277949079879
-1, 18, 1.540080303648463
19, 14, -0.7413036692522044
7, 17, -0.4443041539050325
35, 6, 2.180874789028334
22, 13, -1.571317405163946
12, 16, -2.035301291387862
39, 2, 1.836233709262012
0, 18, 1.953695610104116
16, 15, -0.02734090614918693
29, 10, 0.2085127074791143
27, 11, 0.4477700749657698
34, 7, 1.67213861220775
1, 18, -3.720997017129141
40, 1, 1.163494043341518
31, 9, -2.416094304276618
25, 12, -0.009859032781913154
8, 17, -2.655134258589479
13, 16, 0.2936864734524174
20, 14, 2.282501535365024
2, 18, -1.789046909985517
17, 15, 1.987503651346613
33, 8, 3.595451077802779
23, 13, -2.720261253094721
38, 4, 2.882889179958603
37, 5, 4.460311006865724
9, 17, -5.805416713544021
41, 0, -4.666128145275207
39, 3, -0.9993772105138815
3, 18, -0.3517678792096053
36, 6, -1.692328578936083
28, 11, 1.745381795583286
40, 2, 4.280940711852481
30, 10, -4.091068570088232
14, 16, 0.3106068878113934
26, 12, 1.44214253998383
4, 18, 0.4982834521075231
35, 7, -0.6297096046980187
21, 14, -0.9090973101817941
10, 17, 2.54800930984278
-9, 19, -0.8910698618682881
32, 9, -3.079418455775897
-8, 19, -1.590835716396226
18, 15, -0.1449303577742188
-7, 19, 4.311952138980933
41, 1, -2.060415348932152
-6, 19, -1.76918941633834
24, 13, 0.6656802528962485
5, 18, 1.978473821874595
-5, 19, 5.430533782345364
15, 16, -4.80468189422172
-4, 19, 1.806360385886322
34, 8, -1.486671362353566
11, 17, 1.201382502232675
39, 4, -0.646239554821691
-3, 19, 1.668009658068384
38, 5, 0.4898869303471615
42, 0, -1.428337320817222
6, 18, -0.2785104248340723
40, 3, 1.065578789231012
29, 11, -0.6145134567298499
37, 6, -3.314192319749521
31, 10, 4.659106775351315
19, 15, 1.300235917118246
-2, 19, 3.336625251444031
22, 14, 1.433067015051839
27, 12, -0.7473069488843312
41, 2, 1.855755836259569
-1, 19, -2.278901972804498
33, 9, -1.426361860597309
16, 16, -4.228610157896824
36, 7, -0.384395692549438
12, 17, 2.84178158701194
25, 13, -0.8738578620655491
7, 18, -0.5377126733267185
0, 19, 0.6007193393593373
42, 1, 1.432081745206235
35, 8, -0.04702751216443095
20, 15, 2.591825858720162
1, 19, 2.225186133498026
8, 18, -2.561802574602462
23, 14, -1.346760064220186
30, 11, 1.502458650185363
13, 17, -2.857038770339348
40, 4, -0.2239496188847636
28, 12, 1.843277391280955
39, 5, 0.08368523347963701
17, 16, 0.3481324538713374
32, 10, 1.377489248400272
2, 19, -0.3121534130970781
43, 0, 0.7989432356786459
41, 3, 1.985825168101975
38, 6, -3.600288465672181
26, 13, -0.8920524571370171
9, 18, 4.988621076809897
34, 9, -2.969160058674925
42, 2, 0.7500221480764377
3, 19, -1.63083866086559
37, 7, 2.41911812530331
14, 17, 3.610354131505531
21, 15, 0.3672197584523439
24, 14, 3.705131617571137
18, 16, -2.059428305822306
43, 1, -2.622985522669102
4, 19, 2.107785673029852
10, 18, -2.975587947118235
-10, 20, 0.01130378971797324
-9, 20, -0.9176889984800766
36, 8, 0.5794701905549146
-8, 20, -1.582444646804313
31, 11, 3.967965759243603
29, 12, 0.7595625286161596
-7, 20, 0.6548107999145516
-6, 20, -3.648229766384031
33, 10, 5.061287267891477
41, 4, -3.29709316572172
40, 5, 4.912729490272156
27, 13, -2.168711891340803
15, 17, 5.64657166419905
5, 19, 1.729822219919833
-5, 20, -3.264030683835509
42, 3, 1.083919585916622
39, 6, -0.1796290348783059
44, 0, 0.03846955380431991
-4, 20, 1.101075139959514
22, 15, -1.966370660604095
11, 18, -3.077602044922861
35, 9, 3.84342949442968
19, 16, -0.2065602470486222
-3, 20, -3.501447187152725
43, 2, 4.492393667870186
38, 7, 2.03676663467728
25, 14, -6.398006854739801
6, 19, 1.753210368162284
-2, 20, 0.5894556064586191
16, 17, -2.235753711741398
30, 12, -4.117620438970564
12, 18, 1.280263044547961
32, 11, -1.185422303833303
-1, 20, -0.2226088084448314
44, 1, 2.527074263347574
37, 8, 0.9220208391957927
7, 19, 2.542540358844283
28, 13, 3.679899749826889
34, 10, 1.229575672338011
23, 15, 0.4991520538743241
20, 16, 4.926173058910119
0, 20, -1.473447368242212
41, 5, -6.857721567300006
42, 4, 3.800652002992321
40, 6, -0.7368367358556011
26, 14, -3.867181475952172
1, 20, -1.526331224291231
8, 19, -2.836254137302605
43, 3, 2.199923271274236
17, 17, -3.340823232473296
13, 18, -0.1050743101846987
45, 0, -4.643587106099583
36, 9, 3.926664533115841
39, 7, 2.795306757751971
44, 2, -1.029085305409123
2, 20, -0.4181910448624755
31, 12, -2.697558319984619
33, 11, -3.070756314619584
21, 16, -5.238239641595987
9, 19, -2.83317337594191
24, 15, 1.875549825131305
29, 13, 0.0950192809366925
38, 8, -6.556395973785327
14, 18, -1.394612232035072
3, 20, 0.5099618749176934
45, 1, -3.389382674093743
35, 10, -4.666797402284878
18, 17, 2.300306719704065
27, 14, 1.878222129396154
10, 19, -2.91699602242545
-10, 21, -4.001606773017788
4, 20, 1.517690624524498
-9, 21, -7.36310284306852
42, 5, 1.85022632478602
43, 4, 5.09708972713856
-8, 21, 2.726651070421922
41, 6, 5.978125649601641
37, 9, -0.4643419652442012
-7, 21, -4.460170613187376
44, 3, -7.380960478067655
15, 18, -1.46589489986716
-6, 21, 6.848369528548739
46, 0, -6.723297821479708
22, 16, -1.36927048162315
40, 7, 6.805437245518494
25, 15, -3.423162656892475
5, 20, -6.802270271530201
-5, 21, 9.110654221814517
32, 12, 2.702612656163454
19, 17, -0.7041063801678791
45, 2, -0.9196018021596735
34, 11, 6.521038247861258
30, 13, -11.25680918863357
11, 19, 16.80851493572859
-4, 21, 9.163316398987552
-3, 21, -94.04875693639349
39, 8, -16.78388493355671
36, 10, 18.77750222171972
28, 14, 41.43917960031323
6, 20, 11.76174745175109
16, 18, -51.51699631152646
46, 1, 0.3743488424946433
-2, 21, 46.2631877086277
23, 16, -3.945261588100542
12, 19, -24.75242364168878
20, 17, -14.46714914528716
-1, 21, -4.331372994052921
43, 5, 4.456299325634283
7, 20, 10.75795504709787
38, 9, -1.694156927450459
26, 15, 2.632461849764179
44, 4, 16.47132496288727
42, 6, 8.140582192880299
45, 3, 10.1131031190055
33, 12, 1.560004271219944
0, 21, -4.855539905414119
47, 0, -4.611605178771235
31, 13, -0.6486610030353042
41, 7, -7.273889151024806
35, 11, -6.500525016403144
17, 18, -0.0931097581159309
13, 19, -3.670955147579404
8, 20, -3.030635729059899
29, 14, 2.105734182537994
1, 21, 1.563157111668066
46, 2, -2.079293714468238
37, 10, 2.87766803488901
40, 8, -4.269927247588232
24, 16, 0.1448265559057902
21, 17, 4.413170645497659
2, 21, -4.608068769691845
27, 15, -1.725033347353724
47, 1, 1.380832577385553
9, 20, -3.7398795927738
14, 19, 1.779767751773606
18, 18, -0.334604597648452
39, 9, -3.335668329330786
3, 21, 0.8512469429733155
44, 5, -2.153750282449304
34, 12, 3.405272801956337
45, 4, -1.119981455623907
32, 13, -1.473102195309388
43, 6, 1.292949633508132
36, 11, -1.665235727636666
46, 3, 3.436118104773357
-11, 22, 0.02939239539883202
10, 20, -3.674652704063428
-10, 22, 0.6993257612302116
30, 14, 2.71539514107583
42, 7, 1.031600312561323
-9, 22, -2.154259337278379
22, 17, 3.763385624361085
48, 0, 1.332736926798688
25, 16, 3.497874470147162
4, 21, 1.536888759418135
-8, 22, -5.185854171950506
-7, 22, 1.638701627672062
15, 19, 4.93667833481511
47, 2, 0.6024496984637419
19, 18, -0.3389812050277129
38, 10, 0.3174229975415088
-6, 22, 0.7419802041735674
41, 8, -0.8169872097551582
28, 15, 4.759692781235146
-5, 22, 3.186273542598419
5, 21, 4.024255016565362
11, 20, -1.169061584540901
-4, 22, -1.191397801004844
48, 1, 3.339004900762585
-3, 22, 1.870974551573974
33, 13, -2.206193224728142
40, 9, -2.007447420884501
35, 12, 0.5590972056521929
23, 17, 2.552336365456183
16, 19, -1.51518610848035
6, 21, -3.164551960736718
26, 16, -1.387914357031026
45, 5, 1.284368725472968
31, 14, -5.327101139866222
46, 4, 0.7862946496941492
44, 6, -1.36163556644749
20, 18, -0.2485107396216638
-2, 22, -6.512165756233431
37, 11, -1.094426314628903
12, 20, 3.924454913061769
47, 3, 0.2790352026551101
43, 7, -0.7860318704634667
-1, 22, -3.29073605855523
49, 0, -0.278767389356008
29, 15, 1.368592910918997
7, 21, -2.178380639161143
39, 10, 0.8373648013049702
17, 19, -0.1315608285356738
48, 2, -2.042700555779824
42, 8, 0.3941162694524019
0, 22, -3.807849456279317
24, 17, 0.3047125291123465
13, 20, 1.443124598346093
8, 21, 1.725931704004132
21, 18, -1.181903903714131
27, 16, -1.985210820866921
34, 13, -1.37856592333901
1, 22, 2.085615857530286
36, 12, 0.7573359286760175
32, 14, -2.003928001450971
49, 1, -1.721527343668218
41, 9, 3.27986692386321
38, 11, 1.142125397617768
2, 22, -0.7591452136535405
46, 5, 1.660930539644001
18, 19, 0.5035852642116657
45, 6, 2.375870509143065
30, 15, -5.832125334092306
9, 21, -0.1609774745341956
14, 20, 1.083937840294725
47, 4, -2.792915471956532
44, 7, -1.37858048796648
48, 3, -4.136260689811603
3, 22, 2.891327493510587
25, 17, -2.949303337120751
50, 0, -0.1529194533431469
40, 10, 2.502572349312758
22, 18, 0.03839471037695912
28, 16, -1.100582164268404
43, 8, -0.7102613026416105
-11, 23, -0.7302353266952354
10, 21, 0.172641100569725
-10, 23, -1.039270994224322
49, 2, 3.80998943078067
-9, 23, 1.483633891488386
4, 22, 0.6111908885079723
35, 13, -2.317788959144475
15, 20, -0.4847573811639876
-8, 23, 4.441981822165485
19, 19, -0.6513320384503921
33, 14, 2.991085256286037
37, 12, 1.036492056471914
-7, 23, -1.073720204926217
-6, 23, -2.698011474236318
42, 9, -1.186563674313066
31, 15, -4.221621224392162
50, 1, 3.039453437297874
39, 11, -1.424548012633851
5, 22, -1.597054281479095
-5, 23, -4.82295982849344
11, 21, 0.7725113875616253
23, 18, -0.9410601092955028
26, 17, 1.418089885256169
47, 5, 0.1127967601033792
-4, 23, 2.545067010659406
46, 6, -2.51769402381903
48, 4, 3.846079973948658
16, 20, -2.377160113794752
45, 7, -1.99776694304858
29, 16, 3.204689685088934
20, 19, -1.214311146431307
-3, 23, 4.830335887825639
6, 22, 2.27941132991204
41, 10, -0.4982494826029688
49, 3, -0.874868739097501
51, 0, -4.010726110300829
12, 21, -1.515504550797692
-2, 23, 1.213866101795031
44, 8, 2.321006386591749
36, 13, 2.094902674348607
34, 14, 0.3713144472948097
50, 2, -5.023448074847815
38, 12, -1.522306001392737
7, 22, -1.557114716428633
-1, 23, 2.818519328233013
24, 18, 0.9285407224243994
32, 15, -1.849502741236958
17, 20, 4.041689439380918
27, 17, 1.114735794242843
43, 9, 1.551775440261256
40, 11, 4.973860847650232
21, 19, 3.797715971109166
0, 23, -0.99671303206961
13, 21, 1.227216287533314
51, 1, 0.3534533207624559
30, 16, -1.911960041649979
8, 22, -0.1872721983675086
48, 5, -2.171029930027653
1, 23, -3.2761051566376
47, 6, 2.588691469310043
49, 4, 0.1365234898840524
46, 7, -0.5787412247046115
42, 10, -1.370231668944811
18, 20, -0.1063802130091803
50, 3, 4.913959131936853
37, 13, -2.114155815943476
35, 14, 2.663633856289614
25, 18, -0.9915336202957579
14, 21, 0.878849733935805
2, 23, 0.9047469253485487
9, 22, -1.089734230149014
52, 0, 0.1415155174615584
45, 8, 0.623508915721153
28, 17, 3.263212917812577
22, 19, -2.7947922393987
39, 12, -0.6043363277628641
33, 15, 0.7539239708085058
51, 2, 4.566927534939992
3, 23, -2.501036072372408
-12, 24, -0.009692142783751528
44, 9, -0.9537835300758196
41, 11, -1.605331053052349
31, 16, 5.031541544064477
-11, 24, 1.414472225778189
10, 22, 1.895761155487353
-10, 24, -1.742772703606364
19, 20, 0.8369243502656095
15, 21, 1.099843795831106
-9, 24, -3.368603505736855
-8, 24, 0.7711029167672371
4, 23, 0.7514564201697079
52, 1, 3.102235101765717
-7, 24, 5.387211861685659
26, 18, -1.047073079531418
49, 5, 3.693630416646206
23, 19, -3.126773092280961
48, 6, 1.742125358142818
-6, 24, -0.502717630422992
43, 10, 2.123809674326891
29, 17, -1.093300379050618
50, 4, -3.18009695244498
36, 14, 2.156132155370884
47, 7, -2.163633940320707
38, 13, -0.5719120248447718
11, 22, -1.126643821500717
5, 23, -0.7125176635616771
-5, 24, 3.506704660212145
34, 15, -2.655452808992709
16, 21, 1.398078652252243
51, 3, -0.8074516884432863
40, 12, -2.019387029124345
20, 20, 1.183092189148183
-4, 24, -2.692552802630557
46, 8, 0.0376544502786157
53, 0, -4.152471920214412
32, 16, 1.475424276530193
-3, 24, -2.91097146135557
6, 23, -0.8497015204109934
52, 2, 0.850985762851068
12, 22, -0.06998695709175738
42, 11, 1.380473581332051
45, 9, 1.130408658687289
27, 18, -0.328953251185851
-2, 24, -1.437175874735119
24, 19, -0.05784293558571121
17, 21, -0.1170003299871625
30, 17, 1.044683486492987
7, 23, 2.682977233323048
-1, 24, 1.831620657220878
21, 20, 3.44813689278027
53, 1, -1.942658263240669
37, 14, -0.7114302368008081
39, 13, -3.142897675093665
50, 5, -1.147084932910927
49, 6, 6.368183425934217
35, 15, 0.6373762252046681
13, 22, -3.829972406422969
44, 10, -2.143364051194232
0, 24, -0.5593672705472635
51, 4, 2.185295683569315
48, 7, -3.616073983420933
41, 12, -3.625485747203035
8, 23, 0.878727799940613
33, 16, -2.408116219962644
52, 3, -1.477527216842488
47, 8, -2.475719765590787
25, 19, 1.22935198733584
1, 24, 2.271735698320355
18, 21, -0.312367183008284
28, 18, 3.011188555977427
54, 0, -0.3650713299580702
22, 20, 1.624568998480974
14, 22, -2.10235486360822
43, 11, 0.7935043763100095
2, 24, -1.824761188008365
31, 17, 0.460494731502783
9, 23, -0.3580272934359997
53, 2, 1.401517776227614
46, 9, -2.033168110406662
38, 14, 3.911989649588434
36, 15, 2.561461380594567
3, 24, 2.267123426802935
40, 13, -3.840972618957339
19, 21, -5.683112708381021
-12, 25, -2.108867168764995
-11, 25, -1.127116646630815
54, 1, 4.848622980680519
45, 10, 2.120494155464816
26, 19, -6.266282017680171
15, 22, -5.408882398265426
10, 23, -0.7433471284806997
-10, 25, 0.598276200845372
50, 6, 0.09206656153247264
34, 16, -1.665783298855649
51, 5, 3.022883611022761
-9, 25, -0.6971598369534554
29, 18, -2.699948406184013
42, 12, -0.5242579263311739
49, 7, -1.005720031204349
23, 20, -0.1961639877273585
-8, 25, 1.057867761534482
52, 4, -1.969634012964044
4, 24, -0.9427753833762796
-7, 25, -0.9853763885510514
48, 8, 3.297717086854663
-6, 25, -1.811183726215573
53, 3, 2.42509501471703
32, 17, 1.877442505166616
11, 23, 4.069725128850631
55, 0, -1.413968298778728
44, 11, 3.882482580445545
20, 21, -2.295155772101597
5, 24, -5.502777762142122
-5, 25, 0.1838975898707549
16, 22, 3.082858176658537
47, 9, 2.92352629990932
-4, 25, 3.998857947234538
54, 2, -2.523873859324695
39, 14, 2.377399070259745
27, 19, 1.762720522359692
37, 15, 2.794684655200264
24, 20, -0.580861106247432
41, 13, 1.28699568804527
-3, 25, 2.342407542694641
30, 18, -3.982568410056201
6, 24, 2.898935761060533
35, 16, -3.599492534458508
12, 23, -0.8723019018605362
46, 10, -1.859261195881128
-2, 25, 0.003310722788891294
17, 22, 2.605513251539385
55, 1, 2.173107200656156
43, 12, -3.246219129704317
51, 6, -0.5378521992300423
21, 21, -0.1891348646333567
52, 5, -0.9165723023025055
50, 7, 1.99116234785605
33, 17, 2.878387830065802
7, 24, 0.225828021023199
53, 4, -2.612997659725229
-1, 25, 1.480524709645931
49, 8, -0.04793908099556637
13, 23, 1.533775316706915
28, 19, 0.3794060651377301
54, 3, 0.6405661441974754
45, 11, 1.47646050366831
25, 20, 2.191721731117115
0, 25, -2.023076099336653
56, 0, 3.02792661194735
8, 24, -0.4987100756463843
38, 15, 0.2314542837622805
31, 18, 0.2421754448592391
40, 14, -1.163590894439775
18, 22, 4.473169463825883
48, 9, -0.2874680585259654
22, 21, -0.2104953946816869
1, 25, -0.2597645091599008
36, 16, -0.5158928691518307
55, 2, -1.980813552010335
42, 13, -1.779315477385123
14, 23, -2.779834138598062
9, 24, 0.3898210940545909
47, 10, -3.129563852112805
34, 17, -2.90840484443046
2, 25, 2.091122327617359
44, 12, 2.788666271548398
52, 6, -1.512222079188298
26, 20, -0.02699985848773531
56, 1, -2.529798213282225
29, 19, -0.115210351171602
53, 5, 1.18866134639807
19, 22, -0.5814131375460275
51, 7, 2.184048158054628
3, 25, 0.8050986413601106
-13, 26, 0.009469898026120992
54, 4, 0.7831394174844714
-12, 26, -2.071335602518566
15, 23, -3.249046596495301
-11, 26, 2.014807584649046
23, 21, 2.876903434035964
50, 8, -2.689982286847354
32, 18, 3.469547580679291
10, 24, 4.43005514752278
-10, 26, 1.52132065013369
46, 11, -1.302381400434237
-9, 26, -1.468095306850161
39, 15, -1.689180588285482
55, 3, 3.598320116731268
41, 14, 0.7673479618712435
-8, 26, -1.016942735357905
37, 16, 2.59835255364668
4, 25, 3.155178362677862
49, 9, -3.802352315458346
-7, 26, 2.789016318755911
57, 0, -0.7758533753457751
43, 13, 0.689598902537211
20, 22, -1.077275002482039
-6, 26, -4.829512656314281
35, 17, -1.530119142248456
11, 24, -0.2880144993446067
56, 2, -0.8324816010326836
27, 20, -0.4391233842526249
16, 23, -0.5486169982044411
30, 19, 7.538208399613579
5, 25, -2.373125926576604
-5, 26, 1.37670291394415
48, 10, -1.967605956941402
45, 12, 1.385717965386979
24, 21, -1.405004967792541
-4, 26, -1.902229367670414
33, 18, -0.08819283455238973
53, 6, -0.8465151082346837
57, 1, 0.9218822525171948
54, 5, -2.561560397219091
6, 25, -0.7771051659516759
-3, 26, 1.434590620415805
12, 24, -1.439178724851156
52, 7, 1.151902629277608
21, 22, -2.445466810150913
55, 4, 2.846777481775305
40, 15, -0.8967574306542677
17, 23, -5.40874657048808
51, 8, 3.523494816736211
47, 11, -0.4000583289848098
42, 14, -0.2704890398735861
38, 16, 0.1603671077214336
-2, 26, 2.31614472133704
28, 20, -0.189735588206841
56, 3, 1.148191881800909
7, 25, 0.9530571190483227
44, 13, 1.461314488417128
36, 17, -1.837036623585616
50, 9, 1.16105932845304
31, 19, -2.346272017926938
25, 21, 0.1208406548752979
-1, 26, -2.822670536991875
13, 24, 2.804900698546076
58, 0, 0.6215913552072145
0, 26, -2.678937193822924
57, 2, 3.309308628351578
18, 23, -0.5711220656788722
46, 12, 2.393790620887024
22, 22, -1.314805692979812
34, 18, 0.8882896224551295
8, 25, -0.181950058641729
49, 10, 2.183622483369681
1, 26, 3.269031491679987
14, 24, -1.14392481061822
54, 6, 0.3146252413490433
41, 15, -3.621235350474908
29, 20, -0.6927823215186809
55, 5, -0.189092807694855
53, 7, -3.912773932526519
39, 16, 3.069475253550488
58, 1, 0.1777089676550256
26, 21, -3.86285157957426
43, 14, -1.507652368738062
9, 25, -1.457821105532982
2, 26, -1.335963310134398
48, 11, -1.291879302832682
32, 19, 1.276402913853905
56, 4, 2.248787840302968
52, 8, -3.187290361233793
37, 17, -0.06700229661776798
19, 23, 3.782991930755765
45, 13, -1.708941083990845
23, 22, 3.082179861234323
-13, 27, 1.201803903246247
57, 3, -1.001030258598292
51, 9, -0.4630826423132075
15, 24, 0.1228548301034305
-12, 27, -0.3914497261370966
3, 26, -1.63624539505907
-11, 27, 1.12751602814753
35, 18, 3.630031439706013
10, 25, -1.957719177057385
-10, 27, -2.702669232172324
59, 0, 2.731198649588627
-9, 27, 0.9869255908210547
47, 12, -1.119412770446019
-8, 27, -1.341406215073819
58, 2, -0.9237694913654297
50, 10, 4.030464930879637
30, 20, -4.196852531836295
4, 26, -1.08281826106843
27, 21, 1.124624385322582
20, 23, 1.716464498687247
-7, 27, 1.480111496542964
42, 15, -1.219006033292884
-6, 27, 2.652268884225787
40, 16, -0.8225913280193416
16, 24, 3.922148072413942
33, 19, -0.05968477815361797
11, 25, -1.394466048214146
24, 22, 1.230321721954714
44, 14, 2.558311073847201
55, 6, -2.08946089773467
38, 17, -1.90839050406279
5, 26, -2.939126919319127
-5, 27, 1.045309133094668
54, 7, -0.1628811056185796
56, 5, 1.190765665988283
59, 1, -0.3546486323834647
49, 11, -0.2979428388141429
53, 8, -2.891858469475614
-4, 27, 1.616486636717285
57, 4, -0.6346640296431572
46, 13, 0.917075960621123
36, 18, -1.799345815691385
21, 23, -0.615602952244749
12, 25, 0.2476778244627298
6, 26, 1.149508644843442
-3, 27, -1.854004780184713
52, 9, -1.338176549854885
28, 21, -0.7732955818752298
17, 24, -0.3353959717655733
31, 20, 1.250553083258907
58, 3, 2.722668034703916
25, 22, 1.762200346401309
-2, 27, -2.937301582354682
60, 0, -5.784773604336472
48, 12, 1.913736048448747
34, 19, 1.278296523624117
51, 10, -3.040180780683604
7, 26, 2.727505241909436
41, 16, 0.7423185984041781
59, 2, 0.8440923619123858
43, 15, 0.5939726249086758
13, 25, -0.1079951860450524
-1, 27, -0.8277858994389981
39, 17, 3.41069633574747
45, 14, 0.1288578105475196
22, 23, 5.822005860437098
18, 24, -0.4745608189209746
0, 27, -2.042689771184419
56, 6, -0.5869827334550295
8, 26, 1.779099491835564
55, 7, -2.797609660674942
50, 11, 1.920535919297421
37, 18, 0.400310242123471
29, 21, -2.583847545373041
57, 5, 0.1278751814804229
32, 20, 0.9542977856436611
60, 1, -2.226293682490796
47, 13, -1.965191975736391
54, 8, 2.574396207138966
26, 22, -2.46350997610981
14, 25, 1.746835258611867
1, 27, 2.038768629428759
58, 4, -0.510949992730974
53, 9, 1.359107564635578
35, 19, 3.104844106852848
9, 26, -0.0007742411954515877
19, 24, -1.237757198936678
59, 3, -0.6048091393772362
23, 23, 0.3454434322547885
2, 27, 3.858657173054262
49, 12, -3.975191987079385
42, 16, 0.9839119301247263
61, 0, 1.439449644645852
44, 15, -0.9660121270204742
52, 10, -1.975420320272676
-14, 28, 0.02507370291572369
40, 17, -2.142744670906515
15, 25, 2.696488946842435
-13, 28, 4.994975769766127
-12, 28, 0.7198400802644679
-11, 28, 2.912607138241796
30, 21, -0.1494137524795294
3, 27, 1.698982315825294
60, 2, -3.557776997527459
46, 14, 1.147417637059443
10, 26, -3.335059431870449
-10, 28, -6.110109810490933
27, 22, 1.002456704615539
38, 18, 4.102365164282602
33, 20, 1.075437832575203
-9, 28, -2.082417891174892
20, 24, -1.997679318612091
-8, 28, 1.803776391966706
51, 11, -1.774477079867666
4, 27, 1.83614736632454
57, 6, 1.245751212164685
56, 7, 2.957824011056525
48, 13, -0.3792249423966818
24, 23, -1.523523931139164
-7, 28, -1.005981564880286
58, 5, -2.054135218901314
16, 25, 0.325395921955495
55, 8, 2.334926033040637
36, 19, -4.235084017476506
61, 1, 1.28638135041094
11, 26, -0.528821302642647
-6, 28, -6.11467502262765
59, 4, 0.006718533111365751
5, 27, 0.04122019904733269
-5, 28, 0.4779224133903342
54, 9, -2.936104336234976
43, 16, 0.4742696403666246
31, 21, 2.887421333872874
50, 12, 0.08828224933647381
28, 22, 1.603922796623967
41, 17, -0.5825542468156439
-4, 28, -2.267341277403972
60, 3, 1.291700322901431
45, 15, -3.321713813038026
21, 24, 2.570900960204619
34, 20, -1.202119634466809
12, 26, -2.735612876996613
53, 10, 0.4453517182893723
17, 25, -2.714159881619118
39, 18, -0.9226477100305674
6, 27, -2.195903902921838
62, 0, 0.5089366471980099
25, 23, 0.3183646858369601
-3, 28, 1.040453278782228
47, 14, 2.373366508679556
61, 2, -0.4376184403622907
-2, 28, 1.180068001995955
37, 19, 0.528693373314252
52, 11, 0.6939659192915351
49, 13, 0.2137876544834201
7, 27, -1.269442912502103
13, 26, -1.429709554716835
58, 6, 2.750759009152428
22, 24, -1.346642315531568
57, 7, 0.5360484865371167
-1, 28, 2.5891020148228
29, 22, -1.363496908278596
18, 25, 1.961796551006085
59, 5, 2.302777893979139
32, 21, 0.5974182009171916
56, 8, -1.379560324426637
62, 1, 2.363768897315682
26, 23, -3.150148380680207
60, 4, 0.2995985928821439
44, 16, 0.7484159856901441
0, 28, -0.8803185949688321
42, 17, 1.733253921427382
55, 9, -0.3158364423090723
35, 20, -2.236726109476093
8, 27, 0.861942969247348
46, 15, 1.249903985858143
51, 12, 2.450552680498318
40, 18, -2.014430921007811
14, 26, 1.013854420553992
61, 3, 1.086265591158274
1, 28, 0.3775390115855087
54, 10, 3.711260475939568
48, 14, -2.522304620846629
23, 24, -1.412363130438326
19, 25, 0.06711051596142287
63, 0, -3.396514637501544
9, 27, -1.604413608102939
38, 19, 1.7446947977384
30, 22, -0.5551410970189713
2, 28, -3.418965808359144
33, 21, 1.665804301904983
62, 2, -0.4714768145319039
50, 13, -5.913303555480721
27, 23, 0.5782227025852539
15, 26, -5.660466218196405
-14, 29, 1.604105343311287
53, 11, 0.1699117848194793
-13, 29, -3.268597746038574
-12, 29, -1.207187077270901
-11, 29, -1.298055125406869
3, 28, 0.1867051380163974
59, 6, -4.5425210954613
58, 7, 1.07196072503285
10, 27, 6.757237332579014
-10, 29, 1.094952442298402
36, 20, 2.350506332915032
60, 5, 3.637169143901044
57, 8, -2.774519684423002
45, 16, 0.4087770564664716
43, 17, 5.514046339549912
20, 25, -3.749482285043526
-9, 29, 0.2939053667677127
24, 24, 0.9673692247085458
63, 1, 4.184418298421371
-8, 29, 3.458232827548574
47, 15, -1.826071054714984
41, 18, 1.056634051029471
61, 4, -0.4730829878509175
56, 9, 0.4788461567467465
52, 12, -5.594160269278873
4, 28, 4.87401305833734
-7, 29, 0.3561563862852266
16, 26, 1.788833998475877
31, 22, -2.302226661970689
11, 27, 1.1265947332911
49, 14, 2.188763589642233
39, 19, -1.914349068074828
-6, 29, 3.435379329583103
28, 23, -0.01613544094652614
62, 3, 2.948919375856956
55, 10, 2.895543977012354
34, 21, -6.453953585363342
5, 28, -1.142977191372867
-5, 29, 0.0987401369244698
21, 25, 2.004071363717367
64, 0, 1.47345631171557
25, 24, 1.682516911553354
-4, 29, -0.09685835922505211
51, 13, 3.388381389085405
37, 20, -4.964104688489629
17, 26, -0.8730706021554491
12, 27, -2.927025564870005
63, 2, 4.762143024900401
54, 11, -3.740108765244908
6, 28, 4.72452257365952
-3, 29, 2.351260783961162
44, 17, -1.500132560395887
46, 16, -3.594307547701763
59, 7, -0.1375527549121107
60, 6, -2.976946044891202
42, 18, 2.714210602922016
58, 8, 3.666339970938606
32, 22, 3.941763199427472
48, 15, -1.72180691102336
61, 5, -0.6576556700474597
-2, 29, -2.708329075471636
29, 23, 2.415250348373266
22, 25, 1.990663505357263
64, 1, 2.101237229167927
53, 12, -0.05003467256369849
40, 19, -0.02475652254214257
35, 21, -2.184681522465554
13, 27, 4.980052696186376
7, 28, 0.6998400779723717
57, 9, 2.646512243257432
62, 4, -1.95994497567721
18, 26, 3.551097415502945
-1, 29, 1.703810941920786
50, 14, 3.329433104088015
26, 24, 1.569473477044566
56, 10, -1.502459616932044
63, 3, 0.9497207601973787
38, 20, 1.09748606398139
0, 29, -0.7709984549836463
8, 28, -4.391509590467875
14, 27, 4.37841999101797
65, 0, -5.956139938418911
52, 13, 3.993259414715908
23, 25, -3.577111184737829
55, 11, 1.870719815395444
45, 17, -4.931703040941222
33, 22, -2.216773246167389
30, 23, -1.586024187595171
19, 26, -2.237155933090668
1, 29, -2.548874573552727
47, 16, 1.601071327024824
43, 18, 0.1822884592532675
64, 2, -0.7513084118491817
9, 28, -1.465807340707828
36, 21, 0.7688539683370107
27, 24, -2.18917843436941
49, 15, 6.64172776957371
60, 7, 0.8883365749155675
41, 19, 0.8444458260503207
61, 6, -0.6621821611063019
2, 29, -1.507487982519683
59, 8, -3.830354639750065
15, 27, 0.8417629092322597
-15, 30, -0.009820504352791174
-14, 30, 6.960984355262842
62, 5, -2.416159161222803
-13, 30, 1.857375352957184
54, 12, 4.172425750936738
-12, 30, 4.848694827551108
58, 9, -0.9309184264000054
-11, 30, -2.582728593864352
65, 1, -2.059306260596053
51, 14, -6.132368496989211
-10, 30, 2.399252436057652
20, 26, -4.371959146821007
10, 28, 2.174800984954578
63, 4, -0.08084408174653686
39, 20, 1.225602245500357
24, 25, -8.789672549839871
3, 29, -4.277291429598726
-9, 30, 0.3975443060581316
57, 10, -0.6400802480981858
31, 23, -2.740259459539361
34, 22, -3.504671429601661
-8, 30, -1.25751523074979
64, 3, -1.350347489868561
16, 27, 0.08881119931132908
28, 24, 1.547202686078904
4, 29, 3.612507767614157
-7, 30, -3.884300240964926
53, 13, -0.1406491842459979
46, 17, 1.947653569536815
44, 18, 0.2649408551664583
11, 28, -0.04936812141229173
37, 21, 1.913424173178142
48, 16, -0.4738316941947663
66, 0, -0.9077549570332466
-6, 30, 0.312167185249593
56, 11, 0.1416020272200422
42, 19, -6.257529291523476
21, 26, 3.911911274617441
65, 2, 2.127519120984071
50, 15, -0.8871180004038584
25, 25, -1.245354597859937
5, 29, -4.91165434545266
-5, 30, -1.966237855389614
61, 7, 0.3429969612754224
17, 27, 2.456938451311534
62, 6, 1.339304462751799
-4, 30, 0.02325895562173963
60, 8, 0.6191492040432049
40, 20, -2.88625102417552
12, 28, 2.55272811684138
55, 12, 1.634042746198802
32, 23, 2.314082964884683
63, 5, -2.359412914088704
52, 14, 2.533772234688926
35, 22, 2.56127511478474
6, 29, -3.154954126314086
59, 9, 0.4373988508219703
29, 24, 0.6031729493948228
-3, 30, 1.140979427185408
66, 1, -1.114676690433061
64, 4, 2.056580980992653
22, 26, 1.36610589333087
58, 10, -3.74739489626545
-2, 30, 1.924890963669035
38, 21, -3.352199501399867
26, 25, 0.9618856951979707
47, 17, -1.925515926429322
13, 28, -0.8812509275588642
45, 18, 1.685810632627405
18, 27, -5.216335711158719
7, 29, 3.22805222068276
54, 13, -6.07501191180241
65, 3, 0.7877213115437193
49, 16, 2.614944159348714
43, 19, -1.363887171233741
-1, 30, 3.468754791426871
57, 11, -4.171270763512921
67, 0, 5.273328410257969
51, 15, -3.48271370943422
33, 23, 0.1240946779373053
0, 30, -4.510322995534112
30, 24, -0.1375710753762882
41, 20, 1.741852367610214
8, 29, 1.978718131944627
23, 26, 4.242372570923441
66, 2, 2.65689463529648
36, 22, 1.427964348061377
14, 28, 0.4611273097808459
19, 27, 1.734763976010628
62, 7, 1.690679765643868
63, 6, 0.4844137665714318
56, 12, 2.215106135760647
61, 8, -3.570318844848874
27, 25, 3.406894770242711
53, 14, -0.9190172510369822
1, 30, -3.476738747701975
64, 5, -0.6380039014342905
60, 9, -2.699435973182685
39, 21, 0.1040897401916656
9, 29, -2.299493394885899
67, 1, -2.468014340852585
46, 18, -0.5285174636955298
2, 30, -2.311518695824655
65, 4, 2.572788257365044
48, 17, -0.7904085503085166
15, 28, 4.366943506971237
-15, 31, 3.246023101749748
-14, 31, -4.400949008340817
59, 10, 1.901877712631351
-13, 31, -0.06083738332464337
44, 19, 5.407645428940413
-12, 31, -4.313482715191422
50, 16, 1.521676618995625
24, 26, 2.231858405155826
34, 23, -0.2329308085951412
55, 13, 2.193404780314823
31, 24, 0.5534603382534047
20, 27, 4.495020185007846
-11, 31, -1.800793380583321
10, 29, 0.4021096972450489
-10, 31, 5.680956661604426
66, 3, -2.752258934679601
3, 30, 1.454925611635048
37, 22, 2.153135892254729
42, 20, 2.686840105774357
58, 11, 2.168245450181781
-9, 31, 3.343001667128853
52, 15, 3.049326204206053
28, 25, 1.277925579756401
-8, 31, -1.652453602213477
68, 0, -0.8144539666471798
16, 28, -5.273021822356299
4, 30, -0.7211220155724023
-7, 31, -2.225017871908633
67, 2, -0.5715452513123936
11, 29, 0.0712223276777303
40, 21, 0.9225848151925227
54, 14, -0.1822568147553403
57, 12, -2.325324895770676
21, 27, -1.870619978907288
63, 7, 0.8642270897625803
25, 26, 2.633454709566605
-6, 31, -0.8845252450227731
64, 6, 0.5939336777601555
62, 8, 2.645439184096968
32, 24, 0.1690028695603401
65, 5, -3.99515723855012
61, 9, -1.142677911395524
47, 18, 3.114387622498402
35, 23, 1.918666539017903
5, 30, -1.918935143965506
-5, 31, -3.562909858338893
49, 17, 0.9541993801561218
45, 19, 1.005936199777163
17, 28, -3.187160584349133
29, 25, -3.418104614830213
68, 1, 0.3754723021481749
51, 16, -0.9243652816763621
12, 29, 0.4857422914375002
-4, 31, -1.05223286688254
66, 4, 4.886000915320876
60, 10, -1.241713134649145
38, 22, 2.048321495542358
56, 13, 1.630235507385274
43, 20, 1.623252584234693
6, 30, 2.37036583304937
-3, 31, 0.7818996173954867
22, 27, -3.013552417213694
53, 15, 3.72656629784418
26, 26, -0.817804243365911
67, 3, 1.841574354843615
59, 11, 0.3138599704910514
-2, 31, -2.038351325107398
41, 21, -1.833427473887853
18, 28, 0.3107859175435581
13, 29, -1.603748906551698
7, 30, 1.584434293714869
69, 0, -2.124293643782801
33, 24, 0.6213728982482447
36, 23, -0.884209005408467
55, 14, -0.06591934421394459
-1, 31, 5.849053851092341
30, 25, -1.200229822919596
68, 2, 0.2621108142867074
58, 12, -0.5996968464892225
48, 18, -0.127194257559015
64, 7, -1.429235663989405
63, 8, 1.198919447822196
65, 6, -4.765265562267324
50, 17, 1.217581027286696
46, 19, -1.733299143938639
23, 27, 4.337023196871383
39, 22, -4.602997652491929
8, 30, -1.790483739794817
0, 31, 1.882665347879833
62, 9, 2.263880137507794
14, 29, -2.879944151837027
66, 5, 1.730669457154068
27, 26, 1.305603493808849
19, 28, -2.255100343817467
52, 16, -3.339026279666234
44, 20, 1.638553702516027
61, 10, -1.060163037361665
69, 1, -3.205728923409572
57, 13, 4.649262241491783
67, 4, 1.170596231926932
1, 31, 0.6710828636700698
54, 15, 1.613652819314654
9, 30, -2.916743395005433
42, 21, -5.770817164132056
34, 24, -1.44630982812805
31, 25, 4.929007458898288
-16, 32, -0.06162890633842244
60, 11, -1.750235789882234
37, 23, 1.528431980930507
15, 29, -1.330049944169852
-15, 32, 1.27566991704746
-14, 32, -0.682883912997474
24, 27, -0.9185520698350675
2, 31, 4.844232826257249
68, 3, -1.610817133623756
-13, 32, 5.36289388965166
20, 28, 6.59097933900121
-12, 32, -3.013776425869345
-11, 32, -3.116324135484089
28, 26, 2.209864285142035
70, 0, 0.8495329869015873
56, 14, 0.5076535360883272
40, 22, 3.501711464978992
10, 30, -3.06658320299403
-10, 32, -2.178599808934452
49, 18, -3.707312377231706
47, 19, 6.54475939699215
3, 31, 3.577652998293003
59, 12, 1.582817166398524
51, 17, -3.956507777813695
-9, 32, 3.955481335557937
69, 2, -3.294495023747583
65, 7, 1.774525424881178
45, 20, -2.795354690792637
16, 29, 6.607744128926054
64, 8, -1.05304255548884
-8, 32, 5.937683132407321
66, 6, -1.40117598884786
53, 16, 1.523051893915243
63, 9, 1.056889392929919
35, 24, -0.5612513382993637
25, 27, -1.909299895212842
4, 31, -0.1991092195041427
-7, 32, -0.4506556243260698
67, 5, -3.610232358128952
32, 25, -5.658766275204835
21, 28, -2.60117195108162
11, 30, 6.04653780626037
43, 21, -4.115605773132875
58, 13, 0.3706686926395696
38, 23, 2.798691736677694
62, 10, -0.5960725651189663
-6, 32, -0.6617717856412909
70, 1, 5.814047320497357
55, 15, -4.26057390606005
29, 26, -3.796768396413559
68, 4, -3.752830134793597
5, 31, -1.349984725437544
-5, 32, 2.415766436303913
17, 29, 0.5314499803486064
61, 11, -3.499261748826721
41, 22, 6.115507896000513
12, 30, -1.324487292395927
-4, 32, -1.294249528987933
69, 3, 6.506628123025336
50, 18, 2.938246818289757
22, 28, -9.75134617342116
48, 19, -0.4323762212049463
26, 27, 4.74204268824281
57, 14, -3.445515346378237
6, 31, -4.089145923894593
52, 17, 3.807684232160574
-3, 32, 1.363811721376415
46, 20, -2.266758324991295
33, 25, -2.362570439874821
60, 12, 1.953851018916276
36, 24, 1.126355307455008
71, 0, -3.340486086478541
18, 29, -2.704563319877847
13, 30, -0.09372332108585109
70, 2, 4.200089842564818
54, 16, -5.796496843595274
30, 26, -7.744835410921874
-2, 32, 4.988631781923654
66, 7, 2.590138698452458
39, 23, 1.138595810974203
65, 8, 0.1694626685287791
44, 21, -1.636679135421296
67, 6, 2.421152112007189
7, 31, 1.372745799983909
64, 9, -3.228568888736693
68, 5, 0.7069065873644778
-1, 32, 0.2543099067128174
59, 13, -2.057534561441256
23, 28, 2.416281909052947
63, 10, 4.08960711556966
56, 15, -0.3835719130713592
27, 27, -1.339532780236307
42, 22, 1.204609713583692
14, 30, 3.77201985843221
71, 1, 0.8284086686477788
69, 4, 1.712555887279669
8, 31, 1.394578656301262
19, 29, -2.101036602445982
0, 32, -2.773431900405017
62, 11, 2.846413803741215
34, 25, -0.5866503077890813
49, 19, 1.390241580799831
37, 24, -1.17356138580548
51, 18, 1.873522787756845
31, 26, 4.501823558293819
47, 20, 2.685422168031903
1, 32, -1.370095390151179
70, 3, -2.150571568903377
53, 17, -2.617954606528826
58, 14, -0.58093932645693
40, 23, 0.6036619451877941
9, 31, 5.389979455121964
24, 28, -0.1950856076284956
61, 12, 0.2086293562057003
-16, 33, -1.842733333734436
15, 30, -5.40492457795725
45, 21, 4.958696090754485
-15, 33, -3.274690553223257
-14, 33, 1.631522798891829
72, 0, -10.87286899032254
55, 16, 10.1309933686573
28, 27, -0.09737221548239608
20, 29, 5.245490461262539
-13, 33, -5.296381100369803
2, 32, -3.508178224318985
-12, 33, 3.030299063938651