d = 19, symClass = C, D = 16.000000, Y = 0.1335156896717807
[22.12936328391861, 22.12936328391862], 22.12936328391862
1, 0, 1
2, 0, -0.05026159567151362
0, 1, -1.498277073400504
1, 1, -0.6140655575780869
3, 0, -1.627808604524405
2, 1, 1.475751587004742
4, 0, -0.9974737719995191
3, 1, 0.8620517508552914
-1, 2, -9.624486325694247e-15
0, 2, 0.07530579646787351
1, 2, 0.01836608739208947
5, 0, 2.244834188678451
4, 1, -1.244834188678984
2, 2, 0.03086391477109156
5, 1, 0.9200403464845955
3, 2, -0.9200403464844992
6, 0, 0.08181625791141679
-1, 3, -0.5318002750454549
4, 2, -0.07417362957843086
0, 3, 2.438908312044389
6, 1, -1.665834298024749
7, 0, 0.3770765090037527
1, 3, 0.6229234909955826
5, 2, -2.211084768844675
2, 3, 2.211084768845396
7, 1, -1.297851341007997
3, 3, 0.9995811983681756
8, 0, 0.1003962190938665
6, 2, -0.04332809654935921
4, 3, -0.03265779628486688
-2, 4, -8.045286205371637e-15
8, 1, -0.9062082211214714
-1, 4, 0.9062082211212233
0, 4, 1.494492083906531
9, 0, 1.64976085296588
7, 2, 1.143391999712821
5, 3, -1.291592374391292
1, 4, 1.291592374391462
2, 4, -0.0009231088583176064
9, 1, -2.939332939953434e-13
6, 3, -2.40224113146854
10, 0, -0.1128289483425178
8, 2, 0.06256735267017417
3, 4, 0.137067960919234
4, 4, 0.6125142879730747
10, 1, -0.02751748766763892
7, 3, 0.02751748766774794
9, 2, -0.5293562890501839
-2, 5, -0.5293562890504688
11, 0, 2.177842746548644
-1, 5, 1.177842746549525
5, 4, 0.366829451684013
0, 5, -1.865106525084481
1, 5, 1.615062368131371
8, 3, 4.731291299183325e-13
11, 1, -0.4487013871463347
2, 5, -0.8449863363359913
10, 2, -0.04624269589666728
6, 4, 0.04624269589722181
12, 0, 1.623696388849108
3, 5, 0.002365183761441307
9, 3, -1.403255257588387
7, 4, 0.2990429153195384
12, 1, -0.01127798169545144
4, 5, 0.01127798169517175
11, 2, -1.400164461349518
13, 0, 1.927616121567848
-3, 6, -3.634078642011924e-15
-2, 6, 0.02672913040236406
10, 3, 0.7644098001638913
5, 5, -1.378475357741871
-1, 6, 0.7644098001640992
8, 4, -1.472023502025435
0, 6, -0.1225834234610168
13, 1, 1.272174239405646
1, 6, 1.272174239405322
12, 2, 0.08372748994368595
6, 5, 0.2228197886761122
14, 0, -0.01895246703257299
2, 6, -0.03130912863877901
9, 4, 1.144433892702368
11, 3, 0.8172517505090565
3, 6, -0.02989647508836933
7, 5, 5.711653075566271e-13
14, 1, 0.7967841597293222
13, 2, -0.796784159729395
10, 4, 0.1111326486485647
4, 6, -0.1111326486478434
15, 0, -3.65416040806322
12, 3, 2.026351803539681
8, 5, 1.02133634139514
-3, 7, 0.1973488996855813
5, 6, 2.495881336815675
-2, 7, -2.495881336816001
-1, 7, 1.077924245051886
14, 2, 0.06523207934406666
15, 1, -0.9333119850417562
11, 4, 0.9333119850417855
0, 7, -0.5649650883584024
9, 5, 0.4276048005628292
6, 6, -0.05024054603364772
13, 3, 0.02710378261617334
1, 7, -0.02710378261644539
16, 0, 0.9924276978289959
2, 7, -0.4259939840719398
7, 6, -1.137617268090317
12, 4, -0.8598740115850764
15, 2, -1.837066029503029
10, 5, 3.312817616508632
3, 7, -1.837066029502444
16, 1, -0.5758492948541352
14, 3, 0.7162616745192703
17, 0, 0.7431332211534518
4, 7, -0.256866778846381
8, 6, 0.001641432952169623
13, 4, 0.3265602324159056
11, 5, -0.3265602324165913
-4, 8, -7.073044182210636e-15
5, 7, 1.944540908915863
-3, 8, -1.944540908915571
16, 2, 0.04554747120438554
-2, 8, -0.0455474712051133
17, 1, 0.1986843727194991
-1, 8, 1.589476615690646
15, 3, -1.497649592518034
9, 6, 1.497649592517864
0, 8, -0.1504213533243481
6, 7, -7.674729459673759e-14
18, 0, -0.08291961294717594
12, 5, 1.022931467049778
1, 8, 1.022931467049359
14, 4, -0.05746870638403725
10, 6, 0.06491749369431617
2, 8, -0.06491749369486222
17, 2, -0.996581418404605
7, 7, 0.3825158608268458
18, 1, -1.747876065125631
16, 3, -1.103435940028771
3, 8, -0.5694452704948755
13, 5, 0.02656144074843465
19, 0, 0.9999999999985446
15, 4, 0.0489304274400155
8, 7, -0.04893042744056058
11, 6, -0.3453225456117008
4, 8, -0.01831969046839531
18, 2, -4.165782412743349e-13
19, 1, -1.357751001433181
17, 3, 1.357751001434086
5, 8, 1.357751001433517
-4, 9, -1.357751001434166
-3, 9, 0.8656690636084795
9, 7, -0.8290556129477666
14, 5, 0.01583251779306089
-2, 9, -0.01583251779302862
12, 6, 0.120740472456607
-1, 9, 1.888321934693591
20, 0, -2.239163225697443
16, 4, 1.24168945369701
6, 8, -0.006889254431115897
0, 9, -2.471798862593531
10, 7, -1.713118019079943
1, 9, 1.713118019079352
19, 2, -0.8976362747505741
18, 3, 2.711659404037638
20, 1, -1.073111491876465
15, 5, 1.935163242730987
7, 8, -1.073111491876174
13, 6, 0.7969658073698684
2, 9, 0.7969658073705089
17, 4, 4.16020749331792e-13
21, 0, -0.6138083859209221
3, 9, -1.014000218603655
11, 7, -1.071485959167403
8, 8, -0.06164986025668761
4, 9, -0.6970947329788739
20, 2, 0.001383072839126575
14, 6, -0.001383072839031678
16, 5, -1.746417796371971
19, 3, -0.8041276168952215
21, 1, 0.6073890123462335
12, 7, -0.7848050998692297
9, 8, 0.7848050998686641
5, 9, 1.288406567436658e-13
-5, 10, -1.55957475286654e-14
18, 4, 0.02660629176633305
-4, 10, 0.02660629176641892
-3, 10, -0.5149307386547013
22, 0, -0.1094618515649139
-2, 10, -0.05920025589216076
-1, 10, 1.263481209704332
15, 6, 3.599222812058398
6, 9, -3.599222812060807
17, 5, -1.26252554467769
10, 8, -0.01843743358405264
0, 10, 0.09374323005293683
21, 2, 1.955130084999821
20, 3, -0.2053657833460169
13, 7, 0.2053657833406855
22, 1, 0.02005402788470516
1, 10, -0.02005402788400003
19, 4, -2.458357608998492
7, 9, -2.458357608998355
2, 10, -0.08117561173150392
23, 0, 0.0003373131662188956
11, 8, 0.99966268683319
16, 6, 2.055687439333172e-13
18, 5, 0.9192803304201451
14, 7, 0.5564712565850313
3, 10, -0.9192803304202957
8, 9, -1.434456015668029
22, 2, 0.02255244769833903
21, 3, 2.112653580287618
4, 10, 0.04247036158520519
23, 1, -1.010611512242829
20, 4, -0.917716114800459
12, 8, 0.9177161148008436
9, 9, -1.013061318047247
17, 6, -0.9314509108893353
5, 10, 0.04122882088980726
-5, 11, 0.02286273349782715
15, 7, -0.02286273349807155
24, 0, -0.1634258293028399
-4, 11, -0.3409308127020454
19, 5, -0.7021176458338713
-3, 11, -0.7021176458338755
-2, 11, -0.6666087424268013
13, 8, 0.3619373731895359
23, 2, 0.7931223915452156
22, 3, -0.7931223915447062
10, 9, 0.793122391544969
-1, 11, -0.7931223915448778
6, 10, -0.0001188779093749299
24, 1, -1.764734783226786
21, 4, 1.76473478322718
0, 11, -3.263011856627402
18, 6, 0.07052984838087266
16, 7, 0.01373248948412974
1, 11, 1.773136640865756
7, 10, 0.7405146381257866
25, 0, 1.549612157305903
20, 5, -0.5496121573065956
11, 9, -0.6952220313731624
14, 8, -0.01503037409877074
2, 11, -1.502145864427828
23, 3, 0.2816470465651797
24, 2, 0.0005668493556664924
8, 10, -0.0005668493563528637
3, 11, -1.510903929408575
22, 4, 0.0703745000313431
17, 7, 0.2319178030105961
25, 1, -2.419810918284999
19, 6, 2.419810918285134
12, 9, 0.05316064179731866
15, 8, -2.58203861929605e-13
4, 11, 1.811545629368718e-14
21, 5, -1.915306176190432
9, 10, -1.915306176190161
26, 0, -0.09688506211371538
-6, 12, -8.657702510046592e-14
5, 11, 0.6722790011617111
-5, 12, 0.6722790011532299
-4, 12, 0.5304568263002712
13, 9, 0.4654199674006533
24, 3, 1.475133539833952
-3, 12, -1.475133539833029
25, 2, 1.266023655069491
18, 7, -1.266023655067807
20, 6, -0.03842045630238825
10, 10, 0.06928437107411207
-2, 12, -0.03842045630370932
23, 4, -1.138831826149898
16, 8, 0.1481598796565268
26, 1, -0.08416871384844965
6, 11, 0.08416871384755649
-1, 12, 1.607323034174451
22, 5, -0.09757772152339569
0, 12, -2.43274707357836
14, 9, -0.8426213185400828
27, 0, -1.057686307342269
11, 10, -0.4584393582088669
7, 11, 0.4584393582086617
1, 12, 0.1872020932476637
19, 7, -1.551211734398138
25, 3, -0.003543700604409358
17, 8, 0.00354370060396505
21, 6, -1.861223335477231
26, 2, -0.06394150724504365
2, 12, -0.06394150724521452
24, 4, 1.661626020778389
8, 11, 1.988656528242567
27, 1, -0.8906185635922215
12, 10, -0.01119927812616352
15, 9, 2.10246518057466
3, 12, -2.102465180574532
23, 5, -0.5793871853526172
28, 0, -0.3761239277687494
4, 12, -0.6213498442308514
20, 7, -0.4480491439864235
9, 11, 0.4480491439859468
18, 8, -0.05752107358844268
22, 6, -0.04107637704654371
26, 3, -1.436035373247501
13, 10, -1.43603537324769
27, 2, -0.04819479469560049
-6, 13, 0.04819479469544831
25, 4, -0.0168975414075675
16, 9, 0.01689754140789776
5, 12, 0.01689754140772242
-5, 13, 0.01689754140784556
-4, 13, -0.3146528596642309
10, 11, 2.097834311432127
-3, 13, -2.097834311431685
28, 1, 5.975286972243128e-13
24, 5, 0.254357510761421
-2, 13, 0.1133638693007247
6, 12, 0.001502644542664932
21, 7, 0.3250594647933403
19, 8, 0.5369922860620984
-1, 13, -0.5369922860622257
14, 10, 8.157255196998316e-13
29, 0, 1.998829795043328
0, 13, -2.88810304126412
23, 6, -0.7232726628995566
11, 11, -1.337338220477348
17, 9, 0.7232726628994235
7, 12, 1.443364969365244
27, 3, 4.999960089399381e-13
1, 13, -1.914276972669399
28, 2, -0.04004764327379988
26, 4, 0.04004764327464767
29, 1, -0.2252573317843565
25, 5, 1.145297678269226
15, 10, -1.145297678269205
2, 13, 0.2252573317844992
20, 8, 2.205499064593203
8, 12, -2.205499064592306
12, 11, 0.8435654966863071
22, 7, 0.5940231463291669
18, 9, 2.434637196943966
3, 13, -6.445998959568138e-13
30, 0, 0.1836639329519603
24, 6, -0.1018476750391285
9, 12, -0.2231204061902071
28, 3, 1.687362558145598
4, 13, 1.687362558145127
16, 10, -0.05133399423658599
27, 4, -0.991754173611439
13, 11, 0.9917541736105143
29, 2, 0.4176949097716846
21, 8, 0.5947273615944092
26, 5, -4.615378474569786e-13
-7, 14, 1.330559621981298e-14
-6, 14, -0.009919070602396914
30, 1, -1.906069496273501
23, 7, 1.906069496274879
5, 13, -1.906069496273894
-5, 14, -1.906069496274214
19, 9, -0.6400131195195218
10, 12, -0.1254469785959646
-4, 14, 0.125446978596138
-3, 14, -1.849507651069481
25, 6, -0.3338457808761384
14, 11, 0.3338457808698989
-2, 14, -0.05417819257231201
17, 10, 0.2755320674839259
6, 13, 0.2755320674878994
31, 0, 1.908497408786917
-1, 14, -1.20427083215659
29, 3, 0.5188770057675285
11, 12, -0.5188770057680411
28, 4, 1.294572672611245
30, 2, 0.04690974962721767
22, 8, -0.04690974962839759
0, 14, 0.028396046839484
20, 9, -1.714679063459799
7, 13, 1.714679063459391
27, 5, -0.009767090326685154
24, 7, 0.009767090326148076
15, 11, -1.224469560985309
1, 14, 1.2244695609858
31, 1, 0.9499253066351812
18, 10, -0.0214920995932985
12, 12, -0.9970560283569148
26, 6, -0.001362279363030101
2, 14, 0.001362279362802027
8, 13, 0.2206010098643479
32, 0, -0.150277218775648
3, 14, -0.5341243093142714
23, 8, -0.06755831040923804
30, 3, 0.04479320320045967
21, 9, -0.04479320320068665
29, 4, -1.118815020866559
16, 11, -1.118815020866371
31, 2, -0.001452377885080141
9, 13, 0.001452377885520293
25, 7, -1.843729774121461e-13
13, 12, 8.061082781317697e-15
28, 5, 0.827362466103977
19, 10, -1.892377567630923
4, 14, 0.02141113738686047
32, 1, 1.552190681549548
-7, 15, -0.4880197717316583
27, 6, 0.8616907221758143
-6, 15, 0.8616907221757207
-5, 15, -1.1938034389716
10, 13, 0.6620031639261158
5, 14, -0.6620031639261472
17, 11, -0.03059485829800716
-4, 15, -0.03059485829814408
14, 12, 0.05717845915778019
22, 9, -1.118089591068597
24, 8, 0.0865467364490569
33, 0, -3.545111162134612
-3, 15, -1.91730255761079
31, 3, -0.1836319545354051
-2, 15, 0.1836319545352724
30, 4, 0.09233386999764408
20, 10, -0.1665074995760475
6, 14, 0.09233386999766617
26, 7, 0.5646778511311014
32, 2, 0.02894310442632215
11, 13, 1.160669321036784
29, 5, 0.2022782608547301
-1, 15, -0.2022782608548129
0, 15, 3.036036449888414
15, 12, -0.5971281378445107
33, 1, 0.01144066727467809
18, 11, -0.01144066727475521
7, 14, 0.006925420118065516
28, 6, -0.036000454680548
23, 9, 0.8597927706603842
1, 15, 0.8597927706605275
25, 8, -1.530244824543871
12, 13, 1.530244824544235
21, 10, 0.7848126614218988
34, 0, -0.03735106149164563
8, 14, 0.01291053417985424
2, 15, 6.734505832669634e-13
27, 7, -0.5299760560625246
32, 3, -0.2956833318593947
31, 4, 0.2956833318600081
16, 12, 0.03257529524509992
33, 2, 2.073687486856985
30, 5, -3.739521784881743
19, 11, 2.073687486857032
3, 15, -2.629012419689906
13, 13, -1.183682668487831
9, 14, -1.07304008520682
34, 1, -1.615029183224994
29, 6, 1.615029183224807
24, 9, -2.742546118951036e-13
4, 15, 1.407920880655237
26, 8, -0.01641343836469704
22, 10, 0.01641343836400226
17, 12, 1.006618380524604
-8, 16, 7.617023213012472e-15
-7, 16, 1.003324889472276
10, 14, -0.09773572893101778
-6, 16, 0.09773572893200387
14, 13, -1.210794942169575
35, 0, 0.8464742391605575
28, 7, -0.4693977301560567
20, 11, -0.7754364585236393
5, 15, 1.398359949518428
-5, 16, 0.7754364585233003
32, 4, 0.9039189325396058
-4, 16, -0.9039189325400084
33, 3, 0.7303999788597202
31, 5, -0.02815271046605416
-3, 16, -0.02815271046620437
34, 2, -0.009986193607643483
6, 15, 1.375476028994428
-2, 16, -0.07988963098728939
25, 9, -0.6406704691595237
11, 14, 0.6406704691592912
23, 10, -0.9836046626057028
30, 6, 0.07527425827704035
18, 12, -0.07527425827802452
35, 1, 0.04060897609628882
27, 8, -0.04060897609561598
15, 13, -0.04060897609617872
-1, 16, 0.04060897609586751
21, 11, 0.5211462110661305
7, 15, 0.7977302173784007
0, 16, -1.486931666665135
29, 7, -0.8144919419526011
12, 14, -2.73292259693793e-13
36, 0, -1.645593180906201
1, 16, -1.8240229944371
33, 4, 0.1544830207448749
34, 3, 0.3074190811928637
32, 5, -0.7811983836578309
8, 15, -0.7811983836581825
19, 12, -0.7811983836579607
16, 13, 0.7811983836573908
35, 2, 0.6382570197423962
26, 9, -0.6382570197428705
24, 10, -0.05141416779585375
2, 16, -0.05141416779640404
31, 6, 0.546474367444582
28, 8, -1.140503530827787
22, 11, 1.738203302461699
13, 14, -0.2624517154583672
36, 1, -0.1368259577748083
3, 16, 0.136825957775823
9, 15, -0.003850066477539182
30, 7, 1.70446587108111
17, 13, -1.704465871082346
20, 12, 1.288329517571676
4, 16, -1.28832951757005
37, 0, -0.05405689406441345
34, 4, 0.05008977230639231
14, 14, -0.01922585753342615
-8, 17, 0.5140729114129898
35, 3, 0.5413491454833165
25, 10, -2.752433914327769
10, 15, 2.752433914328392
-7, 17, -0.5413491454829322
27, 9, 1.422179231793299
33, 5, -0.7027574364346003
-6, 17, 0.7027574364342268
5, 16, 0.8627817962131717
-5, 17, 0.8627817962131171
23, 11, 6.278774980509531e-14
36, 2, 0.08785104006978357
29, 8, -0.5018461518583095
-4, 17, -0.5018461518581552
32, 6, 0.05546045106837613
18, 13, -0.02383645115096717
-3, 17, -0.02383645115023621
37, 1, 0.9856630752669508
11, 15, 0.985663075266787
6, 16, 0.02862122794233359
21, 12, -0.4867846306795329
15, 14, -1.073158445488996
-2, 17, 1.073158445488978
31, 7, 0.2259470956167894
-1, 17, -0.6170488336270474
26, 10, -0.00133502039581925
28, 9, 2.383430852883948
7, 16, -2.383430852883863
38, 0, -0.05026159567269498
35, 4, 0.3848576056640896
24, 11, -0.3848576056643158
0, 17, -1.113419467736677
36, 3, 0.01835839564458266
12, 15, -0.01835839564461869
34, 5, -1.903648637847395
19, 13, -1.387409311086718
30, 8, -0.002459321360068949
16, 14, 0.002459321360077265
37, 2, -1.903257726501438e-13
1, 17, -4.901424687813645e-14
33, 6, 2.279199757935441
22, 12, 0.01735646216408123
8, 16, 0.001843885734001924
2, 17, -1.16838291547453
38, 1, 1.17000837380795
13, 15, -0.1966234355616171
32, 7, -1.506133070930147
27, 10, -0.2620847398562768
25, 11, 0.4892777093137212
20, 13, -0.48927770931362
9, 16, -0.4892777093138829
3, 17, 0.4892777093135993
29, 9, -0.6621717841737588
17, 14, -0.6621717841731071
36, 4, -7.188427458596065e-13
39, 0, -3.137790108910181
37, 3, 1.615609721111091
35, 5, -2.913461062119546
23, 12, 1.615609721111141
31, 8, -1.246989926846351
4, 17, 1.246989926846085
14, 15, -1.87920188327228
-9, 18, 2.392037424504296e-15
38, 2, 0.06824273185722705
34, 6, -0.06824273185763079
10, 16, -0.06824273185703275
-8, 18, 0.06824273185759951
-7, 18, 1.041558950318124
-6, 18, -0.04350990846085924
5, 17, -0.2976842404883527
-5, 18, -0.2976842404884431
18, 14, 0.04166965800825977
21, 13, 0.1729736783351181
28, 10, -0.000795767607606259
-4, 18, 0.0007957676074381181
39, 1, -2.381476371996418
33, 7, 2.381476371996432
26, 11, 1.115222209536068
30, 9, -1.24431285009031
15, 15, 2.24389404845858
-3, 18, -1.244312850090415
11, 16, -3.044089793631654e-13
6, 17, 0.06061475761776837
24, 12, 2.396172522660851
-2, 18, -0.09491007358026196
37, 4, -1.286478311308959
40, 0, 0.2253728650357681
32, 8, -0.1249766459422821
36, 5, -1.636208942533882
38, 3, -0.627167469954076
-1, 18, 0.6271674699536485
19, 14, -0.5824418169297785
7, 17, -1.391870924970803
35, 6, -5.318348301122355e-13
22, 13, -5.699765945990186e-13
12, 16, -0.1367216959986257
39, 2, -0.8614271273351768
0, 18, 0.1242365550143857
16, 15, 0.8302748405520257
29, 10, -0.1211851621230984
27, 11, 0.1211851621225941
34, 7, 0.00349042368991455
1, 18, -0.003490423689221616
40, 1, -1.532634764741154
31, 9, 1.532634764741513
25, 12, -1.532634764741504
8, 17, 1.532634764741193
13, 16, 1.398364611546872
20, 14, 0.0861040452136283
2, 18, -0.08610404521372603
17, 15, 1.469162882986617
33, 8, -0.6619161525650211
23, 13, 0.6619161525651336
38, 4, 0.04511663150188255
37, 5, -0.0005997959408861737
9, 17, 0.0005997959407425477
41, 0, 1.669213395448147
39, 3, -2.070856173360285
3, 18, -2.070856173360152
36, 6, -0.1362923285662637
28, 11, -1.367632507916119
40, 2, 0.05393629591552922
30, 10, -0.09726439246601992
14, 16, 0.0539362959157034
26, 12, -0.04005677317484807
4, 18, -0.04005677317436181
35, 7, -0.5731147444892097
21, 14, 0.573114744489597
10, 17, 1.493155090973527
-9, 19, -1.493155090974178
32, 9, 0.1181596756967154
-8, 19, -0.1181596756969137
18, 15, -0.3627079692659227
-7, 19, 0.647917040475651
41, 1, 0.4413130568655116
-6, 19, 0.4413130568655688
24, 13, 0.1877779448789791
5, 18, 2.618802635524623
-5, 19, 2.618802635524364
15, 16, 1.653252770912649
-4, 19, -1.653252770912981
34, 8, 5.321236570249067e-13
11, 17, 0.2226278506793337
39, 4, -0.262577380280667
-3, 19, 0.2625773802807437
38, 5, 1.521106754100529
42, 0, 0.0308509889129949
6, 18, 0.05096526899869667
40, 3, 0.8531867933395049
29, 11, -0.8531867933399964
37, 6, 0.01664349938442185
31, 10, -0.0166434993846907
19, 15, -0.01664349938471112
-2, 19, -0.0166434993846711
22, 14, 0.05385459404822068
27, 12, -1.862919337851739
41, 2, 0.806734520668199
-1, 19, 0.1093671753461393
33, 9, -1.3303294315427
16, 16, -0.6094156676234027
36, 7, -2.066294925906516
12, 17, -2.066294925906096
25, 13, -0.03979639771139697
7, 18, 0.03979639771097967
0, 19, -1.49827707340029
42, 1, -0.09650362532446434
35, 8, 0.04065354134247711
20, 15, -0.07331133762712054
1, 19, 0.04065354134238453
8, 18, 0.035037093614046
23, 14, 1.878720598582095
30, 11, 0.517388853020153
13, 17, -0.5173888530200227
40, 4, 0.02744797221954336
28, 12, -0.02744797221903738
39, 5, 0.2615882333542499
17, 16, -0.2615882333547479
32, 10, 0.08777774515679218
2, 19, -0.02725249028642273
43, 0, 0.2828115325383246
41, 3, 0.7171884674604992
38, 6, 0.0404167371491411
26, 13, 2.844682550542242
9, 18, 0.0302996520020363
34, 9, 0.6583091714466043
42, 2, -0.0305283409543059
3, 19, -1.417899278768147
37, 7, 0.4112334387066825
14, 17, -1.853322510026751
21, 15, -6.315298589130374e-13
24, 14, 0.03944555661064961
18, 16, -0.03944555661181286
43, 1, 0.6985715820394833
4, 19, -0.6985715820391455
10, 18, 5.082427204587923e-13
-10, 20, 3.697814374602555e-15
-9, 20, -0.9541521369437621
36, 8, 0.5280190143710154
-8, 20, 0.5280190143714962
31, 11, -0.6535779165248944
29, 12, 0.02099963739057874
-7, 20, -0.02099963739031771
-6, 20, 0.02588124058478133
33, 10, 2.119253119685159e-13
41, 4, 1.128078975714697
40, 5, -2.034287196835254
27, 13, 1.128078975714546
15, 17, -1.128078975714194
5, 19, 1.128078975714765
-5, 20, 2.034287196836556
42, 3, -1.297012111157271
39, 6, 1.297012111156417
44, 0, -2.172341019225179
-4, 20, -1.174867247223593
22, 15, 0.3536092183253721
11, 18, 0.3536092183254215
35, 9, 1.242155017455491
19, 16, -1.242155017455358
-3, 20, 0.6998351230714152
43, 2, 0.02372149842304707
38, 7, -0.02372149842326837
25, 14, -0.02372149842215597
6, 19, 0.02372149842363476
-2, 20, -0.06350458170164491
16, 17, 1.361564097931197
30, 12, -0.1809026817140297
12, 18, 0.1809026817126768
32, 11, -0.4398316245352237
-1, 20, -0.4398316245350811
44, 1, -2.829229461950455
37, 8, 2.829229461954634
7, 19, -0.1467491405285392
28, 13, 0.805236046636277
34, 10, 0.06345654844880526
23, 15, -1.960973286314329
20, 16, -0.3659027568531951
0, 20, 1.860394840758201
41, 5, -0.008963748916795678
42, 4, -0.09826795781772417
40, 6, 0.01032201197128165
26, 14, -0.01032201195156952
1, 20, -0.885891137878935
8, 19, 0.8858911378682746
43, 3, 0.1577330417686901
17, 17, -0.4563325157998278
13, 18, -0.1577330417761483
45, 0, 3.703439565880207
36, 9, -2.053678712924923
39, 7, 0.4058739505862073
44, 2, -0.001007947440806876
2, 20, 0.001007947439929444
31, 12, -0.9180988866236156
33, 11, 1.877413152751358
21, 16, 1.015361401894165
9, 19, -1.015361401895192
24, 15, -1.662540084637655
29, 13, 0.1060320394414833
38, 8, 0.1235609761618225
14, 18, 0.1235609761608464
3, 20, -1.337742453253777
45, 1, -1.423333452305192
35, 10, 2.566725452017058
18, 17, -1.423333452304673
27, 14, -0.8353104586943239
10, 19, 1.344907850712029
-10, 21, 1.344907850712346
4, 20, -1.61098235235591
-9, 21, -0.3212462370012875
42, 5, -1.456302980928195
43, 4, 0.3288266567557073
-8, 21, -0.3288266567563812
41, 6, -0.3312708838441578
37, 9, 0.3312708838444151
-7, 21, -0.2005293912006768
44, 3, -0.1951298273828136
15, 18, -4.062817115943083
-6, 21, 4.062817115943718
46, 0, -1.695389729304404e-05
22, 16, -0.05024464177467036
40, 7, 0.3162259710897712
25, 15, -1.60781834548136
5, 20, 1.607818345480909
-5, 21, 0.316225971089548
32, 12, 2.659229826793598e-13
19, 17, -1.215162444986317
45, 2, -1.194075597467514
34, 11, 1.194075597467679
30, 13, -1.194075597466785
11, 19, 1.194075597467766
-4, 21, 0.6513339747298021
-3, 21, -1.7546543611223
39, 8, -0.933275631395648
36, 10, -0.04620449627650141
28, 14, -0.02796913330142588
6, 20, 0.04620449627691893
16, 18, 0.07209804826861753
46, 1, 1.688900133378983
-2, 21, 1.68890013337966
23, 16, -0.1220052301161035
12, 19, -0.1220052301159253
20, 17, -5.776551340646804e-13
-1, 21, -3.724056344886808e-13
43, 5, 1.206060567797873
7, 20, 1.206060567798139
38, 9, -0.9760428442713495
26, 15, 0.9760428442717743
44, 4, 0.4475678651395631
42, 6, -0.1061853400473331
45, 3, 1.519253279957678
33, 12, -1.519253279957268
0, 21, 0.9196550320871312
47, 0, 2.77500390847645
31, 13, 1.775003908477158
41, 7, 1.180912628365494
35, 11, 1.605382847092351
17, 18, -1.605382847092806
13, 19, 0.7223013786203107
8, 20, 0.8428517081942702
29, 14, 1.392267342189383
1, 21, -1.392267342188978
46, 2, 0.05079494720965191
37, 10, 1.246503273549787
40, 8, 0.09236857220102523
24, 16, -0.09236857220089355
21, 17, 1.498877984329207
2, 21, 0.6201233893150038
27, 15, -0.6960587736922483
47, 1, 4.034041563885765e-13
9, 20, -1.754129053632299e-13
14, 19, 1.088952582145952
18, 18, 0.05091807835864211
39, 9, -0.04411977055721478
3, 21, 0.04411977055742512
44, 5, 0.2524380932854651
34, 12, 0.04681620907150803
45, 4, 1.044441056410626
32, 13, -1.044441056411491
43, 6, -1.309434475126899
36, 11, -1.138898670815376
46, 3, 3.306923741891947e-13
-11, 22, 7.108082395587523e-15
10, 20, -0.002072226326003347
-10, 22, -0.0011491174667584
30, 14, 0.001149117466874008
42, 7, -0.6281469816778948
-9, 22, -1.037687316346258
22, 17, -1.037687316346164
48, 0, -1.615482345894352
25, 16, 2.616617744884433
4, 21, -2.616617744884304
-8, 22, 0.01713572666010945
-7, 22, -1.204805972482462
15, 19, 1.20480597248293
47, 2, 0.002517402149210938
19, 18, -0.002517402148887141
38, 10, 0.03528955322911779
-6, 22, 0.03528955322865476
41, 8, -0.3868038164009431
28, 15, -0.3868038164011186
-5, 22, -0.9100370318336019
5, 21, -0.9100370318346392
11, 20, 0.04035483257357368
-4, 22, 0.03350481908296706
48, 1, 0.8311106619157826
-3, 22, 0.7284219506875934
33, 13, -0.7284219506874453
40, 9, -1.175855488221376
35, 12, 1.175855488221683
23, 17, 1.175855488221311
16, 19, -1.1758554882214
6, 21, 0.69343667274883
26, 16, -0.01819154990915778
45, 5, 7.597596931745533e-14
31, 14, -5.055806508355458e-13
46, 4, -0.03986359696219997
44, 6, 0.03986359696247962
20, 18, -0.03986359696216583
-2, 22, 0.03986359696233516
37, 11, -0.4170208628167494
12, 20, -0.002359208767542824
47, 3, 0.7715089201165091
43, 7, -0.7715089201166065
-1, 22, -0.3808619461992569
49, 0, 0.3880336756344835
29, 15, -0.01095716663079382
7, 21, 0.6119663243650676
39, 10, 0.4947356948371553
17, 19, -0.3705080175223581
48, 2, 0.08869838614296154
42, 8, -0.08869838614280501
0, 22, 0.1640041826109053
24, 17, 1.073310490508953
13, 20, 1.073310490509266
8, 21, 1.25951088709832
21, 18, 1.851823177651312
27, 16, 0.7655819753515503
34, 13, 0.6775820057662744
1, 22, 0.6775820057658503
36, 12, 1.399710314865554
32, 14, -0.000690216833952028
49, 1, -1.893044929174179
41, 9, 1.893044929174593
38, 11, 1.340136136516629
2, 22, -0.08912067691466766
46, 5, 0.3496767275372042
18, 19, -0.3496767275367204
45, 6, 2.990391889905488
30, 15, -5.392633021373706
9, 21, 2.990391889905463
14, 20, -0.03721944733036637
47, 4, -0.5599762711698368
44, 7, 3.908063789374114e-13
48, 3, 0.9373724370725428
3, 22, -1.8916130781792
25, 17, 1.891613078179583
50, 0, -0.0778859796986366
40, 10, 0.02762438402654471
22, 18, 0.0349429686430492
28, 16, -0.2982874647340812
43, 8, -0.01631046592378723
-11, 23, 0.01631046592351016
10, 21, -2.929326581872802
-10, 23, -2.929326581873738
49, 2, 1.507238726680787
-9, 23, 1.507238726680702
4, 22, 0.07550024807859529
35, 13, -0.1706268839253684
15, 20, 0.3076948448444627
-8, 23, -0.1706268839250862
19, 19, -0.614065557577815
33, 14, 0.7807379184848189
37, 12, 0.002038910802820418
-7, 23, -0.002038910802778685
-6, 23, 1.031145273709871
42, 9, -1.165936916874551
31, 15, -1.076151856652841
50, 1, 0.03004649020930678
39, 11, -0.03004649020936253
5, 22, -0.03004649020952542
-5, 23, -0.03004649020924854
11, 21, -0.6642996694993806
23, 18, -0.2912379519049901
26, 17, 0.2912379519038928
47, 5, 0.2120506815161871
-4, 23, -0.2120506815160161
46, 6, -0.01415602997651461
48, 4, 0.01124949094167478
16, 20, -0.01124949094174588
45, 7, 3.683300843784229
29, 16, -3.683300843784307
20, 19, 3.683300843784224
-3, 23, -3.683300843783982
6, 22, 0.07594044239914523
41, 10, -0.7531708612255483
49, 3, -0.8810662056274303
51, 0, -1.209678651701483
12, 21, 0.4181299528227863
-2, 23, 5.164170282863512e-14
44, 8, 1.396627326683967
36, 13, 0.7841389054579249
34, 14, -0.0116565588441782
50, 2, 0.1216235579776758
38, 12, -0.1216235579776766
7, 22, 0.6901977001166463
-1, 23, -0.6901977001171462
24, 18, -0.002671938683518158
32, 15, 1.5907484153074
17, 20, -1.590748415307199
27, 17, 0.384450225238285
43, 9, 9.371971467763026e-14
40, 11, -1.497771684816421
21, 19, 1.497771684817361
0, 23, -0.0005053885834981596
13, 21, 0.203710127764349
51, 1, -0.1163862804102285
30, 16, -2.38781427176699e-13
8, 22, 1.786699316528588e-14
48, 5, 0.2577904687318906
1, 23, 0.2577904687320521
47, 6, -1.561117712442915
49, 4, 0.6816954670675638
46, 7, 1.189945123343354
42, 10, 0.09626634461560538
18, 20, 0.09626634461625658
50, 3, 1.377336643097048
37, 13, -1.377336643096841
35, 14, -0.8337481257483814
25, 18, -1.377336643097048
14, 21, 0.833748125748433
2, 23, 1.377336643096573
9, 22, 1.379312615224129
52, 0, -1.922746523749098
45, 8, 2.149212561078189
28, 17, -2.149212561077594
22, 19, 0.5300791048269978
39, 12, -0.5315775562228796
33, 15, 0.5315775562225874
51, 2, 0.5090944972287409
3, 23, -0.5090944972286244
-12, 24, -2.534182907210007e-15
44, 9, -0.009722203866332957
41, 11, 0.009722203865985315
31, 16, -0.009722203866453486
-11, 24, -0.00972220386624267
10, 22, -0.03378981533478088
-10, 24, -0.03378981533564738
19, 20, -0.4771599846979068
15, 21, -3.165340423384473
-9, 24, 3.165340423383913
-8, 24, -0.05339073692772223
4, 23, -0.04793676787285764
52, 1, 0.6310384630417828
-7, 24, 0.6310384630415301
26, 18, -0.0233927502192074
49, 5, -1.207014225392098
23, 19, -1.207014225392242
48, 6, -0.07414256554093775
-6, 24, 0.07414256554162166
43, 10, -1.159553461715359
29, 17, 1.159553461715169
50, 4, -0.06363236906190399
36, 14, 0.06363236906259806
47, 7, 0.02163236281755982
38, 13, -0.021632362817557
11, 22, 0.03999845020905843
5, 23, 1.514176058909281
-5, 24, 1.514176058908899
34, 15, -0.5535800134100427
16, 21, -0.7034035023346876
51, 3, -0.3234201314970155
40, 12, -0.7624787267237606
20, 20, 1.374993014696748
-4, 24, -0.7624787267237273
46, 8, 0.05723950478492332
53, 0, 1.266012316544046
32, 16, 1.46457675005921
-3, 24, -2.58736371171296
6, 23, -1.469229132890348
52, 2, 0.004230453863620628
12, 22, -0.004230453863693697
42, 11, -4.298336622215048e-13
45, 9, 1.517846546780077
27, 18, -1.517846546780023
-2, 24, -0.08078662045858678
24, 19, -0.6032545471646035
17, 21, 0.08010008182440354
30, 17, 1.395571544784394
7, 23, -1.395571544784167
-1, 24, -0.8103820909951617
21, 20, 0.6724079068223698
53, 1, 2.16200527759004
37, 14, 2.162005277589641
39, 13, 1.661704852575358
50, 5, -0.03425470943527509
49, 6, 0.006737221767990362
35, 15, 0.03425470943546472
13, 22, -0.006737221767584629
44, 10, 0.00490441198531322
0, 24, 0.2448571732456965
51, 4, 0.5108088202872557
48, 7, -0.5108088202875237
41, 12, -0.6286612980502186
8, 23, 0.6286612980495724
33, 16, -0.6778082012433593
52, 3, 1.051966771583835
47, 8, -1.051966771583616
25, 19, 1.051966771583843
1, 24, -1.051966771583487
18, 21, -2.161541237689742e-15
28, 18, 0.04235149201685901
54, 0, 0.05316100152777396
22, 20, 0.02304189366254494
14, 22, -0.02304189366214659
43, 11, -1.650892188272481
2, 24, -0.009409075920023255
31, 17, 0.5512075195574136
9, 23, 0.5512075195574416
53, 2, 0.998764595706881
46, 9, -0.998764595706309
38, 14, 0.07796637699589144
36, 15, -1.665136643903532
3, 24, -1.665136643902881
40, 13, -0.542282468257512
19, 21, 0.5422824682569091
-12, 25, 0.7816424184974918
-11, 25, 0.8855046413075152
54, 1, 0.6589608066032893
45, 10, -1.188317095652905
26, 19, 0.6589608066027977
15, 22, 0.6589608066023601
10, 23, -0.6589608066029499
-10, 25, -1.18831709565292
50, 6, 0.0001781120464735097
34, 16, -0.0001781120473879375
51, 5, -1.678840488786447
-9, 25, 1.678840488786575
29, 18, -2.454347403665159e-13
42, 12, 0.09354805474277073
49, 7, -0.489389252873091
23, 20, -0.8084620881344088
-8, 25, -0.8084620881343066
52, 4, -1.26896043722142
4, 24, -1.268960437221911
-7, 25, 0.6905439398308907
48, 8, -0.1672434651580924
-6, 25, -0.7597464231013739
53, 3, 0.02966237659707111
32, 17, -0.02966237659711666
11, 23, -1.337075879825509
55, 0, 4.888895855022023
44, 11, -2.711053108472691
20, 21, -1.466218919793649
5, 24, 1.466218919793503
-5, 25, 2.644061666343029
16, 22, -0.09995305035350718
47, 9, 1.164756430878363
-4, 25, -0.5522901286682375
54, 2, 0.04476391014120763
39, 14, -0.8498105107565302
27, 19, -0.8498105107562488
37, 15, -1.12221040843822
24, 20, -0.222256895087709
41, 13, -3.613231816614855e-13
-3, 25, 2.128810254213086e-14
30, 18, -0.1056732548206681
6, 24, 0.1056732548204181
35, 16, -0.02057507415491689
12, 23, 0.02057507415445446
46, 10, 0.02912092444724519
-2, 25, 1.157314900897733
17, 22, 1.59594032955808
55, 1, -2.656649977017422
43, 12, 2.656649977017381
51, 6, 1.622243807989743
21, 21, -0.6226626096212956
52, 5, -0.2731889030490959
50, 7, -1.109496104821786
33, 17, 1.109496104821636
7, 24, 1.297628567117212e-13
53, 4, 0.6579626229538833
-1, 25, -0.6579626229537561
49, 8, 1.057024302883662
13, 23, 1.05702430288387
28, 19, 0.5986052327402437
54, 3, 2.845207698455061
45, 11, 1.408464682213309
25, 20, -1.041635230529261
0, 25, -0.4566418428710548
56, 0, 0.03785705581348128
8, 24, 0.06253916328081863
38, 15, 0.01736742504703827
31, 18, -0.01736742504665207
40, 14, 0.02251966491621056
18, 22, -0.02251966491636787
48, 9, 1.796182517722635
22, 21, -0.00824088888920275
1, 25, -0.008240888889047653
36, 16, -1.14154279175956
55, 2, 2.250630709576739
42, 13, -2.250630709576888
14, 23, -0.6685258002188535
9, 24, 0.9269479111189153
47, 10, -0.3790715565315289
34, 17, 1.096680030473342
2, 25, 0.3790715565316556
44, 12, -0.8151871862548316
52, 6, 0.07217742930088716
26, 20, 0.07217742930111874
56, 1, -0.0155190928978038
29, 19, 0.01551909289772433
53, 5, 0.4280618658917064
19, 22, -0.4280618658915977
51, 7, 1.483983400484706
3, 25, 1.351614801965598
-13, 26, -2.825333596385135e-15
54, 4, 0.00242234728477127
-12, 26, -0.00242234728452934
15, 23, -0.4219853126602711
-11, 26, 0.4219853126601985
23, 21, 1.594605288046259
50, 8, 0.0008492973942746447
32, 18, -0.0008492973938129344
10, 24, -0.0008492973942378909
-10, 26, -0.0008492973937338883
46, 11, 1.072415017893905
-9, 26, 1.072415017894215
39, 15, -0.0432369418001928
55, 3, 2.263752717545703
41, 14, -2.263752717544488
-8, 26, 0.01581495480957234
37, 16, 0.4937870734329787
4, 25, 0.4937870734328333
49, 9, 0.1920821889533595
-7, 26, 0.192082188953919
57, 0, -1.62780860452332
43, 13, 0.8137171377753927
20, 22, -0.1054404999477852
-6, 26, 0.1054404999486329
35, 17, -0.3474771271637317
11, 24, 0.3474771271642269
56, 2, 1.152753447350023e-12
27, 20, -0.372976672532874
16, 23, -0.3729766725335945
30, 19, -2.010484852700889
5, 25, 3.625547220832941
-5, 26, 2.010484852700956
48, 10, -0.01278441436219368
45, 12, -0.07964937081228345
24, 21, 0.07964937081205146
-4, 26, -0.005697848962408407
33, 18, 0.5621190110848697
53, 6, 0.09248078945568876
57, 1, -0.4819217812407156
54, 5, 0.481921781241206
6, 25, 0.4819217812412232
-3, 26, -0.4819217812409639
12, 24, 0.0298209497755258
52, 7, 1.49216998332822
21, 22, 1.821443911926356
55, 4, 9.535183495482147e-14
40, 15, -2.96846852478283e-13
17, 23, -1.128203818933808e-13
51, 8, -0.5555800111821484
47, 11, 0.2610465910891546
42, 14, -0.01633800738892932
38, 16, -0.02699008916073936
-2, 26, 0.02699008916075327
28, 20, 8.039963195102937e-13
56, 3, 0.9865612409427866
7, 25, 0.986561240943175
44, 13, 0.3162012311465597
36, 17, -0.3162012311468592
50, 9, 2.869659332330248
31, 19, -2.869659332329726
25, 21, 2.869659332329894
-1, 26, -2.869659332329938
13, 24, -0.1676882276195685
58, 0, -0.1004643749760368
0, 26, 0.1451606673197165
57, 2, 0.7045133024164313
18, 23, 0.704513302416172
46, 12, 0.03635283814303187
22, 22, 0.06721675291424792
34, 18, -0.03635283814287209
8, 25, 0.2337503430952733
49, 10, -1.443500919206511
1, 26, 1.559386378703572
14, 24, -0.07254582649793934
54, 6, 8.803328505342289e-13
41, 15, 0.293208778353579
29, 20, 0.2932087783537004
55, 5, -1.007260214375351
53, 7, 0.5585588272281432
39, 16, 0.5585588272283912
58, 1, 4.343917230094478e-05
26, 21, -4.343917167030382e-05
43, 14, 0.05440247714893844
9, 25, 0.05440247714887157
2, 26, 0.09621461520446807
48, 11, -0.7758602935271475
32, 19, 0.775860293527046
56, 4, -0.7947713012749859
52, 8, 0.7947713012757655
37, 17, 2.345672638113531
19, 23, -2.34567263811373
45, 13, -0.6973280666612173
23, 22, 0.6973280666612649
-13, 27, 1.544874415041717
57, 3, 2.210158762937437
51, 9, -2.210158762937055
15, 24, -2.210158762937213
-12, 27, 2.210158762936835
3, 26, -0.6040710940839791
-11, 27, 1.563618226756133
35, 18, 1.05186788043858
10, 25, -1.896854216775047
-10, 27, -1.051867880438564
59, 0, 1.596222267317864
-9, 27, -0.877343275367016
47, 12, 0.7752734525515751
-8, 27, 0.7752734525518401
58, 2, 0.0113217929325462
50, 10, -0.05756448882914493
30, 20, 0.05756448882925656
4, 26, -0.01132179293221442
27, 21, 1.349543860387111
20, 23, 1.706285615581068
-7, 27, -1.706285615580709
42, 15, -0.02577230869443459
-6, 27, 0.02577230869448983
40, 16, -0.2219845508877923
16, 24, 0.2219845508881221
33, 19, -1.200578045783856
11, 25, -1.200578045784033
24, 22, -0.04239894791702536
44, 14, -0.02985655120101049
55, 6, -0.1261080542561273
38, 17, 0.1261080542563846
5, 26, 0.1261080542560419
-5, 27, 0.1261080542564093
54, 7, -0.04261152433666114
56, 5, 1.018009591509249
59, 1, -2.408215251654908
49, 11, 2.408215251654195
53, 8, 6.353862750209434e-13
-4, 27, 5.389095117681871e-13
57, 4, 0.8402241053064153
46, 13, 0.7365597297029417
36, 18, -0.1223687504009251
21, 23, -0.6080561799322618
12, 25, 0.6080561799327688
6, 26, -9.955966511211894e-13
-3, 27, -3.073826693407993
52, 9, -0.02034330847035811
28, 21, -0.01231448781512883
17, 24, 0.02034330847014238
31, 20, 0.76446944563597
58, 3, 0.1051842508627363
25, 22, 0.1461984630331182
-2, 27, -0.1461984630329999
60, 0, 3.644929165726601
48, 12, -2.021232776876588
34, 19, 0.2207600087897191
51, 10, 0.005492248316631336
7, 26, -0.005492248316341344
41, 16, -1.702498495807221
59, 2, 1.50959273589695
43, 15, 1.509592735896792
13, 25, -1.509592735896927
-1, 27, 1.509592735896638
39, 17, -4.841105043080056e-13
45, 14, 1.262480203127517
22, 23, -1.26248020312764
18, 24, 0.01121438764165231
0, 27, 1.584707145141214
56, 6, -0.0848095346491697
8, 26, -0.08480953464966058
55, 7, -0.6868691799487043
50, 11, 0.6868691799488682
37, 18, 0.6868691799492256
29, 21, -0.686869179948429
57, 5, 0.8409293251760382
32, 20, -1.018756212932571
60, 1, -0.2804806044053298
47, 13, 0.2804806044054088
54, 8, 0.04984714728026446
26, 22, -0.04984714728055538
14, 25, 0.2687462469134873
1, 27, 0.4759870546986542
58, 4, -0.02099401266907183
53, 9, -0.07736080618778053
35, 19, 2.324144977639405
9, 26, -2.324144977639536
19, 24, 0.5522339974341434
59, 3, -0.6138584251804873
23, 23, -0.0002071323974871856
2, 27, 0.6138584251803486
49, 12, -0.8057937678223016
42, 16, -0.02989194618255109
61, 0, 1.684418103358054
44, 15, 0.6844181033582641
52, 10, -5.696874502273983e-13
-14, 28, -9.711486004264143e-15
40, 17, -0.002944261608852943
15, 25, 0.005309445369997357
-13, 28, -0.00294426160896227
-12, 28, -0.1968503513694631
-11, 28, 1.049851280741205
30, 21, 2.788628252025355
3, 27, -2.788628252025067
60, 2, 0.0958020943451748
46, 14, -0.09580209434398398
10, 26, 0.0958020943448607
-10, 28, 0.09580209434390709
27, 22, 1.186463596739172e-13
38, 18, 0.03216808063809234
33, 20, -0.02571554285984759
-9, 28, -0.02571554285979783
20, 24, -2.489576171500189
-8, 28, 2.489576171498936
51, 11, -1.098147152010935
4, 27, -1.288469613580236
57, 6, 1.461180051773438
56, 7, 0.5644983886699448
48, 13, -1.470706609791463
24, 23, -1.470706609791891
-7, 28, -0.5644983886700554
58, 5, 1.834222227162244
16, 25, -4.718574813686803e-15
55, 8, -2.979558483136112
36, 19, 2.979558483136631
61, 1, 0.8808500330828684
11, 26, -0.8808500330829396
-6, 28, 0.09295920575026741
59, 4, -0.7866002799013331
5, 27, 1.334393374975921
-5, 28, 1.334393374976015
54, 9, -2.748228212410039
43, 16, -2.579430876998829
31, 21, -2.579430876997807
50, 12, 0.01677962165511812
28, 22, -0.01677962165497242
41, 17, 1.084381011537262
-4, 28, -1.075201162642752
60, 3, 1.746820120090652
45, 15, -3.150075377678914
21, 24, 1.746820120090949
34, 20, -0.01384868137095667
12, 26, -0.01384868137066685
53, 10, -1.628397339657227
17, 25, -1.628397339657592
39, 18, -1.297307798748904
6, 27, -1.297307798749198
62, 0, -0.09592412510112987
25, 23, 0.8680825364358129
-3, 28, -0.8680825364361967
47, 14, 0.8621492891736615
61, 2, -0.0461213875394694
-2, 28, 0.06052857364531376
37, 19, -1.234587695330494
52, 11, -0.8130681538104177
49, 13, -0.8403597616463886
7, 27, 0.8403597616468363
13, 26, 0.03540276614702895
58, 6, -0.02607958626771457
22, 24, 0.02607958626733035
57, 7, 0.8804447813120507
-1, 28, 0.8804447813118834
29, 22, 0.6205817217607095
18, 25, 0.6205817217606915
59, 5, -1.904701609209013
32, 21, -1.904701609208594
56, 8, -0.1302993675829355
62, 1, -1.878155029204422
26, 23, 0.02688611537303468
60, 4, 0.9309542261726533
44, 16, -0.9309542261729868
0, 28, 0.5635378577335459
42, 17, 0.1618458600662745
55, 9, -0.3722588448721671
35, 20, 0.6713017601920537
8, 27, -0.3722588448726077
46, 15, -1.366701464154261
51, 12, -2.868191449528513e-13
40, 18, 0.08618250579509006
14, 26, -0.08618250579470509
61, 3, 0.03919808833923102
1, 28, 0.03919808833904449
54, 10, 0.0004909095446603784
48, 14, -0.0004909095449227328
23, 24, 0.1701249645031676
19, 25, -0.1701249645030602
63, 0, 0.62208606312826
9, 27, 1.027674789837681
38, 19, 1.475751587004484
30, 22, 0.06154379398723364
2, 28, -0.06154379398672988
33, 21, 1.744174063960668
62, 2, -0.0477447616802429
50, 13, 2.151578876330233
27, 23, -2.151578876330967
15, 26, 2.15157887633046
-14, 29, -2.15157887632982
53, 11, 0.571971922951946
-13, 29, 0.5719719229527209
-12, 29, -0.2953348014611489
-11, 29, -0.5343021532413064
3, 28, 1.384485631660362
59, 6, -0.07220915594954677
58, 7, 0.07220915594951384
10, 27, 0.07220915594963707
-10, 29, 0.07220915594926483
36, 20, -0.4265245733422341
60, 5, -0.02531719888824678
57, 8, 0.01403921719326097
45, 16, -0.0140392171931345
43, 17, 0.01403921719302632
20, 25, 0.02531719888815238
-9, 29, -0.01403921719324828
24, 24, 0.1003541729933773
63, 1, -0.5096102947163668
-8, 29, -0.5096102947163617
47, 15, 0.2093538695973624
41, 18, -0.2093538695970377
61, 4, 0.4714371657149852
56, 9, -0.4714371657158264
52, 12, -0.02703531228184451
4, 28, 0.02703531228113484
-7, 29, -0.7288396411730789
16, 26, -0.01108775876223604
31, 22, 0.9292264827366142
11, 27, -0.9292264827366421
49, 14, 0.431146263674901
39, 19, 0.7122457360382712
-6, 29, -0.712245736038309
28, 23, -1.362219680754539
62, 3, 1.742972591262917
55, 10, -3.143137052613728
34, 21, 1.742972591263148
5, 28, 2.667349527732385e-13
-5, 29, -3.282396483452012e-13
21, 25, 1.255129735738913
64, 0, -0.9848745250199954
25, 24, -0.3810980268208929
-4, 29, 0.3810980268211939
51, 13, 0.4093414691044905
37, 20, -0.4093414691048874
17, 26, -0.2983882198497825
12, 27, 1.134736804512226
63, 2, -0.1698504863251769
54, 11, 0.1698504863248174
6, 28, 0.02684594007351137
-3, 29, -0.5648711665912705
44, 17, 1.541442590996293
46, 16, 0.003395588482397925
59, 7, 0.2696038454201822
60, 6, -0.002251377868324696
42, 18, 0.002251377867621646
58, 8, 0.05623342821033814
32, 22, 0.05623342821028108
48, 15, 2.842833916029857
61, 5, -0.2222532748759965
-2, 29, 0.22225327487629
29, 23, -1.000210921048116
22, 25, 0.5725796109643585
64, 1, 0.8045632307999645
53, 12, -0.8045632308001551
40, 19, -0.8045632308001885
35, 21, -0.4870291435913677
13, 27, 0.8045632307999703
7, 28, 0.4870291435919644
57, 9, 1.308965853918731
62, 4, 7.29988299172794e-05
18, 26, -7.299882927805021e-05
-1, 29, 0.3856052062340833
50, 14, -3.710653415254435e-13
26, 24, 1.701371007050743e-13
56, 10, -0.04158455774620971
63, 3, -0.9887130605909396
38, 20, 0.09511391616296164
0, 29, -2.994800855544888
8, 28, 0.4249178261426649
14, 27, -0.5111778422705927
65, 0, 4.32717857234594
52, 13, -2.399562450778625
23, 25, -1.542669384843591
55, 11, 2.003703195124765
45, 17, -1.083662848640507
33, 22, -2.003703195125469
30, 23, 1.083662848640131
19, 26, 1.083662848640464
1, 29, -1.083662848640427
47, 16, 1.892666071152558
43, 18, 0.385447586514342
64, 2, -0.07801558044211089
9, 28, 0.9817699550454254
36, 21, 1.277512494441885
27, 24, -1.277512494441683
49, 15, -0.3639036346949928
60, 7, -2.16256064215065
41, 19, 2.162560642150696
61, 6, 0.3686174669992069
2, 29, 0.3686174669996514
59, 8, 1.232491301490503
15, 27, -2.95420438000199e-13
-15, 30, -5.059090526202843e-14
-14, 30, 0.02452865244632887
62, 5, -1.223480136524547
-13, 30, 1.223480136524122
54, 12, -0.0433099506726645
-12, 30, -0.04330995067250689
58, 9, -0.008432648812140878
-11, 30, 0.008432648811952459
65, 1, 2.868117300291307
51, 14, -2.868117300290967
-10, 30, 0.06000246576138337
20, 26, -0.03327333535962359
10, 28, 0.03327333535872681
63, 4, 0.02336486325902893
39, 20, -0.02336486325886193
24, 25, 0.02336486325839459
3, 29, 0.02336486325919231
-9, 30, 0.8382086871166952
57, 10, -1.088822140036512
31, 23, 1.088822140036303
34, 22, 0.001537746398297784
-8, 30, 0.001537746397712083
64, 3, -0.4547245341552146
16, 27, 0.4547245341554425
28, 24, 1.13474338749301
4, 29, 0.7783849856681768
-7, 30, -0.8709774593474129
53, 13, -0.0728927793169062
46, 17, 0.07289277931648697
44, 18, 0.0561969669511198
11, 28, -1.461507760584531
37, 21, 2.991781699727479e-14
48, 16, 0.855524034510989
66, 0, 0.1781829438444139
-6, 30, 0.09636668593105825
56, 11, -0.6117087095264122
42, 19, 2.786694091901877
21, 26, -2.786694091902753
65, 2, 0.4269119043356158
50, 15, 0.3374978958283841
25, 25, -0.9515634534062583
5, 29, -0.4269119043356302
-5, 30, 0.3374978958285341
61, 7, 0.004092327711345185
17, 27, -0.004092327711353062
62, 6, 0.009229635051662801
-4, 30, -0.009229635051684695
60, 8, 1.832425181861595
40, 20, -3.304448683887501
12, 28, 1.832425181862051
55, 12, -1.263894843597245
32, 23, 1.263894843596885
63, 5, 1.200893083026601
52, 14, -0.02838160983838096
35, 22, -0.8900112612151434
6, 29, 0.8900112612144204
59, 9, 0.9224160378035154
29, 24, -0.92241603780451
-3, 30, -2.056705584813625
66, 1, 1.17218067704121e-12
64, 4, 0.5743945682417466
22, 26, -0.05833709212232299
58, 10, -0.01016682816073761
-2, 30, 0.01016682816077374
38, 21, 0.5339345577132996
26, 25, -0.2931950562938249
47, 17, 0.04238496470294242
13, 28, 0.04238496470328582
45, 18, -3.647761094231401
18, 27, 3.647761094231706
7, 29, 1.016235370467208
54, 13, 1.352852411915799
65, 3, -2.292585186677056e-13
49, 16, 6.545749951882845e-14
43, 19, -0.3672288598229619
-1, 30, 0.3672288598235042
57, 11, 0.9220085366586671
67, 0, 0.4037419081557716
51, 15, 2.055149945064806
33, 23, 0.3514019296892067
0, 30, -0.1525960364900415
30, 24, 0.0300126130284176
41, 20, -0.172949750690249
8, 29, -0.1729497506897227
23, 26, -0.154284020325141
66, 2, -0.000575026191924232
36, 22, 0.0005750261920018984
14, 28, -0.0003480826659184087
19, 27, 1.448514459034767
62, 7, 1.597271094988803
63, 6, -3.182577575329855
56, 12, -0.7144522342233502
61, 8, 0.9277940638600887
27, 25, -0.9277940638592457
53, 14, 0.02101877288750159
1, 30, -0.02101877288821609
64, 5, -7.1766400116236e-14
60, 9, 0.3342961892016313
39, 21, -0.3342961892018261
9, 29, 1.090691470838961
67, 1, 0.6902601846677061
46, 18, -0.04321455660050053
2, 30, -0.04321455660055212
65, 4, -2.528136635384701
48, 17, 2.528136635385322
15, 28, -2.528136635384491
-15, 31, -2.528136635384753
-14, 31, 0.03499169776798096
59, 10, -0.1424127350178815
-13, 31, 0.1424127350181977
44, 19, 0.01500971707151298
-12, 31, -0.01500971707131996
50, 16, 0.07691254665020623
24, 26, -0.07691254665058948
34, 23, -0.09088474323061643
55, 13, -1.485922540771131
31, 24, 1.48592254077084
20, 27, 1.485922540771495
-11, 31, -1.485922540770998
10, 29, -0.6258227069870221
-10, 31, -0.6258227069870537
66, 3, -0.03264411914610853
3, 30, 0.0326441191459124
37, 22, -1.416849036366554
42, 20, -0.03944593666621217
58, 11, -0.9806849577600505
-9, 31, -0.9806849577594688
52, 15, -1.324688157016806
28, 25, -1.324688157017551
-8, 31, 0.6885291480329129
68, 0, -0.741255897202289
16, 28, 0.2562178747978703
4, 30, 8.908335833951447e-13
-7, 31, 0.09840939893853241
67, 2, 0.7332423556749494
11, 29, 0.8910663708008592
40, 21, -0.8910663708016942
54, 14, 0.02663744224572203
57, 12, 4.001735668927717
21, 27, 4.001735668928874
63, 7, -2.978489609929119e-13
25, 26, 2.158139501028901e-14
-6, 31, -6.240322628935886e-13
64, 6, 0.01486151607378247
62, 8, -0.01486151607191917
32, 24, -0.003278719271933531
65, 5, 2.855820226575952
61, 9, -1.583645987170583
47, 18, -1.583645987170468
35, 23, -1.583645987170818
5, 30, 2.855820226576138
-5, 31, 1.583645987170505
49, 17, -0.8360723522582106
45, 19, 0.9589169836525248
17, 28, -0.958916983653169
29, 25, 0.3131526345071212
68, 1, 1.176123555015881
51, 16, 1.176123555015401
12, 29, -1.17612355501526
-4, 31, 1.1761235550153
66, 4, -0.1042268420145241
60, 10, 0.1879543319593154
38, 22, -0.1042268420147985
56, 13, -0.4964118928570092
43, 20, -0.4964118928570844
6, 30, 0.1321383592553876
-3, 31, 0.164954803013108
22, 27, -0.1119610285613339
53, 15, -0.868344047955152
26, 26, 0.0594937796873219
67, 3, 2.771074910670072
59, 11, -2.771074910670178
-2, 31, -0.2283325104598147
41, 21, -0.2283325104594808
18, 28, 0.05393270690199672
13, 29, -1.019722578162898
7, 30, -0.2290424723847573
69, 0, -0.0005490812734026086
33, 24, -1.627259523250277
36, 23, -2.9691488251574e-13
55, 14, -0.277373690858593
-1, 31, -0.2773736908591709
30, 25, 0.5001934795356359
68, 2, 0.08117394380575721
58, 12, -0.08117394380589904
48, 18, 1.789362552773819e-13
64, 7, 0.8765689532015681
63, 8, 1.580067161172989
65, 6, -0.4128233796981444
50, 17, -0.4128233796986168
46, 19, 0.4128233796982457
23, 27, 0.4128233796991247
39, 22, 1.178144299046952
8, 30, -0.07076435004091629
0, 31, -2.859457912230263
62, 9, -2.589339018791853e-14
14, 29, -9.997458413003647e-13
66, 5, 0.6174546305901532
27, 26, 0.6174546305899112
19, 28, -0.478843556938861
52, 16, -0.3257352668133676
44, 20, 0.3257352668133348
61, 10, -0.4245888216423288
69, 1, 1.804331377986223
57, 13, -1.804331377986236
67, 4, -0.2857983717905974
1, 31, 0.2857983717908614
54, 15, -1.496412431828772
9, 30, 1.496412431828465
42, 21, -0.9058286996401731
34, 24, -0.05059424603745753
31, 25, 0.2412147318918685
-16, 32, -1.491095928443459e-13
60, 11, 0.7774215216576342
37, 23, -0.777421521657376
15, 29, -0.7774215216581685
-15, 32, -0.7774215216585658
-14, 32, -0.0504287099223769
24, 27, 2.335019845118644
2, 31, 0.7076923432513357
68, 3, -1.581247104696111
-13, 32, -1.581247104696295
20, 28, -1.939628555224784
-12, 32, 1.939628555225505
-11, 32, -0.1128915337816331
28, 26, 0.06085648582602129
70, 0, -0.04254514595450287
56, 14, 0.02359267892329625
40, 22, 0.03897467374825134
10, 30, -0.07028380238695345
-10, 32, -0.03897467374754828
49, 18, 1.074775266378186
47, 19, 0.6993174003133347
3, 31, 0.6993174003128427
59, 12, 1.94517946703249
51, 17, -0.2214324564411222
-9, 32, 1.083484207296737
69, 2, 1.090772583397799
65, 7, -1.424630436319863
45, 20, 2.569064329023404
16, 29, -1.424630436320823
64, 8, -0.09097987911220144
-8, 32, 0.09097987911182082
66, 6, -0.03671106841675371
53, 16, 0.5874523138365326
63, 9, -2.141144335365158
35, 24, -0.0146338075092369
25, 27, 0.0146338075096664
4, 31, 0.01463380751054218
-7, 32, -0.01463380750961921
67, 5, 0.08538285271933233
32, 25, -0.08538285271927762
21, 28, 0.05168510819928551
11, 30, 0.1069379797513956
43, 21, -0.940833020394746
58, 13, -0.9870017151890341
38, 23, 0.9870017151898369
62, 10, 0.001415000149924054
-6, 32, 0.001415000151155349
70, 1, -1.017342919792485
55, 15, 1.834594670301983
29, 26, -1.017342919792115
68, 4, -0.1981824506934836
5, 31, -1.423251308375048
-5, 32, -1.423251308375412
17, 29, 1.112945165184414
61, 11, 4.238645392360041e-13
41, 22, -1.249133449117488
12, 30, -0.06913362002580375
-4, 32, -1.585461235358884
69, 3, 1.645082115461227
50, 18, 0.03220112008001569
22, 28, -0.03220112008044673
48, 19, -1.47674571689234
26, 27, 1.451688917234432
57, 14, -1.028738658486804
6, 31, 1.028738658488213
52, 17, 0.05991911797418416
-3, 32, 0.05991911797471254
46, 20, 0.04943753985371135
33, 25, 0.2025858728530001
60, 12, 1.493866188184219
36, 24, -1.493866188184581
71, 0, -0.2047575979638026
18, 29, -0.5305487459532133
13, 30, 1.478554477658034
70, 2, -0.002041071935851386
54, 16, 0.002041071937213282
30, 26, 0.002041071936065692
-2, 32, -0.002041071937816063
66, 7, -1.483952840125509
39, 23, -1.483952840126291
65, 8, -0.3305214354496394
44, 21, 0.3305214354478601
67, 6, -2.57727883457218
7, 31, -2.577278834571315
64, 9, -0.1938211735305554
68, 5, 0.5174247297976061
-1, 32, -0.517424729796613
59, 13, -1.186692606788178
23, 28, -1.186692606787734
63, 10, 0.06538648610293167
56, 15, 1.501417653518325
27, 27, 0.6494887320616189
42, 22, -0.0261936401469825
14, 30, -0.04009519364062365
71, 1, 0.281511820114031
69, 4, -0.2815118201146316
8, 31, -0.2815118201139403
19, 29, 0.2815118201142443
0, 32, 0.2251569115458028
62, 11, -0.1149543577697651
34, 25, 0.1149543577692201
49, 19, 0.8963552988999277
37, 24, 0.8963552988996436
51, 18, 1.516223807438875
31, 26, -1.531824910982185
47, 20, -5.21612586506423e-13
1, 32, -0.5077175495516028
70, 3, 0.8002662069917892
53, 17, -0.8002662069915477
58, 14, 0.04093766466523216
40, 23, 0.1012210676045238
9, 31, -0.1012210676040479
24, 28, 4.429287120167328e-13
61, 12, 0.9525456986052159
-16, 33, 0.9525456986047129
15, 30, -0.06711262939882916
45, 21, 0.03721615431041441
-15, 33, -0.03721615431144817
-14, 33, 1.297585467905138
72, 0, 0.1656297520466469
55, 16, 1.676294895142636
28, 27, -1.676294895141267
20, 29, 1.676294895141209
-13, 33, -1.676294895142115
2, 32, 0.0916783062410174
-12, 33, 0.5549701104643137
71, 2, -0.6263770965757343
67, 7, 0.6263770965761527
-11, 33, -1.158177371621107
66, 8, -0.007764563127677405
68, 6, -0.01545137356093527
65, 9, -0.002176064487260175
43, 22, 0.002176064487601507
10, 31, 0.002176064486422895
-10, 33, 0.002176064486970739
60, 13, -4.764848985463679e-13
35, 25, -8.520316395600674e-13
3, 32, 7.62222761755203e-13
57, 15, 1.142913145277463
-9, 33, 1.142913145277612
69, 5, -0.05530427912594499
64, 10, 0.0392642772985792
16, 30, 0.03926427729991484
38, 24, 0.03926427729789855
32, 26, -0.03926427729855676
25, 28, -1.239618214357212
-8, 33, 1.239618214356349
21, 29, -2.835305923800374
50, 19, 2.835305923800003
70, 4, -0.03207981626080525
52, 18, 0.03207981626179747
72, 1, -0.6441838351859734
-7, 33, -1.230615086157166e-13
48, 20, -1.020347308936009
4, 32, -1.020347308935329
63, 11, 0.01875795250222163
11, 31, -0.01875795250226846
41, 23, -0.7599098547679907
29, 27, 0.7599098547686081
54, 17, -1.244615808319103
-6, 33, 1.085111446774826
59, 14, 0.1712762113701547
46, 21, 0.1712762113697973
71, 3, -1.221165479847559
17, 30, 1.221165479846215
5, 32, -2.325611711713586
-5, 33, -2.325611711712617
62, 12, -0.02746667370174102
56, 16, 0.1147922337142515
36, 25, 1.370211099500474
12, 31, -1.370211099500513
44, 22, -0.08736487158514823
26, 28, 0.01319124200639979
33, 26, 0.546898184841683
22, 29, 0.5468981848416467
73, 0, 0.001066531658642562
-4, 33, 0.9989334683413911
39, 24, -0.589164770376933
68, 7, 0.7311888353526337
67, 8, -0.7311888353520712
72, 2, 0.006877090966946869
6, 32, -0.006877090968317478
69, 6, -1.291051453398358
66, 9, 1.291051453398991
30, 27, -1.291051453398319
-3, 33, 1.29105145339856
61, 13, 0.003624527137254904
58, 15, -0.0036245271385581
18, 30, 0.0001935104840876329
70, 5, 0.9918641630293881
65, 10, -0.9918641630301509
51, 19, -0.1950800033002492
42, 23, 0.1950800033005391
13, 31, -1.540298399072576e-12
49, 20, 0.09439136475954073