d = 19, symClass = C, D = 16.000000, Y = 0.1370699933040758
[22.58137893808167, 22.58140173807438], 22.5814009834327
1, 0, 1
2, 0, -0.3972985101262082
0, 1, 0.3020633174490838
1, 1, 1.431004885088432
3, 0, -1.680804568762457
2, 1, 0.9222563368212365
4, 0, -0.2847801197029892
3, 1, -0.1856685537274541
-1, 2, -0.0001293770462179382
0, 2, -0.04061301304903619
1, 2, -0.37419824046133
5, 0, -0.4546654487567081
4, 1, 0.3453094452227984
2, 2, -0.5866932373121921
5, 1, -0.06410587631817855
3, 2, -0.8600254680687323
6, 0, 1.660054232333624
-1, 3, -0.150714206418077
4, 2, -0.5490111874429496
0, 3, 0.1250668698695784
6, 1, 0.681803382769549
7, 0, 0.9666262855320302
1, 3, -0.7271147395525622
5, 2, -0.2970930120319838
2, 3, -0.4906474710736136
7, 1, -0.5103435949975017
3, 3, -1.743254209639367
8, 0, 1.401940427332185
6, 2, -0.01139503301677851
4, 3, -0.1852397497180562
-2, 4, -0.0001115524745371641
8, 1, 0.5659602605090233
-1, 4, -1.265150143602691
0, 4, 0.3770579877680406
9, 0, 2.085423205058029
7, 2, -0.3104685398207082
5, 3, 0.4137487587223113
1, 4, 0.6409708655359528
2, 4, 0.09757786859351686
9, 1, 1.29534359426227
6, 3, -1.303645592203488
10, 0, 0.5274585823468306
8, 2, -0.2968551896181429
3, 4, -1.980099836259315
4, 4, -0.5153349291522631
10, 1, -0.8755275551651986
7, 3, -0.7653366107897472
9, 2, 0.08881625768480088
-2, 5, -0.7061217996507647
11, 0, 0.3915876278084698
-1, 5, -0.01186655473009938
5, 4, 0.1008252975677012
0, 5, -0.2925694380076653
1, 5, -0.2833255060329094
8, 3, 1.106018200684431
11, 1, -0.8434706156272382
2, 5, 0.2714711395113114
10, 2, 0.4154698917505174
6, 4, 0.1191324858861487
12, 0, 1.660116931898407
3, 5, 0.1258813070833438
9, 3, 0.3600538757172332
7, 4, -0.6001616792359834
12, 1, -0.793575238005787
4, 5, -0.5403449475662694
11, 2, 0.5166206141268435
13, 0, 0.336212786511122
-3, 6, 4.264568958734147e-06
-2, 6, -0.03388889613000218
10, 3, 0.09777548548453929
5, 5, -0.4531004498776004
-1, 6, 0.596555342892125
8, 4, -0.4822924480148217
0, 6, 0.6563545489101067
13, 1, 0.1106158542184612
1, 6, -0.5687330532352631
12, 2, -0.7211880109011601
6, 5, -1.390802724281918
14, 0, -0.2655366854626491
2, 6, 0.3477052242239179
9, 4, -0.3471827417924613
11, 3, 0.9294371355290892
3, 6, -0.2191604790043303
7, 5, 0.9486706690717845
14, 1, 0.6599397156300423
13, 2, 0.9082424310738842
10, 4, 0.1877689574132174
4, 6, 0.2019655415996257
15, 0, 1.579397116181985
12, 3, -0.9364682185800226
8, 5, -0.1455135878170937
-3, 7, -1.903580965814632
5, 6, 0.4239596691127093
-2, 7, 0.2289722606554364
-1, 7, -0.8871022751723679
14, 2, 0.6304422729316327
15, 1, -1.451795719324073
11, 4, -1.07358668065028
0, 7, 0.3057640537835035
9, 5, 0.2582750100228787
6, 6, 1.393710682847993
13, 3, -0.6361625255518927
1, 7, -0.6198039425995568
16, 0, 0.57069744825241
2, 7, -1.212875765267198
7, 6, -0.7931341752803559
12, 4, -0.0125698279057705
15, 2, 0.06056331827770264
10, 5, -0.5728410763130926
3, 7, 0.6375164719625053
16, 1, -0.3646464084584393
14, 3, 0.5332055613070651
17, 0, -0.07965213533815529
4, 7, -0.6956628552523874
8, 6, -0.4632343804315612
13, 4, 0.6503213338055851
11, 5, 0.7196817838115801
-4, 8, -0.0001815497053551792
5, 7, -0.3506511408752197
-3, 8, -0.4554404918075083
16, 2, -0.2652425958966874
-2, 8, 0.6228676797725998
17, 1, -1.715443733020441
-1, 8, 0.1114105038601122
15, 3, 0.7105425360472137
9, 6, 1.236637801915051
0, 8, 0.9017180131291724
6, 7, -0.6191423966748995
18, 0, -0.7963725742028079
12, 5, 1.146852682154924
1, 8, 0.5788508214018276
14, 4, 0.4726029722790032
10, 6, -0.233191208367695
2, 8, -0.1702169209784607
17, 2, -0.02029770121642869
7, 7, -0.6875009500921545
18, 1, -0.8284082998777734
16, 3, -0.2862387612299456
3, 8, 0.009600259824179858
13, 5, 1.434255287633984
19, 0, 0.01659790804629471
15, 4, -0.5855803709211407
8, 7, 0.2238893770080311
11, 6, 0.8034792187938844
4, 8, -0.2331956835945607
18, 2, -0.8262937071778342
19, 1, -1.424820090338583
17, 3, -0.6930485762009241
5, 8, 0.1930795536475743
-4, 9, -0.1525071005546544
-3, 9, 0.1995097491685172
9, 7, 0.5811854214744243
14, 5, 0.8429811784403705
-2, 9, 0.6775562222120866
12, 6, 0.8301259116152885
-1, 9, -0.4499569208714075
20, 0, 1.032079840450685
16, 4, -0.4982650055485905
6, 8, 0.8848542902048804
0, 9, 0.5582485622445547
10, 7, 0.8050613737520068
1, 9, 0.6936787518217128
19, 2, 0.1695306367750579
18, 3, -1.729586517352293
20, 1, 0.3836456203111977
15, 5, -0.02351201697032644
7, 8, -0.3738811154949248
13, 6, -1.558367429072178
2, 9, -0.8738677175564257
17, 4, 1.216630169244595
21, 0, -0.9916120965380336
3, 9, 0.9423465550166615
11, 7, 1.391672739572351
8, 8, 1.586713815402685
4, 9, 0.4696134216801133
20, 2, 0.2685449633870973
14, 6, 0.8628378228230887
16, 5, 0.6847816568933438
19, 3, 0.3554406099109687
21, 1, -1.23533827874514
12, 7, 0.5335210751570255
9, 8, 0.6059316100231057
5, 9, 0.5081590564071669
-5, 10, 9.746602648674875e-05
18, 4, -0.1239689791605031
-4, 10, 0.2781607906702355
-3, 10, 0.2408681009839705
22, 0, -0.175667100824564
-2, 10, -0.127757007922806
-1, 10, -1.109695510950227
15, 6, 0.5702283700546131
6, 9, 1.114530570212237
17, 5, -0.454343664322944
10, 8, 0.01646604828958129
0, 10, 0.5123846311194648
21, 2, 0.1990909496169224
20, 3, -0.2361811548101753
13, 7, 1.096175095940329
22, 1, 0.4870254628027048
1, 10, 0.3340649369055727
19, 4, 0.7108811044562251
7, 9, 0.3776087975593124
2, 10, 0.3257321109068578
23, 0, -0.8316184215566795
11, 8, 0.4276674263021998
16, 6, -0.6507280700050851
18, 5, -1.218518666510492
14, 7, 0.4471845257815804
3, 10, -0.6759958040784666
8, 9, -0.7144590260056021
22, 2, 0.790328587576113
21, 3, 1.622540185960999
4, 10, 0.05004473175918824
23, 1, 0.2862889646621473
20, 4, 0.5061562132481923
12, 8, 0.09655644628332864
9, 9, 2.142830002734953
17, 6, -1.233906925396769
5, 10, 0.09380494774743692
-5, 11, -0.04763765380309816
15, 7, -0.2554414906543325
24, 0, -1.480093368737869
-4, 11, -1.361460764061965
19, 5, 0.779289514776478
-3, 11, -0.4959167220091654
-2, 11, -1.560467613314602
13, 8, 0.7062807977608662
23, 2, 0.3076157320548455
22, 3, 0.9355797366907099
10, 9, -0.4159270672344217
-1, 11, -0.5160615736414672
6, 10, 0.1493321312246874
24, 1, -0.8818158841965824
21, 4, -0.8371457028014465
0, 11, 0.08919313132031383
18, 6, -0.3386680458411135
16, 7, -0.1345962826001679
1, 11, -0.9726447234179163
7, 10, 0.1432462322843914
25, 0, 0.2752184765166123
20, 5, -0.7790995922725187
11, 9, -0.4173965330354197
14, 8, 0.1509128449809288
2, 11, 0.3362022577592489
23, 3, 0.8816314597731636
24, 2, 0.2169050957055537
8, 10, 0.6659198889353423
3, 11, 1.015397953916231
22, 4, -0.2816968655874484
17, 7, -0.7613255745470755
25, 1, -0.7069883143931672
19, 6, -1.122198132711546
12, 9, 0.337659708782244
15, 8, 1.098972799903439
4, 11, 0.6946807457726328
21, 5, -1.11792851000187
9, 10, -0.5844762421904061
26, 0, 0.1663586118895473
-6, 12, 0.0002807777373190219
5, 11, 0.2417243341971557
-5, 12, -0.6698090135535062
-4, 12, 0.1073015573122432
13, 9, 1.881882261617035
24, 3, -0.9379096420801516
-3, 12, 2.274708120372976
25, 2, 0.3752126872428835
18, 7, 1.021014011599615
20, 6, -0.03832304064039479
10, 10, 0.3875833909195034
-2, 12, -0.4904832391139806
23, 4, 1.110209651645497
16, 8, 0.9408269577414606
26, 1, -1.528673197334143
6, 11, 2.017759666456804
-1, 12, 0.6769936756115901
22, 5, 0.4499993133807107
0, 12, 0.7326688514463042
14, 9, -1.017717329414568
27, 0, -0.8074933825837665
11, 10, -0.4406605066117023
7, 11, -0.556340622063157
1, 12, 0.1532952885215445
19, 7, -1.133912668316914
25, 3, 0.5273222056837312
17, 8, 0.249325359159277
21, 6, 0.6623926493076985
26, 2, -0.0367301806183396
2, 12, 0.2734522348809473
24, 4, -0.8650431610192872
8, 11, 0.2982250701342798
27, 1, -0.3797473818603857
12, 10, 0.9058460816217146
15, 9, -1.049206145041149
3, 12, -0.9107998220593904
23, 5, 0.1932889567753495
28, 0, -0.2480847849467726
4, 12, 0.5247403023950169
20, 7, -0.4076185529372165
9, 11, 0.04156024441610635
18, 8, -0.35785937737821
22, 6, -0.3118063400171804
26, 3, -0.5231896476706165
13, 10, 0.3368415598729629
27, 2, -0.4539225557329206
-6, 13, 0.1538723235798191
25, 4, -0.4840351577024964
16, 9, -0.7506551905250455
5, 12, -1.182475321164462
-5, 13, 0.6702875881511676
-4, 13, 0.9085564129243159
10, 11, 0.919299937425669
-3, 13, 0.4055608631224291
28, 1, -0.6706393274229394
24, 5, 0.7690704629660128
-2, 13, 0.2791961240151856
6, 12, -0.2651303655446466
21, 7, -0.1217436568789453
19, 8, 0.8988013201184182
-1, 13, 0.7703698982985167
14, 10, -0.601828964041643
29, 0, 0.8850012937119588
0, 13, 0.1016463076399517
23, 6, -1.137742708120844
11, 11, 0.228815500480987
17, 9, -0.2524124823061324
7, 12, 0.4043123348774854
27, 3, -1.64882667305779
1, 13, -1.359061760839698
28, 2, -0.6476921928022903
26, 4, -0.3740415855225252
29, 1, -0.6023352929331879
25, 5, -0.3329626507201791
15, 10, 0.04783682728168575
2, 13, -0.7732550554869616
20, 8, 0.302447565131724
8, 12, 0.3074429743069137
12, 11, 0.570983356770549
22, 7, 0.3921849649832806
18, 9, 1.447291914395656
3, 13, -1.094138098125902
30, 0, -0.07361885984796941
24, 6, 0.2193591187349138
9, 12, 2.74110650691738
28, 3, 0.5641822335080818
4, 13, -0.5970520318511473
16, 10, 0.1684634883184337
27, 4, -0.7570990363852016
13, 11, -0.8279758385678829
29, 2, -0.03807851098934382
21, 8, -0.7664233101755276
26, 5, 1.533202636627465
-7, 14, -5.754711603693618e-05
-6, 14, 1.49476200108165
30, 1, 0.3045832910537414
23, 7, 0.6790551269548843
5, 13, -0.2780312636443348
-5, 14, 0.4780784575593065
19, 9, -1.116801951689196
10, 12, -0.7726047811452729
-4, 14, 0.2492357074272299
-3, 14, -1.354177037090408
25, 6, -0.1205543151439865
14, 11, 0.4487754197115283
-2, 14, 1.5306511089709
17, 10, -0.8237899172019432
6, 13, -1.634872706954224
31, 0, 0.7648802500056671
-1, 14, -0.3501538085699376
29, 3, 1.351534872625449
11, 12, 0.01450754871577009
28, 4, 0.6135693256973622
30, 2, 0.7942986339872863
22, 8, 0.8021967794730118
0, 14, 0.1308790777006132
20, 9, -2.073942816197931
7, 13, -1.287417257972637
27, 5, 0.633384624747552
24, 7, 0.5884153768978432
15, 11, 0.2266216879893921
1, 14, -0.2753077063389896
31, 1, -0.3745091895801204
18, 10, 0.2627611593830012
12, 12, 1.742806033867416
26, 6, 0.3551335755791845
2, 14, 0.4781582475165242
8, 13, 0.1217578867775745
32, 0, -0.7106639149127609
3, 14, 0.8732561142958297
23, 8, 0.9271394077418459
30, 3, 1.006371600331059
21, 9, 1.217139571903674
29, 4, 0.4484533441806747
16, 11, -0.2429018961839308
31, 2, 0.3733535065442363
9, 13, 0.2943869974059383
25, 7, 0.8082473496150027
13, 12, 0.5324787400028896
28, 5, -0.3594638230379332
19, 10, -0.2854794804407691
4, 14, 0.2674777326430355
32, 1, -0.6075463856899719
-7, 15, 0.4021927341179956
27, 6, -0.545061609050398
-6, 15, 1.076688223975164
-5, 15, -0.06419744374945331
10, 13, 0.2193560651805301
5, 14, 0.2228922765673377
17, 11, 0.5219748757684919
-4, 15, -0.6300959585785192
14, 12, -0.008876639579569915
22, 9, 1.483124814964352
24, 8, -0.2840018289275374
33, 0, -0.352078605518624
-3, 15, -0.02272702739568411
31, 3, -0.7786289447867392
-2, 15, 0.4941974280220739
30, 4, -0.06928319021412507
20, 10, 0.3897516810038683
6, 14, -0.4542501900536899
26, 7, 0.476096025828308
32, 2, 0.5875348975101767
11, 13, -1.620975072988449
29, 5, -1.022267538509719
-1, 15, 1.557617803003258
0, 15, 0.6966668964950092
15, 12, 0.04020609615131596
33, 1, -1.338216299597052
18, 11, -1.267475202915803
7, 14, -0.07809915099982315
28, 6, -0.2360875135722303
23, 9, 0.9183054413355981
1, 15, -0.1812232576808121
25, 8, 0.1615333856176929
12, 13, 0.3336886126597726
21, 10, 0.6333556802192903
34, 0, 0.2469489863922372
8, 14, 0.1495263844666424
2, 15, 0.9178301894616003
27, 7, 0.2448253958693682
32, 3, -0.429233258369851
31, 4, 0.3411723301233902
16, 12, -0.2967821992312248
33, 2, 0.5662996727858427
30, 5, -0.6182293784069341
19, 11, 0.2156501161210215
3, 15, -0.1129123232733748
13, 13, -0.04119299127076636
9, 14, -0.7490255610441414
34, 1, -0.4027064084669196
29, 6, -0.3333654218562694
24, 9, -1.376186245336821
4, 15, -1.536517782505204
26, 8, -0.4430842524156602
22, 10, -0.3802983490413257
17, 12, 0.9455669053368038
-8, 16, -9.919122406350681e-05
-7, 16, -0.6350306147764672
10, 14, 0.5910276388348985
-6, 16, -0.1442206396484705
14, 13, 0.1799066877336159
35, 0, -0.2415968260020114
28, 7, 0.2631108250894148
20, 11, -0.708594161806761
5, 15, 0.2507140910402091
-5, 16, -0.2745588210964264
32, 4, -0.3437229588761798
-4, 16, 0.8253358189004978
33, 3, 2.13270339327312
31, 5, 0.4262723130379806
-3, 16, -0.388069857698721
34, 2, 1.050763216393906
6, 15, -0.4154866597568794
-2, 16, -0.3544674888182422
25, 9, -0.7602532929993928
11, 14, -1.277042273348479
23, 10, -1.939620286773778
30, 6, 0.007413963401870031
18, 12, -1.27224635620976
35, 1, -0.359475949147976
27, 8, -0.3995747190212032
15, 13, -0.9058035955440618
-1, 16, -0.5114051547345335
21, 11, -0.6743891770751209
7, 15, -0.01987173669846502
0, 16, 0.4800600673287133
29, 7, 0.02203912828152454
12, 14, 0.6472418392888181
36, 0, -0.5767498310089462
1, 16, 0.5783141774869627
33, 4, 0.08806662975745883
34, 3, 1.070202538641703
32, 5, -0.02160565698066164
8, 15, 0.6101792186243662
19, 12, 0.02021717330368035
16, 13, 0.9337088405593976
35, 2, 0.6713901519561409
26, 9, 1.672596122578236
24, 10, -1.057636019205894
2, 16, -0.6593142888048207
31, 6, 1.411334700729167
28, 8, 0.8211992990923199
22, 11, -0.8218673717539665
13, 14, 0.4933425919286433
36, 1, -1.776368083933408
3, 16, 1.693386510382384
9, 15, -0.3201347708014614
30, 7, -0.03780691942236405
17, 13, -0.5174912438965632
20, 12, -0.3092504094854778
4, 16, -0.2718966148676166
37, 0, 1.48775417989755
34, 4, 0.2728252558205987
14, 14, 0.2201145829334065
-8, 17, 1.04310386785564
35, 3, -0.5643956031913154
25, 10, -0.4320638914343594
10, 15, -0.03645343058053448
-7, 17, -0.5443574246532051
27, 9, -0.3752283527190417
33, 5, -1.708755751690262
-6, 17, -1.064885880098549
5, 16, 0.03461288307889149
-5, 17, 0.1022207196810843
23, 11, 0.8429837309729501
36, 2, 0.4587457479556858
29, 8, 0.774873940394698
-4, 17, 0.721137361959572
32, 6, -0.2429361847400217
18, 13, -0.4073463760560334
-3, 17, 0.9166800228861669
37, 1, -0.5578082087902966
11, 15, 0.5670539740164219
6, 16, -0.2042594454215212
21, 12, 0.7449108960171754
15, 14, 0.0426245050629491
-2, 17, -0.3125917915808834
31, 7, -0.6082708885902749
-1, 17, -0.3507652383704654
26, 10, -0.9423743057039283
28, 9, -0.5258050362553967
7, 16, -0.7363015059360055
38, 0, 0.4650463162483376
35, 4, -0.5039991583465189
24, 11, 0.2447595398235207
0, 17, 0.2088289190647018
36, 3, 1.091618905388954
12, 15, 0.7926668748078151
34, 5, 0.2404309981537676
19, 13, -0.4464228727592043
30, 8, -0.2173431822825347
16, 14, 0.5147516985994114
37, 2, 1.292758409465709
1, 17, -0.09915136008171141
33, 6, -1.131301531233149
22, 12, -0.313350115973283
8, 16, -0.68459607290462
2, 17, 1.012423309869865
38, 1, 0.1073299763204092
13, 15, 0.3648026149676549
32, 7, 1.0012759035322
27, 10, 0.02257237613972398
25, 11, 0.7171715304300911
20, 13, 0.5053154179938065
9, 16, 0.4696894650668327
3, 17, 0.4498826850118467
29, 9, -0.4108402242788047
17, 14, -1.173061785772711
36, 4, -0.7616148464096757
39, 0, 0.494812000830315
37, 3, -0.6925984742934821
35, 5, 0.7723131178293053
23, 12, -0.2084211475764011
31, 8, 1.044624144646867
4, 17, 0.2687464525256393
14, 15, 0.4684419281548483
-9, 18, 5.667323644904563e-05
38, 2, 0.7855585749915663
34, 6, 0.4941537629925662
10, 16, -0.03290620823029874
-8, 18, -0.02928878679182351
-7, 18, -1.829786596504996
-6, 18, -0.2233794642323728
5, 17, -0.4582238614177299
-5, 18, 0.06607910467006876
18, 14, 0.1743130487438358
21, 13, -0.2479998930023567
28, 10, -0.3439207905792084
-4, 18, -0.3597588946052328
39, 1, -1.063809967275833
33, 7, -0.5644191884524616
26, 11, 1.645680504228525
30, 9, -0.5226378071366026
15, 15, 1.268247274936015
-3, 18, -1.070571224489072
11, 16, -1.065331251587144
6, 17, 0.1550195107867531
24, 12, 0.9295805932556128
-2, 18, 0.4405464232218053
37, 4, -0.8720872720654562
40, 0, 0.2179908395835971
32, 8, 0.1202273322178819
36, 5, -0.2147463333488064
38, 3, 0.4315775819364581
-1, 18, 0.0004463202852008139
19, 14, -0.02102619554189786
7, 17, -0.5748761271396943
35, 6, -0.09049218051691894
22, 13, -0.3808405104430207
12, 16, 0.9756866658462631
39, 2, -1.928216900298303
0, 18, 0.2339197544013954
16, 15, -1.154139350286859
29, 10, -1.451718497405243
27, 11, 1.359543282310356
34, 7, 0.3595637764761793
1, 18, 0.1866681003642678
40, 1, 0.1665191673942409
31, 9, 0.2079278039539122
25, 12, -0.8761453406360153
8, 17, -1.094554122600105
13, 16, 0.009485748934780944
20, 14, -0.110419862058061
2, 18, -0.8195477787847578
17, 15, -0.5347772595902618
33, 8, -1.365026948602332
23, 13, 0.7485768216500438
38, 4, -0.2516103231131351
37, 5, 0.2156774781658141
9, 17, -0.6923184228153334
41, 0, -1.805697462380106
39, 3, -0.4433163892715988
3, 18, 0.8772283610353852
36, 6, 0.5825334774009109
28, 11, -0.1580098282158294
40, 2, -0.1213646303968754
30, 10, -0.1175330519788545
14, 16, 0.1630817173455504
26, 12, 0.937362527474744
4, 18, 0.5851091407316272
35, 7, -1.029760242354405
21, 14, -0.6223938749908843
10, 17, -0.7439480430299401
-9, 19, -1.197269209475712
32, 9, 0.01248296670987026
-8, 19, -0.7007230615288015
18, 15, 2.587928592320398
-7, 19, 0.5711235573481486
41, 1, -0.5451060677033801
-6, 19, -0.3534715569068019
24, 13, 1.42345849888706
5, 18, 0.4139441054804693
-5, 19, -0.8838070404934563
15, 16, 0.1246140864641256
-4, 19, 0.478017614158933
34, 8, -0.4925530693603615
11, 17, -1.372408772827004
39, 4, -1.051021351358038
-3, 19, -0.6879664060096436
38, 5, 0.4579141269585114
42, 0, 0.9604115723074178
6, 18, -0.4227660360460876
40, 3, -0.259661477296706
29, 11, -0.2177196498998459
37, 6, -0.719685377318824
31, 10, -1.24719901426428
19, 15, 0.1319453568148813
-2, 19, -0.1049437019841929
22, 14, -0.8509306408003446
27, 12, 0.2689961407965672
41, 2, -0.2601685204760603
-1, 19, -1.235437134152656
33, 9, -1.076138528752259
16, 16, 0.4065866679502708
36, 7, 0.8589137132385
12, 17, -0.1486769511017433
25, 13, 0.6159433820719041
7, 18, 0.3235969218855949
0, 19, 0.3012058166232485
42, 1, -1.553535090293794
35, 8, 0.1205646042510089
20, 15, -0.2685062880146693
1, 19, 0.04422196295893747
8, 18, -0.09703502309848812
23, 14, -1.745178680727363
30, 11, 1.051906089409325
13, 17, 0.7669028654981644
40, 4, 0.1379352178529485
28, 12, 0.8468707197593979
39, 5, 0.2100293808906443
17, 16, 1.761948504911529
32, 10, -0.5064467282726616
2, 19, -0.4787188450715281
43, 0, -0.2313951664472143
41, 3, 0.58122778901721
38, 6, -0.1538338865202221
26, 13, -0.1571272597304494
9, 18, -0.2578321498129169
34, 9, -0.4825662766267741
42, 2, 0.9419121618758617
3, 19, -0.5786535056336601
37, 7, -0.1206451511785408
14, 17, 1.804187472012935
21, 15, -1.050846371272713
24, 14, -0.435188068396725
18, 16, -0.4511564065164542
43, 1, -0.8054848352923586
4, 19, 0.5628609959883503
10, 18, -0.08546397677979636
-10, 20, -0.0004071788603095388
-9, 20, -1.103236023800091
36, 8, -0.3058679322437383
-8, 20, 0.4091130715231951
31, 11, -0.4714588210813069
29, 12, 0.6040050811704947
-7, 20, 1.047270425230257
-6, 20, -0.4271815838750438
33, 10, -0.5897844097066248
41, 4, 0.2666791742596956
40, 5, -0.2234447263524603
27, 13, 0.1552930242859416
15, 17, -0.7986585443331039
5, 19, 0.1293353266945227
-5, 20, 0.6186557613193678
42, 3, -0.8516655654893222
39, 6, -0.9043511207496099
44, 0, -0.2732405579995443
-4, 20, -0.4047306144138816
22, 15, -0.5604298740480148
11, 18, -0.4175260960222683
35, 9, 0.9977220089350494
19, 16, 0.3466549152470879
-3, 20, 0.02966893064488121
43, 2, 0.257454478156997
38, 7, -0.2333286439415537
25, 14, 0.6319323960839758
6, 19, 0.09344547923342351
-2, 20, 0.2114083137098528
16, 17, 0.70803032531358
30, 12, -0.3526188825926799
12, 18, -0.9837882266545108
32, 11, 0.2085722277667396
-1, 20, 0.3924073531162762
44, 1, 0.8870909378681743
37, 8, 0.9256795392222789
7, 19, -0.07843811801782155
28, 13, -0.5444313887292143
34, 10, 0.2429582073986702
23, 15, 0.295966772652919
20, 16, 0.1456238400215026
0, 20, -0.3303736373879385
41, 5, -0.2973869515253672
42, 4, 0.3002281675068408
40, 6, -0.4644455940271824
26, 14, -0.2538586160233792
1, 20, -0.5248672466193344
8, 19, -0.537542272816687
43, 3, -0.8382476965693292
17, 17, -0.7425085210660206
13, 18, 0.5726729114625788
45, 0, -0.4548735790341344
36, 9, 0.6271065771549282
39, 7, -0.3004996931134566
44, 2, 0.101403061598474
2, 20, 0.1669648160972511
31, 12, 1.11099758312007
33, 11, 0.04915189829836256
21, 16, 0.6847920683118288
9, 19, 0.4735054588670119
24, 15, 0.3891681055707563
29, 13, -0.2504067942506274
38, 8, -0.6816195185997397
14, 18, -0.3619417033902499
3, 20, 0.3401161133434858
45, 1, 0.07050135198525886
35, 10, 0.2897653104818159
18, 17, -0.4397890511732038
27, 14, -1.008335050589724
10, 19, 0.7880847502804703
-10, 21, -0.7148104984168868
4, 20, 0.1839789829048375
-9, 21, 3.273811020622939
42, 5, -0.414786899932977
43, 4, -1.232698869828222
-8, 21, 1.376053474224564
41, 6, 0.9914405641745063
37, 9, 0.918052332342263
-7, 21, -0.1008310080914522
44, 3, 0.4966279255131781
15, 18, -1.21732269632651
-6, 21, -0.47434728374728
46, 0, 0.8517143862492924
22, 16, -0.2614767922017825
40, 7, 0.4995422677382351
25, 15, 0.3755464843090531
5, 20, 0.3743533305104862
-5, 21, -0.3831065317498371
32, 12, -0.6718478581943852
19, 17, -0.169598677871503
45, 2, -0.3788285330162877
34, 11, 0.006443968643352778
30, 13, 0.5168116170576881
11, 19, 1.327730093365159
-4, 21, 0.4931264475044494
-3, 21, 2.165350044757445
39, 8, 0.00713107685766062
36, 10, 0.7581400519288918
28, 14, -0.3212665666938064
6, 20, 0.354818517383901
16, 18, 0.6634855796393595
46, 1, -1.461134246021213
-2, 21, 0.9545512928094023
23, 16, -1.703746022593337
12, 19, -1.229147562909258
20, 17, 0.5403333138114316
-1, 21, -0.3770624142841203
43, 5, 0.6139438594371059
7, 20, 0.4814089507672342
38, 9, -0.7551088765065884
26, 15, -0.5941070927093091
44, 4, 1.217494667522737
42, 6, -1.060940517679654
45, 3, 2.162603976329732
33, 12, 1.460685329781823
0, 21, 0.01780637903316295
47, 0, 0.7652638230933008
31, 13, 0.02501839336804036
41, 7, -1.222639516241018
35, 11, 0.3887645263113425
17, 18, -0.3283709485157929
13, 19, 0.3920389735954588
8, 20, 0.1497837586877677
29, 14, 0.5062562104454772
1, 21, 0.2786175732818002
46, 2, -0.2170092105076936
37, 10, 0.1525236049117832
40, 8, 0.1514220071772219
24, 16, -1.134388221628165
21, 17, 0.06114348676573025
2, 21, -0.3858552133678276
27, 15, 0.3299268078853371
47, 1, -1.07612264903613
9, 20, 0.6478702569366367
14, 19, -2.198066856468398
18, 18, -0.7780434217890658
39, 9, 1.025199387092138
3, 21, 0.5930137299892733
44, 5, -0.08733597577061447
34, 12, 0.5346960162811614
45, 4, -0.3937000316000451
32, 13, -0.7774559418323994
43, 6, -0.1542277984654866
36, 11, -0.4519207980617584
46, 3, 0.9878448035441868
-11, 22, 4.839875955928063e-05
10, 20, -0.5035853427526442
-10, 22, -0.08735187466251679
30, 14, 0.4409251184299516
42, 7, 0.6112146538960834
-9, 22, -1.575947847949188
22, 17, 0.4484255649529756
48, 0, 0.8829308389066749
25, 16, -1.0102911369804
4, 21, -1.02887171095157
-8, 22, 0.7003913373408516
-7, 22, -1.213969242571785
15, 19, -1.16170736474091
47, 2, 0.5285531523758192
19, 18, 0.1557596315357309
38, 10, 0.03430439445928413
-6, 22, 0.8068895270856942
41, 8, -0.3350647223194541
28, 15, 0.534930952541341
-5, 22, -0.4255881809614744
5, 21, 0.3714335747477839
11, 20, -1.658235157536526
-4, 22, 0.5766598267944021
48, 1, -1.508808909776415
-3, 22, -0.6838567108980372
33, 13, -0.8296887432787181
40, 9, 0.4687464761164809
35, 12, 0.4036174521089708
23, 17, 0.366536834642953
16, 19, 0.3003134460863227
6, 21, 1.126333963441559
26, 16, -0.0978658791909874
45, 5, 0.7383964790791453
31, 14, 1.359566115720545
46, 4, -0.3931723151424376
44, 6, -0.3473405482573871
20, 18, 0.2043227048852096
-2, 22, 0.4042746544505931
37, 11, 0.719262723686269
12, 20, -0.04417794661378694
47, 3, 0.7137925090572089
43, 7, 0.8129552738315344
-1, 22, -2.143155004808829
49, 0, -1.637017763158193
29, 15, -0.4926871541280417
7, 21, 0.4563378478462462
39, 10, 1.314127162072451
17, 19, 0.9643117690871083
48, 2, 0.3573087513867704
42, 8, 0.6644433813952567
0, 22, -0.004087394584553747
24, 17, -0.3935243769455958
13, 20, -1.564212884876511
8, 21, 0.2396971430643229
21, 18, 1.17642604474026
27, 16, -0.1122684184037252
34, 13, 0.2923899656838865
1, 22, -0.1714294860754571
36, 12, -0.4413643313986739
32, 14, 0.4374845550307726
49, 1, -0.1528715722921029
41, 9, 0.8816752580766579
38, 11, -1.494560004221958
2, 22, 0.4969618659651084
46, 5, 0.09983466439532723
18, 19, -0.4623695835914591
45, 6, -0.2248260065232172
30, 15, 0.7285589071338135
9, 21, -0.7430589085190407
14, 20, 0.1341065703439901
47, 4, -1.15575080865112
44, 7, 0.8206071716146562
48, 3, 1.435178817222454
3, 22, 1.170348527355006
25, 17, 0.7357907228487466
50, 0, -0.03650151394817461
40, 10, 0.6123538318229033
22, 18, -0.03285681575974339
28, 16, 0.144391011031607
43, 8, 1.739594704967238
-11, 23, -0.9840116127883439
10, 21, 0.09723794865872704
-10, 23, -0.07612532103997559
49, 2, 0.2555068595056492
-9, 23, -0.1548836013026102
4, 22, -0.7830401607073789
35, 13, -0.5514342314738707
15, 20, 0.7783370218239563
-8, 23, -0.6690095369356769
19, 19, -0.4758615164273294
33, 14, 0.06655725509751366
37, 12, -0.205366995992823
-7, 23, -0.2091333404239332
-6, 23, -0.5501297455006594
42, 9, -0.6044270192919492
31, 15, 0.9491303017197422
50, 1, -0.1732646112800947
39, 11, -0.4992164060354257
5, 22, 0.2413871327342032
-5, 23, -0.5224790328017238
11, 21, -0.5227085755825093
23, 18, 1.18339070302134
26, 17, -1.248442849474287
47, 5, 1.507007818331539
-4, 23, 0.03434522337819831
46, 6, -0.6833571130010202
48, 4, 0.2357665873518867
16, 20, 0.5512177773170658
45, 7, 0.02727543465714223
29, 16, 0.1444569680946339
20, 19, -0.6190117189402682
-3, 23, -0.913692076646722
6, 22, -0.7017739061669713
41, 10, -0.2465632598526404
49, 3, -0.114947023315745
51, 0, 0.4009258541820767
12, 21, 1.242357776620565
-2, 23, -0.7117454342699674
44, 8, -0.6493142981250526
36, 13, 1.270128417382469
34, 14, 0.749477597085683
50, 2, 0.5046737712622821
38, 12, 0.4634477376975213
7, 22, 0.6663508628804301
-1, 23, 0.4869188030174649
24, 18, -0.9068222922273095
32, 15, -1.188300701705421
17, 20, 0.5949017251812435
27, 17, -0.7751259772156674
43, 9, -0.9647578218582689
40, 11, -0.1577369355996793
21, 19, -0.07506652263757592
0, 23, 0.1247835433517073
13, 21, 1.363779933439847
51, 1, 1.03526629770776
30, 16, -0.6381846475160141
8, 22, -0.5571318021095727
48, 5, 0.3131265983483205
1, 23, -0.03195590733653023
47, 6, 0.768947075368505
49, 4, 0.6061181646225322
46, 7, 0.8277609748401139
42, 10, 0.7334369704729561
18, 20, 0.3842679512828682
50, 3, -0.6875773465441501
37, 13, -0.4417552003010841
35, 14, -0.3093261871431183
25, 18, -1.262220570672593
14, 21, -0.3708379865627421
2, 23, -0.8791431041425311
9, 22, 0.3331700614531479
52, 0, 0.3219739331225094
45, 8, 0.5491385515839782
28, 17, 0.456420717231335
22, 19, -0.03074647843412158
39, 12, -0.6817251919894098
33, 15, -0.8246368716341547
51, 2, 0.9658355110371394
3, 23, 0.2359158427669478
-12, 24, 1.588979307901452e-05
44, 9, 0.7725960886376586
41, 11, 0.5203571481092077
31, 16, -0.4661074183729622
-11, 24, 0.2291062921958618
10, 22, 0.163135270673539
-10, 24, 0.8945240251528032
19, 20, 0.8410702718739848
15, 21, 0.9975110351224281
-9, 24, 0.7345551605062745
-8, 24, -0.2932664000532051
4, 23, 0.9992197532245406
52, 1, -0.9213629322736872
-7, 24, 0.6299485532937789
26, 18, -0.3499010405797041
49, 5, -0.5104625646896406
23, 19, 0.463898945608274
48, 6, 0.4920214505593517
-6, 24, -1.431075322229854
43, 10, 0.4555711311685555
29, 17, 1.142760427559371
50, 4, -0.4095387731721927
36, 14, -0.8085280008167186
47, 7, -0.6259171460433621
38, 13, -0.8962716982627451
11, 22, 0.06132529223880497
5, 23, 0.1366290846904681
-5, 24, 0.08801961860964135
34, 15, -0.05266422769982149
16, 21, 0.05256233190240752
51, 3, 1.815550095325156
40, 12, -0.3345835896218293
20, 20, 0.8941895414829699
-4, 24, -0.5820812643592784
46, 8, -0.2475572484914547
53, 0, 0.08961383184701412
32, 16, -0.005808514412764209
-3, 24, -0.06137162717205227
6, 23, -1.811221934382149
52, 2, 0.7077560913259554
12, 22, -1.11165668116504
42, 11, -0.3605379904311611
45, 9, -0.1962999811212631
27, 18, -1.668826266300075
-2, 24, -0.4820271329878211
24, 19, -0.4474594809353591
17, 21, 1.4937817690235
30, 17, -0.568242712635008
7, 23, 0.208546790820781
-1, 24, 1.258668863970726
21, 20, -0.9018809937288549
53, 1, -0.4068899975360512
37, 14, -0.9031598428534183
39, 13, -0.1174804103671928
50, 5, -0.4135060916679271
49, 6, -1.263065465215909
35, 15, -0.2198248976523395
13, 22, -1.123264407027643
44, 10, -0.2873244914253143
0, 24, 0.3625254109272511
51, 4, -0.2349781122140064
48, 7, 0.2620351454235297
41, 12, 0.2468949605069916
8, 23, 1.397703358102798
33, 16, 0.9849420542587439
52, 3, 1.07300534250871
47, 8, 0.7317388142004411
25, 19, -0.1657618380969615
1, 24, -0.985617944198506
18, 21, 0.8362035297260532
28, 18, 0.9863715930422097
54, 0, 0.7494636932306085
22, 20, 0.4264081887263459
14, 22, 0.3896575472665348
43, 11, 0.4972116970106659
2, 24, 0.2300858505748357
31, 17, 0.9066543803515886
9, 23, -0.3342213661974729
53, 2, -0.02441267494502342
46, 9, 1.063576368811846
38, 14, 0.4882479003957341
36, 15, -2.406826115828705
3, 24, -0.9976703768253613
40, 13, 1.251584413267689
19, 21, 0.6988599614166032
-12, 25, 0.3065715121529791
-11, 25, -1.059855384257055
54, 1, 0.1072346324436487
45, 10, -0.1154796413445469
26, 19, 0.09608312622795973
15, 22, -0.07514178501150816
10, 23, 0.2878084419104365
-10, 25, 0.1303877037599595
50, 6, -0.1023619622077334
34, 16, -0.3740744335605083
51, 5, -0.602272230929022
-9, 25, 0.4560447552474836
29, 18, 0.7275071083869321
42, 12, 0.4657792435257535
49, 7, -0.4957983229576758
23, 20, -0.3509145870322807
-8, 25, 1.517526183125114
52, 4, -0.06789572866192155
4, 24, 0.3556211793166478
-7, 25, 0.5193325938572415
48, 8, 0.4618738791982285
-6, 25, 0.4678058874906187
53, 3, -1.365624735454396
32, 17, -0.667224576785416
11, 23, 0.4424800486949118
55, 0, -0.1361774079995592
44, 11, 0.1369898576118553
20, 21, -0.2108255802045451
5, 24, -0.2571401964847735
-5, 25, 0.04459428439925026
16, 22, -0.1981439997852014
47, 9, -1.936779529444346
-4, 25, -0.02488783838613378
54, 2, 0.7386129234119009
39, 14, -0.5613318720112328
27, 19, -0.4865002978574418
37, 15, -0.1109768657678591
24, 20, 0.8667198038021414
41, 13, 1.245472982866139
-3, 25, 1.107184902034356
30, 18, 0.3149754044982133
6, 24, 0.6684566399924122
35, 16, -0.5574160681434447
12, 23, -0.7627468521808879
46, 10, -0.3939789683930238
-2, 25, -0.5362399625152761
17, 22, 0.9414698357857371
55, 1, -0.1378236978914795
43, 12, 0.272437736503476
51, 6, 0.6676386219268476
21, 21, 0.6964003989580911
52, 5, -0.4726351690997395
50, 7, 1.477149457685757
33, 17, 1.534592965039355
7, 24, -0.463733746602663
53, 4, 1.636790543837445
-1, 25, -1.588041567298521
49, 8, 0.2241612087068771
13, 23, 0.3030340605697762
28, 19, 0.5480113219926005
54, 3, 1.434308655442722
45, 11, -0.7141205202453415
25, 20, -0.370725445615495
0, 25, 0.614941675368137
56, 0, 1.131199342245384
8, 24, -0.5200553045182611
38, 15, 0.5273785411231758
31, 18, 0.2726390256717848
40, 14, -0.09329215505408672
18, 22, 0.1933158205806279
48, 9, -0.5383621973887449
22, 21, 0.4868062077966158
1, 25, -0.3177027323635335
36, 16, -0.2830317977954435
55, 2, 0.3734588954303724
42, 13, 0.9387935334185699
14, 23, 1.461376188831641
9, 24, -0.9610355733798988
47, 10, -0.7171996516108662
34, 17, -0.3159596326453815
2, 25, 0.5361881053554491
44, 12, -0.3172286673924805
52, 6, 0.3068153340746503
26, 20, 0.08670767875715824
56, 1, 0.2779140814522003
29, 19, 0.7807614545868129
53, 5, -0.01080507016973086
19, 22, -0.9962903809112214
51, 7, 0.3486704850816816
3, 25, -0.6885831328668885
-13, 26, -5.04216770279426e-05
54, 4, 0.253815990193694
-12, 26, -0.06123542280452351
15, 23, -1.159704718806902
-11, 26, -1.143769898448841
23, 21, -1.136714889558316
50, 8, 0.5901268978267454
32, 18, 0.02085223538726655
10, 24, 0.4301136885994309
-10, 26, -0.7029043404876353
46, 11, -0.2524307966543227
-9, 26, 1.46616040019857
39, 15, -1.860121227380329
55, 3, -0.113144142275742
41, 14, -0.3089054554117685
-8, 26, -0.7803852714310537
37, 16, -0.6990766402680619
4, 25, 1.30514158935952
49, 9, 0.05021311143942888
-7, 26, 0.5117978240830874
57, 0, 0.7245081396714996
43, 13, -0.6698735431783255
20, 22, -0.6511050031266689
-6, 26, -0.2316797883735178
35, 17, 0.4471103242558698
11, 24, 0.5779937090744107
56, 2, 0.3849502953884184
27, 20, -0.6660357252918281
16, 23, -1.311121522477415
30, 19, -0.5770256655650011
5, 25, 0.2635254051316589
-5, 26, -0.3474491250968795
48, 10, 0.06304101006514388
45, 12, 0.2166845967909795
24, 21, 0.589260057309652
-4, 26, -0.02580672842738481
33, 18, -0.9359607975679211
53, 6, 1.946627242926249
57, 1, 0.8929058643870592
54, 5, 0.5310562799728181
6, 25, -0.1584597936283197
-3, 26, 0.04777127354615741
12, 24, -0.4717967452156527
52, 7, 1.393717911619153
21, 22, -0.813400582483858
55, 4, 0.7171187793364719
40, 15, -0.4807541089158346
17, 23, -0.0401329257015526
51, 8, 1.568956404699917
47, 11, -0.8803658582072086
42, 14, 0.01184576786697085
38, 16, -0.6717267288001616
-2, 26, -0.5456003330136292
28, 20, -0.5366942369250484
56, 3, 1.145765394462213
7, 25, -1.011395373827108
44, 13, 1.115998362194577
36, 17, 0.1192006758144554
50, 9, -0.13217826733338
31, 19, -0.07264504970825202
25, 21, 0.4853601763268095
-1, 26, 0.9441483665060143
13, 24, 1.033801446631774
58, 0, -0.3817319115094515
0, 26, 0.3408023568205598
57, 2, -0.4419950952144762
18, 23, 0.08005726989623436
46, 12, 0.3409010082311699
22, 22, -0.1622181618072678
34, 18, 0.590089379290378
8, 25, 0.3759834683942045
49, 10, -0.5377978618019434
1, 26, -0.3198341936780441
14, 24, 0.2488832138205677
54, 6, 0.8256483279373543
41, 15, -1.082382415803201
29, 20, -0.6859114341770957
55, 5, 0.6515133220230847
53, 7, -0.3028817524429266
39, 16, -0.4896984264523828
58, 1, 0.2067197563423297
26, 21, 0.4803230364205077
43, 14, 0.05803167172330046
9, 25, 0.08919345626951863
2, 26, 0.2337135141215044
48, 11, -0.8893557941781294
32, 19, 1.530646431441676
56, 4, -0.5716053449336329
52, 8, -0.3384662644442688
37, 17, -0.7172400896648357
19, 23, -0.6187167177945166
45, 13, 1.472590059295058
23, 22, 0.4974809566084897
-13, 27, -0.8414826018782956
57, 3, 1.828924844859441
51, 9, 1.028824929153513
15, 24, -0.2986329403460932
-12, 27, 0.0165900620991069
3, 26, -0.3177502118025937
-11, 27, 0.1684761223319941
35, 18, 0.1536306565727396
10, 25, -0.1506297876233582
-10, 27, -0.03238376123364232
59, 0, 1.167921132896912
-9, 27, -0.1836733364757178
47, 12, 0.724673910335024
-8, 27, -0.8993889204431891
58, 2, 0.4663472423028174
50, 10, 0.4616075481133808
30, 20, -0.142507653251384
4, 26, 0.1845145091772479
27, 21, -0.01364094744656278
20, 23, 0.9304741966120443
-7, 27, 0.1339514582170777
42, 15, -0.9725726892185665
-6, 27, -1.083325954717345
40, 16, -0.1486464681788595
16, 24, -0.593070204325584
33, 19, 0.3011511820553656
11, 25, 0.1929840867274366
24, 22, -0.321102143728911
44, 14, -0.1104937268182759
55, 6, 1.726050874217668
38, 17, 0.7889259453400855
5, 26, -0.9268215265140365
-5, 27, 0.1811246776698985
54, 7, 0.5878533727715828
56, 5, -0.967111990970841
59, 1, 0.4203448559201027
49, 11, 0.1439052467484175
53, 8, -0.6938735051567324
-4, 27, 0.3311785160983923
57, 4, 0.7779374083709678
46, 13, -0.530232575915617
36, 18, -0.7402007164514487
21, 23, -0.6954872970786543
12, 25, -0.5806777898498861
6, 26, 0.5652512572698485
-3, 27, 0.3582684366361128
52, 9, -0.4731486901161484
28, 21, -0.3272901135524348
17, 24, -0.7142143635038292
31, 20, -0.1302702401698128
58, 3, 1.284717928594052
25, 22, 0.5936564910553404
-2, 27, 0.4779636074885466
60, 0, 0.07251496498038984
48, 12, 0.1643924739080979
34, 19, 1.008333249125342
51, 10, -0.315121993359128
7, 26, -0.6210736699094087
41, 16, -0.2317502605971854
59, 2, 0.4054232444077278
43, 15, 0.5345052557080684
13, 25, -0.2808280934025914
-1, 27, 1.825763954314169
39, 17, -0.4941913497176546
45, 14, -0.6232407957984167
22, 23, -0.2389244168820364
18, 24, -1.89630341316514
0, 27, -0.219125219359609
56, 6, -0.247149378088691
8, 26, 0.4211464479536012
55, 7, -0.2266328908092608
50, 11, -0.1676707646184513
37, 18, -0.1187448115985089
29, 21, -0.1746745287836291
57, 5, 0.9160164368691516
32, 20, 0.5384190350535181
60, 1, -0.1066254312433071
47, 13, -0.3606002272717782
54, 8, 0.3729047558347744
26, 22, 0.4152237793532132
14, 25, -1.045148612248657
1, 27, 0.646333048640508
58, 4, 0.1520023898119532
53, 9, 1.277513684745094
35, 19, -0.9307200440426687
9, 26, -0.3401270866402485
19, 24, 1.137625148787154
59, 3, 0.1302706867035098
23, 23, -0.7587760292697544
2, 27, -0.3399862677062079
49, 12, -0.7904159627103515
42, 16, 0.9333682591521503
61, 0, 0.1370632365568953
44, 15, -0.2898535540362031
52, 10, -0.9915640803022672
-14, 28, -2.57832177675592e-05
40, 17, 0.1059830425609894
15, 25, 0.10159315019439
-13, 28, -0.1716054960873135
-12, 28, 1.848115766568082
-11, 28, -1.250684202422473
30, 21, -0.5362971824481944
3, 27, -1.789437164024452
60, 2, -0.1957921945746929
46, 14, -0.3643403468484929
10, 26, 0.1447776940332619
-10, 28, -0.3110730940911284
27, 22, 2.294782702984182
38, 18, 0.1749967971962544
33, 20, 0.2821641374317452
-9, 28, -0.5297508431954174
20, 24, -0.7791192630281614
-8, 28, 0.2607411454654469
51, 11, -0.9925329135991366
4, 27, -0.1600040505551047
57, 6, -0.7723229233237514
56, 7, -0.7512502604057147
48, 13, -1.036782542266445
24, 23, 0.3631996400307547
-7, 28, -0.4629850477352694
58, 5, -0.8785500414868299
16, 25, 0.2303875276383305
55, 8, 0.5876211666729977
36, 19, 0.7629519406311802
61, 1, -0.05235274398751488
11, 26, 0.8381993041802771
-6, 28, 0.5807203011704624
59, 4, -0.2552456303095457
5, 27, -0.886166976680297
-5, 28, 1.188293609960372
54, 9, 1.284840678133158
43, 16, -0.1921730965682815
31, 21, -1.153028252956174
50, 12, 0.220561449948855
28, 22, -0.3264767649931906
41, 17, -0.9678168281874455
-4, 28, 1.179134671023483
60, 3, -0.1992900202873709
45, 15, -0.40186840819119
21, 24, 0.6877562085626849
34, 20, 0.7277726497886272
12, 26, 1.301956038509956
53, 10, 0.3334634243099803
17, 25, -0.01976233060256645
39, 18, 2.530268087996583
6, 27, 1.061186617819963
62, 0, 0.3717051876873043
25, 23, 0.9131280417104579
-3, 28, 1.084301431036544
47, 14, 1.09567496241474
61, 2, 0.3461623728875434
-2, 28, 0.1029084237751157
37, 19, 1.113283233737105
52, 11, 0.6384542418466765
49, 13, 0.1919158272534346
7, 27, -0.4358868671153237
13, 26, 0.2300822295186233
58, 6, -0.5484334840132692
22, 24, -0.4290207989439311
57, 7, -0.2047088454342745
-1, 28, 0.1589769036959025
29, 22, 0.2775963355210305
18, 25, 0.2115068994141378
59, 5, -1.054812850709251
32, 21, 0.0576923453159664
56, 8, -0.7721933062641657
62, 1, 0.06063262023877622
26, 23, 0.479586290851999
60, 4, 0.997680976547948
44, 16, 0.5469224954939342
0, 28, 0.2437749431768464
42, 17, 1.43702850512168
55, 9, -0.3538744240284349
35, 20, 0.1520566846267607
8, 27, 0.0646998045361402
46, 15, 1.319850102586768
51, 12, -2.235565044933746
40, 18, 0.5644726140280464
14, 26, 1.347009368500148
61, 3, 1.281925151265667
1, 28, 0.5704943365204138
54, 10, -0.2130032678535618
48, 14, -0.4113321184576791
23, 24, 0.2855924584675757
19, 25, -0.2273928962903334
63, 0, 1.315856290425909
9, 27, -0.7718864561772856
38, 19, -0.3278987552053165
30, 22, -0.05694240606507731
2, 28, -0.2912504893208203
33, 21, -2.578480788114891
62, 2, 0.09410474114550234
50, 13, 0.6043167127153738
27, 23, 0.06526425556691284
15, 26, 0.1571480835235024
-14, 29, 0.6754323306005339
53, 11, -1.354619924718494
-13, 29, -1.089785013839283
-12, 29, -1.562910976966723
-11, 29, -0.8382734268745535
3, 28, 0.753255138067095
59, 6, -0.220356265488005
58, 7, -0.2521485336935619
10, 27, -0.3506168962573538
-10, 29, 0.1016690112831183
36, 20, 0.2686148006661598
60, 5, 0.2988540747136033
57, 8, -0.5904102130996634
45, 16, -0.7849719066311804
43, 17, 0.1333792049832787
20, 25, 0.5540615878086322
-9, 29, 0.1498828906663389
24, 24, -1.129077378568393
63, 1, 1.087654996213684
-8, 29, -0.05730207180629469
47, 15, -1.355773066463641
41, 18, 1.395613623371559
61, 4, -0.8503928151744106
56, 9, -0.87451579945742
52, 12, 0.3664342615010173
4, 28, 0.3961542202524333
-7, 29, 0.2011606412027835
16, 26, -0.2446353962433424
31, 22, 0.2147693738086314
11, 27, -0.0522777751166105
49, 14, -0.09117683266980291
39, 19, 1.327956907605944
-6, 29, 1.185084786817245
28, 23, 1.396908857097803
62, 3, 0.1742722321027137
55, 10, -0.1105438563696378
34, 21, 0.06776699645569714
5, 28, -0.2526002731224073
-5, 29, -0.1123320234913972
21, 25, -0.9859947426139234
64, 0, 0.972370434096942
25, 24, 0.6778253746917819
-4, 29, -0.1113100593577641
51, 13, -0.6748938465086546
37, 20, 1.520985272185716
17, 26, -0.9085409805335398
12, 27, -0.4360116589564994
63, 2, 1.594476515727103
54, 11, 1.608848481826286
6, 28, -0.5985289330022668
-3, 29, -0.5079766408308203
44, 17, 1.01986640087256
46, 16, -0.3942562745221054
59, 7, 0.05206712033251051
60, 6, -1.259345805599758
42, 18, -0.1676057566429703
58, 8, -0.2630675016769372
32, 22, 0.07702110072894108
48, 15, -0.6254646620898193
61, 5, 1.632533468869927
-2, 29, 0.06832786765164633
29, 23, -0.4555866475000508
22, 25, 0.6288997946880949
64, 1, 0.193096434700842
53, 12, -0.1443742903686896
40, 19, 0.5138438129882997
35, 21, 0.3640230439420345
13, 27, 0.3853322262243827
7, 28, 0.3997113051667726
57, 9, -0.09622604761565674
62, 4, -0.1673698635112504
18, 26, -0.147887491282326
-1, 29, -0.1580261672225296
50, 14, -0.4235622123374831
26, 24, -0.3152381872375722
56, 10, 0.3938386127223845
63, 3, 1.64583056837628
38, 20, -0.320343445927013
0, 29, 0.1663997448547655
8, 28, 0.282839363946159
14, 27, -0.6743113502932809
65, 0, 0.09422011197669214
52, 13, -0.04061727465215705
23, 25, -0.04505076156236399
55, 11, -0.1643742555245659
45, 17, -0.5358532841594883
33, 22, -0.1538905310058253
30, 23, -1.121106915192903
19, 26, -0.9113019928751315
1, 29, -0.3637907723445753
47, 16, -1.026999492672455
43, 18, -0.3769663293884868
64, 2, -0.1484457600824217
9, 28, 0.1512525261976454
36, 21, -0.5043334454656102
27, 24, -0.717467455962343
49, 15, 0.891164699187326
60, 7, -0.4794649205131922
41, 19, -1.355895550363035
61, 6, 0.877180117009562
2, 29, -0.9395158667223034
59, 8, -0.8896478901524754
15, 27, -1.021629260143463
-15, 30, 0.0002153610536845749
-14, 30, -0.2040448686696042
62, 5, 0.7557261054208102
-13, 30, 0.4759256412997601
54, 12, 0.1199652647293465
-12, 30, -0.7760700800406711
58, 9, -1.228391622632004
-11, 30, 0.08071354539331668
65, 1, -0.6580044837631489
51, 14, 0.5434596531557808
-10, 30, -0.164495812036778
20, 26, 0.01567168575967703
10, 28, -0.09105055555259869
63, 4, 0.6163262923271535
39, 20, 0.4231520347233451
24, 25, -0.4495890152389565
3, 29, 0.1533477135527094
-9, 30, -1.241422218179563
57, 10, -0.7143667505736075
31, 23, 0.881220665837777
34, 22, -0.1787442932344601
-8, 30, 0.7802158874069879
64, 3, 1.298764528591994
16, 27, 1.175277301275844
28, 24, 0.2894334925191979
4, 29, 0.152619653842142
-7, 30, 2.174880835881058
53, 13, -0.1604735264630641
46, 17, -0.4342732497165116
44, 18, -0.3067816365088726
11, 28, 0.3754964962477573
37, 21, -0.1991535413140859
48, 16, -0.1940436540045508
66, 0, 0.2648735583859662
-6, 30, -0.6048003184473096
56, 11, -0.9372862517756245
42, 19, 0.5080273164477737
21, 26, 0.8724069109088194
65, 2, -1.059130036213662
50, 15, -0.6963649952001433
25, 25, 0.01028532617898322
5, 29, 0.09604919896820104
-5, 30, -1.10404540874387
61, 7, 0.3918238853897667
17, 27, -0.1971579465677933
62, 6, 0.2573229740674113
-4, 30, -0.1521928896461138
60, 8, -0.08082501151930202
40, 20, 0.4064154665285686
12, 28, -0.3697447378571107
55, 12, 0.5981498984272453
32, 23, 0.124673066521392
63, 5, -0.2212349038296348
52, 14, -0.5752858361994437
35, 22, -0.4625016247105632
6, 29, -0.829409672148643
59, 9, 0.9246926005731343
29, 24, 0.1987767951888058
-3, 30, 1.690560102106235
66, 1, -0.4339132654228519
64, 4, 0.8729598905306343
22, 26, 1.015386629007401
58, 10, 0.5428259701654942
-2, 30, -0.9122890221014172
38, 21, 0.3228895423568732
26, 25, 0.7218087228722933
47, 17, -0.1306978614091281
13, 28, 0.1768230608723185
45, 18, -0.4132861724080673
18, 27, -1.096524199504085
7, 29, 0.04387781847723582
54, 13, -0.654671880095176
65, 3, 0.6846415168748371
49, 16, 1.273623645583404
43, 19, -0.4126383356257462
-1, 30, -1.028763388943143
57, 11, 0.9027262887250581
67, 0, -1.934906651589559
51, 15, -0.1349227891359671
33, 23, 0.9598020104048186
0, 30, -0.1278113713580604
30, 24, 0.3109012929104817
41, 20, -0.5597110280024843
8, 29, 1.484245165311656
23, 26, -0.6858351470755487
66, 2, 0.6940670007229467
36, 22, 0.6802792763189334
14, 28, -0.1789088527148249
19, 27, 0.8309329758081299
62, 7, -0.4249912431745452
63, 6, -1.1331823444922
56, 12, -0.2234291717670543
61, 8, 0.8419570927844139
27, 25, -1.177424476791362
53, 14, -1.590704517172917
1, 30, -2.312331764988505
64, 5, -0.1135387681674734
60, 9, -0.01083418914846329
39, 21, -1.02718720573868
9, 29, 0.4685198592136854
67, 1, 0.5750346983586101
46, 18, -0.9188492197389342
2, 30, -0.1648382672764546
65, 4, 0.5628987468216643
48, 17, 0.8097853926884595
15, 28, -0.2799526615527622
-15, 31, 0.4846613935824099
-14, 31, -0.5762134413545893
59, 10, 0.02132535996069733
-13, 31, 0.9109780590445281
44, 19, -0.5775241228569092
-12, 31, -0.4052316464709797
50, 16, 0.09101121805022123
24, 26, -0.3334987158357864
34, 23, -0.416709510079024
55, 13, -0.7482743701129869
31, 24, -0.4529958146350391
20, 27, -1.062269091519988
-11, 31, -0.6991021303392752
10, 29, 0.8864597968153742
-10, 31, -1.003055072373366
66, 3, 0.3838151166188458
3, 30, 0.3284628525181949
37, 22, -1.509362380456276
42, 20, -0.2244103891990585
58, 11, 0.1603184798011859
-9, 31, 0.07069653736161931
52, 15, 0.7758360780634311
28, 25, -0.2474950148783633
-8, 31, 0.2674124607416979
68, 0, 0.1476632149814028
16, 28, 0.299076889926692
4, 30, -0.5179950429342925
-7, 31, -1.765500965375258
67, 2, 0.4680892848655192
11, 29, 0.3089098674217119
40, 21, 0.5523943017892359
54, 14, -0.5140212476186968
57, 12, -1.767655860331474
21, 27, -0.4597370593502142
63, 7, 0.5950930207107366
25, 26, -0.03495916968811814
-6, 31, -0.6936691877658595
64, 6, 0.7126296290167414
62, 8, -0.5731380576792244
32, 24, -0.5669555016115402
65, 5, -0.04639069124909241
61, 9, -0.04530300633599542
47, 18, 0.04990957652309848
35, 23, -0.06723864501042898
5, 30, 0.2528672807200235
-5, 31, 0.4120230975140651
49, 17, 0.2146379775773985
45, 19, -0.4987821099895734
17, 28, 0.4954871299506426
29, 25, -1.742761637808325
68, 1, -0.3216970150083602
51, 16, -0.524368852058854
12, 29, 0.1280277029375222
-4, 31, -1.682379297345492
66, 4, -0.1783132259624486
60, 10, -0.208949842061014
38, 22, 0.252456189175327
56, 13, 0.04937193157467969
43, 20, -0.04752889887932687
6, 30, 0.2271575750466903
-3, 31, 0.721411205612903
22, 27, 1.767628152191399
53, 15, 0.7292364569358312
26, 26, 0.303553830501201
67, 3, -0.124412314690455
59, 11, 0.7884524248293084
-2, 31, -1.125922154715993
41, 21, -1.594074200632078
18, 28, 0.7455434677536975
13, 29, -0.1435409036018145
7, 30, 0.700475952892211
69, 0, 1.310907717158105
33, 24, -0.2090763282135119
36, 23, 2.116490928225645
55, 14, -0.649243059586799
-1, 31, -0.564885682796868
30, 25, 0.8866526300733655
68, 2, 0.8239422684169507
58, 12, -0.3446714811246806
48, 18, 0.702510432562782
64, 7, 1.206703504216328
63, 8, -1.013036774766094
65, 6, 0.9865914199996864
50, 17, 0.1647655220010295
46, 19, 0.7575241401826714
23, 27, -0.1214131573611246
39, 22, 0.9673951551111842
8, 30, 1.089120870712123
0, 31, 0.6179822663717202
62, 9, 1.085886948371376
14, 29, 0.8720479738922091
66, 5, -0.224401739905784
27, 26, -0.02962947141666283
19, 28, -0.5381483314637728
52, 16, -0.5158704207971762
44, 20, -0.2494596935768703
61, 10, -0.05118503697714189
69, 1, 0.3420802447525887
57, 13, 0.5048681323950467
67, 4, 2.032827383289686
1, 31, -0.3649320729082243
54, 15, 1.974873496030759
9, 30, 0.5931758706411703
42, 21, -0.9002639791092548
34, 24, -0.4418616518313514
31, 25, -0.7744153921460184
-16, 32, -0.0004048742490589562
60, 11, 0.2659882597217252
37, 23, 0.772758723904553
15, 29, 1.054910825885207
-15, 32, -0.5657094641794538
-14, 32, 0.2087298927308475
24, 27, 0.9825844436049072
2, 31, 0.3370796671255117
68, 3, 1.166538330928271
-13, 32, 1.232778026856061
20, 28, 0.4720373423096704
-12, 32, 0.1890858258609352
-11, 32, 0.4966011397440321
28, 26, -0.2129931477021774
70, 0, 0.5322375404433473
56, 14, -0.274836368932016
40, 22, 0.2884415044604199
10, 30, -0.1901958236645862
-10, 32, 0.02078499350342838
49, 18, -0.6322112199878955
47, 19, 1.721675449619151
3, 31, 0.8385976079353998
59, 12, -1.408004779613785
51, 17, 0.2310845274753399
-9, 32, -0.260007393521372
69, 2, -0.2216932775529815
65, 7, -0.6554229749483887
45, 20, -0.2945032606533655
16, 29, 0.888935157934694
64, 8, 0.595902186344603
-8, 32, -1.213843559920028
66, 6, -0.398732170633218
53, 16, 0.1898056971537267
63, 9, -1.466707405131135
35, 24, 0.3449999419876107
25, 27, 0.2926203448193372
4, 31, -0.07516768174052435
-7, 32, -0.1220917947572756
67, 5, 1.318025361534608
32, 25, -0.1151671167875683
21, 28, -1.2193264652968
11, 30, 0.1091527201782214
43, 21, 0.8539836135231387
58, 13, 1.3747750806066
38, 23, -0.9045220697643049
62, 10, 0.1565341893714641
-6, 32, 0.1938120223355208
70, 1, -0.1168347570226403
55, 15, -0.3815224143048447
29, 26, 0.6183191722736084
68, 4, 0.7419247102689254
5, 31, -0.1636482517996137
-5, 32, -0.1985303841760143
17, 29, -1.068063821979768
61, 11, -1.470070344260781
41, 22, -0.3874761900896972
12, 30, 0.9554580383140303
-4, 32, -0.3071199043446842
69, 3, -0.586316392342667
50, 18, 1.009772531097243
22, 28, 0.2249203859466983
48, 19, 0.6140964719264065
26, 27, -0.9848317058996537
57, 14, -0.09152893474746521
6, 31, -0.6605349006867995
52, 17, 0.7664060399433451
-3, 32, -0.1627429502804617
46, 20, 0.8581441189376722
33, 25, -0.912480967766035
60, 12, 0.3400562078382754
36, 24, -1.559314981560228
71, 0, 1.425245270473118
18, 29, 0.5367813659026932
13, 30, -2.19535185711669
70, 2, 0.1895655120347658
54, 16, 0.2148260034113167
30, 26, 0.5593559340940222
-2, 32, 0.4034005079901126
66, 7, 1.082719477988303
39, 23, -0.0367442556421259
65, 8, -0.9961915675540596
44, 21, -0.6307053421247036
67, 6, -0.3888295060663439
7, 31, 1.058216453814551
64, 9, -1.395508332846999
68, 5, -1.561640699115716
-1, 32, 0.8098956853222973
59, 13, -0.6073884345876569
23, 28, 1.051404797722593
63, 10, -0.4609883714615641
56, 15, -0.7059374270367854
27, 27, -0.9521814826085946
42, 22, 0.2356357745513299
14, 30, -0.3654663024894836
71, 1, -0.5016991827027836
69, 4, -0.7077368178066756
8, 31, 0.1327927899624597
19, 29, 0.4620347593377339
0, 32, 0.1222892046499105
62, 11, 0.1007736687379423
34, 25, -0.4386165369845369
49, 19, -0.3791131965663925
37, 24, -1.112583823364102
51, 18, 2.05299450486857
31, 26, -0.5090367356708173
47, 20, 0.3204492074234534
1, 32, 0.06923351572027621
70, 3, 0.9323084568558901
53, 17, 0.6505154145510209
58, 14, -0.1785507803154244
40, 23, -0.9344077258841031
9, 31, -1.177058446106667
24, 28, 0.2906071173689491
61, 12, -1.75161364995839
-16, 33, -0.6468160187016938
15, 30, -0.2475424347623063
45, 21, 0.4749344255604874
-15, 33, 0.4271427770503357
-14, 33, -0.7943039494298054
72, 0, 2.77308936243411
55, 16, -0.4086054947562749
28, 27, -0.2663513525718358
20, 29, -0.4099889122160637
-13, 33, -0.7790320997798857
2, 32, -0.3265664305725616
-12, 33, 1.943874176193171
71, 2, 0.5537216926730659
67, 7, 0.4323295690197754
-11, 33, -0.02953833992692729
66, 8, -0.08605419550239234
68, 6, -1.061885040088471
65, 9, 0.4203206068739705
43, 22, 0.2128776132256762
10, 31, 0.3138334757413646
-10, 33, -0.2229073481193662
60, 13, 0.7141412418018765
35, 25, -0.4698533211066696
3, 32, -0.02214980437690539
57, 15, -0.3667731823269237
-9, 33, 1.515108099900568
69, 5, -0.8796039657067281
64, 10, 0.0214338318538027
16, 30, -0.2451219552721561
38, 24, 0.08332895360811625
32, 26, -0.6288557112526728
25, 28, -0.05249607262401098
-8, 33, -0.3220891730259891
21, 29, 0.6125991266449214
50, 19, 0.009741991181091246
70, 4, -0.9924544416131303
52, 18, -0.3498666071541469
72, 1, -0.5430993743251012
-7, 33, 0.2390109008139429
48, 20, -1.190453381719553
4, 32, -0.609618184103644
63, 11, 0.02139922059116064
11, 31, 0.2021946836239021
41, 23, 0.9321086277928129
29, 27, 0.2332956859193974
54, 17, -0.1208805635610188
-6, 33, 2.018239694579676
59, 14, 0.3874185201720923
46, 21, 0.09427339535502276
71, 3, 1.299353575326169
17, 30, -0.1880273545554203
5, 32, -0.6379577059079461
-5, 33, -0.1607336861982101
62, 12, -0.683178589091368
56, 16, 0.4281698769622064
36, 25, 0.9585962532958197
12, 31, 1.078380302485997
44, 22, 0.3986365682690023
26, 28, -0.1240506159011639
33, 26, -1.506462849642914
22, 29, 0.1265981278038068
73, 0, 0.1076603573137698
-4, 33, 1.165690975481088
39, 24, -0.8779245845386162
68, 7, -0.1850892909077805
67, 8, -0.6757028828850348
72, 2, 0.8426398780753496
6, 32, -1.143456235584483
69, 6, -0.7555725874926468
66, 9, -1.156300415052979
30, 27, 0.2628954321444618
-3, 33, 0.7343023631577993
61, 13, 0.3420628185734989
58, 15, 0.3616996083122213
18, 30, 0.02126306084363239
70, 5, 0.3682022179742923
65, 10, 0.5171303254133617
51, 19, 0.9344523572974437
42, 23, 0.9604878795824709
13, 31, 0.5144147286861875
49, 20, 0.3856072274627585
53, 18, 0.3282414393340095
-2, 33, -1.304728597451202
7, 32, -0.7648864134949125
47, 21, -0.5666752233611566
23, 29, 1.28503261204316
71, 4, -0.697173992515092
64, 11, -1.135567763672379
55, 17, -0.3083979550266711
27, 28, -0.8486519449341078
73, 1, 0.7809990075959408
-1, 33, 0.7873678280153208
37, 25, 0.972498187215379
60, 14, -0.1750143835183239
34, 26, 0.3116692547543262
19, 30, 0.1367266247152062
45, 22, 0.9744779489545972
14, 31, -0.2748196079350177
40, 24, 0.1497933615763125
8, 32, 0.639121989389842
57, 16, -1.066937018499806
31, 27, 0.3691537028717705
72, 3, 0.7070558273837729
63, 12, 1.378481693242293
0, 33, -0.04026580315320509