d = 19, symClass = C, D = 16.000000, Y = 0.1395930314523695
[23.67530473052475, 23.67530473064682], 23.67530473058593
1, 0, 1
2, 0, -0.174686654648312
0, 1, -0.4856298759001765
1, 1, -0.4677966991324388
3, 0, 1.351009917137582
2, 1, 0.7573866374197066
4, 0, -0.9694845726864015
3, 1, -0.05242658034573852
-1, 2, -3.015589303389885e-15
0, 2, 0.08483305841796006
1, 2, 0.5269184650264069
5, 0, -0.6332270359598359
4, 1, -0.10489978869322
2, 2, 0.08171784042688958
5, 1, 1.297982391059406
3, 2, 0.8436302851677356
6, 0, -0.2360034028218305
-1, 3, 0.2102349859853521
4, 2, -0.1323053379662956
0, 3, -0.6560907783996807
6, 1, 0.3819577013206604
7, 0, -1.100547777271686
1, 3, -0.5382152807112397
5, 2, 0.05799068305413423
2, 3, 0.7936098405304303
7, 1, -0.5071429170610217
3, 3, -0.6319979797320705
8, 0, 0.3440426713836466
6, 2, 0.009158223935865342
4, 3, 1.114135972181312
-2, 4, -3.164292989635928e-15
8, 1, -0.8789477907583434
-1, 4, -0.1703418528545327
0, 4, 0.4708106727212276
9, 0, 0.825227796207693
7, 2, 0.9461379642935371
5, 3, -1.603179832701933
1, 4, -1.654099660116476
2, 4, -0.09204562392816588
9, 1, -0.382050438086657
6, 3, 1.023236858261017
10, 0, 0.1106163125453805
8, 2, 0.01832459316000945
3, 4, 0.7763478684923985
4, 4, 0.453521682963091
10, 1, -0.4660587082053555
7, 3, 0.04571598935529101
9, 2, 2.031234432147
-2, 5, -1.982184469681742
11, 0, 0.3650123853678581
-1, 5, -0.217743348284746
5, 4, 0.4093989096199467
0, 5, 0.7931438427893539
1, 5, -0.5484184518165359
8, 3, 0.4707389872598177
11, 1, 0.385605083159567
2, 5, -0.8506663192334488
10, 2, -0.2267402016872846
6, 4, -0.1473709522765292
12, 0, -1.309783272213755
3, 5, 0.7378420013130628
9, 3, -0.07082882996896454
7, 4, 0.5571714458892776
12, 1, 0.01246946833844317
4, 5, 0.5054509056412116
11, 2, 1.2661157934861
13, 0, -1.242096077114716
-3, 6, -6.285281515810666e-15
-2, 6, -0.03672524639171564
10, 3, -0.9909593232916115
5, 5, 0.2962215172234293
-1, 6, 1.089102873072629
8, 4, -0.7342746605377385
0, 6, 0.1146103032246562
13, 1, 0.7582498052366781
1, 6, -0.8376641880359849
12, 2, -0.06672291306140769
6, 5, 0.1924091219997273
14, 0, 0.1922510094918693
2, 6, 0.09401902686702705
9, 4, -0.2188084814844317
11, 3, 0.146383099605299
3, 6, 0.7118720717742539
7, 5, 0.1871867740003768
14, 1, -1.028386635782378
13, 2, -0.8241938554738967
10, 4, -0.01013019842395419
4, 6, -0.1386330481385465
15, 0, -0.8554960053808546
12, 3, -0.1417206548303228
8, 5, 0.7462495748531013
-3, 7, -0.5857302561683464
5, 6, -0.8903436028320217
-2, 7, -0.5193634606489006
-1, 7, 0.2910180809163337
14, 2, 0.08859109960961938
15, 1, -0.7404659207796203
11, 4, -1.263212760738177
0, 7, 0.5344588805017186
9, 5, -0.3653118307643402
6, 6, 0.1104016128246995
13, 3, 0.5020551011257649
1, 7, -0.2961069077144459
16, 0, 0.9093849093664921
2, 7, 0.1946738341458242
7, 6, -0.6940601445364293
12, 4, 0.05082676084391148
15, 2, -0.4930123548090141
10, 5, -0.4795976954886101
3, 7, 0.3341129583598826
16, 1, -0.7440091089444686
14, 3, 0.9254539759719715
17, 0, -3.049350283242354
4, 7, 2.054847375897017
8, 6, -0.1946246858035474
13, 4, 1.042970480219795
11, 5, 1.239664945192125
-4, 8, 1.822878575203246e-15
5, 7, -0.2264180111202466
-3, 8, -0.7189855148723734
16, 2, 0.1535404491772391
-2, 8, 0.02975644842034919
17, 1, 0.2220900719419099
-1, 8, 0.9084978542453005
15, 3, 1.753587082594777
9, 6, 1.139752881661487
0, 8, -0.1670773998087325
6, 7, -0.7159690763378006
18, 0, -0.144156283042941
12, 5, 0.6897984988381091
1, 8, -1.047155602612545
14, 4, -0.1652776758183518
10, 6, 0.2800541217750951
2, 8, 0.2889491360806697
17, 2, 1.018383280924112
7, 7, 0.9826293165775326
18, 1, -0.9955141416916763
16, 3, -1.112388259616055
3, 8, -0.3810825096446111
13, 5, -0.1878045657728071
19, 0, 0.832046160070869
15, 4, -0.4476742823683634
8, 7, 0.6344411454431015
11, 6, -0.1097583146864933
4, 8, -0.5108393229077003
18, 2, 0.06673911293567693
19, 1, 0.6945495476586484
17, 3, 0.5291033619319084
5, 8, 1.437045675256064
-4, 9, 0.5833590621584419
-3, 9, 0.2840295509963543
9, 7, 0.5932238024560673
14, 5, -0.4214892670013898
-2, 9, -0.3662402005161676
12, 6, -0.1787458236819474
-1, 9, -1.171867132756503
20, 0, 0.6139038423719457
16, 4, 0.1016987268159486
6, 8, -0.1356176119905957
0, 9, -0.400755272261106
10, 7, 0.3863153422989325
1, 9, 1.305261066667485
19, 2, 0.1338019561550446
18, 3, 0.5160286424119069
20, 1, 1.587331773067047
15, 5, 0.03319792807759301
7, 8, -1.576332698667977
13, 6, 0.8196737415799948
2, 9, -0.3451941763998762
17, 4, -0.09239378715293473
21, 0, -1.486850961379915
3, 9, -0.7271341817966102
11, 7, -0.6428276298569024
8, 8, -0.1609420260341028
4, 9, -0.9387723922859168
20, 2, 0.08141423660528108
14, 6, -0.007985973245607942
16, 5, -0.6263694673754583
19, 3, 0.1375848187192226
21, 1, 0.7324504068138716
12, 7, 0.6130678919066005
9, 8, 0.2946095536992017
5, 9, 0.3710702136723978
-5, 10, 5.973163514645545e-15
18, 4, -0.3548295477576647
-4, 10, 0.3462611739035374
-3, 10, 1.180444481398297
22, 0, -0.06376279250587993
-2, 10, 0.0380368570842045
-1, 10, 0.3602290404462467
15, 6, 0.07834598790845955
6, 9, 1.072174764896271
17, 5, -0.2132333768894905
10, 8, -0.07151652593800657
0, 10, -0.1385516445507609
21, 2, 0.6837918884505585
20, 3, 0.0405547974381394
13, 7, 0.7945902354994154
22, 1, -0.6362504351890454
1, 10, 0.4061278251532766
19, 4, 0.6346347904582191
7, 9, -0.05605547237965621
2, 10, 0.09580138469567075
23, 0, 0.2268159373062167
11, 8, 0.6715297997331136
16, 6, -0.08223181889732596
18, 5, 0.08321717005103155
14, 7, -0.8335401803471184
3, 10, 0.8984912933818396
8, 9, -0.8850365821824748
22, 2, -0.06736006199222556
21, 3, -0.685155110356129
4, 10, 0.1486000535282567
23, 1, 0.3833558523059882
20, 4, -1.258373903753893
12, 8, -0.8178865465225126
9, 9, -0.3860388390971405
17, 6, 0.9155503555077221
5, 10, -0.3336590178000285
-5, 11, 0.2594046180300046
15, 7, 0.1488573467550221
24, 0, 0.4648050609700237
-4, 11, -0.6760500930829679
19, 5, -1.484728279101292
-3, 11, 0.599527845866751
-2, 11, -0.9909029604650312
13, 8, 0.0178969876697956
23, 2, 1.668341580948135
22, 3, -0.2568744150966784
10, 9, -1.804439137175498
-1, 11, 0.1684171132418172
6, 10, -0.1288911508679597
24, 1, 0.7507335321876919
21, 4, 0.5392481817760213
0, 11, -0.1772609194069656
18, 6, 0.0123728513594788
16, 7, 1.164959115961118
1, 11, 0.5061374314571703
7, 10, -0.3228799019676905
25, 0, -0.8088230983163689
20, 5, -0.566801653692608
11, 9, -0.2740687590408404
14, 8, -0.09733041594812462
2, 11, -0.05865369186449498
23, 3, -0.5086739354612982
24, 2, -0.002178249709358803
8, 10, -0.0882955277964652
3, 11, -0.4307333917418608
22, 4, -0.2211735323612574
17, 7, 0.5757186190920405
25, 1, 1.560007598545923
19, 6, 1.027350829150861
12, 9, 1.505208747459281
15, 8, -0.04988298212431735
4, 11, 0.4073268498028249
21, 5, -0.1525016023223422
9, 10, -0.6157049349648832
26, 0, 0.2169776084637514
-6, 12, 1.077962614948464e-15
5, 11, -0.8654647517204106
-5, 12, 0.4909420543568838
-4, 12, -0.2038195755522293
13, 9, -0.1802991696678714
24, 3, -1.187467181959825
-3, 12, -0.2301335325103847
25, 2, 1.272587666285357
18, 7, 0.4463697082030514
20, 6, 0.1731073690789398
10, 10, -0.05174594587847072
-2, 12, -0.1902517374658615
23, 4, 1.04269317164415
16, 8, 0.2605733220088138
26, 1, -0.8776800717155847
6, 11, -0.1513341311972595
-1, 12, 0.1972653139671623
22, 5, -0.8035367188808922
0, 12, 0.6360698879417397
14, 9, 0.390698493110304
27, 0, -0.2361189805625228
11, 10, -1.74690571532071
7, 11, -1.724861912551967
1, 12, -1.127645231125534
19, 7, -0.5134418908833834
25, 3, 0.0150637064117571
17, 8, 0.7316999454750842
21, 6, 1.278241772742458
26, 2, -0.1324561218635777
2, 12, 0.1463287547254948
24, 4, -0.3703020988498818
8, 11, 0.4640758210983765
27, 1, 1.103975132206884
12, 10, -0.03361130584559141
15, 9, -2.165911852935456
3, 12, -2.234705044752833
23, 5, 0.3787064969040643
28, 0, 1.066964091573065
4, 12, 0.52179141143432
20, 7, 0.7685164681839745
9, 11, 1.309674668425548
18, 8, 0.03822292164064539
22, 6, -0.02557117396838639
26, 3, -1.34093234873632
13, 10, 1.300882876501056
27, 2, 0.7980782013260891
-6, 13, -0.8895851938695234
25, 4, 0.417083039630591
16, 9, 0.9080071607911123
5, 12, -0.4719657101902228
-5, 13, 0.459854617467461
-4, 13, 0.7002061670068438
10, 11, -0.76002363395419
-3, 13, 0.4697036773769698
28, 1, -0.4072080231643617
24, 5, -0.1105637095858942
-2, 13, 0.1095891662142245
6, 12, -0.1243545507553323
21, 7, 0.05769795646961316
19, 8, -1.849247327853888
-1, 13, -1.90568090116867
14, 10, -0.03269903134532371
29, 0, 0.02175199441169767
0, 13, 0.6031989637851704
23, 6, -0.6928583352689696
11, 11, -0.1707515890176428
17, 9, -0.8965775744398132
7, 12, 0.8675074407548724
27, 3, -0.516153930703055
1, 13, 0.3568923035189282
28, 2, 0.1796454210899047
26, 4, 0.1439756673945811
29, 1, 0.2618933478221497
25, 5, 0.02171274294880463
15, 10, 0.7637728861378003
2, 13, 0.6449242649194239
20, 8, -0.05622107258092919
8, 12, -0.7693924971276996
12, 11, -0.363810529255471
22, 7, -0.09682171600489201
18, 9, 0.6250165056746448
3, 13, -0.3098618544619879
30, 0, 0.1494437352445055
24, 6, 0.02475670708709717
9, 12, 1.048853669481749
28, 3, 0.3021957483831667
4, 13, 1.130988754238477
16, 10, -0.1303598417639846
27, 4, -1.3374433995216
13, 11, -1.850540082528547
29, 2, -0.3582796011466451
21, 8, -0.808459397752011
26, 5, -0.4404202887859408
-7, 14, -6.607707861560132e-15
-6, 14, 0.1023192589765214
30, 1, -0.8490384770539761
23, 7, -1.662627988419346
5, 13, 0.8429579706444215
-5, 14, -1.579415488282724
19, 9, -0.4107155563985243
10, 12, 0.1555311454664202
-4, 14, 0.0907258654879441
-3, 14, -0.02445016671246127
25, 6, 0.8164283602201898
14, 11, 1.003307596297901
-2, 14, -0.0508369749984277
17, 10, 0.6552556206861353
6, 13, -1.016025190827745
31, 0, 0.4219041654873792
-1, 14, -0.135432030071206
29, 3, -0.6610577347941121
11, 12, -1.456935527194672
28, 4, 0.4916672342380821
30, 2, 0.1293495145821688
22, 8, 0.2206664112826557
0, 14, -0.09336283388056078
20, 9, 1.535674618842702
7, 13, 1.323154747426049
27, 5, -0.1132342073333218
24, 7, -0.3347875995549261
15, 11, -1.309133199358888
1, 14, -1.166957186368804
31, 1, -0.9076960122191279
18, 10, 0.06381510162012924
12, 12, 0.6127122913204822
26, 6, -0.08770232606596756
2, 14, 0.05172592512572728
8, 13, -0.1582660415206579
32, 0, -0.5029000789890339
3, 14, -1.062601168839331
23, 8, -0.0846861053310685
30, 3, -0.6296499367545143
21, 9, 0.06176275498990418
29, 4, -0.8592634457580482
16, 11, 0.9124389835338055
31, 2, -0.8052181107010613
9, 13, -0.1148980053075592
25, 7, -0.3802633864525736
13, 12, -0.1984564067992462
28, 5, -0.07974742773657796
19, 10, 0.7899089189868873
4, 14, -0.03400692083394925
32, 1, 1.105879254635319
-7, 15, -0.4276085622860589
27, 6, 2.744217861865566
-6, 15, -2.67795087613902
-5, 15, -0.1331264770304611
10, 13, 0.8776148284588471
5, 14, 0.9217220396690619
17, 11, 0.03080116898187706
-4, 15, 0.3717199623870266
14, 12, 0.1212430447738195
22, 9, 0.2383735336225684
24, 8, -0.0180369807523867
33, 0, 0.4931353525101251
-3, 15, -0.2941734229251103
31, 3, -1.54095243739953
-2, 15, -1.019666510923828
30, 4, 0.08612267896193292
20, 10, 0.08377931700203348
6, 14, -0.05836507497155304
26, 7, -1.235456180177361
32, 2, 0.1299684622696958
11, 13, -1.088875955838652
29, 5, 0.3834045772534101
-1, 15, -0.792586425915797
0, 15, 1.07154519732682
15, 12, 0.5531019869629017
33, 1, -0.5258770109273698
18, 11, 0.04131412820490736
7, 14, -0.5798989454887009
28, 6, -0.1616644590927754
23, 9, -0.4134276162506778
1, 15, -0.7711419615733168
25, 8, 0.1532571918214181
12, 13, 0.8780593686750295
21, 10, 0.2004897027887771
34, 0, 0.532680799830477
8, 14, -0.3589544139084899
2, 15, -0.207805222353022
27, 7, 0.5904638534030886
32, 3, 0.4272323853016851
31, 4, -0.1416638379260649
16, 12, -1.080137636907095
33, 2, 0.6445285841353179
30, 5, -0.2418659430693223
19, 11, -0.7246631484526959
3, 15, -0.7409187671471343
13, 13, 0.5810484448793335
9, 14, -0.4190495599924393
34, 1, 0.4797480568173642
29, 6, 0.7624022058581288
24, 9, 0.6359730401716934
4, 15, -0.3809037012550189
26, 8, -0.1821930240857834
22, 10, -0.2165529221600431
17, 12, -0.4659811848062678
-8, 16, -2.788400182229683e-16
-7, 16, 0.2826662681668143
10, 14, 0.03955220491455462
-6, 16, 0.1255971743329742
14, 13, -0.4249620204946936
35, 0, 0.6968966069349956
28, 7, 0.1154472292827242
20, 11, 1.029504898668147
5, 15, 0.3408124669128583
-5, 16, 0.9165875602322409
32, 4, 0.8521263233369442
-4, 16, 0.1651437984245255
33, 3, 0.5209562914496475
31, 5, 0.1165918139470131
-3, 16, -0.2334124920703577
34, 2, -0.03879617169763021
6, 15, -1.149258633459496
-2, 16, -0.1587024509126275
25, 9, 1.030015385530758
11, 14, 0.6752027074534802
23, 10, -0.524240198908378
30, 6, -0.3063282610931853
18, 12, -0.1990996180222945
35, 1, 0.2089794020020498
27, 8, -0.07861731969172567
15, 13, -0.6273559560023455
-1, 16, -0.1397300430931271
21, 11, 1.391124702756224
7, 15, -0.2847227496653925
0, 16, -0.4416244806813134
29, 7, 0.05053510820297676
12, 14, 0.1250702427770271
36, 0, -0.8000456173770761
1, 16, 0.2947238989771858
33, 4, -1.422762892350595
34, 3, -0.5499090582462024
32, 5, 1.9392167993531
8, 15, 1.137642833394208
19, 12, -1.847056345409345
16, 13, 1.155503715063888
35, 2, -0.7998789637596815
26, 9, -0.6108001039263153
24, 10, -0.120498592143936
2, 16, 0.1829241091162278
31, 6, 0.7227503667611799
28, 8, -0.9172661600165035
22, 11, -0.480931134248883
13, 14, 0.606287307925767
36, 1, -1.211091559833251
3, 16, -1.031074855524926
9, 15, 0.9968318610556857
30, 7, 0.7838684807741814
17, 13, 0.1097557970565604
20, 12, 1.554258115048134
4, 16, 1.603624102171369
37, 0, 0.2301529627496016
34, 4, -0.1778979684938863
14, 14, -0.1716522280724196
-8, 17, 0.6919845967159203
35, 3, 0.490368786230443
25, 10, 0.756888572186929
10, 15, -0.4445445239740384
-7, 17, -0.1297777408101295
27, 9, -0.04326387136175463
33, 5, -1.658878729558795
-6, 17, -1.863594500318828
5, 16, -0.3231775787222462
-5, 17, 1.045803681211455
23, 11, 0.04105244844344298
36, 2, 0.173903035067901
29, 8, 1.456965400732434
-4, 17, -1.593920462340954
32, 6, 0.194319383742477
18, 13, -0.3815395647032954
-3, 17, -0.1529063701102969
37, 1, 1.535418829543009
11, 15, -1.634624385549932
6, 16, 0.06657002875385154
21, 12, 0.7527441489429241
15, 14, -0.7610603528657438
-2, 17, 0.1377958461382012
31, 7, -0.1983777061742501
-1, 17, -0.8184994721617298
26, 10, 0.03280695132148119
28, 9, -1.049206872174774
7, 16, -0.2184772579334338
38, 0, -0.1453473602143322
35, 4, -0.8271272511099211
24, 11, 1.168663301189991
0, 17, 1.48085559962717
36, 3, 0.01684637538742415
12, 15, 0.6828691861489596
34, 5, 1.016937848233009
19, 13, -0.4717677040653441
30, 8, 0.0782027227603692
16, 14, -0.1108284012696032
37, 2, 0.26896606366337
1, 17, 0.4440967736611915
33, 6, 1.710534993244319
22, 12, 0.01917331281154976
8, 16, 0.1812824362981958
2, 17, 0.3712387115905686
38, 1, 0.8868392262426754
13, 15, -0.3211012078769011
32, 7, -1.124377093163179
27, 10, -1.273743552331938
25, 11, 0.05641814133794725
20, 13, -0.2983030610197817
9, 16, 1.260454808321951
3, 17, 0.7146921887324639
29, 9, 0.6243399571196288
17, 14, -0.04023568250927955
36, 4, 0.3703920057140533
39, 0, -1.678084118222567
37, 3, 0.5123153818405961
35, 5, 0.3211366061783484
23, 12, -0.4059170121661858
31, 8, -1.065387499678641
4, 17, 0.2231791065002733
14, 15, -0.7217374956092651
-9, 18, 1.097023594540253e-15
38, 2, -0.1213285369668718
34, 6, -0.09242729626025208
10, 16, -0.251032701587074
-8, 18, -0.1019050430270837
-7, 18, 0.3032885213856904
-6, 18, -0.04961617208541765
5, 17, -0.2799495239401067
-5, 18, 0.06424237578909828
18, 14, -0.1036282815088981
21, 13, -0.9930322682087585
28, 10, 0.07362855002210597
-4, 18, 0.06397727542688354
39, 1, -0.3983018505754496
33, 7, 0.484085549848946
26, 11, 0.3772052080154071
30, 9, -1.338795873250113
15, 15, 0.4001982074386173
-3, 18, 1.471388782307522
11, 16, 0.3718183845607043
6, 17, -0.5318010710064589
24, 12, -0.9920123482899669
-2, 18, 0.2047095491132808
37, 4, 0.7578158017742127
40, 0, -0.2178571210446922
32, 8, -0.03609000352913738
36, 5, -0.2698906282167398
38, 3, -0.9844554180953913
-1, 18, -0.2862692424056559
19, 14, 0.3069265807037803
7, 17, 0.143781569315295
35, 6, 0.3677255716779221
22, 13, -0.3276663757009006
12, 16, -0.7526572815419653
39, 2, 0.01391977291754614
0, 18, 0.07000659784351661
16, 15, 0.1925988947511207
29, 10, 0.0980727044471537
27, 11, -0.4499326563898626
34, 7, 0.3758921112026494
1, 18, -0.7417712334398421
40, 1, 1.247260928330342
31, 9, 0.2302008376414479
25, 12, -0.2557121874411589
8, 17, 0.4142613313334118
13, 16, 0.03715646235928614
20, 14, -0.06748413478584316
2, 18, -0.2280116891786662
17, 15, -1.244456001176917
33, 8, -0.901387770333225
23, 13, -0.6291131750516855
38, 4, -0.02337341610614863
37, 5, 0.6096423498707614
9, 17, -0.5644752827147136
41, 0, 0.7774498820548069
39, 3, 1.024403006543355
3, 18, -1.13169262526856
36, 6, -0.09014331724542396
28, 11, -0.5241788128979993
40, 2, -0.2772856772549455
30, 10, -0.005799234997504025
14, 16, 0.2753642857431227
26, 12, -0.1431860638194701
4, 18, 0.06030081587931263
35, 7, -0.5848613502530211
21, 14, 0.3695269558783452
10, 17, -0.5203822139244501
-9, 19, 0.4687324787438009
32, 9, 0.7418367968216918
-8, 19, 0.8232393246300048
18, 15, 0.2599466319685731
-7, 19, 0.3389392061450318
41, 1, -0.08711382583478548
-6, 19, 0.9311022415701354
24, 13, -0.3715037445638282
5, 18, 0.6225973996469981
-5, 19, 0.3443054185252274
15, 16, 0.4718646454686576
-4, 19, -0.6085532994718111
34, 8, 0.01613996158800847
11, 17, 0.5919324497250233
39, 4, -0.8796406147529785
-3, 19, -1.221423951924646
38, 5, -0.9041237644489306
42, 0, 0.2597330204045817
6, 18, 0.127020637698848
40, 3, 0.8124077167761669
29, 11, 0.442277613043318
37, 6, 0.05820577507948164
31, 10, 0.2377183103502976
19, 15, -0.2188298929590438
-2, 19, -0.7074377485293543
22, 14, 0.1122934081742472
27, 12, -0.2956124284391365
41, 2, 0.317634599331418
-1, 19, -0.6444106775394383
33, 9, 0.1977650192682486
16, 16, -0.4254072588423648
36, 7, 1.030060756222487
12, 17, 0.8878176106003506
25, 13, 1.249056994018249
7, 18, 1.066649978078339
0, 19, -0.4040664734578016
42, 1, 0.361190497799377
35, 8, -0.2075721965946036
20, 15, -0.7055010193203395
1, 19, -0.02617305952067674
8, 18, 0.1639910086840128
23, 14, 0.1850795836799027
30, 11, -0.946297662053003
13, 17, -1.052901495533703
40, 4, 0.4518367275717243
28, 12, -0.04432094640516892
39, 5, 0.7780080955208658
17, 16, 0.9601436495631216
32, 10, 0.1094183868296604
2, 19, 0.2265362951082361
43, 0, -0.943086651222991
41, 3, -0.0314841498879401
38, 6, -0.02403423171232845
26, 13, -0.940746971197336
9, 18, 0.4348277636750205
34, 9, 1.09909672528517
42, 2, -0.1279493112615449
3, 19, 0.6477091676283013
37, 7, 0.5467896558762196
14, 17, 1.542148341354713
21, 15, 0.2528911880320934
24, 14, -0.1070947791089324
18, 16, -0.05146435736219293
43, 1, -0.2258553162987272
4, 19, -0.8752134055251741
10, 18, -0.06482101426589137
-10, 20, 8.165334548011511e-15
-9, 20, -0.1116173801966365
36, 8, -1.969250445478652
-8, 20, 1.921697263576813
31, 11, 0.6668078703433767
29, 12, 0.7030801256459853
-7, 20, -0.2939950020514217
-6, 20, -0.2062078974537356
33, 10, 0.1835697609479128
41, 4, -0.8889674643761091
40, 5, 0.5565735043059474
27, 13, 1.073370339421884
15, 17, -0.5763735862595252
5, 19, -0.6121112349994287
-5, 20, 0.1078650665831569
42, 3, -1.389360543595527
39, 6, -1.113494072391066
44, 0, -0.3538738764547624
-4, 20, 0.211098816967988
22, 15, 1.191432144308616
11, 18, -0.4953421337317057
35, 9, -0.8670490243747272
19, 16, -0.2908746212410637
-3, 20, 1.056448560223707
43, 2, -0.6692846064719968
38, 7, -1.024998972724673
25, 14, 1.07386670134783
6, 19, 0.6644911404928966
-2, 20, -0.06292720598396624
16, 17, -0.6693515677964851
30, 12, -0.01368599853175936
12, 18, -0.1872946228775956
32, 11, -0.04895027214826846
-1, 20, -0.8168983581686876
44, 1, 0.7116975463925749
37, 8, -0.4264898341110367
7, 19, -0.3922066519183001
28, 13, -0.3134843985188008
34, 10, 0.0372490252674997
23, 15, 0.2756961083902462
20, 16, -0.3969059269521653
0, 20, -0.7689407195060844
41, 5, 1.060569500072075
42, 4, -0.1194493174695997
40, 6, -0.007084381895402136
26, 14, -0.1388043100559841
1, 20, -0.831568203905756
8, 19, -0.6709664599364922
43, 3, -1.171660648184684
17, 17, 1.426475996999613
13, 18, 0.7508409911472022
45, 0, -0.5225565513839699
36, 9, -0.08656622144687415
39, 7, 0.9061631499640603
44, 2, 0.1111444600406487
2, 20, -0.07094511113615118
31, 12, 0.4423506950691936
33, 11, -0.01913635114913271
21, 16, 1.220139472118283
9, 19, 1.197308393830764
24, 15, 1.008190576288605
29, 13, -1.660785927124207
38, 8, -0.1108622284678513
14, 18, 0.009792142944715639
3, 20, -1.139176525503837
45, 1, -0.9207297140908788
35, 10, -0.5991201387380113
18, 17, 0.7222303690321278
27, 14, 0.9129505319618673
10, 19, 1.030980055186035
-10, 21, -1.160936509911161
4, 20, 0.5316832284137221
-9, 21, -0.7913273848517417
42, 5, -0.01419295532616335
43, 4, -0.300064485042251
-8, 21, -0.5915206808826567
41, 6, -1.18096099932755
37, 9, -0.9546576353338135
-7, 21, -0.2313736465308048
44, 3, -0.958416278478342
15, 18, -1.202863037087694
-6, 21, -0.7016651859365562
46, 0, -0.03962171730861831
22, 16, -0.1173072942119129
40, 7, -0.7110741735809271
25, 15, -0.6389228465451994
5, 20, -0.5557592077453942
-5, 21, 0.6681474039230032
32, 12, -0.456374185910651
19, 17, -0.1217623315605069
45, 2, -0.1542869204670703
34, 11, -0.4895601305634317
30, 13, -1.162238231723552
11, 19, -0.3661221169190714
-4, 21, -1.195892444927627
-3, 21, 0.3931683133894637
39, 8, 0.1395577737967442
36, 10, -0.0145369290505327
28, 14, 0.1456083456283766
6, 20, -0.1569544382725593
16, 18, 0.15460407976818
46, 1, -0.8660686910431392
-2, 21, 0.5346234509834451
23, 16, 0.1081530130238235
12, 19, -0.3159390181527373
20, 17, -0.1564402470098284
-1, 21, -0.2461786137894842
43, 5, 0.7174526108674034
7, 20, -0.4957154037006476
38, 9, -0.4778409891973135
26, 15, 0.3721436055727308
44, 4, -0.373838179274257
42, 6, 0.1196874541426838
45, 3, -1.000376802277913
33, 12, -1.706612967216601
0, 21, 0.7220592478559787
47, 0, -0.4257794884047051
31, 13, -0.2824371403975413
41, 7, -1.673897621939879
35, 11, 0.544349046249812
17, 18, -0.08000355797627516
13, 19, 0.2075089215431943
8, 20, 0.824707873001376
29, 14, 2.453128748201817
1, 21, 2.39562534014705
46, 2, -0.06696715137789301
37, 10, 0.5271008733728754
40, 8, 0.4465613292296381
24, 16, 0.2902448169699932
21, 17, -1.266111516703176
2, 21, -0.5738448907535865
27, 15, -0.4935399062116066
47, 1, 0.3102487352527227
9, 20, -0.35960720592843
14, 19, -0.1433603848627302
18, 18, 0.06743583336630396
39, 9, 0.6782814205709271
3, 21, -0.4000433688549914
44, 5, -0.4091148892200808
34, 12, -0.1599344287654684
45, 4, 0.3601672893878295
32, 13, -0.5516245513405162
43, 6, 1.495674068733551
36, 11, 1.354532598537892
46, 3, 0.2835455226588323
-11, 22, -1.289382220510049e-14
10, 20, 0.0582857776127809
-10, 22, -0.04531452492341816
30, 14, -0.02600339192311546
42, 7, -0.420362699201015
-9, 22, 0.6069659237671228
22, 17, -1.018116866639826
48, 0, 1.228588031051731
25, 16, -0.2508464824083105
4, 21, -0.8592139358272379
-8, 22, 0.1180969291361035
-7, 22, 0.262286979868536
15, 19, 0.1286563829866945
47, 2, 0.5100563537668391
19, 18, -0.3080877006175476
38, 10, 0.2593622161375522
-6, 22, -0.1047295137621934
41, 8, -1.291180770032422
28, 15, 1.250748858284208
-5, 22, -0.0430375031738908
5, 21, -0.6683620971543578
11, 20, -0.05690849366708573
-4, 22, 0.1730975232447619
48, 1, 0.4652806137456985
-3, 22, 1.566080281013131
33, 13, 1.655275333278555
40, 9, -0.7551129433414215
35, 12, -1.088802050746089
23, 17, -0.4689705413378481
16, 19, -0.4933538822167376
6, 21, 0.2630062805365602
26, 16, -0.003126364904454209
45, 5, -0.1401257715898754
31, 14, -0.1617706460460942
46, 4, -0.2914370095865738
44, 6, 0.04487253223766117
20, 18, 0.3152114363895377
-2, 22, -0.02942022209729925
37, 11, 1.255681340395691
12, 20, -0.7153264373547862
47, 3, -0.2486002134290958
43, 7, 0.8979180005870523
-1, 22, -0.7930223590005122
49, 0, -0.8652251513618391
29, 15, 0.09363875256666253
7, 21, -0.5082161463917072
39, 10, -0.5196993168960556
17, 19, 0.5728583468857334
48, 2, -0.1311431292707236
42, 8, -0.09419946089956333
0, 22, 0.03096511701198877
24, 17, 0.2942511215328859
13, 20, 0.6371453373123306
8, 21, -0.9245480058713523
21, 18, -0.9376821383599153
27, 16, 0.140698728785328
34, 13, 0.604581220671412
1, 22, 0.4361618913336539
36, 12, 0.06866745795708987
32, 14, -0.2035028107693446
49, 1, -0.448517835752217
41, 9, -0.09864186733731807
38, 11, -0.0669397073519914
2, 22, -0.0884154546935341
46, 5, -0.5947038009066296
18, 19, -0.951242081124459
45, 6, -0.6660645806201956
30, 15, -0.647941242841377
9, 21, 0.4513899201900571
14, 20, 0.05640280992790594
47, 4, -0.9655780844740839
44, 7, 0.5687165095034322
48, 3, -1.005163684625547
3, 22, 1.356924162784525
25, 17, 1.564029159498562
50, 0, 0.1412906012464068
40, 10, 0.09901268473327601
22, 18, 0.0478761546607453
28, 16, -0.5401691211322655
43, 8, -1.338781300185127
-11, 23, -1.514490012086792
10, 21, 0.2103481997197637
-10, 23, -0.8744877395789316
49, 2, 0.3125511135885748
-9, 23, 0.8178477987580122
4, 22, 0.01024601721437849
35, 13, -0.4870101060614654
15, 20, -0.4916044596386123
-8, 23, 0.3241326513466363
19, 19, -0.3892284472066853
33, 14, -0.04684284308904209
37, 12, 0.6610414154760955
-7, 23, 0.7384064814046823
-6, 23, -0.01169978296012621
42, 9, 1.250297499393608
31, 15, -1.178870544047295
50, 1, 0.9521115941788909
39, 11, 1.346567204835997
5, 22, 1.545690541443239
-5, 23, -0.927726101678804
11, 21, -0.6021871325698432
23, 18, 0.3736666800375569
26, 17, -0.5135818582715886
47, 5, 1.282989529070017
-4, 23, 1.180300374444928
46, 6, 0.08885854809329048
48, 4, -0.01208895718458188
16, 20, -0.4900268552713664
45, 7, -0.3439867449671578
29, 16, -0.3984311691563162
20, 19, 0.3882867209622183
-3, 23, 1.004681950026615
6, 22, 0.07524337524901807
41, 10, 0.4983131338100999
49, 3, -0.6801072990010706
51, 0, -4.119702473490906
12, 21, 2.776119183042661
-2, 23, -0.298146146262897
44, 8, -1.22747972902166
36, 13, 0.9739761906099165
34, 14, -0.100570359588226
50, 2, -0.2725125086158745
38, 12, -0.1794644794935434
7, 22, -0.6104478183643939
-1, 23, -0.3972094502421703
24, 18, -0.2629398806406653
32, 15, -0.08388444362778702
17, 20, -0.524710855095231
27, 17, -0.9344524260708451
43, 9, 0.3778368808657253
40, 11, -0.5476012735090643
21, 19, 0.1046285931074728
0, 23, -0.1101485954857268
13, 21, -0.9435904758060829
51, 1, 0.5389824819865888
30, 16, 0.008713891271680532
8, 22, -0.07115456474045505
48, 5, 1.918072330613723
1, 23, -1.976493517762341
47, 6, 0.1237061197752156
49, 4, 0.3422561273770917
46, 7, 0.7470919483440986
42, 10, 0.02663999473836352
18, 20, 0.107555435339334
50, 3, -1.424286152261637
37, 13, -0.5516177216573397
35, 14, -0.06382151733765509
25, 18, -0.5700202660690277
14, 21, -0.873405546017746
2, 23, -0.4891947781403205
9, 22, 1.404246014736048
52, 0, 1.204192984559451
45, 8, 1.034265131297725
28, 17, 0.1746647201542352
22, 19, -1.063143109059541
39, 12, 1.409063462059349
33, 15, 1.674799634883285
51, 2, 0.4358529145788146
3, 23, 0.9908691878499042
-12, 24, 1.574425477514955e-15
44, 9, -0.8737773728563031
41, 11, 1.215121823470576
31, 16, 0.8724699096889481
-11, 24, 1.268119948502511
10, 22, 0.1511851421946015
-10, 24, -0.08576102510222824
19, 20, 1.309934288425651
15, 21, -0.3058929784434066
-9, 24, -0.9713565608726343
-8, 24, 0.07232980619704407
4, 23, -0.3050319111935784
52, 1, -0.6944206943253114
-7, 24, 0.1410560960995265
26, 18, 0.03149585878486465
49, 5, -0.3384104113960567
23, 19, 0.2056541686467654
48, 6, 0.2074346695215684
-6, 24, 0.04020125691694613
43, 10, 0.3724878999286468
29, 17, -0.723903253122162
50, 4, -0.222304082169709
36, 14, -0.07797483106186523
47, 7, 0.04124941884267262
38, 13, 0.2707154005387275
11, 22, 0.1923317658142511
5, 23, -0.8845320593123344
-5, 24, 0.5121939493490419
34, 15, 0.9391210515725245
16, 21, -0.4526895112333293
51, 3, 0.300045889691775
40, 12, 0.960719776093596
20, 20, -0.2871821910461631
-4, 24, -1.055868433514786
46, 8, -0.1821445819788936
53, 0, 0.2443774135397632
32, 16, 0.6887559786250395
-3, 24, 1.227389610784768
6, 23, 0.4471291526607271
52, 2, 0.1533189955790303
12, 22, 0.0264360531125024
42, 11, 0.1641430166676635
45, 9, 1.071131148091767
27, 18, 0.6961871610434034
-2, 24, -0.03445961777540174
24, 19, 0.5856968671513101
17, 21, -0.4034863195556561
30, 17, -0.2638760955675098
7, 23, 0.6253611154826951
-1, 24, 0.2970135998028911
21, 20, 0.6199498102061123
53, 1, -0.5770917179869377
37, 14, 0.1896774323027756
39, 13, 0.0651188497849297
50, 5, 0.3408369637345253
49, 6, 0.1267275204545068
35, 15, -0.4950073086403915
13, 22, -0.304712169626197
44, 10, 0.140367141308553
0, 24, -0.2257232240712634
51, 4, 0.6256998615515567
48, 7, -0.03092038406422067
41, 12, 0.4930266102634258
8, 23, 0.1981398889886165
33, 16, 0.08890624898408044
52, 3, 0.3263249652880649
47, 8, 0.9086222320608294
25, 19, 2.129815869046838
1, 24, 0.6877590491911645
18, 21, -0.9672813224960931
28, 18, -0.06824981273749686
54, 0, 0.04124683481346283
22, 20, 0.3051611153948049
14, 22, 0.301310357233798
43, 11, -0.744200362196656
2, 24, 0.1969845730554356
31, 17, -1.412964317130668
9, 23, 1.28778009027736
53, 2, 0.8840695020517203
46, 9, -0.07835466138642148
38, 14, 0.08969144627461964
36, 15, 0.9319246127587711
3, 24, -1.414717603915155
40, 13, -1.727905438644009
19, 21, -1.710522814842881
-12, 25, 0.09151636682959814
-11, 25, -0.251524963556565
54, 1, 0.5814251097335668
45, 10, -1.286232558808701
26, 19, -1.007577235171284
15, 22, -0.4775198925682234
10, 23, -0.8933813566104
-10, 25, 1.255172796462348
50, 6, -0.002631428479362042
34, 16, -0.1278182156814009
51, 5, -0.7445888453060681
-9, 25, 0.3067549127673251
29, 18, 0.4567985620547309
42, 12, -0.2232917791117094
49, 7, 0.5581350101318201
23, 20, -0.2719692994900798
-8, 25, 0.8178734344236996
52, 4, -0.7351114884198203
4, 24, 0.8121025073932607
-7, 25, -1.126153725806053
48, 8, 0.1314097479178745
-6, 25, 0.6123016906040466
53, 3, 0.02388720143873159
32, 17, 0.6018308190853957
11, 23, -0.08548652548449508
55, 0, -0.2311357108746665
44, 11, -0.03828972209577115
20, 21, -0.603612428441736
5, 24, -0.6492948908906337
-5, 25, 0.1378809750346639
16, 22, -0.08106785269081555
47, 9, -0.6455863177412251
-4, 25, -0.7923544150303378
54, 2, -0.1928497226604229
39, 14, -0.2281342914639424
27, 19, -0.8988708230015958
37, 15, -0.5797375064789823
24, 20, -0.1865376754219319
41, 13, 0.291262573246424
-3, 25, -0.2048195559441407
30, 18, 0.3783558958518323
6, 24, 0.3903731483929836
35, 16, -0.9466033457362328
12, 23, 0.1848745560897447
46, 10, -0.0661549710379133
-2, 25, -1.215013137481271
17, 22, 1.266614190685035
55, 1, -0.2313811904908862
43, 12, 0.2602097255634896
51, 6, 1.375845911976413
21, 21, 1.327541951567789
52, 5, -0.5537760011542524
50, 7, -0.4847764995774311
33, 17, -0.798376753023129
7, 24, -0.06381402382354963
53, 4, 0.01464370703741963
-1, 25, -0.5867815796791779
49, 8, 0.853611645193162
13, 23, 0.5482413047015384
28, 19, 0.5327963687263633
54, 3, -1.34494947807684
45, 11, 1.209492249228177
25, 20, 0.5339013847261618
0, 25, -0.4003551819288977
56, 0, -0.3786353972785624
8, 24, -0.1851690229558156
38, 15, 0.3337629843659057
31, 18, -0.1346977366293348
40, 14, -0.1342495708692725
18, 22, -0.2287826865045654
48, 9, -1.502847570449443
22, 21, 0.03916801890752959
1, 25, 0.367196858141483
36, 16, 0.2121314471724559
55, 2, 0.7013114616665856
42, 13, 0.6443434914648407
14, 23, 0.6131320400065458
9, 24, -0.5148462497771522
47, 10, 1.472645631247051
34, 17, -2.309537157339232
2, 25, -1.639982257633426
44, 12, -0.1419161567699399
52, 6, 0.2342429861098529
26, 20, -0.2272468777848745
56, 1, -0.2403783692857057
29, 19, 0.6560852130740739
53, 5, 0.557105541476089
19, 22, -0.3212037112200037
51, 7, -1.329849284562276
3, 25, -0.2259858930489929
-13, 26, -7.962891091773612e-15
54, 4, -0.1394136111376709
-12, 26, 0.1553986615410831
15, 23, -0.2330766497149749
-11, 26, -0.7271311700174514
23, 21, -0.4560604145704868
50, 8, -0.07285884090227079
32, 18, -0.1586167333148469
10, 24, 0.08244611102245619
-10, 26, -0.08033046474906914
46, 11, 0.9768875620564607
-9, 26, -0.3908604235050189
39, 15, -0.2537258308435794
55, 3, 1.055542813231235
41, 14, 0.6371888060741606
-8, 26, -0.122316672878916
37, 16, -0.3052098743976922
4, 25, 0.1764864263014971
49, 9, 1.695020850812006
-7, 26, -1.715195555399634
57, 0, 1.124102613772032
43, 13, -1.096650548094982
20, 22, 0.1327659860688653
-6, 26, -0.08205096407713332
35, 17, 0.6692140937178336
11, 24, 1.228386416802802
56, 2, 0.07113380731278138
27, 20, 0.0426053166543002
16, 23, -0.727881081824902
30, 19, -1.198969572441442
5, 25, 0.3472733907099387
-5, 26, -1.314027531863628
48, 10, 0.01931400455327191
45, 12, -0.6048123951281309
24, 21, 0.8571362793359447
-4, 26, -0.01914376483196697
33, 18, -0.1482845716305115
53, 6, 0.2159961458804986
57, 1, 0.6163027111403873
54, 5, 0.6879263452348209
6, 25, 0.8919374646468852
-3, 26, 1.261508617590232
12, 24, -0.6901489913118536
52, 7, -0.06567674617247213
21, 22, 0.3373492511422136
55, 4, -0.2229658413954148
40, 15, -0.2980846536128184
17, 23, 0.1242050008084845
51, 8, 0.7103397364761469
47, 11, 0.169130393462935
42, 14, -0.01007906299598421
38, 16, 0.3230388293191437
-2, 26, 0.3328970214516395
28, 20, -0.1814746896051617
56, 3, 2.690219023050926
7, 25, -2.667276262180338
44, 13, -0.9522326975860592
36, 17, 0.1521833662283693
50, 9, -0.2749548744694885
31, 19, -0.8729642967871638
25, 21, 0.2161357461371889
-1, 26, 0.0680170777165621
13, 24, -0.4738523236008154
58, 0, -0.003799783136374616
0, 26, -0.1053708090711727
57, 2, -2.327792299593027
18, 23, 2.31244356892759
46, 12, 0.1210331047332415
22, 22, 0.0298280238619089
34, 18, 0.1566201371116177
8, 25, 0.1111169776214185
49, 10, -0.8138957417266162
1, 26, 0.5826319450480888
14, 24, -0.1515419727077729
54, 6, 0.09016520343840451
41, 15, 0.2525269867924881
29, 20, 0.0838891187921086
55, 5, -0.2441755638604382
53, 7, 0.6182617771625163
39, 16, -0.6991615606484205
58, 1, 0.4790799740445353
26, 21, -0.2984851754836653
43, 14, 0.5012914095598203
9, 25, 0.3498142202269164
2, 26, -0.06234432257236187
48, 11, 0.1685742642764386
32, 19, 0.5056021763811365
56, 4, 0.9970049781504269
52, 8, 0.7990432277862933
37, 17, 0.667069142762049
19, 23, -0.7090991270965502
45, 13, 0.7521918911405973
23, 22, 0.5770745643599479
-13, 27, 0.04577492276379818
57, 3, 0.9383433268291733
51, 9, 0.7148238891635915
15, 24, 1.941462958653235
-12, 27, 0.7881238782313015
3, 26, 0.6058864754562669
-11, 27, 0.1743296029431554
35, 18, -0.745542339314051
10, 25, 0.5386649119177603
-10, 27, -0.92401177358665
59, 0, 0.3969286024737786
-9, 27, 0.1734917541709838
47, 12, -1.699759398672843
-8, 27, 1.899259138380403
58, 2, -0.04574927280562061
50, 10, -0.003792926430000298
30, 20, -0.1334209303902887
4, 26, -0.1126596623398704
27, 21, 0.8014512401991971
20, 23, -0.4377077057728453
-7, 27, 0.5750182053224661
42, 15, -0.569436179688578
-6, 27, -0.494794142954289
40, 16, 0.01995126951279062
16, 24, 0.273035649572624
33, 19, -0.9882095574659565
11, 25, 0.3484583808444566
24, 22, 0.06355284428165663
44, 14, 0.01691346166613908
55, 6, 0.70947154866262
38, 17, 0.5624867979577645
5, 26, -0.6004295987085785
-5, 27, 1.452884927322225
54, 7, 0.6040218324470893
56, 5, 0.2419094042764194
59, 1, 0.866713037957856
49, 11, 1.058308897840938
53, 8, -0.5520789736690691
-4, 27, 0.5324518487754064
57, 4, -0.8658413724928435
46, 13, -0.4128164682276187
36, 18, -0.1091820424764299
21, 23, 1.100393693591892
12, 25, 0.7025710902648032
6, 26, 0.05412873075936114
-3, 27, -1.583204117921801
52, 9, -0.4919944076475587
28, 21, -1.226159867764127
17, 24, 0.7072956023888065
31, 20, 1.094246145599339
58, 3, 0.2610350093035625
25, 22, -0.5466844099409214
-2, 27, -1.327127284083847
60, 0, 0.8293901792133609
48, 12, 0.1373959884897966
34, 19, 0.2284189745366929
51, 10, 0.5448752845819036
7, 26, -0.04229256146724858
41, 16, 0.08253908156316772
59, 2, 0.4836033479259378
43, 15, -1.155045103402236
13, 25, 0.4311582180301082
-1, 27, 0.5612849831410449
39, 17, 0.3999886024023418
45, 14, -0.503598446641116
22, 23, -0.124128725193636
18, 24, -0.1832207387370691
0, 27, 0.1146664312281671
56, 6, -0.05278956433422731
8, 26, -0.1975686419221213
55, 7, 0.5438096522614327
50, 11, 1.239308889988206
37, 18, -1.131479300813415
29, 21, -0.4573903214918495
57, 5, -0.3312781041967406
32, 20, -0.7234774501955367
60, 1, 0.07287266778390053
47, 13, -1.022363759517929
54, 8, 0.2336335132452907
26, 22, 0.3232646563102356
14, 25, 0.06184270661677652
1, 27, -0.1479193663317351
58, 4, 0.06258666495265425
53, 9, 1.043993120467221
35, 19, 0.5636344566860207
9, 26, 0.06494901318418475
19, 24, 0.4041019928334837
59, 3, -0.04123761521984447
23, 23, -0.1061037467825444
2, 27, 0.5870412321489202
49, 12, 0.9279802024282711
42, 16, 0.1412270676121613
61, 0, 8.156473930160949e-05
44, 15, -0.4856936880884837
52, 10, 0.07693554688760817
-14, 28, 1.673664839534949e-15
40, 17, -0.4400502096197405
15, 25, -0.4672215034978479
-13, 28, 0.2852512695655452
-12, 28, 0.5678564471120006
-11, 28, -0.3121788662575766
30, 21, 0.5219158585898914
3, 27, 1.763420645524405
60, 2, 0.1483156912252836
46, 14, 0.2904389212215024
10, 26, -0.147253507901903
-10, 28, 0.2759028079479167
27, 22, 0.6283874089660746
38, 18, 0.07174652655926562
33, 20, 0.6320347917364966
-9, 28, 0.7022447891625577
20, 24, 0.8631743873369411
-8, 28, 0.5035148627171876
51, 11, 0.9825347784467767
4, 27, 0.6749996907428147
57, 6, 0.1807677696984813
56, 7, 0.7969821846028131
48, 13, 0.7839628611550983
24, 23, 0.7586569163307387
-7, 28, -0.6914784432225715
58, 5, 1.227029590546201
16, 25, -0.544259143344722
55, 8, -1.508792148712236
36, 19, -1.058053981896676
61, 1, -0.330767209997118
11, 26, -1.1588015935096
-6, 28, 0.004271117828227143
59, 4, -0.4423219712609066
5, 27, -0.3974778802785112
-5, 28, -0.674768732622172
54, 9, 0.3152021121056198
43, 16, -0.8221641095137958
31, 21, -0.6858141070443198
50, 12, -0.1426191390069046
28, 22, -0.1752644475798403
41, 17, -0.4988709796054497
-4, 28, -0.2821375398228353
60, 3, 2.144500967206977
45, 15, 0.04485073006147439
21, 24, -2.129641108612888
34, 20, -0.1144644123174143
12, 26, 0.1774860416231891
53, 10, -0.8090224925976899
17, 25, -0.8759935143134137
39, 18, 1.107387353692732
6, 27, -0.4663607556555462
62, 0, -0.07370102724974194
25, 23, -0.9395025014751432
-3, 28, -0.5716801232876552
47, 14, 1.191661348832754
61, 2, 0.5046620013368818
-2, 28, 0.02365816826628561
37, 19, 0.4833872968735795
52, 11, 0.6164984470530109
49, 13, -0.5959952470535779
7, 27, -0.01874164593610475
13, 26, -0.6544833583694202
58, 6, 0.1154779642216833
22, 24, 0.2545071932837532
57, 7, 0.9272291517454174
-1, 28, -1.005475778334237
29, 22, 0.6811472208438711
18, 25, -1.039812425448107
59, 5, 1.047360865737082
32, 21, -0.3245915017889039
56, 8, -0.1744788039593369
62, 1, 1.759038900235352
26, 23, 0.4883570806641932
60, 4, 0.7178702867978166
44, 16, 1.224665283559198
0, 28, -0.5181496393798072
42, 17, 0.1005796872173772
55, 9, -1.06767887070968
35, 20, -0.35281602320162
8, 27, 0.9507845368296206
46, 15, -0.9365793187212599
51, 12, -0.1248249227265285
40, 18, -0.2682618617945196
14, 26, -0.2311374764094892
61, 3, -0.7095345052189743
1, 28, 0.4250531680939607
54, 10, 0.01978050487191791
48, 14, 0.0584829257843604
23, 24, 0.2982880131717524
19, 25, 0.236872344499816
63, 0, -0.9082026168600302
9, 27, -0.4441502099866236
38, 19, 0.630180643353256
30, 22, 0.2286880990846154
2, 28, 0.2038518470039939
33, 21, -0.8684665029474885
62, 2, 0.1585623798126779
50, 13, -1.216866023379573
27, 23, 0.04662915637286576
15, 26, -0.007827744024721599
-14, 29, -1.310221364238774
53, 11, -0.6509912078643094
-13, 29, -0.2055916605253784
-12, 29, -0.009764811407676511
-11, 29, 1.304602868250513
3, 28, 0.6662627118500671
59, 6, 0.9771358991322502
58, 7, 0.1131176045283396
10, 27, -0.791242643293242
-10, 29, 0.01610140755665392
36, 20, 0.354164184147615
60, 5, -0.007896004476318831
57, 8, 0.4512117454879078
45, 16, -0.6965250827841691
43, 17, -0.4538278346753191
20, 25, -0.3200651788029262
-9, 29, 0.5904816963909205
24, 24, -0.2174342732561984
63, 1, 0.4066273726400723
-8, 29, -0.5728863344186883
47, 15, -0.05017129289330249
41, 18, -0.6826792968808676
61, 4, -0.3538275782108095
56, 9, 0.3262544897654114
52, 12, -0.4867346751818969
4, 28, 0.2870710788952072
-7, 29, 0.1263500767141563
16, 26, 0.02764696533763359
31, 22, 1.148648369961114
11, 27, 1.179162535565357
49, 14, -1.041270033597903
39, 19, 0.4657822253635934
-6, 29, 1.484234045451741
28, 23, -0.5610940820607313
62, 3, 0.008172765285880469
55, 10, -0.8017387510903632
34, 21, -0.2738033236831949
5, 28, 0.1174320132582857
-5, 29, 0.2780727502520241
21, 25, 0.300601302029617
64, 0, -0.8215349769458463
25, 24, -0.8369170300715706
-4, 29, -0.944303111201663
51, 13, -0.03283493346687762
37, 20, -0.9599172015992683
17, 26, -0.5809469061199344
12, 27, -1.268290811914299
63, 2, 1.131807065079442
54, 11, 1.238246611455269
6, 28, 0.1856222434100566
-3, 29, -0.3657410495441335
44, 17, 0.2185501877009701
46, 16, 0.01479353243535496
59, 7, -0.6384564143195486
60, 6, 0.1099914410516502
42, 18, -0.01078912905051843
58, 8, 0.1501018568003095
32, 22, -0.1593909136041746
48, 15, -0.8462313622181988
61, 5, 2.10993746452924
-2, 29, 2.126681768041097
29, 23, 0.8234009534325294
22, 25, -0.3283146881667163
64, 1, 1.85453738852319
53, 12, 0.003626229443005468
40, 19, 0.07401396273616602
35, 21, 1.764376001447838
13, 27, -1.722085537933133
7, 28, 1.820415704327755
57, 9, 0.1858784545388291
62, 4, 0.1406608580206843
18, 26, 0.02007114817277729
-1, 29, 0.09282656266599992
50, 14, 0.0664269388653817
26, 24, 0.03466768579708833
56, 10, 0.01393081136698193
63, 3, 0.9895477634166195
38, 20, -0.1379865465348822
0, 29, -0.01056341834630364
8, 28, -0.1887332789094864
14, 27, -0.63293033734977
65, 0, 0.7865288172878481
52, 13, 0.1302956160265381
23, 25, 0.3766355706161995
55, 11, 0.4737796487262246
45, 17, -0.09948069508353267
33, 22, 0.3079355027580382
30, 23, 0.26790907093279
19, 26, -0.9702904075034728
1, 29, -0.4050363438127516
47, 16, 0.1928142658628004
43, 18, 0.1903832060942261
64, 2, -0.1931823474373493
9, 28, -0.663816956864801
36, 21, 0.8282608018437796
27, 24, 0.3980204287310744
49, 15, -0.4911247647903194
60, 7, -0.7290702391236007
41, 19, 0.1135048224694959
61, 6, 1.616956032552464
2, 29, -1.578651932458964
59, 8, 0.4404384665500396
15, 27, 0.5013195386244468
-15, 30, 2.284762442014975e-14
-14, 30, 0.07469750924518324
62, 5, 0.7329638867539485
-13, 30, -0.1656356752039132
54, 12, -0.4793782379158698
-12, 30, 0.4678022798651244
58, 9, -0.07568641117227551
-11, 30, 1.014241646969215
65, 1, -0.6748118954603483
51, 14, -0.3281767653258874
-10, 30, 0.02325541891833015
20, 26, -0.1533075984536937
10, 28, -0.1610125396262506
63, 4, -0.7450871942219928
39, 20, 0.137674262112415
24, 25, 0.6924451300266564
3, 29, 0.1066265169364847
-9, 30, 1.594792201001237
57, 10, -0.2545297912180361
31, 23, 0.219009048268652
34, 22, -0.005380553167973369
-8, 30, -0.0649345166952144
64, 3, 0.9415533027328785
16, 27, 0.6394689980180396
28, 24, 0.6728806026452967
4, 29, 0.147741826206467
-7, 30, 0.09037530864065389
53, 13, 0.6082846730971331
46, 17, 0.2818537065923761
44, 18, -0.04164067514608311
11, 28, -0.4799203639734217
37, 21, 0.2266894096304448
48, 16, -0.04767594101694771
66, 0, -0.08614416501739748
-6, 30, 0.05138817113670682
56, 11, -0.395049957643518
42, 19, -0.9574257001712074
21, 26, 0.8176873141902131
65, 2, -0.6936245525001721
50, 15, 0.9237237522689355
25, 25, 0.3783647755745168
5, 29, -0.9500414741304728
-5, 30, -0.3934278669491295
61, 7, 0.321423317009134
17, 27, 0.1186554785678184
62, 6, 0.2691838262614267
-4, 30, 0.1781221316504018
60, 8, 0.4779678721323801
40, 20, 0.4649625668729405
12, 28, -0.3239173586665593
55, 12, 0.9538478823705567
32, 23, 0.6004933580244669
63, 5, -0.4690913737589462
52, 14, 0.2158177070790523
35, 22, 0.07854045233409547
6, 29, -0.01549858352241421
59, 9, -0.8015785172659055
29, 24, -0.8564545241577191
-3, 30, 0.4866730060849433
66, 1, 0.06276963630124351
64, 4, 0.7213053530610585
22, 26, 0.1902120980518089
58, 10, -0.06697566297738614
-2, 30, 0.1384542712628027
38, 21, 1.319414423928273
26, 25, -1.044644759222263
47, 17, -0.5142329657754605
13, 28, -0.6158193680943754
45, 18, 0.047855523577836
18, 27, 0.654908899751065
7, 29, 0.6779372828236059
54, 13, -0.9254745646710736
65, 3, 0.004551066808292761
49, 16, -0.2964052810486221
43, 19, -1.332024472302572
-1, 30, -1.311612305489538
57, 11, 0.459808113103108
67, 0, 1.336486073104025
51, 15, -0.2880804068425257
33, 23, 0.3563586999300494
0, 30, -0.1871846458258753
30, 24, -0.09661953578192919
41, 20, 0.8295104157859379
8, 29, -0.3535984399000915
23, 26, -1.06919304030017
66, 2, 0.09186369579555019
36, 22, -0.007217026844757714
14, 28, 0.1013006068224796
19, 27, -0.03530508571690058
62, 7, 1.500424270576143
63, 6, 0.9238096225567712
56, 12, -0.8972133524376014
61, 8, -0.8413440930873193
27, 25, -1.244335410813207
53, 14, 0.2303905883586277
1, 30, 0.4609790467563296
64, 5, 0.2730318900175133
60, 9, 0.05478993352627791
39, 21, 1.073499288222867
9, 29, -0.3111437422776741
67, 1, 0.5943451101925696
46, 18, 0.07222028722107518
2, 30, 0.1347082095262729
65, 4, 0.4942125486841886
48, 17, 1.592696405416295
15, 28, -0.3844781750578067
-15, 31, 0.09096760748984604
-14, 31, 0.2207533650014645
59, 10, -1.438372427932536
-13, 31, -0.8997338886523683
44, 19, -0.2222727084405147
-12, 31, -0.3765366247411305
50, 16, -0.02677198613994082
24, 26, -0.1533852536966295
34, 23, -0.6456065662365083
55, 13, -0.2937512694931597
31, 24, -2.091106370745971
20, 27, 0.6315735603035886
-11, 31, -0.6674313839627938
10, 29, 0.9722697330606817
-10, 31, -0.624287176575424
66, 3, -0.8595806477235808
3, 30, 0.5486827194099712
37, 22, 0.734942657837437
42, 20, -0.03502287547118318
58, 11, 0.8737208148265685
-9, 31, -0.8009464149619192
52, 15, -0.4356282798189534
28, 25, 0.638307907124676
-8, 31, -0.462440913178131
68, 0, 2.956298056325034
16, 28, -1.992142830159978
4, 30, 0.0363007991117118
-7, 31, -0.4460175940492351
67, 2, 0.1014482356580373
11, 29, -0.2302695524755606
40, 21, 0.5549545215267893
54, 14, -0.1031461552406608
57, 12, 0.8573978956702245
21, 27, -0.0757314990929631
63, 7, 0.4204647604429684
25, 26, 0.4195066339683016
-6, 31, -0.008255866405926827
64, 6, -0.07463179614596022
62, 8, 0.02474678193254744
32, 24, 0.3833103161541521
65, 5, -0.480144276686813
61, 9, -1.255917166588537
47, 18, 1.096836677895783
35, 23, 1.307611070250519
5, 30, 0.5304316109201911
-5, 31, 1.131869477609068
49, 17, -0.1763352825417068
45, 19, 0.5125637923131573
17, 28, 0.1136523029443147
29, 25, 0.7989570456080514
68, 1, 0.9952223392865569
51, 16, -0.1037180461878035
12, 29, 0.4191728668535648
-4, 31, 0.2463975385450462
66, 4, -0.1125905421878764
60, 10, 0.04225075246710629
38, 22, 0.1265889811495899
56, 13, -1.243741331972767
43, 20, 1.321753038628766
6, 30, 0.1294286207994644
-3, 31, 0.8835925656148328
22, 27, 0.1644445856037706
53, 15, 0.3427505428075743
26, 26, -0.1015014090246434
67, 3, 1.201408490775975
59, 11, 1.177661027925256
-2, 31, -0.04213997460241811
41, 21, 0.6352040691502273
18, 28, 0.07320236576776722
13, 29, 0.2761135092706066
7, 30, 0.3704308081016099
69, 0, 0.3064305806653141
33, 24, 0.9072434190959433
36, 23, 0.3748169064638502
55, 14, -0.9039018229762907
-1, 31, 0.863534470495642
30, 25, -0.1218386580155591
68, 2, -0.08380558311840781
58, 12, -0.1331814908385452
48, 18, -0.1110960028329356
64, 7, -0.7562973989197701
63, 8, 0.2389153874256499
65, 6, 1.223581867673934
50, 17, -0.2225646519808717
46, 19, 0.2367574930056223
23, 27, 0.4138587595320191
39, 22, -1.143091729272554
8, 30, 0.06653879331545708
0, 31, -0.2048892675268884
62, 9, 0.02865434785909467
14, 29, -0.1686099874011426
66, 5, -0.6325225771323048
27, 26, 0.5354858026762465
19, 28, 1.594632628435731
52, 16, -1.011143790341904
44, 20, -1.201836039665636
61, 10, -0.3787209572887018
69, 1, -0.4151625623794522
57, 13, -0.5467022422915209
67, 4, -0.7345767162645275
1, 31, -0.9032634291193598
54, 15, 0.112427222013346
9, 30, 1.2138706478196
42, 21, -1.126121049983047
34, 24, 0.08140069430309819
31, 25, -0.02049684760328137
-16, 32, 6.127049856437516e-15
60, 11, -0.6054287598557153
37, 23, -2.020491598389035
15, 29, 0.82986697909826
-15, 32, -0.1878082076769851
-14, 32, -0.0493780247685176
24, 27, -1.19569319955865
2, 31, -0.02189730770734635
68, 3, -0.6006227990724293
-13, 32, -0.3731153149630582
20, 28, 0.2195087687606621
-12, 32, 0.6970453646552504
-11, 32, -1.460788681413955
28, 26, 0.07423519371299632
70, 0, -0.1217385369007262
56, 14, -0.02016709027172027
40, 22, -0.1798407666924439
10, 30, -0.05953538970801963
-10, 32, -0.1601156145901366
49, 18, -1.32825387484973
47, 19, -0.5723611884354899
3, 31, -0.4031756593696278
59, 12, -0.1538563566973914
51, 17, 0.212293587972878
-9, 32, 0.375324249730695
69, 2, -0.457006282852791
65, 7, -1.365379986887768
45, 20, 0.1385554461734973
16, 29, 1.411285913832421
64, 8, -0.3023955459387875
-8, 32, -0.05860486610423214
66, 6, -0.09100411177170463
53, 16, -0.3075808183807761
63, 9, -0.4185084318087801
35, 24, -0.3696819467745174
25, 27, -0.3889041475378101
4, 31, -0.6948476676240006
-7, 32, -0.4988839756474044
67, 5, 0.06352716151329595
32, 25, 0.899211733452895
21, 28, -0.8544079210593994
11, 30, 0.1076294099341759
43, 21, 0.05368074156327275
58, 13, -1.278226715539779
38, 23, -1.093666590086004
62, 10, -0.02036703393702476
-6, 32, 0.04077404739155928
70, 1, 1.18710791052205
55, 15, -0.09269373627827779
29, 26, -1.217819022955782
68, 4, -0.2153128984936442
5, 31, 0.8853661527508224
-5, 32, -0.003757549212746489
17, 29, -0.2124374638419666
61, 11, -0.3100755066687746
41, 22, 1.551770662345962
12, 30, 0.2007601460055655
-4, 32, -0.8807746540099586
69, 3, 0.5179175582604871
50, 18, -0.1799299419348772
22, 28, -0.1179489021737883
48, 19, -0.3600561245521445
26, 27, 0.4295114354349717
57, 14, -0.6641111316262087
6, 31, 0.7579161993632965
52, 17, 1.530289426749682
-3, 32, -0.778505777299625
46, 20, 0.09157776658099663
33, 25, -0.7987884549354325
60, 12, -1.700075623440413
36, 24, -1.104972835446124
71, 0, 1.00026450259038
18, 29, -1.536569931338059
13, 30, 1.425824313375783
70, 2, -0.03650591262551512
54, 16, 0.01373339657329268
30, 26, 0.1095907132276163
-2, 32, 0.02440897378086387
66, 7, -0.01978527641351006
39, 23, -0.9398690578961039
65, 8, 0.8494863070302271
44, 21, 0.6957688708244705
67, 6, -0.2024651258091731
7, 31, -0.7463426035450251
64, 9, -0.3672731155369029
68, 5, 0.2039558879352684
-1, 32, 0.5694908188004676
59, 13, 0.00843295844228144
23, 28, 0.1999768479784917
63, 10, -0.7500234380395824
56, 15, -0.5019985760634459
27, 27, 0.1104556797094641
42, 22, -0.2430109205232118
14, 30, 0.04973726464071678
71, 1, 0.335480809266595
69, 4, 1.168929857674957
8, 31, -1.298912645377797
19, 29, -0.4448395606255067
0, 32, 0.2442233029497528
62, 11, 1.11246089910796
34, 25, 0.05744346528066261
49, 19, 0.7079379939449967
37, 24, 0.4015583074393125
51, 18, 1.236917609926325
31, 26, 0.4201497731861454
47, 20, 0.1964238408777236
1, 32, -0.167455964813965
70, 3, 0.3591156190401784
53, 17, -0.6729461284693785
58, 14, -0.008827808994656431
40, 23, 0.1245616323680929
9, 31, 0.04230942672602234
24, 28, 0.6941209740301935
61, 12, -0.1470644704309862
-16, 33, 0.6274373139349936
15, 30, -0.4507766419935925
45, 21, 0.2011077516976864
-15, 33, 0.3504582115118652
-14, 33, 0.3399434079896122
72, 0, 0.2839135755078768
55, 16, 0.4076276184524466
28, 27, 1.293842879132637
20, 29, 1.218454975407825
-13, 33, 0.3838869743481759
2, 32, -0.05148433195687499
-12, 33, -0.9133503802420063
71, 2, 0.6416854986123963
67, 7, 0.7332400381626435
-11, 33, 0.07673837372282848
66, 8, 0.2485376900225879
68, 6, 0.09606177374558808
65, 9, 0.6712170098983911
43, 22, 0.559621201782445
10, 31, -0.5737147060550937
-10, 33, 1.355790648396026
60, 13, 0.261407768341041
35, 25, -0.1185317260703464
3, 32, -0.3006794744180753
57, 15, -2.005882629325837
-9, 33, 0.8099680653618065
69, 5, 0.6339586968783308
64, 10, -0.3387552953173832
16, 30, -0.1987310207488303
38, 24, 0.3226560939255028
32, 26, -0.2018510784186071
25, 28, -0.2235203798424442
-8, 33, -0.3009758467100944
21, 29, 0.7564784051310572
50, 19, -0.01072833547083446
70, 4, 0.1397281803021938
52, 18, 0.1066986268144119
72, 1, 0.4314890254836909
-7, 33, -0.3009100847371903
48, 20, -0.66874900288946
4, 32, 1.015201201935315
63, 11, 0.5179177368013538
11, 31, -0.2685076242151276
41, 23, 0.7349852641924084
29, 27, -1.053120488661081
54, 17, -1.163007637328165
-6, 33, -1.338719726507911
59, 14, -0.3341541859335507
46, 21, 0.3108673399315791
71, 3, 1.364261610070296
17, 30, 1.798447884584735
5, 32, -0.4828637903803304
-5, 33, -0.5912322199963799
62, 12, -0.1262548437139684
56, 16, 0.3255118327325978
36, 25, 0.03275062642197109
12, 31, 0.1280094979226381
44, 22, 0.08401225095774004
26, 28, -0.1059103015793369
33, 26, -0.6872662660925061
22, 29, -0.3456055794499995
73, 0, 1.231264638865105
-4, 33, -0.251333290156906
39, 24, 0.02417900782588667
68, 7, -0.1068814945262309
67, 8, -0.5222004806009471
72, 2, 0.2115615330606503
6, 32, 0.1801150172035632
69, 6, 2.253946021035862
66, 9, -0.3470398822544195
30, 27, -2.437815169195773
-3, 33, 0.2275331902051503
61, 13, -0.274101621161375
58, 15, 0.3431625538378821
18, 30, -0.1741332230560511
70, 5, -0.1729916342771008
65, 10, -0.5064848036233088
51, 19, -0.3061467505805913
42, 23, -0.4782866986338687
13, 31, -0.1369971825189622
49, 20, -0.2687417144118802
53, 18, 0.753835365640655
-2, 33, -1.108150664023755
7, 32, 0.06073565863018052
47, 21, 0.406873941896722
23, 29, -0.1387913813925844
71, 4, -0.6321952295455804
64, 11, -0.2711585911394935
55, 17, 0.2761658038131949
27, 28, 0.3060817395554181
73, 1, 0.3869870955352954
-1, 33, -0.1097161396742611
37, 25, 0.2841235281386985
60, 14, -0.1369313625906381
34, 26, -0.01917287301528907
19, 30, -0.3863482379501967
45, 22, -0.2941610702833841
14, 31, -0.06263845118291043
40, 24, -0.5515622723516455
8, 32, -0.5690808658023851
57, 16, 0.4385675522527142
31, 27, 0.5392998635465294
72, 3, 1.014248447115405
63, 12, 0.7285296413786418
0, 33, -0.2394812600419085
74, 0, -0.04020465112137126
24, 29, -0.6080163601315024
1, 33, -0.4940857499426599
43, 23, -1.030026650474251
68, 8, -0.9873068799397852
28, 28, -0.9526439630909128
69, 7, -0.8770650919128599
9, 32, 0.5540648712990449
59, 15, 0.07507162061121048
-17, 34, -1.969431175944205e-13
-16, 34, -0.1208804742678801
73, 2, 0.6057177598965583
62, 13, -0.3846432824218263
15, 31, 1.831040733551712
-15, 34, -0.3343756516697325
67, 9, 0.3035415118933553
52, 19, -0.003144089089401513
70, 6, -0.08566088281067356
50, 20, -0.1322183326168229
20, 30, 0.07765599573467527
-14, 34, 0.02267043938935894
-13, 34, -0.2781017642718557
54, 18, 0.007557620956565879
35, 26, 0.3730317524983169
2, 33, -0.8269171104231438
66, 10, 0.2897839757328925
-12, 34, 0.3255450888828434
48, 21, 1.573871318727432
38, 25, 1.207282064946708
71, 5, -0.6831080323412997
-11, 34, -0.515762256658351
56, 17, 0.2521355053038577
32, 27, 0.7836541728745061
10, 32, 0.05645481008434221
-10, 34, -0.1826879464905803
65, 11, -0.02889932504393033
41, 24, -1.086480715654339
46, 22, -0.007171314883497279
72, 4, 0.9651356022626576
3, 33, 0.6837966893320266
74, 1, 1.031736617430019
61, 14, 0.2619293221175306
25, 29, -0.2004979987901002
-9, 34, 0.17188743575211
16, 31, -0.7099193321068133
21, 30, -0.4362139496013023
58, 16, -0.2545124117923511
-8, 34, 0.278436633343158
29, 28, 0.9665147636419623
64, 12, 1.078443256536268
-7, 34, -0.6535993991647437
73, 3, 0.112398131626644
44, 23, 1.439293137467702
11, 32, -0.1847256844710612
4, 33, 1.329495562796703
36, 26, 0.0666498701727212
-6, 34, 0.02671070226855708
53, 19, -0.2555265462073276
51, 20, -1.087816580785004
39, 25, 0.1240414254585793
17, 31, -0.8707181219177961
75, 0, -1.092728027035205
60, 15, -0.7657546551882276
33, 27, -0.370269611442085
69, 8, 1.263569767272712
63, 13, 1.494163258333648
70, 7, 0.5129198753941606
55, 18, -0.4348335853790027
26, 29, -0.394706835472741
49, 21, -0.05031263046952643
5, 33, -0.3856234972909129
-5, 34, 0.8963866724017787
68, 9, -0.3008405125618492
74, 2, -0.2682171788170195
22, 30, 0.2855470655174233
71, 6, 0.8641047517286869
12, 32, 0.3694536140223086
42, 24, -0.1314943571857942
67, 10, -0.9410749257325433
30, 28, 0.1329470870253817
-4, 34, -0.02407109538655686
47, 22, 0.3445410631586205
57, 17, -0.3105672041165201
72, 5, 1.148324962587977
6, 33, -0.07924171938496877
66, 11, 0.1394192916676339
18, 31, 0.4399508268797656
-3, 34, 0.6062883244592157
62, 14, 0.03465393784574184
73, 4, -0.5464832122689794