d = 19, symClass = C, D = 16.000000
[9.033367492976881, 9.033367493118996], 9.033367493047884
1, 0, 1
2, 0, -0.9037964269269115
0, 1, -0.345084763659147
1, 1, 0.1174909616439149
3, 0, 0.04412991073968987
2, 1, -0.2979861625455265
4, 0, -0.1831520186740799
3, 1, -0.3834521149807625
-1, 2, 1.562414638404109e-15
0, 2, 0.3118863763820578
1, 2, -0.6645961061405443
5, 0, -1.880275264177371
4, 1, -1.118442252396824
2, 2, -0.1061879113299682
5, 1, 1.217401558719102
3, 2, 1.298490240181063
6, 0, -0.03988445564704487
-1, 3, -0.9444604472487271
4, 2, 0.2693188289823027
0, 3, -0.01522855981786918
6, 1, -0.5593748101714218
7, 0, -0.7776635779567175
1, 3, 0.1947281699072691
5, 2, 0.1651468716743592
2, 3, -0.04051409727715455
7, 1, 1.205058166154643
3, 3, 0.005184865650064355
8, 0, 1.069328566989012
6, 2, 0.3465626514172174
4, 3, -0.2682418032303029
-2, 4, 7.374939660393377e-16
8, 1, -0.07421857353471574
-1, 4, -0.004197211946591678
0, 4, 0.06320297107786023
9, 0, -0.9980525509780838
7, 2, 0.4429356978035675
5, 3, -1.141818811973888
1, 4, -1.406465776919358
2, 4, 0.6006595860793772
9, 1, 1.86714094860243
6, 3, -0.01315010275478064
10, 0, 1.699386065402587
8, 2, 1.010844111440309
3, 4, -0.4338352802287904
4, 4, -0.02151870680108116
10, 1, 0.210173522236438
7, 3, -0.2485104581962357
9, 2, 0.7566059078696143
-2, 5, -0.8467102233365954
11, 0, 0.08685346427370252
-1, 5, -0.9092619581362854
5, 4, 1.42076910582232
0, 5, 0.9939391088119478
1, 5, 0.6673620802626784
8, 3, -1.17475780184739
11, 1, 0.3754893938211784
2, 5, -0.5304436657367062
10, 2, -1.100283178905604
6, 4, -1.173570839475098
12, 0, -0.008082482235940503
3, 5, 1.275698565541383
9, 3, -0.01692170760703866
7, 4, -0.2246076916291367
12, 1, -0.06602372097979889
4, 5, 0.09014435025067594
11, 2, 0.1630390693071833
13, 0, 0.9582082126226203
-3, 6, -8.60593672726655e-16
-2, 6, 0.8535999775972104
10, 3, -0.9996027825927758
5, 5, -0.2209153489434877
-1, 6, 0.7367890710381957
8, 4, 0.05457676720716296
0, 6, 0.01376351795064034
13, 1, 0.153976129267999
1, 6, 0.07455071925818167
12, 2, 0.5055609547458414
6, 5, 0.2387613522264162
14, 0, 0.7028495631084742
2, 6, -0.1759946241841579
9, 4, -0.1776622599215943
11, 3, -1.099107211242258
3, 6, -0.02932856684188467
7, 5, -0.05819539781200674
14, 1, 1.291073833988453
13, 2, 0.6392360135399608
10, 4, -0.1492591525374206
4, 6, 0.03661649635921824
15, 0, -0.08297637957412672
12, 3, -0.04935675676575962
8, 5, 0.1396621912407081
-3, 7, -1.021987916608681
5, 6, -1.181084153481068
-2, 7, -1.567147601810898
-1, 7, -0.04336717862911069
14, 2, -1.089127264809783
15, 1, 0.2283968223546416
11, 4, 0.3627922713350384
0, 7, 0.2683598520054843
9, 5, 0.5694113136584591
6, 6, -0.00468606304869465
13, 3, 0.1986378897015944
1, 7, -0.1974429969213541
16, 0, -0.7833033193812687
2, 7, -1.270631961152634
7, 6, 1.352863855966361
12, 4, 0.07023002892365419
15, 2, 0.2902714433232777
10, 5, 0.5602960105015031
3, 7, 0.3762891863175357
16, 1, 1.039268737560916
14, 3, -0.7277537601469143
17, 0, -0.6649441063702882
4, 7, -0.04098484466323628
8, 6, 0.2424359833120302
13, 4, -0.7182166028709785
11, 5, -0.4962854705071869
-4, 8, 1.157709550135779e-15
5, 7, 0.4315631401262882
-3, 8, 1.263257565052408
16, 2, 0.06707848157232681
-2, 8, 0.003793425160391939
17, 1, 0.5930829159132914
-1, 8, -0.7766493852810354
15, 3, 0.05372382212060579
9, 6, 0.05730225839548741
0, 8, -0.3690089958134115
6, 7, 1.189883127501175
18, 0, 0.9020363294592841
12, 5, 0.7988374280795076
1, 8, -0.930280396812395
14, 4, -0.4003237010332818
10, 6, 1.031971762459889
2, 8, 1.271158743774707
17, 2, -0.04561084172645616
7, 7, -0.2088594032535017
18, 1, 0.3858357648469413
16, 3, -0.5567336382108495
3, 8, -0.516680212087034
13, 5, 0.9224489705899929
19, 0, -0.7436667168901211
15, 4, -1.964691529841736
8, 7, -2.149823848384184
11, 6, -0.3103400646214231
4, 8, 0.1217221184425969
18, 2, -1.687515317915792
19, 1, -0.3660804651162738
17, 3, -0.3689772529015138
5, 8, -0.3565603846178089
-4, 9, -0.4077837824325078
-3, 9, -0.04167895523423017
9, 7, 0.6139462443035161
14, 5, 0.2426251880467678
-2, 9, -0.2670563769684032
12, 6, 0.01188501588349402
-1, 9, 0.5195991725533087
20, 0, 0.3443762102971503
16, 4, 0.2048449562969336
6, 8, 0.3920987761456136
0, 9, 0.3444127286737397
10, 7, -0.1558119221427305
1, 9, 0.1498887990427791
19, 2, 0.3652094927585713
18, 3, -0.02468516044289213
20, 1, 1.308243232259933
15, 5, 0.7209955267948377
7, 8, -0.450505137929114
13, 6, -0.3915856914617214
2, 9, 0.6747525770184871
17, 4, 0.01790085513112702
21, 0, -0.03431822428069496
3, 9, 0.008593336756540641
11, 7, 0.245733158024732
8, 8, 0.1256364416488455
4, 9, -0.2782843976238999
20, 2, -0.1899540784319449
14, 6, 0.2246028641717153
16, 5, 0.74931876553094
19, 3, 0.6025638360986469
21, 1, -0.6375411915270323
12, 7, 0.2513540154258034
9, 8, -0.3115182732776043
5, 9, -1.288643785933654
-5, 10, -9.876596960742357e-16
18, 4, -0.6838177161243351
-4, 10, 0.7652536744940803
-3, 10, 1.521494127307059
22, 0, -0.07849785067666362
-2, 10, 0.821787708904188
-1, 10, 0.7454882934012821
15, 6, 0.007287916705934908
6, 9, -0.001787883496545937
17, 5, -0.7087978735108711
10, 8, -1.284086041330406
0, 10, -0.8983186151271886
21, 2, 0.6353779519200349
20, 3, -1.138885791038887
13, 7, -1.438305681328423
22, 1, 1.262858453092912
1, 10, 1.325890427922174
19, 4, 0.2095146534257261
7, 9, 0.1238572527894516
2, 10, -0.6031594636078605
23, 0, 0.4415042102931275
11, 8, 0.5581282416986774
16, 6, 1.061741903814214
18, 5, -0.06723944613444426
14, 7, 0.2317329853467428
3, 10, 0.04881315404591156
8, 9, 0.5342243595786966
22, 2, -0.3393659724845896
21, 3, 0.05317910930855223
4, 10, 0.4794130897787339
23, 1, -0.354724589669897
20, 4, -0.2229695530165421
12, 8, -0.2378211087179336
9, 9, -0.1172621539854729
17, 6, 0.7676587559069437
5, 10, 1.249623619044604
-5, 11, -0.730082873400814
15, 7, 0.7565418583710449
24, 0, 0.04718937421260249
-4, 11, -1.578027663090689
19, 5, 0.05390428061060122
-3, 11, 0.05017760155194721
-2, 11, 0.3072674806117563
13, 8, 0.3870926820743464
23, 2, -0.3398754218127509
22, 3, -0.9242490164294099
10, 9, -0.5937549831295686
-1, 11, -0.07156864132964896
6, 10, -1.152971805371398
24, 1, 0.276633605758602
21, 4, -0.3509112900977833
0, 11, -0.02997180719146952
18, 6, 0.01529377887283373
16, 7, -0.556849348102287
1, 11, -0.3159100522678231
7, 10, -0.5387720367537016
25, 0, 0.2985505642838319
20, 5, 0.2227040374152267
11, 9, 0.08483332721236009
14, 8, 0.2029996291545288
2, 11, -0.6872674380226738
23, 3, 0.963503144438057
24, 2, 0.0596720031139718
8, 10, -0.08147214166423936
3, 11, 0.5364186023899188
22, 4, -0.1473541282893504
17, 7, -0.8520189969984466
25, 1, 0.6354495432176566
19, 6, 1.096042514702705
12, 9, -0.01183748683320856
15, 8, 0.6247632039833272
4, 11, -0.1860188328312216
21, 5, -0.38550290271699
9, 10, -0.3326784144362191
26, 0, -0.8660251588203449
-6, 12, -4.779781270595896e-15
5, 11, 0.06008298686877001
-5, 12, -0.3192343243154461
-4, 12, 0.1729798374715248
13, 9, -0.2111655266972783
24, 3, -0.00327525902528165
-3, 12, -0.0001852225885961838
25, 2, 0.4932186165424072
18, 7, 0.127122562491858
20, 6, 0.9034374232535226
10, 10, 0.1996625030284221
-2, 12, -0.6659073298031233
23, 4, -0.0912945230021468
16, 8, -0.3186451161773632
26, 1, 0.7597800808595364
6, 11, 0.8617235293977887
-1, 12, -1.045702842417378
22, 5, 0.8761289456067349
0, 12, 0.002789141472142582
14, 9, -0.4961204938151115
27, 0, -0.08817388072780631
11, 10, 0.9772249146725567
7, 11, 0.2529142026461741
1, 12, 0.06506818281594537
19, 7, 0.266489061811755
25, 3, -1.004705526408554
17, 8, -0.1242572504281603
21, 6, 0.01954671280747469
26, 2, -0.1391630754644688
2, 12, -0.06737867369036911
24, 4, 0.1024506256783823
8, 11, 0.5336273016967275
27, 1, 0.07017187004633001
12, 10, -0.2157916570304111
15, 9, -0.05038836225327985
3, 12, -0.06206720919382473
23, 5, -0.2813463492024608
28, 0, 0.1424306541521553
4, 12, -0.03566485741124598
20, 7, 0.02696958415329553
9, 11, -0.1280478002104172
18, 8, 0.1605705157168796
22, 6, 0.9933691703303591
26, 3, -0.6611968891503128
13, 10, 1.090183797204695
27, 2, 0.1440533374672744
-6, 13, -0.01581135369053281
25, 4, -0.8693855100476585
16, 9, -0.8071706264447376
5, 12, 0.8565576049240211
-5, 13, -0.8109900446235897
-4, 13, 0.09434076055126937
10, 11, -0.8253234075704311
-3, 13, -0.7127988101722774
28, 1, -0.9013291248686514
24, 5, -1.000854599011723
-2, 13, -0.5462595060150759
6, 12, 0.02650705391859913
21, 7, 0.2981967437110122
19, 8, 0.1137062254773528
-1, 13, 0.2630440826718852
14, 10, 0.05259679260610736
29, 0, 0.7900198703699757
0, 13, -0.3306630545891247
23, 6, -0.08346324284910632
11, 11, 0.01020449703957544
17, 9, 0.1301968808462461
7, 12, 1.056137931476732
27, 3, 0.08239676340017865
1, 13, -0.7269461341587836
28, 2, -1.16686791805761
26, 4, -0.5777392250003984
29, 1, -0.2816676034221512
25, 5, -0.9905597972494956
15, 10, -1.224117520669145
2, 13, -0.615522660456249
20, 8, -0.03024698292489835
8, 12, 0.007420238701108888
12, 11, -0.5418241963077877
22, 7, -0.2714307335934141
18, 9, 0.2974058496848194
3, 13, 1.283245446893019
30, 0, 0.07499375537845493
24, 6, 0.04460846040954773
9, 12, -0.01914511219221704
28, 3, -0.1318964023394206
4, 13, -0.1320810153464654
16, 10, -0.1262261894201538
27, 4, -0.4662964649097655
13, 11, -0.623114490059281
29, 2, 1.203047648236556
21, 8, -0.5717412301645782
26, 5, -0.2760468476755149
-7, 14, -2.62377386993841e-15
-6, 14, 0.9236690273933907
30, 1, 0.3300551050540153
23, 7, 0.381507739725686
5, 13, -0.4567069395060055
-5, 14, 0.350437307150776
19, 9, -1.18974899701651
10, 12, 1.067459637816218
-4, 14, 1.416382402983721
-3, 14, -0.9799060784205006
25, 6, 2.124691324341329
14, 11, 2.289477133949262
-2, 14, 0.03919510109085185
17, 10, -0.07521181326272511
6, 13, 0.1634450331970691
31, 0, -0.809072232039233
-1, 14, 0.2731359502761243
29, 3, -0.2574738166266076
11, 12, -0.1328291438559281
28, 4, -0.2207088357510521
30, 2, -0.2064242319655502
22, 8, -0.3278903585493205
0, 14, -0.2425426753732213
20, 9, -0.1502965880062934
7, 13, -0.2729136659586525
27, 5, 0.6369379730520706
24, 7, -0.6184314982384531
15, 11, 1.08287605555148
1, 14, 0.3243057510962212
31, 1, 0.5288040730211732
18, 10, -0.5146319107362451
12, 12, -0.0009496186103935738
26, 6, -0.1795282149645925
2, 14, 0.1784482751393328
8, 13, -0.746427248930463
32, 0, -0.3613818257321224
3, 14, -0.4130155564978706
23, 8, -0.4625960815354755
30, 3, 0.009274938776164563
21, 9, -0.01096674433808093
29, 4, 0.07795172911568526
16, 11, -1.002115934089532
31, 2, 0.5050404460397053
9, 13, 0.2052743435732425
25, 7, -0.536299821105683
13, 12, -0.5764645113056986
28, 5, 0.3036198098500744
19, 10, -0.4870301145098279
4, 14, 1.148392626428908
32, 1, 0.7764970696112908
-7, 15, -0.4815073173578172
27, 6, 0.03338895117937075
-6, 15, -0.0373652465782021
-5, 15, 1.775845616955759
10, 13, 0.3902039523973194
5, 14, -1.722444987443899
17, 11, 0.3585842487301492
-4, 15, 0.3849323926959475
14, 12, -1.222713519140917
22, 9, -0.4762260604816222
24, 8, -0.4100363006213165
33, 0, 0.003832835625854912
-3, 15, -0.04012564905151744
31, 3, 0.005408553249650507
-2, 15, 0.058187300613874
30, 4, -0.2623462933146875
20, 10, -0.5063935323126958
6, 14, -0.3400888220850508
26, 7, -0.02887690701082805
32, 2, -0.9392873716244089
11, 13, 1.057556761952663
29, 5, 0.1694401029086552
-1, 15, -0.08911371775579306
0, 15, 0.04386244415254911
15, 12, 0.06269841382158768
33, 1, -0.1265816275477486
18, 11, 0.1322495394047413
7, 14, 0.5168321857973689
28, 6, 0.6577412481033463
23, 9, 0.5030293912279221
1, 15, -0.4647181571510793
25, 8, 2.35466267315521
12, 13, 2.45105326166804
21, 10, 0.5346317614059
34, 0, 0.6009741074435617
8, 14, 0.03704195616484338
2, 15, -0.7913710148471556
27, 7, -0.7102607536232003
32, 3, -0.07578914999762261
31, 4, -0.7811340673284427
16, 12, 0.04912902775443601
33, 2, 1.574001328377733
30, 5, 1.051778618969269
19, 11, -0.3227444831333834
3, 15, 0.02945062903301556
13, 13, 0.1125808043561435
9, 14, -0.968584495646391
34, 1, 0.7168718877092798
29, 6, 0.6869411825337466
24, 9, -0.05184195693621005
4, 15, 0.9403240035673753
26, 8, 0.6491215994343682
22, 10, 0.4485410349800984
17, 12, 0.103859347644688
-8, 16, -3.893418328231933e-16
-7, 16, -0.4896839647760046
10, 14, -0.3900452240394745
-6, 16, -1.141727673582747
14, 13, -1.00719646204281
35, 0, 1.46222158948374
28, 7, 0.8697718037368724
20, 11, -0.4218025616299576
5, 15, -0.3661425611151108
-5, 16, 0.01378186428241481
32, 4, 0.01359328156599782
-4, 16, 0.0007687278408252514
33, 3, 0.01657031343304474
31, 5, -1.208181976085878
-3, 16, 1.413897749635749
34, 2, -0.5360262202738201
6, 15, -0.02340843162135743
-2, 16, 0.7019329393919806
25, 9, -1.819954694688328
11, 14, -1.42696435749101
23, 10, 0.2876335714055123
30, 6, -0.04855539847341641
18, 12, -0.05178957639269857
35, 1, 0.03243127986307019
27, 8, -0.1038378599945186
15, 13, -0.02141974272529685
-1, 16, 0.115674075717543
21, 11, -0.1146477047717183
7, 15, -0.4904276985850867
0, 16, 0.270306040842173
29, 7, 1.16831310915874
12, 14, -1.075412119096173
36, 0, 0.1827953394545166
1, 16, 0.3154748198064242
33, 4, 0.898181783940847
34, 3, -1.450308600010335
32, 5, -0.2150896255505375
8, 15, -0.2358265565401884
19, 12, 0.2720081635359904
16, 13, -0.2326076969443036
35, 2, 1.240824508700121
26, 9, 0.3638730486757783
24, 10, -0.7219864131937722
2, 16, 0.8407840986791929
31, 6, 0.3013012221650061
28, 8, -0.08112456719553995
22, 11, 0.2721050320229023
13, 14, -0.567776093830068
36, 1, -1.360589204449379
3, 16, -1.416693806202336
9, 15, 0.05629646382803185
30, 7, -0.7883795725847037
17, 13, 0.1453258354136629
20, 12, 0.2091264203731612
4, 16, 0.2575970462388951
37, 0, -0.4332769349964388
34, 4, 0.04122291578148322
14, 14, 0.1887663823906028
-8, 17, 0.6996057984728918
35, 3, -0.4455921332241333
25, 10, -0.3510356750426358
10, 15, 0.2413245266349665
-7, 17, 0.4011469341904195
27, 9, 0.3827053615345002
33, 5, 0.1122628774957233
-6, 17, 0.1540102970277257
5, 16, -0.9412123724534066
-5, 17, 0.2239407590942636
23, 11, 1.921211016906651
36, 2, -0.3487169856492313
29, 8, -0.571816742008846
-4, 17, 0.3135464156115938
32, 6, 0.5031738729650269
18, 13, -0.7927525809477173
-3, 17, -0.8090013488510348
37, 1, -0.171731960655011
11, 15, -0.1679572995915216
6, 16, 0.46697372954809
21, 12, -0.009911917383048271
15, 14, 0.7875224474174589
-2, 17, 0.2852489787727762
31, 7, 1.369427905412161
-1, 17, 0.2654267029869771
26, 10, -0.8337060836416289
28, 9, -0.2258483992519386
7, 16, 0.1718809313998627
38, 0, 0.6721233215497402
35, 4, 0.9912883606182078
24, 11, 0.9630018697497728
0, 17, 0.2294620797933548
36, 3, -0.002913620913519305
12, 15, 0.0039780621302508
34, 5, -0.7735891792453903
19, 13, -0.4606836531291106
30, 8, 1.775681184684461
16, 14, 1.943003112691901
37, 2, 0.3432241360407532
1, 17, 0.3568990025451353
33, 6, 0.007194899575621068
22, 12, 0.2804842415371154
8, 16, -0.710671601805812
2, 17, 1.004756969167268
38, 1, -0.1738907863251214
13, 15, 0.07521395994396898
32, 7, -0.2625589293150253
27, 10, 0.1491449373580705
25, 11, -0.9034226123834521
20, 13, 1.549322733595549
9, 16, -1.245943720978339
3, 17, 1.053631520279917
29, 9, -0.1178019599414278
17, 14, -0.1059793271412951
36, 4, -0.3419706338857142
39, 0, 0.04228564289309335
37, 3, -1.93264477211465
35, 5, -2.265841061715906
23, 12, -0.7629311671321345
31, 8, 0.1483974175348609
4, 17, -0.1677323272641148
14, 15, 1.269139525041554
-9, 18, -2.870176491978552e-16
38, 2, 0.3308622163397945
34, 6, 0.3334803227896972
10, 16, 0.3222580016012521
-8, 18, 0.368553525521242
-7, 18, 0.04500415707729957
-6, 18, 0.03766929081874112
5, 17, 0.5095558794953851
-5, 18, -0.9188836352318567
18, 14, -0.5548824219266971
21, 13, 1.053272288335795
28, 10, -0.2192837780391239
-4, 18, 0.2413645992920767
39, 1, 1.583530760468179
33, 7, 1.047511021336706
26, 11, 0.5938055950643851
30, 9, -0.04411238157092474
15, 15, -0.009748974629894047
-3, 18, 0.03251443593887818
11, 16, 0.002765713166220372
6, 17, -0.5268901586332794
24, 12, 0.002408467865302971
-2, 18, -0.4696118755878679
37, 4, 0.5035419208535342
40, 0, -2.01063205378776
32, 8, -1.195982251015487
36, 5, -0.9248396174865346
38, 3, -1.495408338563385
-1, 18, -1.52822642887173
19, 14, 1.41468108858683
7, 17, 0.09441028056428778
35, 6, -1.126569683544565
22, 13, -0.3053486078730148
12, 16, 0.07945780734598067
39, 2, 0.8024462548203647
0, 18, -0.3112789935634209
16, 15, -0.3371448590871616
29, 10, 0.1495028508047088
27, 11, 0.3896515370263609
34, 7, -0.3625466587681135
1, 18, 0.3977343814529856
40, 1, -0.5440838537148612
31, 9, -1.186135035456368
25, 12, -0.8178836779069232
8, 17, -0.2665504277650878
13, 16, 0.4231973547900312
20, 14, 0.1408222585052356
2, 18, -0.1354689610111895
17, 15, -0.4508900353621519
33, 8, -0.4467170685127663
23, 13, -0.436526565470923
38, 4, -0.3300750346349901
37, 5, 0.1585488950752712
9, 17, -0.1979960207866207
41, 0, -1.16260303497093
39, 3, 0.006794952840624878
3, 18, 0.003289916586444142
36, 6, 0.02231035980637763
28, 11, -1.499400362742765
40, 2, -1.182385558867852
30, 10, -0.6516331809474547
14, 16, 0.4071649339725422
26, 12, 0.3539137487787957
4, 18, -0.6098389681690914
35, 7, 0.3517613882174709
21, 14, 0.207612992598003
10, 17, -1.452434108189349
-9, 19, -1.483913321264272
32, 9, -0.65483539898752
-8, 19, -0.9875455105014946
18, 15, 0.01053651716183045
-7, 19, 1.441188234395517
41, 1, 0.06850519646500945
-6, 19, 0.06535477174855343
24, 13, -0.2357247930991045
5, 18, 1.293599849320933
-5, 19, -1.559891936767872
15, 16, -0.948475818877818
-4, 19, -1.332716410804043
34, 8, -0.016178728906463
11, 17, 0.3624559689273505
39, 4, 1.088340304542801
-3, 19, 0.954538938917505
38, 5, 1.233904566133133
42, 0, 0.03101668848341689
6, 18, -0.007766627055897075
40, 3, 0.09853270848587595
29, 11, -0.2580642292649984
37, 6, -0.0007341616100344282
31, 10, -0.006313063042766793
19, 15, 0.04566137354629075
-2, 19, 0.05298937640271232
22, 14, -0.2220927502002712
27, 12, -0.007840219672147541
41, 2, 1.39879438002204
-1, 19, 0.5705854385263903
33, 9, -0.04850350312545419
16, 16, -0.09203106025301366
36, 7, -0.02461314632893799
12, 17, -0.07255362688669789
25, 13, 0.7047283791380275
7, 18, 1.341374549145389
0, 19, 0.2566280532392353
42, 1, -0.07575952484249454
35, 8, 1.719869533459017
20, 15, 0.5043684274323427
1, 19, -1.119843600275182
8, 18, 0.2515124442419956
23, 14, 0.1255426439196184
30, 11, -0.4934930870351656
13, 17, -0.7076803427428606
40, 4, -0.03849370486942335
28, 12, 0.0455151920802748
39, 5, -0.6541053040807651
17, 16, -0.3555297620581395
32, 10, -0.6772316229161141
2, 19, -0.2952248481914401
43, 0, 0.426094142073791
41, 3, -0.357916930760696
38, 6, -0.544595042061276
26, 13, -0.2855327881989793
9, 18, 0.6633018391037218
34, 9, -0.2991946715904909
42, 2, 0.5762074509208731
3, 19, -0.7153848572447091
37, 7, 0.4478527060106998
14, 17, -0.07453368412871052
21, 15, -0.002568157710914714
24, 14, -0.2271728610355365
18, 16, 0.2815491023107491
43, 1, 0.3612458388582909
4, 19, 0.04334728803675413
10, 18, 1.164671649308419
-10, 20, -6.960560490211342e-15
-9, 20, 0.5485995165726055
36, 8, -0.1385738993671055
-8, 20, 0.1550766866361057
31, 11, -0.7640369670188685
29, 12, -0.2944017334333233
-7, 20, 0.2943449466285861
-6, 20, -1.375120955850402
33, 10, 1.203380761581911
41, 4, 0.3467727147946702
40, 5, 0.1395513479598413
27, 13, -0.1807543376870055
15, 17, 0.2583515580813447
5, 19, 0.2489628797146933
-5, 20, 0.00789191380169078
42, 3, 0.05697497305221321
39, 6, 0.02820942821907352
44, 0, -0.01590738731054082
-4, 20, 0.1665331631362623
22, 15, 0.4886471055432706
11, 18, -0.2444377387782685
35, 9, -1.229680007266057
19, 16, -0.8059530180361898
-3, 20, 0.9743916237970102
43, 2, 0.9462972838758779
38, 7, 0.7619831104162349
25, 14, -0.9231660736453094
6, 19, -0.7557135622955248
-2, 20, -0.6737696558919417
16, 17, 1.071393139419965
30, 12, -0.006586793078578818
12, 18, 0.001615882715940522
32, 11, -0.4229847965005822
-1, 20, 0.251975818261362
44, 1, 1.080459247601901
37, 8, 1.439070762918066
7, 19, 0.4894762661672278
28, 13, -0.4284068611318745
34, 10, 0.6406089854924863
23, 15, -0.9355331830013429
20, 16, -0.2602167298012859
0, 20, -0.1820419542181544
41, 5, -0.4663802968525362
42, 4, -0.574252322693513
40, 6, 1.029320908618764
26, 14, 1.299935535613281
1, 20, 0.1350226466144602
8, 19, 1.191637413402792
43, 3, -0.6196103103060332
17, 17, -0.07812492249685896
13, 18, -0.6099796126814739
45, 0, 1.876613523953409
36, 9, 1.116264143126317
39, 7, 0.1170133003811702
44, 2, -1.141366957619833
2, 20, -1.198335031252638
31, 12, -0.2180116931404359
33, 11, -0.03330414456912126
21, 16, 0.3249907477815265
9, 19, -0.372326094056362
24, 15, 0.006163280033099559
29, 13, 0.1825661295610048
38, 8, -0.1893585951550014
14, 18, -0.1119417425201249
3, 20, 0.8054344499632852
45, 1, -0.493354019983384
35, 10, -0.8328410362012515
18, 17, -0.4974419790535118
27, 14, -0.1483080545639442
10, 19, -0.4926900635610388
-10, 21, 0.2406336005717463
4, 20, -0.1222287121867238
-9, 21, -0.04510023553694897
42, 5, -0.247978186256309
43, 4, -0.1399383925853374
-8, 21, 0.002356765642904611
41, 6, -0.3266060709622707
37, 9, 0.04122003792283584
-7, 21, 0.7344724906460707
44, 3, -1.116297123159453
15, 18, -0.05212113826911617
-6, 21, -0.06915808378376431
46, 0, -0.3990299277360689
22, 16, -0.5044343106142249
40, 7, -0.09042600246725993
25, 15, 0.7404678914076099
5, 20, 1.502723998279654
-5, 21, -0.9991678345865462
32, 12, 0.2151592628615419
19, 17, 0.2533973858000364
45, 2, 1.382614202377157
34, 11, 1.848307869514869
30, 13, 1.551465177270926
11, 19, 1.281204665690153
-4, 21, -0.0893296291929002
-3, 21, -0.00191378972196321
39, 8, 0.106321733111678
36, 10, 0.06077077116486375
28, 14, -0.2094394441575299
6, 20, -0.04411715421369421
16, 18, -0.482830067364638
46, 1, 0.05953624318244066
-2, 21, 0.04634554694387372
23, 16, -0.3796871024843886
12, 19, 0.5190508667348044
20, 17, -1.247071916418981
-1, 21, -1.234717291694548
43, 5, 0.3055890874196801
7, 20, 0.3494483927887438
38, 9, -0.9189417137686621
26, 15, -0.7364431474949714
44, 4, -0.06877164046908239
42, 6, -0.0480630889802014
45, 3, 0.01007913138373955
33, 12, 0.01600999055103504
0, 21, 0.01184269631509703
47, 0, -0.6314998386873693
31, 13, 0.257300195196051
41, 7, 0.7321896687506185
35, 11, -0.8687161934811809
17, 18, -0.699118655960799
13, 19, 1.235348825051611
8, 20, 0.0971518281726288
29, 14, 0.2958173072637942
1, 21, 0.8076201095331745
46, 2, 0.3205988166867419
37, 10, -0.3629643707677822
40, 8, 1.301802264235391
24, 16, 1.388512707782115
21, 17, -1.406074970985375
2, 21, -0.7251839683516955
27, 15, 0.02512807044586363
47, 1, 0.5902638766025714
9, 20, 0.3106628508145643
14, 19, -0.7665586056040925
18, 18, 0.1059811157859544
39, 9, 0.00876587234205459
3, 21, -0.008713141830334184
44, 5, 0.1354076758215767
34, 12, -0.6938072406877365
45, 4, 0.1548376634646085
32, 13, -0.03722574770356506
43, 6, -0.3360535487870585
36, 11, 0.3174779466565574
46, 3, 0.03468284654362984
-11, 22, -1.513807991192262e-16
10, 20, -1.129405361896071
-10, 22, 0.6598462923402566
30, 14, -0.6837598284163942
42, 7, 0.4350054162967428
-9, 22, -0.3120817491191101
22, 17, 0.09422968296529037
48, 0, -0.03456710556629666
25, 16, -0.3480149346997679
4, 21, 0.1691420435174988
-8, 22, 1.426215763493103
-7, 22, -0.3092946439864878
15, 19, -0.7251658419258767
47, 2, 0.2759710738898039
19, 18, -0.3006794020031548
38, 10, -0.04871849621206992
-6, 22, -0.04535033699446876
41, 8, -0.02311739313611316
28, 15, -0.2648470112911175
-5, 22, 0.02906880854231979
5, 21, 0.4109426942598534
11, 20, 0.3537471681003198
-4, 22, -0.2777072510877003
48, 1, -1.020721046311888
-3, 22, -0.005735636970495868
33, 13, 0.4010638540392269
40, 9, -0.238957965209471
35, 12, -0.3154858900779022
23, 17, -0.4539583846284724
16, 19, -0.1420090080618938
6, 21, -0.05607287502863106
26, 16, -0.3498529829480045
45, 5, -1.643597991787468
31, 14, -0.6658397158046188
46, 4, 0.3071781918351551
44, 6, 0.8353329586393343
20, 18, 0.5366336322229568
-2, 22, 0.06468348231359022
37, 11, 1.095900792674501
12, 20, -0.2336467674986604
47, 3, -0.1195130537903012
43, 7, 0.9305758288708766
-1, 22, 0.7764335329328098
49, 0, -0.005783019705096004
29, 15, 0.7236506900768748
7, 21, -0.9290965832957901
39, 10, -1.486004908325083
17, 19, -1.471037108910626
48, 2, -0.2500204644516989
42, 8, 0.3171523701587149
0, 22, 0.02708841224853634
24, 17, -0.8523401702967242
13, 20, 0.9430046003936825
8, 21, 0.8792351907353517
21, 18, 0.05970176120671806
27, 16, 1.352423930203123
34, 13, 0.6522230207525053
1, 22, -0.7830453618183428
36, 12, 0.003099244907671328
32, 14, 0.5032784511516768
49, 1, 1.218691091572999
41, 9, 1.733204394651129
38, 11, 0.1635961286722696
2, 22, 0.2855183764699848
46, 5, -0.01051865851168743
18, 19, 0.1108918514493362
45, 6, 0.01280965288414182
30, 15, 0.02472581293124183
9, 21, 0.0166056082044604
14, 20, 0.4869402417459379
47, 4, -0.4903986244059335
44, 7, -0.8084941509678251
48, 3, 0.04586283662310482
3, 22, 0.1456440146401958
25, 17, 0.6348347079653762
50, 0, -0.2698289332566699
40, 10, -0.2012791132781588
22, 18, -0.0766720580187908
28, 16, 0.04113735213161033
43, 8, -0.5352986571149601
-11, 23, -0.7520574903590449
10, 21, 1.012167131797374
-10, 23, -1.4506856325426
49, 2, -0.1165101263306573
-9, 23, 0.03327532548961214
4, 22, 0.6211498548281064
35, 13, 1.374569218134596
15, 20, 0.8157297461416082
-8, 23, -0.404129802158049
19, 19, -0.08737411770998463
33, 14, 0.08016222980704729
37, 12, -0.8488994557271099
-7, 23, 0.1294391703424613
-6, 23, 1.246165036357489
42, 9, -0.03211570847568481
31, 15, 0.8658941474928784
50, 1, -1.03668744563532
39, 11, -0.1215982757204016
5, 22, -0.5315177030119418
-5, 23, -0.3400687186291138
11, 21, -0.1540113372315988
23, 18, -0.2911838859955249
26, 17, 0.3178926288807847
47, 5, 0.3414117992705095
-4, 23, 0.4143361045284926
46, 6, -0.8708106992760068
48, 4, 0.01209237777787632
16, 20, -0.01651011972045615
45, 7, 0.3318680492064469
29, 16, 0.4173505508191667
20, 19, -0.5166260491930221
-3, 23, -0.3720254198718474
6, 22, -0.4848132161770348
41, 10, -0.3691439108610987
49, 3, -0.6499971040510539
51, 0, -0.02934392406096903
12, 21, -0.001808657536691355
-2, 23, -0.1771165083030222
44, 8, -0.02986093466633479
36, 13, -0.04721611680971117
34, 14, 0.770051725161068
50, 2, -0.5743170266525049
38, 12, -0.9905993085482783
7, 22, -1.547202068801879
-1, 23, 0.729057480332846
24, 18, 0.01069867830360424
32, 15, -0.008954334841670613
17, 20, -0.03479997312192311
27, 17, 0.7454357179676904
43, 9, -0.2896589750784722
40, 11, -0.1671229740178582
21, 19, 0.2180801307383032
0, 23, -0.1523563760635065
13, 21, -1.469052605185929
51, 1, 1.217448206201676
30, 16, -0.5646587514354842
8, 22, 0.1681231564539571
48, 5, 0.05391896052171297
1, 23, 0.1183336282704702
47, 6, 0.4378597926090255
49, 4, -0.6278095423484785
46, 7, -0.5001765622707544
42, 10, 0.3484161460456285
18, 20, 0.3006735622832442
50, 3, -0.09279300437672133
37, 13, -0.05910365292181192
35, 14, -0.1284287071145378
25, 18, -0.07701453234020841
14, 21, 0.03150633784617972
2, 23, -0.1234211490960518
9, 22, -0.3952614879993705
52, 0, -0.1754977684520334
45, 8, 1.624685636726805
28, 17, 1.99339101045922
22, 19, 0.6775897528936363
39, 12, -0.03169483457639316
33, 15, -0.0219010335148914
51, 2, 0.712517509468636
3, 23, 0.5682512401867917
-12, 24, 5.806356826177085e-15
44, 9, 0.5566605423643337
41, 11, -0.5687800925533737
31, 16, -0.5060266714671188
-11, 24, -0.4996480090390337
10, 22, -0.05430278885111525
-10, 24, 0.2885228416686826
19, 20, -0.09403033381866255
15, 21, 0.01904484285230071
-9, 24, 0.05574744358696709
-8, 24, -1.009938536634272
4, 23, -0.7936293118801867
52, 1, -0.1190764025443421
-7, 24, -0.2202769819898983
26, 18, 0.1908506485191424
49, 5, -0.5526214563576499
23, 19, 0.4275861044570421
48, 6, 0.002960167404371578
-6, 24, 0.0001674035136490933
43, 10, -0.7315640328810394
29, 17, -0.8536604457864502
50, 4, -0.44576922332493
36, 14, -0.1148929177619414
47, 7, 0.603935895324926
38, 13, -0.6046480183533894
11, 22, -0.05772247416104264
5, 23, -1.225089351603674
-5, 24, 1.469909453984397
34, 15, 0.1313102177391255
16, 21, -0.5395968579828374
51, 3, 0.02617269614047136
40, 12, 0.1830792675041161
20, 20, 0.0404610921151632
-4, 24, -0.1349444056976886
46, 8, 0.08251166368735827
53, 0, -0.01384826022034016
32, 16, 0.233413550251648
-3, 24, -0.0342734680485073
6, 23, 0.365883191712187
52, 2, -0.6866865223311442
12, 22, -0.7788226468685718
42, 11, 0.527152173501312
45, 9, -1.21503073124438
27, 18, -1.295961496632839
-2, 24, 0.9451024926041458
24, 19, 0.2621478334003247
17, 21, 0.2693294677329384
30, 17, -0.6198413174726455
7, 23, -0.09002663676664853
-1, 24, 1.009522550992521
21, 20, 1.465141287336875
53, 1, -0.09167244100272369
37, 14, -1.256485924874059
39, 13, -0.3674269657220844
50, 5, -0.6436945332424829
49, 6, -0.9374019626444131
35, 15, 0.6774415896720957
13, 22, 0.9510732682645493
44, 10, -0.7918422105666054
0, 24, -0.01628433404738475
51, 4, 0.1169443965129455
48, 7, -0.9721622098174901
41, 12, 0.3536229855228104
8, 23, -0.4036384987004192
33, 16, -0.4060418047384696
52, 3, 0.5395256622850493
47, 8, 0.5741567138301329
25, 19, 0.5389355555518238
1, 24, 0.5761386474213571
18, 21, 0.05250943620721355
28, 18, 0.4483919296353022
54, 0, 0.079691238350022
22, 20, -0.8832123861850106
14, 22, -0.2285829526706842
43, 11, -0.5736349652544238
2, 24, -0.05880839113561517
31, 17, 0.2736031539887266
9, 23, -0.1877855249773961
53, 2, 1.285881965997155
46, 9, 1.497948617851177